-3.979331831 12.453311561 -0.269150113 
-3.911242850 12.475371606 -0.264853687 
-4.144562138 12.398864537 -0.162205553 
-4.081726834 12.420660579 -0.151069132 
-3.993412735 12.449754635 -0.226928209 
-3.982789718 12.451766652 -0.271863436 
-4.134292775 12.402889463 -0.135703694 
-4.108647591 12.410948873 -0.147552476 
-4.007051605 12.445369374 -0.219467870 
-3.990212799 12.450657931 -0.231962496 
-4.054443549 12.429602880 -0.169147013 
-4.048142522 12.430919234 -0.177075332 
-3.994225094 12.449869362 -0.231681960 
-4.026076143 12.439887163 -0.200836017 
-4.095667402 12.415042568 -0.212365039 
-4.034239139 12.435405452 -0.227218964 
-4.031521773 12.440220594 0.131213389 
-4.003821468 12.448332988 0.168030049 
-4.040087767 12.433940703 0.221385414 
-4.072969945 12.423172234 0.244926309 
-3.971809344 12.457107764 0.229082123 
-3.936532664 12.468595262 0.225251800 
-4.127999315 12.405030749 0.201002380 
-4.122261882 12.406694080 0.226366660 
-3.851909675 12.492111366 0.331957146 
-3.889139320 12.481441243 0.297410445 
-4.045521069 12.432032265 0.217024642 
-4.100433832 12.413414792 0.223214345 
-3.899727796 12.478015322 0.304552113 
-3.897573011 12.479995172 0.265496355 
-4.024370000 12.439137776 0.223865385 
-4.020374128 12.439971353 0.230004310 
-3.897490087 12.483132862 0.267374141 
-3.912778016 12.478639086 0.265844737 
-4.088736649 12.416385835 0.230678722 
-4.113606538 12.407685098 0.240732845 
-3.919615633 12.475955376 0.278411980 
-3.885016140 12.485899704 0.302531872 
-4.070539480 12.422514260 0.238133637 
-4.098234074 12.414549547 0.192059068 
-4.195880515 12.383349125 0.284211147 
-3.403005068 12.604446303 0.613756529 
-3.683226957 12.548428551 0.340284936 
-4.246066846 12.360328586 0.162604794 
-3.939879094 12.470368741 0.228934657 
-3.903932160 12.481710577 0.241812166 
-3.646062585 12.530919830 0.682986014 
-4.031644074 12.432836141 0.268062286 
-4.001403482 12.445816439 -0.389979657 
-4.012761126 12.443374295 -0.362213283 
-3.976599161 12.455167854 -0.194548502 
-4.002351961 12.446463367 -0.192180892 
-3.970877754 12.455342466 -0.396765603 
-3.897492341 12.476621670 -0.444242019 
-4.125272893 12.407003497 -0.122909834 
-4.009880012 12.443719294 -0.209559893 
-4.002769467 12.447772965 -0.305950337 
-4.140710347 12.387109340 -0.271977986 
-4.004874812 12.445497032 -0.198261361 
-3.924610755 12.463933842 -0.113107773 
-3.897667964 12.475891193 -0.464152711 
-3.955548606 12.461029716 -0.380780776 
-3.979196055 12.454074231 -0.196259241 
-4.046885664 12.431265982 -0.205936051 
-3.934289122 12.468102877 -0.276752232 
-3.997275598 12.447718738 -0.265132854 
-4.067429720 12.424846887 -0.196660505 
-4.160516774 12.393943067 -0.168840636 
-3.984963641 12.453626019 -0.199554909 
-3.977282255 12.456535800 -0.179101084 
-4.119061737 12.408335926 -0.164390029 
-4.105536548 12.411966552 -0.200269750 
-3.941118294 12.468402182 -0.174443757 
-3.980868637 12.455669357 -0.167863099 
-4.066738142 12.425321509 -0.199196778 
-4.092965938 12.416892848 -0.192207157 
-3.913667361 12.476999692 -0.191053920 
-4.014444506 12.441709956 -0.083558225 
-4.143454923 12.399659190 -0.171690104 
-3.742482129 12.513161926 -0.629731891 
-4.086137421 12.421344202 0.170279361 
-4.075517001 12.424948709 0.162573260 
-3.935369655 12.463192755 0.422348127 
-4.047208988 12.430186146 0.327543766 
-4.025449248 12.441718182 0.160713634 
-3.999992274 12.449016826 0.200753316 
-3.949067138 12.458890006 0.424638617 
-3.937232333 12.463477372 0.398529234 
-3.788044091 12.509516798 0.414938174 
-3.968790644 12.458813099 0.209070724 
-3.780836539 12.493833516 0.742451699 
-3.611071833 12.552719104 0.670483634 
-3.971186487 12.458785335 0.185747049 
-4.329216836 12.320634757 0.054322312 
-3.950652640 12.456829121 0.462868918 
-4.012593116 12.441038370 0.332971057 
-3.990591302 12.451437122 0.352178209 
-4.008004102 12.447393236 0.311885120 
-4.148653153 12.398543408 0.147107031 
-4.133889520 12.402865687 0.176522285 
-4.018950182 12.444811824 0.251849621 
-3.934845649 12.471749608 0.254749218 
-4.215457949 12.375211375 0.153323273 
-4.225073839 12.372010124 0.151602344 
-4.104372964 12.417874308 0.181142943 
-4.050193052 12.435308080 0.192199733 
-4.180960577 12.387051178 0.166542177 
-4.137924438 12.400336431 0.214073869 
-3.894358040 12.483350627 0.303975558 
-3.977409089 12.458421944 0.243632613 
-4.235915772 12.367518714 0.174718361 
-4.164696433 12.390911436 0.220886332 
-3.923258906 12.470051213 -0.421581225 
-3.874203535 12.486132381 -0.403896276 
-4.066121939 12.425851415 -0.172861592 
-4.058612872 12.427909416 -0.184885993 
-4.062275057 12.428265769 -0.317446926 
-3.856411111 12.486816943 -0.521674356 
-4.025281536 12.438846764 -0.209832613 
-4.089669424 12.418174940 -0.168594768 
-3.888591798 12.478910694 -0.474541903 
-3.840415597 12.490024384 -0.555720552 
-4.083992342 12.418130688 -0.235060206 
-4.042985552 12.432128105 -0.234410497 
-3.975870357 12.452709990 -0.431555079 
-4.057778632 12.428286932 -0.357954682 
-4.137464272 12.401529797 -0.200045650 
-4.033830894 12.435097629 -0.240456113 
-4.000540226 12.444655810 -0.298757673 
-4.095652744 12.412291126 -0.320483947 
-3.892756064 12.474724703 -0.406652549 
-3.942238538 12.462302063 -0.275766030 
-4.030046554 12.434792258 -0.306912605 
-4.011495195 12.442436877 -0.257589526 
-4.017648700 12.438468326 -0.273296946 
-4.015991591 12.439429006 -0.242048876 
-3.879003830 12.475248298 -0.510312472 
-3.886090789 12.476240751 -0.445440857 
-4.044433977 12.430461728 -0.205758013 
-4.031929117 12.434001363 -0.260119503 
-3.831394485 12.494794022 -0.410470034 
-3.970334694 12.453509254 -0.331100693 
-4.063287681 12.424848560 -0.171366188 
-4.010973098 12.441177988 -0.244125387 
-4.046515567 12.425293049 0.398836629 
-3.953246620 12.454421528 0.437070870 
-4.087815141 12.416174936 0.278059217 
-3.957714027 12.456112494 0.367504736 
-4.064116838 12.419587691 0.395432659 
-3.982983894 12.447950567 0.367601048 
-4.083541085 12.418030874 0.249774852 
-4.068779527 12.422516773 0.291611834 
-4.045183727 12.428429196 0.331166758 
-3.941659477 12.456747812 0.468024291 
-3.986300961 12.447951717 0.329869169 
-4.038448038 12.432473277 0.291741866 
-3.965483052 12.455984758 0.279515326 
-4.008865730 12.442142006 0.278487795 
-4.140428323 12.398921262 0.258549301 
-4.030842613 12.434810706 0.284913233 
-3.879491538 12.487191035 0.290822371 
-3.949222300 12.464692536 0.309151430 
-4.154840170 12.395731792 0.144887285 
-4.148571248 12.396589048 0.172611819 
-3.813778578 12.506199830 0.344012143 
-3.787737683 12.521677527 0.270875912 
-4.153320500 12.395253194 0.161417726 
-4.326114646 12.325797955 0.125930055 
-3.913343304 12.474552133 0.352487744 
-3.931904636 12.469923214 0.312328481 
-4.162258089 12.392599282 0.159459835 
-4.157232491 12.393258188 0.193015678 
-3.959227210 12.462372180 0.259474652 
-3.966137679 12.459738166 0.278810592 
-4.176580168 12.387343874 0.173680279 
-4.157164074 12.393132658 0.188936892 
-3.721418730 12.523221274 -0.616673426 
-3.392337008 12.591571923 -0.938709699 
-3.165819875 12.662485094 -0.404021113 
-3.282668574 12.634418393 -0.265932702 
-3.719653272 12.523748782 -0.610130212 
-3.835249244 12.493633408 -0.511740120 
-3.913299570 12.467200939 -0.370092235 
-4.110540651 12.407156874 -0.215532314 
-3.764308991 12.506473100 -0.683550917 
-3.862333068 12.479897016 -0.620134099 
-4.022212246 12.436365315 -0.238922492 
-3.984452370 12.448749794 -0.251928245 
-3.785596580 12.504364198 -0.604273879 
-3.825621976 12.494022567 -0.564647746 
-4.002451575 12.442716146 -0.252525983 
-4.073280467 12.418773420 -0.261429781 
-4.136772148 12.404887574 -0.133754639 
-4.091374179 12.422017650 0.068469291 
-4.059927691 12.415442334 -0.312849362 
-3.919743690 12.477968950 -0.130395485 
-3.831230988 12.486895429 -0.480130841 
-3.799610298 12.490731209 -0.603012956 
-4.017669887 12.438347207 -0.197402089 
-4.065702827 12.421826302 -0.211938123 
-3.545500165 12.540467608 -0.613139226 
-3.623356760 12.529080460 -0.802055541 
-3.113400316 12.695457102 -0.223576595 
-3.598771917 12.564716081 -0.183901451 
-3.985393733 12.437571323 -0.395831938 
-4.287279895 12.338495628 -0.039032720 
-3.942177750 12.470253496 -0.163214123 
-4.081631454 12.408532269 -0.215355345 
-3.882586700 12.486413305 0.256862044 
-3.966648870 12.458075605 0.246456075 
-4.011130488 12.446641057 0.155228474 
-4.088898521 12.418767250 0.188562475 
-4.059514345 12.428557705 0.192665872 
-4.044692186 12.434173970 0.160529684 
-4.093249085 12.416106981 0.201643348 
-4.102770300 12.412927537 0.197499663 
-4.297796076 12.330325863 0.105921846 
-4.057969739 12.423352336 0.268423398 
-3.535174899 12.557300535 0.957076260 
-3.934809794 12.463551039 0.654306262 
-3.975144459 12.460700582 0.195397113 
-3.960501145 12.466472274 0.167510082 
-4.018776796 12.443177334 0.185384173 
-4.046105005 12.435391487 0.158525697 
-3.567830816 12.564991567 0.796082096 
-3.601919613 12.560646808 0.735923944 
-3.414725760 12.561957554 1.178041335 
-3.698437477 12.496196158 0.784105290 
-3.599363480 12.579060914 0.075781846 
-3.948310033 12.464323150 0.283168359 
-4.616783145 12.223750975 0.017478994 
-4.021351615 12.432175409 0.126479490 
-3.887402340 12.476828037 0.350238068 
-3.849962317 12.489234052 0.331088278 
-4.127604106 12.404686349 0.195325308 
-4.081766036 12.419138701 0.185119654 
-4.052167002 12.435367989 0.197054338 
-3.975692149 12.459861067 0.208089251 
-4.038157977 12.430545807 0.273960368 
-4.064234452 12.425178974 0.216049440 
-4.724495792 12.173894866 -0.018458531 
-3.196704689 12.665713373 0.405390521 
-3.369154171 12.604667014 -0.777834640 
-4.154130511 12.389771455 -0.006964431 
-3.797304807 12.517107955 -0.204051602 
-3.709027199 12.542663599 -0.248395607 
-4.362804532 12.302963731 -0.135134303 
-4.367238463 12.301836608 -0.111675789 
-3.881729567 12.484528345 -0.161207273 
-3.787819970 12.506164865 -0.429178139 
-4.234782168 12.357040808 -0.208974651 
-4.218821876 12.363002943 -0.161579909 
-3.682919474 12.524942167 -0.727354876 
-3.862541554 12.490932379 -0.288752074 
-4.260982801 12.348517560 -0.168628608 
-4.180581860 12.383708088 -0.226669574 
-3.849997723 12.471385102 -0.582961029 
-3.987515034 12.442898300 -0.460812767 
-3.730195176 12.504592993 -0.727153383 
-3.828564924 12.478421883 -0.659465308 
-3.764692656 12.516006863 -0.716292993 
-4.531949190 12.257441486 -0.081151848 
-3.928221758 12.478338473 -0.451202136 
-3.661143004 12.547355339 -0.077678766 
-3.946346333 12.462167558 -0.345268561 
-3.810135699 12.498333463 -0.506628354 
-3.960082093 12.453310830 -0.226848691 
-4.028188350 12.428377606 -0.314598897 
-3.844712694 12.489984858 -0.453126943 
-3.804141093 12.496689756 -0.568541428 
-3.928398937 12.458418901 -0.389082314 
-3.927612248 12.456605319 -0.434985956 
-5.103651745 11.977469793 0.021305742 
-3.635270929 12.506051490 0.835304860 
-2.958128538 12.627087647 1.393316563 
-3.977122155 12.439711395 0.249038261 
-3.902781267 12.466071590 0.200567586 
-3.871583014 12.480222824 0.232269981 
-4.271945106 12.333472241 0.121060953 
-4.073676235 12.407790082 0.219871502 
-3.879364193 12.482791577 0.318150965 
-3.893251962 12.482121510 0.176305835 
-3.920869573 12.452710430 0.556647367 
-4.088718407 12.407833321 0.318595822 
-3.917809526 12.474745276 0.120252954 
-3.886014873 12.484558174 0.131258124 
-4.164825182 12.375756432 0.287097026 
-4.129448998 12.387449325 0.289481261 
-3.889366493 12.483313247 0.336472885 
-3.679695732 12.535782089 0.597104748 
-4.124712120 12.400206330 0.278011531 
-4.274803559 12.346962461 0.302881719 
-3.985026294 12.459309569 0.276853411 
-3.956737838 12.467077831 0.336009414 
-4.074103367 12.422148707 0.239909918 
-4.021106227 12.441747794 0.200730987 
-3.836400410 12.499387237 0.350894268 
-3.799017208 12.505518244 0.494722310 
-4.039411301 12.423828704 0.414684365 
-3.799221955 12.491467424 0.621948315 
-3.985161058 12.450932879 0.394463418 
-3.867636228 12.484925848 0.468618280 
-4.039168353 12.424210775 0.417180976 
-4.041041827 12.426125489 0.347326608 
-3.956575950 12.460520226 -0.247032780 
-3.973952003 12.454378681 -0.303446315 
-4.102028729 12.410271989 -0.200570444 
-4.013678385 12.439073529 -0.236604070 
-3.883755368 12.486336439 -0.273335291 
-3.987649647 12.453798752 -0.276929715 
-4.021025910 12.436052123 -0.304023860 
-4.067623806 12.423292899 -0.200195053 
-4.047578217 12.431928208 -0.278102479 
-4.069837534 12.425147709 -0.253338042 
-4.143780015 12.395755194 -0.195584234 
-4.100147071 12.410857978 -0.200899925 
-4.054087946 12.430996496 -0.220932531 
-4.017190891 12.443232056 -0.224681043 
-4.103324651 12.410223142 -0.184974439 
-4.068388019 12.421277754 -0.231142998 
-3.966625284 12.458866296 -0.103781416 
-3.740747813 12.530225586 -0.113897489 
-4.016676936 12.439806386 -0.265516325 
-4.063005642 12.425495380 -0.191503515 
-4.209707821 12.356286914 -0.109170428 
-4.055146773 12.430133339 -0.148814416 
-3.964571974 12.454791959 -0.340644164 
-3.969406120 12.453780905 -0.322116903 
-4.072066238 12.424861888 -0.008286745 
-3.977541488 12.452648421 -0.267319517 
-4.185797927 12.384446705 -0.194892144 
-4.073792594 12.421505638 -0.241548638 
-4.038133256 12.433407110 -0.237929249 
-4.010825359 12.440693568 -0.300644319 
-4.146362140 12.397510611 -0.207234077 
-4.145314946 12.398329797 -0.190397489 
-3.772913420 12.519015231 -0.363214995 
-3.882459718 12.491299947 -0.049403986 
-3.971405723 12.454054339 0.195556396 
-4.052745967 12.427770922 0.169206700 
-4.203525464 12.375258588 0.030961226 
-4.028650364 12.434164910 0.079369279 
-4.359422463 12.313453496 0.181391010 
-3.600758029 12.544611501 0.147190418 
-3.767416754 12.523751940 -0.046361921 
-3.975782184 12.456237387 0.203205248 
-4.031290235 12.434915871 0.199807090 
-3.964533909 12.456089258 0.242828899 
-3.855247721 12.499425964 -0.014359699 
-3.878826639 12.492287585 -0.048608582 
-4.079325497 12.419115681 0.176900726 
-4.076972457 12.419580347 0.225954496 
-4.569688671 12.224767762 0.040121854 
-4.499447494 12.256265268 0.023725961 
-3.859619384 12.480720996 0.557793408 
-3.835687086 12.463597978 0.822160783 
-3.453194517 12.555628781 1.125907307 
-3.369016683 12.570059336 1.196560885 
-3.709826447 12.492041446 0.987687778 
-3.856480653 12.458199556 0.836994022 
-3.468044702 12.571723818 0.919021528 
-3.430361679 12.570506409 0.966811647 
-4.335549407 12.326454963 0.102459567 
-4.411446226 12.297421803 0.077661294 
-3.498468093 12.505420029 1.367424351 
-3.515655784 12.496937388 1.401367486 
-4.077368004 12.410978399 -0.320855279 
-4.141346095 12.390214574 -0.304408241 
-4.060494900 12.443849727 -0.200178603 
-3.770689559 12.502093881 -0.681611730 
-3.721606289 12.508325367 -0.718578725 
-3.867049137 12.464592950 -0.250271979 
-4.212860524 12.365953800 -0.002091875 
-4.012357559 12.446325854 -0.185722204 
-4.053358029 12.429360216 -0.159197732 
-4.077907857 12.420472928 -0.176505201 
-4.060888338 12.422030429 0.089982820 
-4.011008757 12.445997806 -0.235725057 
-3.936230294 12.465332615 -0.015260154 
-3.856696374 12.489079555 0.191392791 
-3.993335602 12.451574645 -0.243670251 
-3.878432451 12.479959153 -0.209906657 
-4.083150254 12.419841137 -0.148165820 
-4.057555104 12.428988058 -0.129917359 
-3.993193095 12.451070989 -0.055005776 
-3.967741061 12.459277056 -0.054318192 
-3.784351792 12.487869846 -0.631510249 
-3.726989989 12.499747642 -0.691981180 
-3.804927669 12.508876538 -0.047966306 
-3.816909169 12.506487846 -0.111351061 
-4.110976511 12.399300045 -0.185346396 
-4.170727999 12.378786382 -0.176041134 
-4.413533394 12.275419350 -0.063369314 
-3.906476354 12.450757606 -0.424125297 
-3.251057539 12.638129570 0.113251680 
-4.060714271 12.427244103 -0.155239674 
-3.988939352 12.438038884 -0.190854893 
-3.931618730 12.451651815 -0.186023839 
-3.898204728 12.485473165 -0.095779266 
-3.841738251 12.472438223 -0.768729303 
-3.901627902 12.478130044 0.169019412 
-3.900093472 12.478323474 0.173790134 
-4.018045450 12.431377101 0.268390219 
-3.978346859 12.441664284 0.356556479 
-3.900631123 12.481300892 0.312636706 
-3.485445812 12.603913655 -0.647007825 
-3.896020380 12.473701414 0.167877324 
-4.332832836 12.304372197 0.275942416 
-4.047230759 12.436705201 0.235290671 
-3.951056856 12.464242989 0.262259789 
-3.936093430 12.470573222 0.259158083 
-4.089279022 12.421418284 0.167830495 
-4.908849445 12.070775898 0.028117415 
-4.212486670 12.351148747 0.099959285 
-3.991395957 12.442232533 0.129256874 
-4.069683441 12.417012808 0.144144311 
-3.985600625 12.456847886 0.113807574 
-3.878517778 12.490858473 0.119170336 
-4.235520250 12.364005216 0.232440027 
-4.270704663 12.353183982 0.171920817 
-4.015150821 12.445210694 0.131049208 
-4.049574953 12.433570843 0.177300404 
-4.117671296 12.404154476 0.207907225 
-4.075000189 12.418042000 0.221927812 
-3.898087720 12.484891737 0.207753501 
-3.811560617 12.526885316 0.400303939 
-4.178654016 12.387449495 0.211297265 
-3.943827571 12.468803996 0.241227393 
-4.136221002 12.402452120 0.109344053 
-3.994506967 12.450260303 0.148159219 
-4.094767240 12.416560062 0.183128191 
-4.146074367 12.400483854 0.130673913 
-4.039898516 12.435442260 -0.244904722 
-3.899539252 12.475977659 -0.406726860 
-4.192187800 12.378125704 -0.205418868 
-4.097582988 12.410046773 -0.227908081 
-4.131573357 12.407351131 -0.171364036 
-4.059960744 12.428641172 -0.300431204 
-4.120461185 12.404120841 -0.134971406 
-4.257557575 12.357033638 -0.119754885 
-3.864273840 12.464844695 -0.806804766 
-3.917224541 12.464820882 -0.665244841 
-3.653626191 12.520421573 -0.767180767 
-3.428095900 12.591620509 -0.408666440 
-4.208405820 12.370886765 -0.113210750 
-4.142029717 12.376798072 -0.464963517 
-3.736440005 12.504238206 -0.500018395 
-3.448931222 12.533761109 -1.274298605 
-3.954743814 12.438880990 -0.184135516 
-3.947110239 12.464564720 -0.154832935 
-4.116215954 12.399235568 -0.258672655 
-4.217592727 12.364774858 -0.224464809 
-4.643896615 12.172517842 0.005197020 
-4.742571381 12.117395800 -0.062787801 
-2.770792869 12.644862716 -1.535888623 
-3.021061191 12.655660882 -0.968310566 
-3.770319101 12.505004968 -0.402126866 
-3.772529469 12.506167293 -0.352776072 
-4.269385347 12.332359052 -0.261423090 
-3.741864934 12.527875359 -0.120773282 
-3.855068124 12.482582049 -0.266901620 
-3.869196812 12.476608212 -0.328848815 
-4.234750660 12.347112332 -0.242598163 
-4.149054495 12.376393854 -0.249734868 
-4.011342692 12.438439135 0.497903075 
-4.406697467 12.317399062 0.076999466 
-3.378159127 12.615663830 0.965308819 
-3.912333889 12.458755372 0.630471982 
-3.826371714 12.474601004 0.552511652 
-3.939105759 12.455281968 0.408597160 
-3.793940939 12.489194976 0.631125917 
-3.866090871 12.464454146 0.674592310 
-3.871099315 12.476051153 0.490027697 
-3.960124825 12.452405996 0.371865883 
-3.808232880 12.480467363 0.689051828 
-3.884282589 12.458341540 0.661633377 
-3.645489369 12.546572209 0.428878174 
-3.941991532 12.461645735 0.275376360 
-3.872596142 12.464502714 0.623645871 
-3.908165711 12.463363103 0.414263381 
-4.089003057 12.423320847 0.217708920 
-3.901559151 12.482039905 0.258215476 
-3.981669254 12.450411723 0.302430652 
-4.104805120 12.411197693 0.206548232 
-3.974286722 12.458320620 0.178191647 
-3.982288767 12.454937760 0.226498159 
-4.077492536 12.420907875 0.217164043 
-4.059330913 12.427399891 0.194448091 
-4.047560163 12.434565041 0.258543866 
-3.927891843 12.471654264 0.323272211 
-4.148148663 12.396873958 0.185165323 
-4.131059416 12.404092136 0.141671216 
-3.962238491 12.463730493 0.220990144 
-3.866164089 12.492935979 0.264825732 
-4.121192922 12.406036899 0.197415145 
-4.041521980 12.433029878 0.194620672 
-3.881045078 12.489622669 -0.310213110 
-3.978363093 12.457976249 -0.304712735 
-4.174129032 12.385203766 -0.287983355 
-4.177206870 12.386946999 -0.182987825 
-3.826766773 12.497331133 -0.475166988 
-3.837605635 12.493546675 -0.481576726 
-4.049269384 12.422513843 -0.363031159 
-4.082738465 12.413572689 -0.307124359 
-3.978480801 12.452431164 -0.376086432 
-3.880666853 12.480559702 -0.454056315 
-4.169722992 12.385788579 -0.224755423 
-4.090255409 12.413304859 -0.218210204 
-3.746844186 12.520853368 -0.480357474 
-3.851111372 12.491251178 -0.432388241 
-4.189089007 12.379056857 -0.210470758 
-4.157870181 12.389230959 -0.236168337 
-4.008102064 12.447825288 -0.180532939 
-3.943105293 12.466936807 -0.234171810 
-3.998288514 12.444870456 -0.367388553 
-3.946755103 12.462471516 -0.332534773 
-4.003885516 12.440395138 -0.340685139 
-3.967512029 12.449088099 -0.425400183 
-3.936568674 12.460577982 -0.404574600 
-4.020279182 12.436693228 -0.295244932 
-4.157537111 12.370092306 -0.154155428 
-4.365996665 12.290696590 -0.091996082 
-3.876590049 12.482817721 -0.308862954 
-3.464911453 12.587326910 -0.467529549 
-3.938854523 12.465405549 -0.248337263 
-4.081343759 12.408383294 -0.231692926 
-3.743750711 12.514059257 -0.493149853 
-3.601722361 12.549658281 -0.665671850 
-3.884182445 12.454784154 0.813691198 
-4.321597286 12.328149066 0.182431850 
-4.798274373 12.146379177 0.058892377 
-3.354733778 12.629500697 -0.006802366 
-3.813043527 12.487440152 0.537370295 
-3.872461159 12.470030817 0.520689837 
-4.147735243 12.389448240 0.088696689 
-4.134413573 12.393756572 0.104426137 
-4.376018308 12.291141049 0.138996835 
-3.574692591 12.547842554 0.554184370 
-4.221519929 12.358647509 0.204393268 
-4.266651741 12.340284745 0.182917329 
-3.325891942 12.586638828 1.149368900 
-3.565885710 12.548497956 0.710558560 
-3.536682469 12.530122340 1.334378617 
-3.925435856 12.463461217 0.800097903 
-3.809378342 12.504147619 0.338097197 
-3.707695688 12.530183664 0.449150612 
-3.913424588 12.464628407 0.559568724 
-3.964084887 12.448394398 0.561648789 
-4.549055357 12.254766283 0.007683548 
-3.886396444 12.453455497 0.671587019 
-3.623335534 12.504920498 1.056595182 
-3.524229069 12.563291716 0.668945760 
-3.950396069 12.461952092 0.213087971 
-4.352400538 12.319374980 0.110863764 
-4.308836014 12.321359078 0.276469926 
-4.737396117 12.144259570 0.107182945 
-3.601632620 12.547419913 0.456746444 
-3.594316818 12.551281653 0.430724155 
-4.172253513 12.382319833 0.186431668 
-4.206592653 12.367770545 0.224927814 
-3.915036681 12.474669190 -0.354742348 
-3.918382109 12.473783999 -0.352712097 
-4.024047765 12.439370167 -0.214495528 
-4.137414607 12.399978564 -0.241026143 
-4.005873990 12.444633948 -0.339711796 
-3.572567684 12.571180066 -0.482352572 
-4.154563896 12.394970147 -0.197897954 
-4.183739019 12.386707793 -0.133040011 
-4.175632516 12.378877422 -0.166244649 
-4.002521787 12.447891431 -0.176088556 
-3.890818368 12.465495959 -0.285955991 
-3.778704231 12.501464974 -0.310507446 
-4.127280723 12.378145209 -0.236464884 
-4.018730276 12.429655371 -0.296582265 
-3.946246572 12.454815664 -0.567068473 
-4.011881573 12.441130033 -0.217943873 
-3.863658487 12.487148709 -0.313421596 
-3.600435290 12.564217583 -0.360320681 
-4.121353087 12.405994884 -0.225971362 
-4.054978023 12.428110843 -0.220974456 
-4.137450894 12.379654903 -0.185112742 
-3.935691438 12.464639837 -0.321783036 
-4.031438955 12.434919100 -0.264078985 
-4.042442898 12.432141443 -0.233284798 
-3.935263469 12.463352659 -0.357262771 
-3.958126156 12.459421981 -0.251962455 
-4.178552693 12.386815998 -0.208483838 
-4.061738704 12.424892096 -0.271173813 
-4.028601775 12.436529101 -0.238913840 
-3.802574159 12.505059588 -0.362229217 
-4.089307866 12.416833680 -0.193355143 
-4.145347791 12.398300846 -0.176568491 
-3.813114727 12.509614590 0.207324678 
-4.104039071 12.413457983 0.201772614 
-4.019141517 12.439252392 0.181355988 
-3.947691700 12.461996975 0.218653770 
-3.935986088 12.469794745 0.160693946 
-3.978505867 12.456485241 0.176583552 
-3.987650857 12.448986248 0.166990200 
-3.474676936 12.577105106 0.316719237 
-3.950646297 12.465222145 0.196486846 
-3.896195187 12.483034205 0.138292200 
-3.994607099 12.446963918 0.210654877 
-4.014994737 12.440525313 0.213158851 
-3.938280087 12.469061630 0.176493579 
-4.003309660 12.448152431 0.169294690 
-4.105796174 12.410700629 0.159340839 
-4.116526252 12.407065595 0.164809045 
-4.171321666 12.379330868 -0.141843967 
-3.423543182 12.599953858 0.636982553 
-3.226909027 12.648177113 0.726807513 
-3.827647788 12.485746804 0.436061818 
-4.006326540 12.428426129 0.252433915 
-4.018375794 12.402064731 0.483584158 
-3.824274636 12.468226773 0.836339973 
-4.006166745 12.432287942 0.343923327 
-3.504695716 12.566546675 0.749402413 
-3.586072008 12.550941457 0.639200427 
-4.269802749 12.347606904 0.127175812 
-4.227106115 12.361832106 0.143273187 
-3.502251002 12.584194379 0.330236849 
-3.547020420 12.561650712 0.600405178 
-4.197583422 12.377071072 0.015298463 
-4.171330683 12.385964862 0.020137817 
-3.950550143 12.465245451 -0.232679359 
-3.914328015 12.476755127 -0.237719192 
-3.912790487 12.468131124 -0.143125596 
-3.879178089 12.463110550 0.301142740 
-3.927751036 12.473321885 -0.211835897 
-4.022443654 12.442897570 -0.172091562 
-4.087836843 12.419052819 -0.116920898 
-4.111031234 12.410475382 -0.121903519 
-3.866856787 12.490451271 -0.294764424 
-3.894850927 12.482432620 -0.269115139 
-4.139526386 12.405084384 -0.005742870 
-4.171939653 12.391914484 -0.069151455 
-3.962253967 12.460739622 -0.270326398 
-3.969271142 12.459372967 -0.249915119 
-4.119883801 12.408961842 -0.076470079 
-4.052981375 12.431081946 -0.103058295 
-3.914615981 12.464131141 -0.346504742 
-3.691034009 12.526642349 -0.526543917 
-3.844813655 12.478117796 -0.560653439 
-3.597606585 12.532474602 -0.758599223 
-3.710982178 12.531513931 -0.411920939 
-3.725530668 12.528375158 -0.374196720 
-4.201223968 12.366069535 -0.268870733 
-4.208913317 12.362570438 -0.288077765 
-3.786071788 12.495914456 -0.360020386 
-3.590027224 12.550846901 -0.518958038 
-4.204559031 12.364819743 -0.129200542 
-4.209705256 12.365385569 -0.185785104 
-4.291059155 12.347329517 -0.256036310 
-4.327634795 12.325567646 -0.051718710 
-3.556145576 12.538271314 -1.031775162 
-4.159725969 12.370887159 -0.363655468 
-3.966164236 12.457268273 0.194135982 
-4.027789750 12.437110603 0.203055786 
-3.753827497 12.495042174 0.705398657 
-3.982151061 12.444134820 0.223749963 
-3.900981896 12.478934480 0.167658408 
-3.914049121 12.474711811 0.166087232 
-3.964391446 12.446328373 0.348086894 
-3.993565197 12.439708933 0.316975193 
-3.836777560 12.497427492 0.124138525 
-3.827399521 12.476649851 0.370790106 
-3.829761738 12.480815597 0.621058832 
-3.819697153 12.492266843 0.603886040 
-4.068821576 12.421203844 0.083279002 
-3.987188923 12.443301369 0.276363138 
-3.808132985 12.499089544 0.501973788 
-3.945971735 12.469274503 0.398148475 
-4.116368514 12.410727257 0.290101081 
-4.193814639 12.385600514 0.249155116 
-3.906095555 12.466987554 0.454357894 
-4.083363018 12.411808541 0.372389124 
-4.073997361 12.424941518 0.214354790 
-4.085627630 12.420011499 0.271159106 
-4.163446105 12.388051388 0.229919832 
-4.066459564 12.417715802 0.330197247 
-4.100982474 12.415798146 0.268529807 
-4.087194579 12.420364669 0.304342097 
-4.016383668 12.436465749 0.311086441 
-4.045875875 12.428027331 0.256658844 
-4.105822738 12.412389965 0.171409240 
-4.252917667 12.346008509 0.205738082 
-3.959116912 12.455880431 0.354607477 
-3.800316135 12.502826821 0.393273547 
-4.027395802 12.439035704 -0.274680128 
-3.934317389 12.465850559 -0.391467811 
-4.208111786 12.374707085 -0.141440059 
-4.157506436 12.390635254 -0.193582337 
-3.881415722 12.481350512 -0.435160752 
-3.820346067 12.500144079 -0.432112092 
-4.235247897 12.365195128 -0.120396717 
-4.220319617 12.369956777 -0.138942974 
-3.852865034 12.496569453 -0.382713394 
-4.031361277 12.443941169 -0.273762491 
-4.054195041 12.425211966 -0.263277007 
-4.063719360 12.422508556 -0.241524797 
-3.948877653 12.464293580 -0.369843416 
-4.470983056 12.269717541 -0.124539423 
-4.090958363 12.414195450 -0.277956101 
-3.599824751 12.555173589 -0.264847544 
-3.946383588 12.449722659 -0.592561190 
-3.913327623 12.466593049 -0.478153265 
-3.999486508 12.442419517 -0.241101647 
-3.936813870 12.462958341 -0.280199625 
-4.322807593 12.304778452 -0.169139118 
-4.667640652 12.146784726 -0.084053158 
-3.501664460 12.580157202 -0.352779862 
-2.973047939 12.652084101 -1.132739758 
-3.795754139 12.499245088 -0.573220855 
-3.825853365 12.492694759 -0.507414295 
-4.015139378 12.437325208 -0.199206935 
-3.971571789 12.451173257 -0.280150089 
-3.865589929 12.473572253 -0.633373080 
-3.888928697 12.468599316 -0.592776833 
-4.063681541 12.419782372 -0.313435945 
-4.068242614 12.417839568 -0.336402120 
-3.984311803 12.450712540 0.257669132 
-3.945172570 12.462688386 0.278098051 
-3.929649847 12.463502979 0.416043293 
-3.835244978 12.488228194 0.519154031 
-3.979406940 12.452894230 0.221615765 
-4.011016885 12.440999568 0.283401374 
-3.917831178 12.467760901 0.391076282 
-3.975303692 12.449395178 0.386052886 
-4.068449065 12.422424428 0.274537639 
-4.034470302 12.433023906 0.284251243 
-4.095490840 12.413277134 0.280498600 
-4.285864206 12.348797105 0.263403596 
-4.012592185 12.442192652 0.224744808 
-3.942085882 12.460094038 0.379420004 
-3.992634041 12.445796081 0.353363321 
-3.939640991 12.461894914 0.364737671 
-3.908824591 12.468751421 0.518462795 
-4.072636127 12.424326465 0.281995599 
-4.249652842 12.362547223 0.118324581 
-4.189548946 12.381841310 0.175799136 
-4.017160667 12.438659587 0.409492451 
-4.057074706 12.428548619 0.331999346 
-4.101310535 12.414227930 0.134834156 
-4.090267343 12.416071297 0.174358763 
-4.016246030 12.443441502 0.309540441 
-3.833802793 12.490330228 0.509548709 
-4.129520436 12.402600487 0.177332085 
-4.001727542 12.442933050 0.099657531 
-3.992998997 12.445288403 0.445420815 
-4.057975632 12.425046108 0.433091681 
-4.087032633 12.416515863 0.201471479 
-4.105049502 12.410516605 0.203905938 
-3.665840259 12.524410849 -0.837866843 
-3.676941784 12.522105968 -0.824512842 
-4.208659086 12.373915311 -0.172662177 
-4.162536270 12.389810125 -0.184599565 
-3.650171310 12.540894611 -0.663837603 
-3.599212540 12.553998881 -0.687533407 
-4.108458707 12.406566320 -0.113822910 
-3.935565418 12.471499791 -0.064624294 
-3.926772894 12.452158085 -0.468861371 
-4.124398494 12.388203186 -0.360825704 
-4.184586447 12.358706486 -0.152611186 
-4.628055660 12.197184395 -0.021993303 
-3.551601984 12.563914209 -0.736764273 
-3.636823473 12.546027573 -0.629957617 
-4.228374174 12.368547926 -0.161014346 
-4.174156937 12.386388252 -0.199710316 
-3.912861560 12.448930430 -0.516254927 
-4.033661962 12.423201305 -0.415744902 
-3.781289042 12.490294908 -0.681581438 
-3.806438542 12.491984600 -0.544726692 
-3.569211942 12.556582710 -0.997733341 
-4.379280174 12.329659536 -0.069934726 
-4.171565781 12.398847384 -0.239723497 
-3.895652852 12.463078641 -0.649064627 
-3.825640640 12.493190717 -0.423112351 
-3.888341524 12.474316762 -0.410605104 
-3.958747764 12.449363442 -0.359124207 
-4.004543232 12.436366010 -0.296017119 
-3.830915885 12.486226013 -0.537348178 
-3.852010109 12.480513846 -0.519090809 
-3.926272402 12.457637903 -0.407994003 
-3.940031186 12.455518003 -0.344159318 
-4.638448088 12.170161120 -0.027198286 
-4.685000860 12.140339662 0.087687241 
-2.744211557 12.678973018 1.353857145 
-2.973929374 12.658708788 1.059414835 
-3.981331544 12.429293186 0.206809052 
-4.102460592 12.394265943 0.173344296 
-4.071807123 12.413591089 0.236374140 
-3.692472620 12.505924758 0.790068455 
-3.814599017 12.493971891 0.316287356 
-3.824745948 12.492109722 0.266227445 
-3.972489100 12.423780787 0.539820488 
-4.138271659 12.377705454 0.318825854 
-3.818491121 12.496492124 0.162441473 
-3.813073346 12.496949762 0.224033767 
-4.003551155 12.425158148 0.286443412 
-4.053610716 12.409354818 0.235676435 
-3.880965051 12.482008635 0.442328720 
-3.894945580 12.480445856 0.376101361 
-4.079551641 12.413966078 0.339098992 
-4.089455173 12.407463189 0.414658557 
-3.889011032 12.483037836 0.421909085 
-3.858876285 12.495328052 0.329730202 
-4.116134834 12.402316904 0.376622216 
-4.129043794 12.404367249 0.147508269 
-4.007135819 12.446464399 0.282427088 
-3.872321883 12.485901383 0.398043847 
-4.156593816 12.384135396 0.393136417 
-4.098181143 12.406064945 0.345274385 
-3.950890839 12.462379012 0.342637133 
-4.106177403 12.410191707 0.385121091 
-4.061800983 12.419914483 0.314865759 
-3.955185129 12.451587066 0.409893527 
-3.906181493 12.478501035 -0.228599649 
-3.849018842 12.498947510 -0.113613194 
-4.107166291 12.411344037 -0.207060689 
-4.140384863 12.399139560 -0.217760862 
-4.033185346 12.441626172 -0.215375401 
-3.905860769 12.480374672 -0.261660907 
-4.017280490 12.440953837 -0.235750409 
-4.149415615 12.397039590 -0.166291726 
-3.983289588 12.457844070 -0.160197221 
-3.963108768 12.459590838 -0.365725834 
-4.020661781 12.438657362 -0.229360502 
-4.182453932 12.386313968 -0.147071941 
-3.959849389 12.462521886 -0.301414282 
-3.991249656 12.452307122 -0.278522281 
-4.104991103 12.411576847 -0.184779189 
-4.047029932 12.430102478 -0.216376340 
-3.984634418 12.450004489 -0.222285185 
-3.798398726 12.510957190 -0.465749034 
-4.019526026 12.438017539 -0.245542048 
-4.118665311 12.406729015 -0.197365462 
-4.096676738 12.412154984 -0.158092253 
-4.006446845 12.442422935 -0.119910646 
-3.947253246 12.460088207 -0.271537479 
-3.958675198 12.456167981 -0.303384048 
-3.959723752 12.453896407 -0.317262702 
-4.065407695 12.421760303 -0.225979600 
-3.975909281 12.449092973 -0.319040348 
-4.018902130 12.436036028 -0.271894353 
-3.901358041 12.472699760 -0.318268889 
-3.902262724 12.468049812 -0.438503406 
-4.059375125 12.423632669 -0.198203469 
-4.074117607 12.418986635 -0.196837481 
-4.052298661 12.431813548 0.208233696 
-4.032663229 12.439061515 0.185204723 
-3.959209027 12.459325452 0.215333431 
-4.097084667 12.413931456 0.214445899 
-4.030697145 12.437112554 0.214749734 
-3.551821304 12.557232841 -0.798146705 
-3.676904324 12.524113500 -0.001692708 
-3.067554759 12.676634216 0.809127292 
-4.120917282 12.408871174 0.189327132 
-4.006455218 12.447026260 0.161510265 
-4.100855372 12.411138680 0.168548882 
-4.111681053 12.407897365 0.187415599 
-4.010943944 12.443612287 0.235641561 
-3.989792960 12.453064624 0.135715245 
-4.184217702 12.382102547 0.178684950 
-4.110904510 12.406421567 0.214762328 
-4.129309846 12.376265768 -0.300680245 
-4.805342775 12.117354894 0.023919607 
-4.192539295 12.380840462 0.107930671 
-4.726570913 12.163856455 0.087070584 
-3.898017047 12.484119317 0.264478501 
-3.930017975 12.475308169 0.233531842 
-4.106063760 12.397960894 0.268698235 
-4.128473021 12.390151747 0.261421110 
-4.112028563 12.416965919 0.064628063 
-4.112056120 12.416622874 0.095140624 
-3.764671720 12.446296124 1.025979726 
-3.505669272 12.540773699 0.942248511 
-3.943232346 12.454760895 0.399972849 
-4.000008240 12.432314004 0.169911795 
-4.084253844 12.417238539 0.234913882 
-3.804955174 12.496164694 0.198673990 
-4.442948523 12.285747496 -0.170488743 
-3.955354875 12.435933560 -0.661891914 
-3.588751431 12.550583151 -0.770071814 
-3.748268183 12.507128067 -0.279777643 
-4.581442876 12.198796230 -0.109464660 
-4.239846549 12.350860125 -0.094453715 
-3.948413577 12.456375650 -0.247773273 
-4.030206655 12.431695089 -0.164993738 
-3.978228422 12.451110624 -0.229893149 
-3.967238433 12.455608186 -0.180579101 
-4.086772889 12.413643558 -0.117409043 
-4.062647932 12.421879604 -0.099016767 
-3.670752058 12.541978137 -0.286292575 
-3.564746981 12.563071363 -0.448289194 
-4.854168798 12.115427410 0.002568106 
-4.857862691 12.105147504 0.063199055 
-4.101535089 12.415743668 -0.151426966 
-4.009683276 12.442756686 -0.306797449 
-4.220361864 12.364245980 -0.245596897 
-4.052864974 12.430271392 -0.165031688 
-4.169657521 12.392837024 -0.126781498 
-4.111420549 12.412534812 -0.140715758 
-4.046164312 12.432432171 -0.187978472 
-3.725930674 12.502252479 -0.770745627 
-4.289837058 12.335966667 -0.140708064 
-3.715703604 12.518555879 -0.235994412 
-3.755691438 12.516078861 -0.055123511 
-4.203685947 12.364251447 -0.038975555 
-3.721811436 12.519432047 -0.187029396 
-3.916472902 12.454736173 -0.181554792 
-2.906055172 12.673807775 -1.250645764 
-3.625580765 12.521125147 -1.020406674 
-3.922466569 12.476234998 0.081860585 
-3.937727933 12.471394330 0.071195200 
-4.045076646 12.431900475 0.236696202 
-4.041970715 12.432252197 0.279193449 
-3.896591301 12.484501308 0.072022564 
-3.578778876 12.558314373 0.560976570 
-3.776328907 12.467593511 0.817811245 
-3.409208677 12.524040253 1.536674309 
-4.062578372 12.426737047 0.133750596 
-4.172208220 12.374195934 0.141363545 
-3.876703250 12.484804944 0.284151273 
-4.012787364 12.437521561 0.215619261 
-3.983644348 12.455266535 0.127226242 
-4.018819775 12.444153290 0.103522162 
-3.979048787 12.452983254 0.219428148 
-4.021833940 12.439672116 0.221758932 
-4.022145552 12.444225733 0.155665403 
-4.015429741 12.446411177 0.165997986 
-4.102144228 12.409639156 0.286348399 
-4.085645423 12.416329520 0.265322074 
-4.046608684 12.436498643 0.136614482 
-3.983687146 12.457087022 0.138024750 
-4.158034888 12.393768225 0.184904113 
-4.152319103 12.396309721 0.156994952 
-4.045404838 12.435614621 0.167614520 
-4.022756761 12.440654705 0.157739776 
-3.925178616 12.472038536 0.177490354 
-4.113641339 12.409188244 0.170294026 
-4.060098570 12.431339551 0.185013275 
-4.010135530 12.440584068 0.307377500 
-4.235906058 12.367999950 0.143121410 
-4.195166492 12.382911190 0.125104795 
-3.890369551 12.482078452 -0.383576510 
-3.814007877 12.501244147 -0.496510237 
-4.249498689 12.364548978 -0.122742298 
-4.185549931 12.387577764 -0.099954594 
-4.053685929 12.432317495 -0.278058559 
-3.952337211 12.470498563 -0.168258709 
-4.234242114 12.369295563 -0.131986253 
-4.163015060 12.394507356 -0.114276260 
-4.108500076 12.406670899 -0.210471066 
-3.985915593 12.453118698 -0.292750902 
-4.058011581 12.430405213 -0.186325683 
-4.075340791 12.426923938 -0.109303346 
-4.020903069 12.443537506 -0.253374390 
-3.831562947 12.499297268 -0.401239785 
-4.165784509 12.393125144 -0.134520140 
-4.249763993 12.364088013 -0.128452544 
-3.893910468 12.467830985 -0.239407246 
-3.993208591 12.455797137 -0.154540504 
-4.003288208 12.434848107 -0.399286038 
-4.009829001 12.431477864 -0.423532177 
-4.534294365 12.242249920 -0.045123933 
-4.363136103 12.300195013 -0.035403612 
-3.058970656 12.592569019 -1.476651498 
-3.159584796 12.636214839 -0.781364527 
-3.851040440 12.491728038 -0.303519432 
-3.898914204 12.479263002 -0.204992650 
-4.120242775 12.388876292 -0.318991366 
-4.118024823 12.391186590 -0.290383806 
-3.928916097 12.466463730 -0.337563631 
-3.701078618 12.525267067 -0.594770886 
-3.985143920 12.441385388 -0.334947883 
-4.103659030 12.402434565 -0.321373304 
-3.867534577 12.492268748 0.496062559 
-4.491568809 12.279106844 0.057162697 
-3.614349487 12.567500172 0.705431097 
-3.451265299 12.546729002 1.312409842 
-3.806583036 12.489055816 0.517442353 
-3.875935774 12.478538113 0.465612943 
-3.782266044 12.490378866 0.706820880 
-3.840970746 12.475442355 0.652554526 
-3.833040115 12.492044396 0.474930098 
-3.892134714 12.479319331 0.332076643 
-3.839762912 12.481136630 0.517958299 
-3.890713083 12.461067703 0.585708757 
-3.891743804 12.481723116 0.260772775 
-3.900946365 12.477553816 0.306397081 
-3.835445716 12.473962877 0.661051765 
-3.977866290 12.444260345 0.347908458 
-3.952925862 12.465013915 0.256558240 
-3.877692773 12.487918406 0.301009270 
-3.988919521 12.443124068 0.398040194 
-4.082690492 12.408645598 0.269254454 
-3.940103960 12.466101571 0.245840984 
-3.967540520 12.457206192 0.299611083 
-4.017264495 12.433059746 0.370442758 
-4.045603848 12.428073636 0.253327778 
-3.991745279 12.451608954 0.197264779 
-4.042524095 12.433390708 0.294055975 
-4.148278587 12.393666139 0.219388203 
-4.182656816 12.383374091 0.177239798 
-3.932620139 12.469339367 0.262843181 
-3.997916930 12.448335126 0.275801362 
-4.127950760 12.400049565 0.235568954 
-4.169178703 12.387256417 0.199565007 
-3.895045174 12.487355287 -0.287023884 
-4.018249360 12.450919727 -0.190845556 
-3.960364385 12.454571629 -0.368956116 
-4.053658764 12.429270122 -0.228676976 
-3.811721694 12.506612597 -0.361002994 
-3.681116954 12.539398878 -0.516453265 
-4.131932849 12.398646687 -0.249681590 
-4.139001798 12.396946110 -0.223190424 
-4.022381749 12.439299530 -0.376671453 
-3.882113681 12.478051095 -0.525078023 
-4.117953652 12.405135430 -0.188427074 
-4.136986946 12.399262453 -0.169729464 
-3.877480175 12.483908940 -0.431211190 
-3.893988858 12.479145366 -0.420942322 
-4.196104890 12.379116915 -0.164429561 
-4.072551847 12.420037839 -0.211148691 
-4.017585748 12.443059424 -0.164968019 
-4.029163335 12.439248359 -0.159240871 
-4.043288345 12.432542844 -0.214746970 
-4.074822569 12.422438021 -0.224183646 
-4.008795009 12.450271382 -0.177048728 
-3.958992009 12.461536633 -0.229015989 
-4.043162561 12.438230566 -0.192721255 
-4.104322498 12.413955803 -0.197519534 
-4.019330380 12.449026326 -0.135657759 
-3.955442156 12.469230508 -0.144444347 
-4.053994869 12.432506279 -0.255298286 
-4.064829543 12.429762891 -0.193753521 
-4.017889102 12.441351832 -0.132206177 
-4.025439564 12.438485529 -0.150112880 
-4.033393108 12.433487811 -0.259794564 
-4.060311563 12.424836583 -0.251300784 
-3.846507850 12.483752452 0.449267922 
-3.815722237 12.488700622 0.545749025 
-3.923166797 12.468783256 0.157457644 
-4.123685863 12.400608020 0.185372216 
-4.075918688 12.425862334 0.056195552 
-4.143502021 12.402643941 0.180619588 
-4.174340158 12.364121243 0.151810621 
-4.280519711 12.339361063 0.099481293 
-4.476423317 12.275052830 0.008938991 
-4.270144039 12.344374452 0.051966426 
-3.989396611 12.455441949 0.147787905 
-4.159802507 12.383091021 0.200889090 
-3.921579260 12.437283359 0.492445461 
-3.615292004 12.536548107 0.700422668 
-2.774784526 12.760412316 0.161377422 
-3.576803344 12.571548095 0.158838113 
-3.809930789 12.514324130 0.152500341 
-3.751252332 12.531941210 0.165034171 
-4.390359859 12.292538374 0.157072207 
-4.380016826 12.296508586 0.140180083 
-4.736364945 12.168656849 0.014976260 
-3.225434661 12.658276209 -0.422566765 
-4.114020449 12.386998329 0.499212835 
-4.131230982 12.386040091 0.121284272 
-3.893785848 12.478402680 0.375904484 
-3.771304856 12.515098518 0.145727559 
-4.874459108 12.078217578 0.098215273 
-4.101378207 12.407073532 0.221591643 
-3.850011367 12.494386791 0.156738653 
-3.968809652 12.457609453 0.142153968 
-4.331149316 12.308467157 0.252164297 
-4.444637417 12.280177293 0.190684852 
-4.012921708 12.444229977 -0.224383044 
-4.013586948 12.443712963 -0.239476687 
-4.088128665 12.418521775 -0.134915554 
-4.121021612 12.408136801 -0.119864920 
-3.522987108 12.577328627 -0.840160854 
-3.577006203 12.553339789 -0.943417373 
-3.367088733 12.574467250 -1.176256209 
-3.650629486 12.502795581 -0.852685812 
-4.040972805 12.439705853 -0.140408929 
-3.920673610 12.475022910 -0.304714591 
-4.149639957 12.395489782 -0.184618360 
-4.135337589 12.400909344 -0.178508683 
-3.858467733 12.486036368 -0.337886372 
-3.788037611 12.500781492 -0.512758520 
-4.173503067 12.387639464 -0.233623218 
-4.133917465 12.401897365 -0.200754630 
-3.994150192 12.443157814 -0.391721014 
-3.885402985 12.474496225 -0.473980261 
-4.061492691 12.425055475 -0.259242234 
-4.086533350 12.416844783 -0.269723927 
-3.937511144 12.459823493 -0.428380764 
-3.943854788 12.458239164 -0.409435389 
-4.039638630 12.431598158 -0.302165600 
-3.963032735 12.454140174 -0.375076139 
-3.930602341 12.462417324 -0.426090551 
-3.879288150 12.479528920 -0.404000991 
-4.085112498 12.417449977 -0.257208362 
-4.063076628 12.424524920 -0.275503720 
-3.918672765 12.463242005 -0.481376074 
-3.900976761 12.469520302 -0.480317193 
-4.089697853 12.415261954 -0.294838199 
-4.044840949 12.430205807 -0.287764194 
-4.015717850 12.439529972 0.304420743 
-4.043052051 12.430183575 0.318463705 
-4.027792181 12.435560399 0.254355629 
-4.050342355 12.428390751 0.232279716 
-4.036728955 12.430301258 0.372322219 
-4.030340782 12.432879627 0.357444428 
-3.940503235 12.462768660 0.294802786 
-3.955773095 12.458042638 0.276186159 
-3.910042952 12.474482568 0.281115468 
-3.934650979 12.468201367 0.233280646 
-4.055097325 12.427695409 0.186484633 
-4.015084802 12.439663885 0.233806644 
-3.911359146 12.472477476 0.335296016 
-3.999609187 12.445217775 0.293106873 
-4.004110713 12.442441519 0.295314296 
-4.017780109 12.438124120 0.303773223 
-3.796061188 12.505817742 0.512719397 
-3.752427399 12.517321626 0.552525068 
-3.924117766 12.462324631 0.412650805 
-3.971672277 12.450841987 0.310194693 
-3.780482425 12.513140148 0.472882336 
-3.435195711 12.583939064 0.884597529 
-3.145984644 12.665945301 0.457726251 
-3.360276900 12.616992536 0.286387955 
-3.935340062 12.469004211 0.341987422 
-4.009177238 12.446867463 0.281527229 
-3.970330961 12.448550916 0.379411687 
-3.922122507 12.460779448 0.452632655 
-3.866766943 12.488068611 0.415304938 
-3.908385608 12.474204810 0.438217287 
-3.984067911 12.444805308 0.364203651 
-3.996889363 12.441896528 0.322411312 
-3.893108253 12.482567141 -0.286701197 
-3.692233219 12.542732478 -0.438015452 
-4.138216230 12.400978212 -0.151776045 
-4.271487622 12.345479523 -0.124734429 
-3.877059131 12.487306300 -0.301147844 
-3.927523700 12.472483647 -0.265680597 
-4.159957475 12.393444239 -0.155600431 
-4.110608216 12.408438232 -0.216891920 
-3.934087237 12.469197898 -0.309003066 
-3.936661022 12.467506028 -0.343061739 
-4.101359143 12.413505340 -0.154230669 
-4.101623003 12.412555882 -0.181564340 
-3.884085702 12.482588074 -0.390562977 
-3.906074805 12.477129387 -0.346428127 
-4.093585747 12.416008936 -0.163463906 
-4.103963754 12.413254256 -0.143395746 
-3.982871730 12.452064637 -0.279203506 
-3.934573943 12.462251652 -0.444483583 
-4.036875464 12.434412138 -0.279562759 
-3.988450202 12.449592996 -0.297670235 
-4.038429314 12.434521827 -0.260346460 
-4.008606310 12.443758823 -0.284326541 
-4.034570783 12.435573394 -0.269556487 
-4.054219245 12.429239996 -0.257668611 
-3.929860959 12.469273777 -0.291814690 
-3.920966879 12.471560337 -0.308466450 
-4.016667375 12.440432120 -0.306754050 
-3.954406521 12.459559262 -0.348531247 
-3.938020402 12.465058811 -0.341733482 
-3.833481641 12.493469785 -0.464227703 
-4.072728195 12.416033297 -0.392348525 
-3.618119603 12.551686389 -0.654643663 
-3.899976755 12.483204716 0.113580297 
-4.027326950 12.441708496 0.112050948 
-4.089974123 12.417776346 0.236018087 
-4.107923200 12.411601669 0.230345051 
-3.956334720 12.463578761 0.148171067 
-3.946797739 12.466710599 0.184891601 
-4.043222342 12.431969217 0.278806715 
-4.076899174 12.421509976 0.238756026 
-3.942663247 12.470264718 0.112283521 
-3.992703255 12.449265154 0.094714702 
-4.039345599 12.433559181 0.248563941 
-3.722006238 12.509158299 0.704947318 
-3.975646126 12.457280674 0.170930574 
-3.983733512 12.454877211 0.152685842 
-3.975796849 12.455666394 0.196076034 
-4.002997506 12.446318057 0.237867346 
-4.010825480 12.445967367 0.291074406 
-3.936112916 12.465961987 0.419648364 
-4.101433693 12.412089644 0.227476174 
-4.046333233 12.430944034 0.236273398 
-3.943579003 12.466418084 0.338971236 
-3.969504151 12.458964260 0.313537409 
-4.025658105 12.436300667 0.271948857 
-3.992739707 12.447106602 0.276472008 
-4.087556716 12.419242668 0.329473362 
-4.058689367 12.429722597 0.306913591 
-4.153575890 12.393966438 0.260093491 
-4.065545465 12.422110709 0.313738940 
-4.052519576 12.433067902 0.255654812 
-3.969882252 12.458348895 0.315593291 
-4.046248945 12.426542585 0.364033426 
-4.094218258 12.412231482 0.295496019 
-3.858377246 12.489519642 -0.459951660 
-3.788271087 12.505055701 -0.579876102 
-4.229132087 12.372593452 -0.085936618 
-4.187933973 12.386388736 -0.086495894 
-3.885662745 12.482453790 -0.422403192 
-3.842491541 12.496547548 -0.405274007 
-4.191162867 12.385133586 -0.108499322 
-4.111261790 12.411586898 -0.146611180 
-3.959851885 12.462705645 -0.302743166 
-4.018553575 12.444802533 -0.243505591 
-4.233831133 12.368894716 -0.149926382 
-4.179428426 12.387203438 -0.168217723 
-4.027233421 12.440901524 -0.299619801 
-3.963260083 12.460404492 -0.354248273 
-4.203056877 12.380780705 -0.115934343 
-4.183638049 12.386637051 -0.132206700 
-3.790770831 12.509548344 -0.377117913 
-3.892948992 12.481454839 -0.258902135 
-4.064874037 12.426012203 -0.169373167 
-4.066375136 12.425271455 -0.212099681 
-3.836469894 12.494873771 -0.391484088 
-3.868020618 12.486221349 -0.363117368 
-4.183124257 12.386155497 -0.149389674 
-4.103387856 12.413133392 -0.219522497 
-3.902033414 12.476238526 -0.339342078 
-3.952617955 12.460682052 -0.315259283 
-4.018491358 12.440467598 -0.218834275 
-4.062539616 12.426660688 -0.204938594 
-3.817792805 12.500706439 -0.387269901 
-3.893007642 12.480458323 -0.291210986 
-4.101168547 12.414026764 -0.197391939 
-4.122211137 12.406472073 -0.248212022 
-3.839273917 12.499064396 0.231672326 
-4.019581107 12.442155896 0.210026055 
-4.053663821 12.429259398 0.199258709 
-4.077847290 12.421460400 0.197765697 
-4.003243114 12.448586034 0.154321328 
-3.990322118 12.453151371 0.150632871 
-4.055493851 12.429104521 0.194130780 
-4.026067929 12.438789846 0.229838542 
-3.921600325 12.472064035 0.259067892 
-4.049045880 12.431954257 0.196010139 
-4.029982512 12.437429235 0.181792144 
-4.057503581 12.428305381 0.214477862 
-4.073002907 12.424197800 0.196243283 
-4.024351981 12.440692040 0.194135640 
-4.070616850 12.423675958 0.166766022 
-4.037925863 12.434288685 0.193542462 
-4.034675155 12.438165954 0.287042981 
-4.016550362 12.444531813 0.266641848 
-4.041750987 12.431627735 0.251821531 
-4.027267376 12.434926098 0.293610441 
-4.008006713 12.447456320 0.258724051 
-4.043163617 12.435962669 0.260049226 
-3.852354944 12.489649527 0.341248065 
-4.025543030 12.436616063 0.260760660 
-4.002925088 12.448458667 0.297162177 
-4.006186026 12.446598939 0.319961665 
-3.942580181 12.462814883 0.289851659 
-4.042357787 12.432391235 0.208738374 
-3.995812879 12.448704649 0.361305834 
-4.278416710 12.340278886 0.222403447 
-4.015854234 12.441312157 0.208688568 
-3.783065450 12.508892372 0.500293812 
-3.877604064 12.484230548 -0.427628230 
-3.911047674 12.475333226 -0.388105204 
-4.095969968 12.417088670 -0.140857404 
-4.101228664 12.414856901 -0.153536488 
-3.898302179 12.480137141 -0.370332037 
-3.870319295 12.488337478 -0.393158822 
-4.107583895 12.413275991 -0.129113046 
-4.137628531 12.402751807 -0.140041222 
-3.858397825 12.493239280 -0.337354281 
-3.892594571 12.482303563 -0.359410357 
-4.699847757 12.179092153 -0.067690277 
-4.545099973 12.241335407 -0.115046462 
-3.538972402 12.565623722 -0.708770507 
-3.926264456 12.474077504 -0.238419970 
-3.690007340 12.549297443 -0.254538356 
-4.452057075 12.276081629 -0.032291852 
-3.989243266 12.448781320 -0.247886339 
-3.999010021 12.446036412 -0.240908368 
-3.807436921 12.496091287 -0.536165899 
-3.801103309 12.502796931 -0.418892485 
-4.083926144 12.417865562 -0.239755568 
-3.897505302 12.476250160 -0.337345213 
-3.904769075 12.468648577 -0.472163026 
-3.922916064 12.465014053 -0.427228962 
-4.007768743 12.440228619 -0.355244537 
-3.950497317 12.455238374 -0.430470663 
-4.061865799 12.424503077 -0.263398435 
-4.001273863 12.444540717 -0.238415674 
-3.918398639 12.469429923 -0.330313917 
-3.908413705 12.473015105 -0.318334772 
-4.034705201 12.433687862 -0.266259084 
-4.048424443 12.429406937 -0.257931947 
-4.414058221 12.271728801 0.133662422 
-4.701483347 12.133979301 0.090658898 
-3.462137043 12.590733395 0.352372247 
-3.618708595 12.547246503 0.353464716 
-3.939305097 12.464313923 0.339108300 
-3.925963402 12.472191072 0.220849345 
-3.662974677 12.533722721 0.622371290 
-3.808723935 12.494374992 0.529317779 
-3.712789272 12.522250769 0.615961250 
-3.993106380 12.443032346 0.430166756 
-3.912673287 12.464783122 0.464577976 
-3.884611012 12.469593716 0.545658442 
-3.901576835 12.477896417 0.306280958 
-3.918485454 12.473353165 0.275756125 
-3.988180320 12.445302215 0.316599970 
-3.992501584 12.443033054 0.327006308 
-3.820968782 12.506290190 0.281546296 
-3.749243032 12.524196579 0.403541237 
-4.111706173 12.405834473 0.119458460 
-3.898104675 12.483268866 0.093000342 
-3.966697299 12.459502634 0.287769696 
-4.024827165 12.440982689 0.269966179 
-4.166381483 12.383324730 0.342750530 
-4.160308826 12.387110655 0.316861536 
-3.732368123 12.525437786 0.491595327 
-3.661989733 12.544669711 0.516191037 
-4.211601673 12.370845466 0.255353309 
-4.219227236 12.370058070 0.222522312 
-3.961580617 12.442856213 0.434091674 
-4.041703022 12.412831818 0.453203953 
-4.198897705 12.353745530 0.186227790 
-3.490376818 12.570954374 0.556782748 
-4.024160705 12.439526063 -0.335218232 
-4.031992910 12.437629987 -0.297234428 
-4.040373572 12.431927426 -0.221911069 
-4.007634133 12.439407342 -0.306904208 
-3.961246344 12.455690526 -0.449255658 
-3.966916919 12.458755379 -0.302317474 
-4.154371101 12.394046918 -0.176079670 
-4.133898582 12.400243535 -0.195902066 
-3.771660524 12.506679692 -0.608276831 
-3.949393510 12.458031022 -0.470463292 
-4.146269673 12.397802264 -0.152418279 
-4.118710246 12.405845974 -0.178775699 
-3.995828715 12.448678390 -0.356696191 
-3.740857755 12.512223638 -0.629510180 
-4.080417797 12.420522303 -0.132162879 
-3.403735925 12.598212766 -0.565817946 
-3.885539924 12.483058862 -0.194374892 
-3.927977823 12.470506853 -0.163969863 
-4.120887243 12.398352993 -0.173817442 
-4.075718837 12.414680130 -0.233024261 
-3.959612218 12.459043651 -0.202220886 
-3.917156260 12.471959607 -0.228536756 
-3.942888442 12.456637000 -0.231509772 
-3.987912677 12.441185218 -0.259162532 
-4.051288265 12.426149610 -0.109448962 
-3.907972364 12.468813721 -0.274345157 
-3.811565658 12.494708578 -0.542403330 
-3.735882024 12.521818564 -0.535463134 
-3.739052430 12.498725239 -0.340073874 
-3.787960783 12.484538566 -0.469739025 
-3.774187927 12.494816174 -0.677507428 
-4.073952185 12.414335178 -0.429152525 
-3.763158407 12.516245167 0.402194612 
-3.785533592 12.512981478 0.283978412 
-3.970361580 12.429009479 0.619329351 
-4.164339843 12.378856046 0.274372455 
-3.899383598 12.468580564 0.345838011 
-3.734333113 12.514033124 0.512378343 
-3.844740145 12.478193538 0.556940721 
-3.679582078 12.512627779 0.707481158 
-4.464079082 12.284363848 0.062750230 
-3.432720366 12.564312145 1.094387245 
-3.617828672 12.516819677 1.079002623 
-4.131281675 12.373795357 0.559041927 
-3.638740232 12.532288257 0.541674699 
-3.678046538 12.531766545 0.362160440 
-4.004123391 12.428158310 0.280391833 
-4.202841355 12.366631150 0.249619762 
-4.031448812 12.440008516 0.194407302 
-4.045162600 12.434956035 0.226284207 
-4.263439312 12.352247006 0.242493431 
-4.199412831 12.374282709 0.245681785 
-4.070697707 12.427190925 0.128067892 
-4.019759529 12.443182159 0.197756076 
-4.168966298 12.380074037 0.395747108 
-4.066360212 12.415668255 0.378707677 
-4.055019524 12.433582928 0.234133090 
-4.461406758 12.271689598 0.066652285 
-4.085351282 12.415017939 0.295197502 
-3.568745094 12.563952857 0.258029327 
-3.956462986 12.466532082 0.299722048 
-3.923319523 12.477424151 0.317050459 
-4.054261197 12.422413342 0.353842451 
-4.102749581 12.408474660 0.279711963 
-3.991051885 12.450592825 -0.290460876 
-4.011723821 12.441503958 -0.377508337 
-3.968632968 12.451514781 -0.292227892 
-4.101334438 12.409363181 -0.235487798 
-3.989001624 12.453670913 -0.277085437 
-4.028931514 12.437898337 -0.364568305 
-4.044429906 12.429020232 -0.254073887 
-4.043091501 12.428105961 -0.290349121 
-4.106467828 12.409203521 -0.287885193 
-4.169922739 12.371820360 -0.305949942 
-3.915921865 12.472606685 -0.269485734 
-3.772091590 12.520602661 -0.169737440 
-4.086181749 12.420259409 -0.280875770 
-4.030143252 12.438930323 -0.303091626 
-4.027441503 12.432073200 -0.333138495 
-4.078059114 12.417317869 -0.251497582 
-3.979515054 12.454288252 -0.243568487 
-4.009862453 12.445303336 -0.191220475 
-4.049558502 12.428162324 -0.120600377 
-3.577230165 12.551230264 -0.172128318 
-4.059102364 12.428808128 -0.194746167 
-4.020907206 12.440500313 -0.232054739 
-4.030476227 12.435184347 -0.129371820 
-4.039118914 12.432612111 -0.157047923 
-3.898470721 12.484277906 -0.142921451 
-4.029906320 12.439329573 -0.184642895 
-4.105753868 12.410558246 -0.125643607 
-4.184424065 12.383873917 -0.141891743 
-3.993902002 12.448055483 -0.275483490 
-3.989501854 12.451227007 -0.225020720 
-4.071058566 12.422054297 -0.136124663 
-4.085445318 12.417309855 -0.148157542 
-3.966499848 12.456203001 0.270274345 
-4.015375051 12.441079218 0.245726882 
-4.160691972 12.392426815 0.269220414 
-4.095379315 12.414504379 0.239442851 
-3.941383320 12.463549548 0.294672502 
-3.663374076 12.546464614 0.344386413 
-4.086271666 12.417529887 0.231554337 
-4.323617838 12.336567576 0.171258790 
-4.013309909 12.442972307 0.196445578 
-3.996257851 12.447797251 0.227308073 
-4.226565489 12.370621370 0.225535359 
-4.089286783 12.416206702 0.264194072 
-3.958085366 12.458210929 0.293279495 
-3.970956943 12.454662839 0.280170361 
-4.370725627 12.319917310 0.206078005 
-4.086917715 12.415945087 0.301034603 
-3.912242196 12.477487026 0.257064117 
-4.008641962 12.446317069 0.248578884 
-4.190106405 12.386612525 0.036921457 
-4.151350881 12.399365086 0.068941070 
-3.800349151 12.500901404 0.485177398 
-3.785489176 12.527875399 -0.242265098 
-4.111940435 12.412665812 0.070289606 
-4.065742636 12.427283211 0.085747766 
-4.011258507 12.445655942 0.229444440 
-3.924823352 12.474661441 0.156404696 
-4.130417849 12.405223702 0.102446215 
-4.067269380 12.424963061 0.144907748 
-3.966943184 12.460880650 0.196917337 
-3.890793416 12.484295295 0.251840526 
-4.184755931 12.386197357 0.111649719 
-4.151120679 12.398326194 0.106417471 
-3.883515508 12.442105444 -0.703501498 
-3.890067215 12.437134138 -0.591212072 
-3.821743790 12.471613635 -0.801271049 
-4.066859047 12.414299525 -0.284444079 
-4.113955484 12.398704370 0.142491433 
-3.240279886 12.630919788 -0.875884663 
-3.943080866 12.447202612 -0.532473848 
-4.200744516 12.365819693 -0.397647200 
-3.576322266 12.556563711 -0.542894886 
-3.499545193 12.571474710 -0.650318472 
-4.178343966 12.383355580 0.031710767 
-4.215347800 12.370533550 0.019152080 
-3.422181056 12.583046693 -0.841736620 
-3.369265255 12.594005380 -0.876415976 
-4.287427036 12.341501247 -0.079757108 
-4.358619580 12.316351127 -0.079173647 
-3.926568537 12.456988902 -0.425813517 
-3.800933321 12.491935489 -0.520575836 
-4.000190845 12.437020334 -0.166872939 
-4.130816431 12.395372604 -0.119183134 
-4.530047685 12.244275465 -0.087332828 
-4.334254341 12.321284346 -0.177558698 
-4.746811130 12.165719331 -0.062649915 
-4.110503083 12.409524680 -0.161452048 
-3.797952629 12.486201515 -0.663303943 
-3.581548561 12.540710369 -0.754668828 
-3.543332633 12.533430198 -1.267423403 
-3.890645858 12.476197384 -0.780152166 
-4.418495677 12.275639271 -0.143709312 
-3.607180693 12.538735755 -0.556219675 
-4.255592328 12.347433828 -0.199658694 
-4.354068034 12.310247603 -0.132820664 
-4.030823168 12.430922908 0.357835413 
-3.980721477 12.444540471 0.434600610 
-4.031530928 12.433363283 0.287587598 
-4.058159433 12.424913155 0.272381879 
-3.960949461 12.462205049 0.171620286 
-3.951652723 12.465555183 0.193419711 
-4.089316303 12.416270338 0.316892626 
-3.983513273 12.451142276 0.305754287 
-4.371176813 12.292574701 0.146091316 
-4.114593340 12.397211924 0.253214248 
-3.771885526 12.510365743 0.376083887 
-3.643353131 12.542986339 0.553013879 
-4.251307099 12.352480789 0.162066823 
-4.366305210 12.290642206 0.082556340 
-3.814515264 12.494675205 0.386400225 
-3.509371094 12.578769305 0.376895150 
-3.666190532 12.549029225 0.366365211 
-3.941795039 12.466173910 0.382752744 
-4.123430816 12.406727752 0.176963224 
-4.298475094 12.345837967 0.140589630 
-3.934909959 12.468896348 0.351515662 
-3.968011678 12.456741148 0.398577986 
-4.107355855 12.411428673 0.230930381 
-4.112189464 12.410406077 0.198088977 
-4.019022136 12.435093221 0.220936217 
-4.153747995 12.383731849 0.297694965 
-3.951208343 12.457753081 0.477043142 
-4.040207144 12.432005041 0.230732868 
-4.172303472 12.379894458 0.154789600 
-4.097233204 12.417451504 0.163020544 
-3.831090804 12.479695181 0.401950767 
-3.738735046 12.512310906 0.352733009 
-4.249633890 12.357479579 0.054046979 
-3.841789048 12.466525893 -0.694782452 
-3.558052403 12.524426891 -1.045395032 
-3.510168407 12.557881051 -0.833026578 
-3.742457097 12.521144224 -0.421663809 
-3.711842008 12.525716077 -0.524873461 
-4.053068333 12.431062648 -0.264352715 
-4.114479654 12.409708537 -0.279618692 
-3.685950736 12.524746670 -0.405274573 
-3.584408122 12.552827269 -0.472626653 
-4.136999800 12.392258964 -0.277144262 
-4.237915242 12.358530135 -0.167242302 
-3.916704936 12.470206696 -0.316941403 
-4.314686533 12.332962862 -0.132998616 
-4.317647780 12.320831531 -0.168680378 
-4.799766481 12.118933555 -0.091209170 
-4.038637651 12.433514241 -0.282147785 
-3.958366770 12.458654231 -0.311817645 
-4.013005706 12.442099985 -0.272292030 
-4.073269312 12.423536696 -0.195238441 
-4.154525417 12.385218396 -0.348877661 
-4.101230353 12.391755117 -0.231552122 
-3.956148172 12.463739748 -0.091275677 
-3.769685983 12.514922254 -0.409552740 
-3.978386041 12.453591759 -0.277500534 
-3.842817674 12.493858566 -0.329155889 
-3.947220835 12.464235711 -0.309437875 
-4.067782505 12.425631003 -0.227186079 
-3.985138806 12.453176070 -0.202256475 
-3.966095942 12.459005721 -0.211201325 
-4.002950829 12.444688464 -0.312237780 
-4.031022090 12.435204516 -0.312714944 
-4.061796097 12.426613160 0.247018375 
-4.055413608 12.430178532 0.188814613 
-4.009330135 12.442638431 0.213024358 
-4.034601937 12.434221592 0.225214597 
-3.971433892 12.455048398 0.232880474 
-4.038359168 12.437258276 0.187437681 
-4.113758806 12.411482830 0.162322367 
-4.016802792 12.442506802 0.253782014 
-4.107807824 12.431244800 0.071626333 
-4.333115374 12.345652260 0.061508357 
-3.394241926 12.585775361 1.031392246 
-3.692669314 12.539064890 -0.130024425 
-3.990288832 12.453723207 0.093700129 
-4.299274937 12.349696030 0.082764272 
-3.849649147 12.493692637 0.172110342 
-3.905306285 12.477259717 0.150543428 
-3.929100353 12.473276948 0.110472210 
-4.017391484 12.445798687 0.069398357 
-4.134833554 12.424784911 0.012412829 
-4.040338572 12.426190390 0.027982732 
-3.906598530 12.430531155 0.720602757 
-4.073164816 12.425973093 0.271456841 
-4.204299812 12.368831130 0.108648282 
-4.161673888 12.377917187 0.197581777 
-3.259241364 12.600202855 0.925634466 
-3.411287193 12.572187030 0.883321395 
-4.373477099 12.312006510 -0.041017031 
-4.173752109 12.383528285 0.168873249 
-4.345178548 12.351040079 0.189515936 
-4.293227395 12.360555489 0.228563741 
-3.839180425 12.502918016 -0.216111530 
-3.397470311 12.628382151 -0.254487700 
-4.034165217 12.427245758 -0.342138887 
-3.967593701 12.452805304 -0.440381123 
-3.963904154 12.447632230 -0.162745172 
-4.289893736 12.335872997 -0.124013394 
-3.800762309 12.467999948 -0.972420820 
-4.260377611 12.353292317 -0.257800202 
-3.315756709 12.581607368 -1.239676161 
-4.055372975 12.434038871 -0.290274836 
-3.735204716 12.505443961 -0.502985512 
-3.981269327 12.437823255 -0.362419279 
-4.148142197 12.387779443 -0.146122507 
-4.038088824 12.425235317 -0.173853663 
-4.064918510 12.413618990 -0.199708935 
-4.306807351 12.332764073 -0.194890464 
-4.043032893 12.426019958 -0.207992031 
-4.132603949 12.393069663 -0.189697330 
-3.915172972 12.461656272 -0.547013068 
-3.745013030 12.530045886 -0.353957269 
-3.948527629 12.459542259 -0.168771980 
-4.158926860 12.393569376 -0.177621471 
-3.974082381 12.452911616 -0.161433208 
-4.044647516 12.430048212 -0.104593011 
-4.078605692 12.419114353 -0.090046391 
-4.063609778 12.424751471 -0.140398317 
-3.973833693 12.453146140 -0.204323457 
-4.076542468 12.420158071 -0.144579630 
-4.082748867 12.415546771 -0.085906327 
-4.062825181 12.422170867 -0.119479865 
-4.079419363 12.417927224 -0.215443913 
-4.068238845 12.422053775 -0.195308739 
-4.034710391 12.431275578 -0.149357475 
-3.983080385 12.448220388 -0.158843065 
-4.002998849 12.447235566 0.257798092 
-4.000859984 12.449052540 0.219368088 
-4.055248356 12.427561225 0.238439547 
-4.024217155 12.437093885 0.296840018 
-3.910183188 12.476786365 0.218494315 
-3.935647551 12.465490048 0.227374682 
-4.161646346 12.389654884 0.134544081 
-4.054555296 12.424848746 0.237421823 
-4.005934198 12.446434000 0.212461660 
-4.027070126 12.440504544 0.188440944 
-4.030646252 12.434018116 0.236891983 
-4.064815852 12.421822570 0.337942374 
-4.007735618 12.443756169 0.268979173 
-4.055396548 12.430610753 0.189830182 
-4.128526005 12.400351142 0.263034603 
-4.032694522 12.432429793 0.270420987 
-4.012485093 12.418145718 0.354855323 
-3.966176730 12.436125893 0.481525652 
-4.101787487 12.400705751 0.166219782 
-4.052024301 12.417780203 0.177141961 
-3.969887886 12.450344741 0.441785220 
-3.857938502 12.474496393 0.635067713 
-4.602052788 12.228858810 -0.002759163 
-4.436717972 12.277825093 0.031203243 
-3.863508842 12.477137981 0.485196780 
-3.890840296 12.473260381 0.364170187 
-4.098769772 12.401838447 0.136002266 
-4.047668534 12.418510296 0.166616449 
-3.835681848 12.487912223 0.420859942 
-3.984303263 12.443561648 0.358849551 
-4.110252923 12.396550930 0.122364564 
-4.154824258 12.380277651 0.166813925 
-4.209636644 12.385067800 0.050810743 
-3.984560062 12.447992394 0.232183101 
-3.661609436 12.517392529 -1.013119034 
-4.331497244 12.330746366 -0.129918008 
-3.671022997 12.547447625 -0.227055829 
-3.804970738 12.511199223 -0.210008490 
-3.485236604 12.583244263 -0.453122157 
-3.873976439 12.471843787 -0.285763714 
-3.995549431 12.445282924 -0.242767478 
-4.057307919 12.425089142 -0.250748042 
-4.057760595 12.415164571 -0.156144115 
-4.094218442 12.411748217 -0.037092772 
-3.605487388 12.535614301 -0.756173312 
-3.783766528 12.489595919 -0.645502580 
-4.577997834 12.228541922 -0.005302405 
-4.871972873 12.099374157 0.062229282 
-3.885003440 12.473424043 -0.534647476 
-3.944433223 12.462790770 -0.335815870 
-4.034164093 12.435871179 -0.246237588 
-4.045973153 12.432477833 -0.211363556 
-4.041222854 12.432699976 -0.293204360 
-3.980789334 12.453222980 -0.252060512 
-4.012938911 12.442497846 -0.255903120 
-3.910098839 12.472189942 -0.387007720 
-4.260022623 12.346647941 -0.212247083 
-4.001159182 12.437825921 -0.153620952 
-3.787380372 12.479658145 -1.007858200 
-3.506454717 12.569140072 -0.787566609 
-4.510797607 12.245678232 -0.156144941 
-3.915097593 12.473037279 -0.326943172 
-3.907581813 12.474280020 -0.339043871 
-3.920265683 12.470098393 -0.346722504 
-3.868534838 12.492256697 0.128960302 
-3.945905309 12.467060313 0.172234586 
-3.979643656 12.450066901 0.371495613 
-4.004319933 12.442974284 0.340546988 
-3.998728816 12.450526020 0.135045867 
-3.890028992 12.480445981 0.339496865 
-3.924954806 12.465052077 0.440424110 
-3.912711482 12.465290372 0.489036130 
-4.258426039 12.350646348 -0.028919924 
-4.170253921 12.375327334 0.097962431 
-3.562129671 12.555723535 0.325529254 
-3.932206271 12.466566068 0.205939061 
-4.024936329 12.440148259 0.219550831 
-4.143897908 12.400478839 0.196974614 
-3.789679957 12.504119147 0.509794094 
-3.838893099 12.494612534 0.365218045 
-3.973720465 12.457506888 0.304854472 
-3.986219004 12.453212391 0.313474551 
-4.118361320 12.404623446 0.273487846 
-4.132251882 12.401772436 0.205794225 
-3.953617958 12.464701673 0.298372012 
-3.881989137 12.485958159 0.349853171 
-4.155389835 12.394122467 0.202590786 
-4.108932999 12.417186284 0.310603028 
-3.944566957 12.465654682 0.352467375 
-3.687229709 12.533527246 0.563953847 
-4.189212421 12.383843744 0.167889343 
-4.092989193 12.413842792 0.221182109 
-3.996429196 12.449370508 0.350800445 
-3.903811693 12.474930527 0.458629577 
-4.264706186 12.356196144 0.201558332 
-4.128199752 12.402951497 0.225298141 
-3.820336948 12.495753117 -0.570120819 
-3.795358544 12.501511967 -0.603881364 
-4.321986361 12.339417602 -0.090431355 
-4.165584869 12.393581179 -0.121534830 
-3.833050616 12.487129912 -0.651357781 
-3.861016814 12.484670755 -0.530351217 
-4.374195447 12.319405340 -0.129018177 
-4.184810388 12.385194697 -0.185482251 
-3.770124664 12.484154318 -0.859557470 
-3.935770187 12.465466710 -0.419706983 
-4.047528099 12.433914241 -0.189814926 
-4.139462899 12.400194082 -0.200426957 
-3.918403645 12.470307154 -0.468052587 
-3.774331711 12.511474604 -0.534887319 
-4.398667247 12.309295478 -0.142012908 
-4.123339987 12.405974366 -0.181193459 
-4.034878187 12.435087453 -0.272060621 
-4.272135144 12.326355437 -0.135597975 
-4.011708331 12.443611198 -0.216863758 
-3.976708860 12.429105740 -0.225927627 
-4.105813312 12.409595867 -0.342877170 
-4.001898273 12.442604136 -0.381277751 
-4.009745882 12.443185517 -0.257185644 
-4.001910764 12.446421338 -0.241427204 
-4.155141064 12.395760390 -0.233426254 
-4.226616970 12.371111720 -0.201909880 
-3.942804305 12.463661297 -0.333471187 
-4.014488905 12.441918292 -0.255479109 
-4.100933498 12.412790601 -0.293344346 
-4.092888422 12.416540872 -0.254837401 
-3.897635553 12.473258822 -0.465689936 
-3.922843352 12.469957707 -0.325779677 
-4.048588727 12.429268729 0.344965610 
-4.005305695 12.452682655 0.164949530 
-3.544515133 12.577093446 0.874055045 
-3.518619081 12.538686037 1.101611575 
-3.984102304 12.454037731 0.195684949 
-3.918057436 12.474692433 0.211524655 
-3.861265964 12.482350811 0.512638788 
-3.659043001 12.532999438 0.704251804 
-3.841292833 12.493640995 0.390139859 
-3.931693849 12.469966518 0.226222398 
-3.928317053 12.462509704 0.478705209 
-3.935181093 12.460021044 0.477894252 
-4.046797056 12.427770913 0.374588172 
-4.010007138 12.438928540 0.191606263 
-3.791187182 12.499674363 0.593502578 
-4.128707579 12.374800683 0.099969672 
-3.877976450 12.488002870 0.293833024 
-3.699229194 12.541514490 0.339482258 
-4.269982894 12.354287172 0.193140474 
-4.257187330 12.358847693 0.199452218 
-3.866618574 12.490626071 0.341063402 
-3.832845597 12.496706810 0.462704326 
-4.248923295 12.362389230 0.179795812 
-4.188535075 12.382476091 0.230044491 
-3.880579030 12.471475942 0.308162242 
-4.512875221 12.264755555 -0.002908159 
-4.078488045 12.414174251 0.039820293 
-3.937927623 12.462185000 0.335639720 
-3.945285359 12.448800160 0.135357793 
-3.937458365 12.460719247 0.161617326 
-3.656451171 12.514717251 0.900923122 
-4.485232910 12.271932034 0.226895688 
-3.963149069 12.450846091 -0.573616279 
-3.771317278 12.494853458 -0.827634789 
-4.135418022 12.401411936 -0.205244400 
-4.139535135 12.397287554 -0.274733482 
-3.780056903 12.507527520 -0.586696736 
-3.727247171 12.520279994 -0.642677089 
-4.233893896 12.366974370 -0.216009684 
-4.193785740 12.382845580 -0.162848743 
-3.759263787 12.507322697 -0.694701031 
-3.762678283 12.505643733 -0.704076930 
-4.099564960 12.412051171 -0.256687783 
-4.200697591 12.377807171 -0.237964469 
-3.819500481 12.497615612 -0.545293658 
-3.691007291 12.537042984 -0.523956192 
-4.195292463 12.377760792 -0.291985856 
-4.192539357 12.379894338 -0.262524378 
-3.861430183 12.475205649 -0.633033897 
-3.964725347 12.447988614 -0.525516978 
-4.001136613 12.445105606 -0.301265541 
-3.848764230 12.487133295 -0.491514064 
-3.907273909 12.486533929 -0.334405012 
-3.838166705 12.503737984 -0.269117357 
-3.628219484 12.563287292 -0.714398797 
-3.489464836 12.526483246 -1.401978733 
-4.032929911 12.427061306 -0.501746471 
-3.947522099 12.458358236 -0.225661219 
-4.089464372 12.417363259 -0.222869547 
-4.189850617 12.353446305 -0.079169116 
-3.869153618 12.478884457 -0.529892113 
-3.900604759 12.470192368 -0.493287993 
-4.050150149 12.429928134 -0.260012634 
-4.054801891 12.426955309 -0.325432676 
-4.095216986 12.417705367 0.175879089 
-4.000144391 12.447825930 0.236718394 
-3.889309354 12.476612076 0.451231330 
-3.761488205 12.512060697 0.523071575 
-4.112599204 12.412538067 0.145931027 
-4.342457449 12.300697384 0.088142414 
-3.650363925 12.537309088 0.676739430 
-3.648468667 12.543959128 0.567735979 
-4.233509135 12.370031126 0.180788413 
-4.163701920 12.393770566 0.209865214 
-3.788280471 12.499018456 0.624419417 
-3.661957875 12.540132062 0.566920365 
-4.139491326 12.402058896 0.207790568 
-4.137041135 12.403168942 0.213635215 
-3.872909266 12.482764538 0.423642233 
-3.954302753 12.460498772 0.328128622 
-3.845125294 12.489392884 0.550618094 
-3.878884578 12.483408579 0.448661025 
-4.238688804 12.363972096 0.257323269 
-4.143026933 12.395985212 0.288294637 
-3.962758207 12.453710303 0.504722361 
-3.950143883 12.461346397 0.436958172 
-4.210412183 12.371419265 0.318774423 
-4.053371526 12.424725978 0.332333756 
-3.765872518 12.513150834 0.559953092 
-3.839483131 12.495567380 0.453441445 
-4.224603105 12.370221718 0.212086669 
-4.104372836 12.409716986 0.273868339 
-3.848228970 12.488671629 0.545398566 
-3.856310061 12.487533220 0.510116436 
-4.121736304 12.403504986 0.296011778 
-4.075603836 12.418420914 0.309630229 
-3.582689781 12.550770271 -0.812502364 
-3.745326124 12.514526364 -0.639268011 
-4.343294050 12.330595422 -0.119819985 
-4.299531485 12.346068512 -0.125500876 
-3.800251211 12.503642964 -0.518104140 
-3.754705621 12.520699268 -0.455419445 
-4.401106005 12.309566069 -0.107813457 
-4.274703028 12.353563947 -0.152295606 
-4.071746999 12.408694693 -0.074728443 
-3.984906012 12.445261283 -0.174131258 
-3.661865245 12.516637127 -0.859660199 
-4.339607402 12.322281640 -0.327448154 
-3.949780730 12.447302546 -0.386501185 
-3.769180137 12.511888969 -0.552267249 
-3.763278735 12.524966838 -0.165528002 
-3.990089746 12.447059540 -0.044341021 
-3.862773217 12.489716015 -0.304651951 
-3.882269676 12.481759967 -0.372848836 
-4.023555615 12.438439534 -0.268782540 
-3.303367052 12.559708262 -1.463391906 
-3.993636926 12.449414358 -0.256578455 
-3.945241101 12.462111638 -0.346300588 
-4.017733561 12.440850904 -0.243455291 
-3.966118018 12.457257028 -0.236197751 
-3.886444013 12.476707978 -0.451899481 
-4.145877829 12.397992650 -0.246797588 
-4.004394534 12.444803078 -0.277435530 
-3.842395481 12.494107598 -0.345994584 
-4.210107057 12.368203430 -0.045450621 
-4.243554555 12.349623900 -0.108961051 
-3.543598001 12.558812501 -0.380407554 
-3.957863282 12.458097676 -0.227712033 
-4.098275644 12.416163868 0.202303286 
-3.985217245 12.452304874 0.242125269 
-3.899181570 12.472546737 0.479563293 
-3.743841888 12.510795987 0.659654175 
-3.981032557 12.456460387 0.151659115 
-3.995503888 12.451471190 0.158418873 
-3.921316511 12.468279710 0.404697720 
-3.928395032 12.466694244 0.376630000 
-5.067246675 12.022984893 -0.039803789 
-3.810178724 12.487752050 0.300653614 
-3.896508816 12.475660527 0.407747581 
-3.857019068 12.484888044 0.485766507 
-4.511183246 12.244004298 0.080135265 
-4.479314543 12.254585300 0.051710273 
-3.753167321 12.483511985 1.084249557 
-3.523187691 12.573288353 0.656746484 
-4.041916383 12.435672916 0.307776323 
-3.912830201 12.474152769 0.407654444 
-4.290740017 12.346177353 0.214860873 
-4.143341367 12.396104148 0.287170757 
-4.013516436 12.445494721 0.286001619 
-3.938164042 12.467745886 0.364456757 
-4.353459355 12.325488888 0.166609064 
-4.173058221 12.386844035 0.259047792 
-3.935240209 12.471991183 0.222981585 
-3.900200404 12.481279907 0.307198860 
-4.145878618 12.395192390 0.283128758 
-4.095133511 12.410550242 0.342968456 
-4.198419538 12.375916869 0.231020127 
-3.998092855 12.449487569 0.287932695 
-4.223962761 12.369510588 0.229189131 
-4.067786787 12.422057737 0.278695483 
-3.818512774 12.500215720 -0.489826844 
-3.830099253 12.496150490 -0.490259504 
-4.204148263 12.379756724 -0.125893828 
-4.118325960 12.408522219 -0.155952719 
-3.835112405 12.493698310 -0.506940142 
-3.832027710 12.491160739 -0.580557414 
-4.251786903 12.362764776 -0.147440638 
-4.123822444 12.407760382 -0.120013294 
-3.933510665 12.465843030 -0.457738350 
-3.879283724 12.484241486 -0.417852793 
-4.194002960 12.381138581 -0.197027190 
-4.138219732 12.401415829 -0.161483541 
-3.895122401 12.477433531 -0.448133539 
-3.707952320 12.520033303 -0.680408514 
-4.009653809 12.438509026 -0.364752271 
-3.996952761 12.442073974 -0.361609349 
-3.906875663 12.477810599 -0.229642114 
-3.883415098 12.482380663 -0.244499253 
-4.072758231 12.419634085 -0.201338710 
-4.051135846 12.426167880 -0.220017784 
-3.954913962 12.463417801 -0.228724752 
-3.950391294 12.465465121 -0.207549550 
-3.995874717 12.446554770 -0.310212850 
-4.036183496 12.432750225 -0.313284336 
-3.943280233 12.463975360 -0.293139720 
-3.992193331 12.450566966 -0.221437546 
-3.985457747 12.448476521 -0.235429862 
-4.154809022 12.392473288 -0.198764062 
-4.032219567 12.435965968 -0.286088228 
-3.922817784 12.470025741 -0.332193384 
-3.874628482 12.475558224 -0.511930931 
-4.021540449 12.437847764 -0.175217007 
-3.902618963 12.472378710 0.309005425 
-3.967947689 12.454379300 0.172487088 
-4.038947279 12.432518685 0.060171222 
-4.024599815 12.436991985 0.125271019 
-3.897257457 12.467640954 0.539828172 
-3.717857416 12.536574652 0.416050060 
-4.051328124 12.427447091 0.126800262 
-3.992846469 12.446309305 0.294890037 
-4.096814786 12.412634363 0.185800251 
-4.115087163 12.406966431 0.177336781 
-4.040204339 12.429532579 0.149099763 
-4.029570220 12.433323419 0.168117742 
-4.068153765 12.423104403 0.158626159 
-4.028405222 12.437367188 0.085103671 
-4.030571766 12.432519133 0.134665958 
-4.067945044 12.420506821 0.178362115 
-3.692875948 12.540526948 0.232619956 
-3.813958913 12.508280496 0.190651268 
-3.557278915 12.564609621 0.422830530 
-3.896183602 12.464562845 0.301129086 
-3.589360812 12.536134247 0.915275959 
-3.842096170 12.491056913 0.333580796 
-3.656536320 12.521618214 0.986057467 
-3.917190586 12.442821649 0.716148192 
-3.682260105 12.526777592 0.532509249 
-3.787106879 12.505653212 0.273143980 
-4.691923192 12.184165346 -0.014162508 
-4.884901009 12.094391878 -0.060809938 
-3.970649105 12.453039740 0.264206675 
-4.072483414 12.420255068 0.259094182 
-4.018267843 12.427367575 0.232478643 
-4.171499099 12.367071361 0.128855094 
-4.020787493 12.432387320 -0.460041356 
-3.887019528 12.471846510 -0.543989509 
-4.521747615 12.259929819 0.015353582 
-4.473944077 12.263902830 -0.025624270 
-4.035960665 12.410788968 -0.334748782 
-4.078013299 12.407969267 -0.213525439 
-4.116144662 12.394994225 -0.219151445 
-4.071543116 12.410322655 -0.202552726 
-3.945179864 12.456407051 -0.344905477 
-3.913808891 12.465442329 -0.368187633 
-4.183112572 12.370963427 -0.162435511 
-4.211170878 12.361442372 -0.136858621 
-3.801796803 12.497324086 -0.455150843 
-3.862591450 12.479921302 -0.419475755 
-3.943709316 12.453617452 -0.166535085 
-4.114728085 12.396135263 -0.127674486 
-4.041835240 12.434229976 -0.130494807 
-4.037587837 12.437775178 -0.174134930 
-4.023408950 12.446468556 -0.096703213 
-3.966045536 12.459639068 -0.214808562 
-4.110981071 12.411210062 -0.201271019 
-4.094678709 12.416067511 -0.216039688 
-3.965722536 12.456217376 -0.228085551 
-4.078891306 12.419744695 -0.197194921 
-4.081746758 12.422879156 -0.140017036 
-3.952916604 12.462134679 -0.275499684 
-3.990387683 12.448866208 -0.246774546 
-3.825846755 12.501070740 -0.163513217 
-4.161238001 12.415163536 -0.052513242 
-4.320748917 12.349826763 -0.068882084 
-3.385502059 12.580137248 -1.107081345 
-3.375446741 12.601505957 0.851340845 
-4.049802137 12.432129620 0.472159498 
-4.050883682 12.407068370 0.279520534 
-4.003725664 12.448191967 0.108165377 
-3.729044403 12.530642313 0.307595393 
-3.897022657 12.475432479 0.398417843 
-3.885442224 12.479697180 0.375855880 
-4.000534181 12.447067279 0.202314412 
-4.085611038 12.419491965 0.167346990 
-3.931961088 12.468520929 0.270046280 
-3.941827600 12.464104532 0.303148464 
-4.019106038 12.440581211 0.227852584 
-4.010120265 12.443152713 0.248235579 
-3.936950524 12.464049131 0.376187929 
-3.929001775 12.469267800 0.243821014 
-3.980186169 12.455102679 0.223218414 
-4.094670295 12.416473124 0.239031590 
-3.812612777 12.467216529 0.929202568 
-4.304632138 12.335589814 0.085402790 
-3.421144821 12.563782934 1.163843916 
-4.024327354 12.444096940 0.301924812 
-3.649563257 12.562612679 0.137412157 
-3.923268856 12.466140345 0.443047731 
-3.966022046 12.447093688 0.188574057 
-4.255852569 12.348435773 0.140649774 
-4.003221639 12.441438544 0.228768673 
-4.135166027 12.391795346 0.227014465 
-3.962118202 12.449556268 0.256796756 
-4.062849247 12.416803417 0.150958299 
-3.670955130 12.521671620 0.581685310 
-3.995786510 12.431923702 0.397683811 
-4.074145284 12.412572096 0.166686673 
-4.002602180 12.436426380 0.196562481 
-3.886067981 12.438169943 -0.709579122 
-3.986963310 12.451664865 -0.348698185 
-4.180651830 12.375765452 -0.166904562 
-4.137455489 12.385235298 -0.224577122 
-3.873822734 12.490756904 -0.102164325 
-4.103939236 12.418780012 -0.014092247 
-4.202919389 12.402103177 -0.025574258 
-3.840887861 12.513027181 -0.161500035 
-4.315981061 12.361284987 -0.195373731 
-4.297209152 12.358695705 -0.242475752 
-3.831182634 12.505010600 0.240683814 
-3.358509102 12.637915091 0.266423900 
-3.246274043 12.595496599 -1.029021313 
-3.390394767 12.576968526 -0.878935655 
-4.396042064 12.303442850 0.027253106 
-4.182567848 12.380580448 -0.146362967 
-3.938504838 12.464782324 -0.318740006 
-3.976572109 12.452241762 -0.327936218 
-4.056791656 12.427726833 -0.254284258 
-4.063259544 12.425872661 -0.248912433 
-4.002551623 12.449621295 -0.111028467 
-3.903404962 12.477862847 -0.256055027 
-4.052578007 12.428084251 -0.305689224 
-4.087400581 12.417113606 -0.292432779 
-3.871329820 12.485156632 -0.346999022 
-3.775564731 12.510034228 -0.471038048 
-4.073178118 12.420788268 -0.321361696 
-4.053013047 12.426652882 -0.349259170 
-3.856368634 12.488983536 -0.376463224 
-3.809416086 12.500006579 -0.463835139 
-4.035656596 12.433593504 -0.295216630 
-4.085402140 12.417971922 -0.258242940 
-4.205501802 12.352090017 0.189927006 
-4.013420837 12.443284904 0.243125638 
-3.961439627 12.457909717 0.277840103 
-3.903146149 12.476853713 0.265618242 
-3.612489112 12.544072368 0.501865641 
-3.963878700 12.456142760 0.303713495 
-3.573088288 12.575578345 0.319065225 
-3.834991110 12.493150493 0.351470564 
-4.022497748 12.441637165 0.172432001 
-4.065190055 12.427369973 0.172413667 
-3.789710385 12.505631704 0.467765177 
-3.881320304 12.482154350 0.334671684 
-4.036158489 12.437473342 0.162823915 
-4.109826595 12.412964455 0.160749840 
-3.920994860 12.470387779 0.315542423 
-4.034070263 12.435716604 0.264100772 
-3.924158011 12.474906779 0.261969063 
-3.857167340 12.491945051 0.397136657 
-3.997429504 12.439864859 0.411615425 
-3.957131409 12.452710554 0.415073717 
-3.949928788 12.467405642 0.217352038 
-3.975183428 12.458681927 0.255820712 
-4.045617888 12.425562032 0.367488294 
-4.004645904 12.438486810 0.388987695 
-3.865885081 12.489376598 0.400763412 
-3.888588556 12.482577247 0.389375832 
-4.067209999 12.419911796 0.342388524 
-4.069372914 12.415662848 0.414127518 
-3.835863444 12.498479616 0.405178767 
-3.795718360 12.506610937 0.509155828 
-4.077499392 12.415383423 0.363923592 
-4.072551146 12.418892330 0.305600878 
-4.012194355 12.445001503 -0.305215770 
-3.914520761 12.474891586 -0.348825283 
-4.086178371 12.419917275 -0.148310350 
-4.053327956 12.429860746 -0.194274119 
-4.031683999 12.438320971 -0.315338537 
-3.991654033 12.452716921 -0.263013024 
-4.100926517 12.414761022 -0.161279587 
-4.080087527 12.420833498 -0.186761583 
-3.991531312 12.450777341 -0.343895335 
-3.953017544 12.463301431 -0.335966064 
-4.136295801 12.402969066 -0.158066791 
-4.142337492 12.401696703 -0.117750837 
-3.961253034 12.459641475 -0.369545883 
-3.959972804 12.460862364 -0.337100682 
-4.190975626 12.384773013 -0.120844462 
-4.117251328 12.409713343 -0.142785518 
-4.072565400 12.424712660 -0.179098975 
-4.072491327 12.421505139 -0.193278556 
-3.897815716 12.479792948 -0.306042406 
-3.840735534 12.484534454 -0.597482091 
-4.174777278 12.390317613 -0.142995559 
-4.119723284 12.408035199 -0.191633156 
-3.879666442 12.480551035 -0.415274304 
-4.055970985 12.428136974 -0.177541840 
-4.313149657 12.325893678 -0.045618403 
-4.019336551 12.421982485 -0.183776441 
-3.867012292 12.477158483 -0.340136531 
-4.103634892 12.411155905 -0.015395106 
-3.963421857 12.454064433 -0.199044935 
-4.027973577 12.435096489 -0.194811820 
-3.815191711 12.499565316 -0.301122295 
-3.663029583 12.536386615 -0.363476575 
-4.426610054 12.287067182 0.125480510 
-4.183248159 12.398471912 0.179047917 
-3.984825753 12.436948440 0.176461773 
-3.853179325 12.488423331 0.172839149 
-3.916210921 12.468399026 0.309511165 
-3.861916294 12.487801093 0.207613917 
-4.204924515 12.369367722 0.101044290 
-4.193304875 12.374761519 0.101379063 
-3.955398413 12.441115940 0.319444318 
-3.810729156 12.486296137 0.396814754 
-4.319016268 12.318298756 0.158901553 
-4.378779940 12.298261422 0.127075698 
-3.878393723 12.479154231 0.462056793 
-4.247872149 12.359658226 0.058948933 
-4.092490738 12.400950789 0.235824823 
-3.942254924 12.459265738 0.307073594 
-3.381720909 12.612630260 0.539429434 
-3.264274596 12.586676081 1.100567448 
-4.330368121 12.327655392 0.169925773 
-4.422141241 12.293811230 -0.016314412 
-3.588761911 12.566853537 -0.375599006 
-3.594161724 12.576261403 -0.350122790 
-3.751031431 12.532528483 -0.227266642 
-3.660140848 12.548848012 -0.398780233 
-3.727518256 12.489843892 0.735073940 
-3.342326100 12.600667296 0.967399580 
-4.035451633 12.436926820 -0.179105829 
-4.208290048 12.364484386 -0.019671909 
-4.684268705 12.182344844 0.028377775 
-3.567294298 12.545523329 0.550061751 
-4.772672698 12.144553486 0.084989572 
-3.809141051 12.482520450 0.404358350 
-3.937610019 12.436817462 -0.528018339 
-4.042271006 12.419026567 -0.308292742 
-3.829997483 12.483008759 -0.396670771 
-4.037868585 12.426050157 -0.221214355 
-3.879906178 12.485555088 -0.125094706 
-4.109788420 12.412786689 -0.186193008 
-4.121083598 12.427028877 0.014597016 
-3.833848393 12.512938434 -0.147222452 
-4.317013999 12.334796407 -0.124619395 
-4.240255795 12.348534910 -0.114297822 
-3.843461378 12.486228884 -0.175144559 
-3.732544786 12.521802825 -0.102521230 
-4.148126110 12.374571364 -0.336241509 
-4.252281893 12.335846118 -0.263790389 
-3.690550364 12.537910559 -0.377533955 
-3.833507365 12.494899212 -0.452253351 
-3.945634461 12.461453773 -0.229312442 
-3.930242266 12.466189735 -0.252854341 
-4.207706103 12.368443552 -0.083708080 
-4.285122310 12.342515756 -0.075868448 
-4.031836202 12.447503129 -0.037909050 
-3.905154012 12.496910804 -0.047063395 
-4.247491792 12.352252984 -0.121301678 
-4.003462227 12.440935122 -0.150653736 
-3.916116298 12.469874991 -0.390232053 
-4.260788264 12.355082684 -0.078871949 
-4.183055366 12.368817115 -0.221600268 
-3.994883373 12.444190612 -0.226499729 
-4.000715092 12.420499956 -0.264636367 
-3.791451999 12.489810685 -0.454601386 
-4.308318148 12.323009250 -0.139014339 
-4.405097967 12.289332978 -0.099323675 
-4.204530055 12.379202751 0.143607544 
-4.077932518 12.422283412 0.186382615 
-4.025603585 12.438372485 0.272506086 
-4.000092938 12.445264999 0.147146130 
-4.080880303 12.420682081 0.235327993 
-4.046520316 12.430142038 0.185872891 
-3.929743984 12.471157143 0.240762491 
-3.953838672 12.461042580 0.281745349 
-3.917682514 12.466433424 0.308101151 
-3.937080178 12.463165887 0.236347141 
-3.751297696 12.518988879 0.282212689 
-3.627930068 12.547253998 0.342585851 
-4.177117889 12.364649867 0.114475814 
-3.997624259 12.429405142 0.125919126 
-3.850015273 12.483953897 0.288091876 
-3.700922592 12.529040006 0.373597938 
-4.138458852 12.405257970 0.209408426 
-4.069677892 12.425212878 0.183980347 
-3.976440088 12.454545938 0.037451253 
-3.979227370 12.462810660 0.156264815 
-3.837538003 12.475279423 0.409332072 
-4.125598567 12.390640889 0.327357080 
-3.931497768 12.454685524 0.292419234 
-4.061005803 12.416751760 0.275215707 
-4.219972406 12.349863399 0.304575894 
-4.294436011 12.322797496 0.244217100 
-3.648910255 12.549451525 0.357889426 
-3.923242674 12.467095004 0.423635543 
-4.390193711 12.286878805 0.084778819 
-4.255500253 12.343361748 0.114995746 
-3.740493729 12.534530548 0.112812159 
-3.725798192 12.523616641 0.082129277 
-3.611393427 12.561743410 0.344498658 
-3.689788296 12.550821142 0.332635704 
-3.794923802 12.519343580 0.230593171 
-3.687595889 12.541958974 0.369439710 
-3.397409703 12.607021599 -0.575506133 
-3.293322282 12.576025063 -1.134546462 
-4.361572210 12.316185365 -0.155620146 
-4.412486527 12.297910364 0.021712797 
-4.083298579 12.410520894 -0.122144727 
-3.542025324 12.548406167 -0.619302626 
-4.799041310 12.133632667 -0.076905393 
-3.830262254 12.478532646 -0.341108019 
-3.636691575 12.512624263 -0.786979320 
-3.330956879 12.600428122 -0.998941578 
-3.982815693 12.451875025 0.279759724 
-4.203170516 12.366310779 0.012496776 
-3.484363613 12.563398718 -0.884387579 
-3.970567918 12.452925654 -0.327130486 
-4.042628564 12.427785625 -0.228365006 
-3.859189867 12.486035964 -0.346304161 
-3.879761450 12.481202638 -0.390078735 
-3.981820998 12.451036385 -0.327066635 
-3.981711193 12.452747320 -0.180391474 
-3.937314292 12.466676692 -0.173934022 
-3.937226327 12.466467218 -0.298834644 
-3.962630185 12.458124894 -0.289291952 
-3.968198751 12.457049259 -0.221045493 
-3.917676519 12.472397551 -0.245719412 
-4.002276068 12.444568506 -0.302387879 
-4.033308219 12.435955292 -0.240714299 
-3.914275102 12.474179216 -0.237862961 
-3.892945245 12.478744377 -0.319422302 
-3.906182712 12.478238384 0.214636373 
-3.964401876 12.459513044 0.202388180 
-4.136747572 12.398822084 0.346968646 
-4.051162177 12.427233576 0.348371991 
-3.957846338 12.458858717 0.316185357 
-3.938452045 12.464157043 0.343621014 
-4.036387795 12.431942234 0.356065472 
-4.072197227 12.420516337 0.347507346 
-3.874151235 12.487869695 0.241969676 
-3.936870219 12.469017280 0.189115684 
-4.013116998 12.437493615 0.428332109 
-3.991082759 12.444731407 0.411711607 
-3.907745041 12.477725915 0.226619706 
-3.832015801 12.499244689 0.301351017 
-4.029808206 12.434055712 0.357783015 
-3.991318351 12.446521644 0.362934815 
-4.065581130 12.428153842 0.280771465 
-3.999390091 12.448247043 0.338768072 
-4.092100162 12.416908964 0.193127756 
-4.121315558 12.407055976 0.191546674 
-4.034052375 12.438042407 0.304580689 
-3.973599851 12.457252696 0.320777656 
-4.116779502 12.410208082 0.131677901 
-4.102895907 12.414352228 0.153513789 
-4.044290693 12.434805397 0.286544362 
-4.007909591 12.447018593 0.291626927 
-4.194869299 12.383323055 0.134721452 
-4.098006235 12.414634143 0.181373518 
-4.018626627 12.444402276 0.263892461 
-4.011355687 12.446588226 0.255999368 
-4.030481091 12.436834999 0.227771059 
-4.092625049 12.416470304 0.187976522 
-3.794333001 12.504549255 -0.555105020 
-3.803839043 12.502845463 -0.535697459 
-4.109901150 12.407824817 -0.248192401 
-4.132619034 12.401239768 -0.226597416 
-3.749359195 12.516379635 -0.591700897 
-3.801522774 12.504782886 -0.505331974 
-4.045285072 12.428470279 -0.295892895 
-4.075094429 12.420194234 -0.239349017 
-3.788262693 12.505650360 -0.570272098 
-3.775977924 12.511094337 -0.539466559 
-4.098040190 12.411852867 -0.260420107 
-4.072185434 12.419690119 -0.289358860 
-3.739240177 12.518818291 -0.596912743 
-3.745235149 12.519091210 -0.561931203 
-4.108191808 12.409085215 -0.242687514 
-4.121503316 12.402972399 -0.290303959 
