-3.301067459 10.743562849 -0.269604278 
-3.249419587 10.759186978 -0.261403825 
-3.410595899 10.712239455 -0.171521835 
-3.363433186 10.727236596 -0.157496025 
-3.309840653 10.742087675 -0.228618339 
-3.302102221 10.742938938 -0.273007338 
-3.402622879 10.715260466 -0.143049774 
-3.378878897 10.722453006 -0.155352413 
-3.321122236 10.738732525 -0.221559517 
-3.309573745 10.742002931 -0.232944546 
-3.342363876 10.733438219 -0.175493940 
-3.336477547 10.734851943 -0.183416595 
-3.312797815 10.741238546 -0.232893133 
-3.338525058 10.733875105 -0.203027467 
-3.378144557 10.721459022 -0.221605336 
-3.329815914 10.736145072 -0.234224710 
-3.346094795 10.733080935 0.132437127 
-3.321586877 10.739997160 0.169107360 
-3.335754926 10.734596031 0.228221677 
-3.365589723 10.724967913 0.253046477 
-3.293991124 10.747031147 0.229578421 
-3.267764712 10.754934014 0.223861664 
-3.404006055 10.714021464 0.211218260 
-3.402128325 10.713946628 0.237274198 
-3.199214487 10.772112332 0.325965973 
-3.227889770 10.764935064 0.294309831 
-3.340481943 10.733141295 0.223775087 
-3.380785684 10.720465448 0.233644471 
-3.236147355 10.762248145 0.301790419 
-3.235736417 10.763510527 0.262269201 
-3.324226816 10.738034741 0.229823420 
-3.320443445 10.738819739 0.235982492 
-3.250178928 10.760956673 0.259931554 
-3.266485497 10.756002116 0.257447280 
-3.354428693 10.729799375 0.249253632 
-3.375194981 10.722784175 0.261786260 
-3.270644583 10.754476778 0.270353174 
-3.242410337 10.762099832 0.292715518 
-3.342850161 10.733006456 0.254751287 
-3.363583521 10.727922086 0.207500410 
-3.453116997 10.701343294 0.313669976 
-2.900903332 10.834651962 0.540078021 
-3.097627786 10.805813153 0.311715301 
-3.450280859 10.701512525 0.213971209 
-3.286238202 10.750529034 0.223089622 
-3.258525317 10.758873641 0.234184039 
-3.030807430 10.800272008 0.668978868 
-3.301999006 10.744050511 0.289695423 
-3.338068646 10.730187469 -0.382908338 
-3.347682785 10.728355973 -0.355725076 
-3.274964040 10.754717747 -0.201755152 
-3.292636242 10.749429166 -0.201174564 
-3.312692825 10.737746032 -0.388541154 
-3.254520776 10.753430617 -0.430639043 
-3.390366405 10.720720756 -0.132608545 
-3.300307496 10.746665699 -0.219207402 
-3.331970654 10.735048909 -0.303434832 
-3.380501049 10.713078406 -0.311530369 
-3.295619802 10.748240110 -0.207222201 
-3.264518381 10.749708266 -0.110123065 
-3.257618401 10.751265253 -0.447789537 
-3.302496330 10.741361004 -0.370593182 
-3.275565303 10.754417896 -0.204050770 
-3.326369407 10.738846224 -0.218460182 
-3.259938242 10.756032740 -0.277011886 
-3.308966142 10.741481004 -0.268909445 
-3.354039113 10.729047658 -0.204587875 
-3.425698829 10.707395465 -0.179482931 
-3.303796355 10.744640782 -0.200483126 
-3.298162602 10.746851593 -0.179794477 
-3.392956115 10.717958708 -0.172768664 
-3.382146120 10.720478863 -0.210855986 
-3.270561756 10.755012514 -0.173818435 
-3.301200399 10.745979348 -0.168676211 
-3.355882113 10.728552316 -0.206461184 
-3.376851196 10.722266503 -0.200161312 
-3.251417804 10.760421054 -0.188705772 
-3.311458579 10.740144319 -0.086982310 
-3.409441687 10.712519167 -0.182737931 
-3.112585919 10.782956419 -0.612217380 
-3.382805634 10.721272414 0.175579888 
-3.373649783 10.724281837 0.167239689 
-3.264170062 10.749980729 0.422111122 
-3.349766919 10.727542041 0.335220031 
-3.336916121 10.735591540 0.163081106 
-3.314271474 10.741716770 0.203164337 
-3.275013769 10.746742892 0.425886650 
-3.265210052 10.750627538 0.398388419 
-3.147903735 10.784410898 0.404724029 
-3.290434709 10.748578101 0.209652736 
-3.155286258 10.762918999 0.711497705 
-3.040293040 10.804593198 0.611925613 
-3.294363056 10.747977858 0.186046354 
-3.535082224 10.662295406 0.062676332 
-3.278467231 10.743919475 0.462212060 
-3.322669773 10.735293875 0.338083789 
-3.329389119 10.734430848 0.345648102 
-3.344241445 10.731535393 0.306048477 
-3.402533181 10.716721683 0.161974060 
-3.391246793 10.719449423 0.192569688 
-3.347536526 10.731932737 0.249191752 
-3.282035656 10.751577965 0.248159499 
-3.454186042 10.700092635 0.172288175 
-3.462109852 10.697703756 0.170627097 
-3.409503751 10.714393246 0.183115970 
-3.365504670 10.727651528 0.192741975 
-3.426869864 10.708556155 0.185466375 
-3.392295239 10.718424098 0.235009929 
-3.248976423 10.760525736 0.295345798 
-3.313328458 10.742698685 0.239939762 
-3.469312701 10.694977859 0.197973060 
-3.414391087 10.711094848 0.243882116 
-3.278265898 10.747137642 -0.407882974 
-3.236585897 10.760283697 -0.389293702 
-3.341382222 10.734939741 -0.184225072 
-3.335429333 10.736455153 -0.196810225 
-3.383155906 10.718672074 -0.316111777 
-3.228042933 10.757736799 -0.498407791 
-3.310900397 10.743519048 -0.220971398 
-3.359708555 10.729397652 -0.180940905 
-3.250736575 10.753323544 -0.457061819 
-3.214846336 10.759919372 -0.530672094 
-3.353139026 10.729765778 -0.252739492 
-3.323019711 10.739136187 -0.248624923 
-3.319625455 10.734015816 -0.420772390 
-3.378283515 10.719015314 -0.357633397 
-3.397676783 10.717047717 -0.217461001 
-3.315852879 10.741241624 -0.254397451 
-3.316819196 10.737694598 -0.300868097 
-3.388554711 10.714993732 -0.331294521 
-3.226017844 10.761154161 -0.406217308 
-3.256634109 10.756138605 -0.280227249 
-3.339783460 10.730473913 -0.311130201 
-3.325650750 10.736422191 -0.260010975 
-3.318408898 10.737800808 -0.280973515 
-3.314469486 10.739745925 -0.249182811 
-3.220517114 10.758266546 -0.505036649 
-3.226864229 10.759404169 -0.440195897 
-3.332654535 10.735028573 -0.213977609 
-3.328232244 10.735131504 -0.268390123 
-3.184380660 10.773335289 -0.401285621 
-3.293685648 10.743619808 -0.331516299 
-3.343304587 10.732645177 -0.179174616 
-3.310519286 10.741050478 -0.251243036 
-3.347099131 10.725274511 0.410995710 
-3.275153647 10.745741905 0.441005287 
-3.378738352 10.719751846 0.288467886 
-3.279742716 10.746962657 0.370074352 
-3.360766210 10.721219027 0.409028501 
-3.296883032 10.742196951 0.373905885 
-3.372915488 10.722255263 0.259377430 
-3.365709549 10.723562003 0.300273194 
-3.344854535 10.728703617 0.341489234 
-3.265712448 10.747006310 0.471665415 
-3.301120767 10.741817142 0.334032486 
-3.341754154 10.731023940 0.298498293 
-3.284394188 10.748215255 0.282080113 
-3.318567346 10.738157585 0.283341061 
-3.420619276 10.706968802 0.271140529 
-3.334811338 10.733002789 0.291433547 
-3.241792484 10.762253656 0.279771460 
-3.296573910 10.745460105 0.300956156 
-3.413309766 10.713020019 0.157354026 
-3.405691203 10.714715701 0.188222886 
-3.189547201 10.776372364 0.328500968 
-3.197653076 10.778276675 0.248353206 
-3.410378454 10.713213834 0.175800586 
-3.495868439 10.683114949 0.173855469 
-3.269157291 10.752304497 0.341108200 
-3.281384065 10.749934732 0.303887071 
-3.415631311 10.711959909 0.175083624 
-3.410604607 10.712792844 0.211935489 
-3.300056057 10.745832309 0.254440992 
-3.306248589 10.743471737 0.273581579 
-3.427802831 10.707822041 0.191078612 
-3.411524946 10.712385926 0.206822709 
-3.129467510 10.781916566 -0.574298882 
-2.862807726 10.829040832 -0.854313106 
-2.780994055 10.870360720 -0.325655560 
-2.876564612 10.845940798 -0.215770132 
-3.127411231 10.782419923 -0.568344083 
-3.216480843 10.761456738 -0.484519212 
-3.208018541 10.768067054 -0.390485365 
-3.359146956 10.727849793 -0.240429705 
-3.163351433 10.768373523 -0.640891668 
-3.240513929 10.748965828 -0.588283027 
-3.294563202 10.746882913 -0.257270780 
-3.268422931 10.754374692 -0.266805560 
-3.177953718 10.768417135 -0.569133410 
-3.208961515 10.761234989 -0.534500409 
-3.279999963 10.750963482 -0.270227661 
-3.335568954 10.733692265 -0.285228451 
-3.417278966 10.708722115 -0.139832542 
-3.379492270 10.722531428 0.072241206 
-3.355829668 10.716459062 -0.325501653 
-3.233364542 10.767755183 -0.132144595 
-3.170862475 10.769033976 -0.476124013 
-3.149339458 10.768928971 -0.594489817 
-3.318301336 10.736861399 -0.203612903 
-3.352942602 10.725862334 -0.222781069 
-2.913022494 10.816252076 -0.612547594 
-2.972956778 10.806513336 -0.817520816 
-2.699628301 10.903855920 -0.187516762 
-3.035575239 10.814126319 -0.161928009 
-3.304492687 10.729597291 -0.408994051 
-3.549368498 10.654575526 -0.047334269 
-3.239396552 10.770902231 -0.168461315 
-3.340937557 10.726789799 -0.230556030 
-3.215996921 10.769128621 0.254870290 
-3.276988132 10.751041907 0.250298139 
-3.315424786 10.741987760 0.158020090 
-3.371997793 10.723423779 0.196108908 
-3.360396824 10.727689217 0.197521254 
-3.350940831 10.731132332 0.163613330 
-3.377801511 10.721954070 0.209945581 
-3.384358245 10.720013655 0.206336179 
-3.492544701 10.678959937 0.129198694 
-3.324550665 10.739760012 0.290700599 
-2.985222226 10.804190405 0.866006643 
-3.283929377 10.742615267 0.637582042 
-3.300331872 10.746703993 0.194916920 
-3.301463688 10.746452132 0.163980845 
-3.304549021 10.745309133 0.192521564 
-3.331354752 10.737600196 0.164659278 
-2.948031714 10.826314918 0.775321304 
-3.043442936 10.805658001 0.668398624 
-2.887319534 10.802561123 1.060866454 
-3.014372823 10.785420140 0.828265177 
-3.063742222 10.818063924 0.068600255 
-3.258481336 10.759097994 0.289026320 
-3.749755913 10.596495839 0.032764140 
-3.320413343 10.732792629 0.131048887 
-3.263132576 10.745701442 0.329338838 
-3.241322737 10.753025705 0.307500323 
-3.381030254 10.722202390 0.214126741 
-3.365383272 10.726983215 0.194837715 
-3.378993079 10.723538315 0.194603825 
-3.317710112 10.742192577 0.203237891 
-3.309770289 10.741823445 0.294273666 
-3.320562649 10.741169892 0.236908512 
-3.837824431 10.563821353 -0.028665793 
-2.779036032 10.870153137 0.342060281 
-2.858890667 10.841223555 -0.688266097 
-3.345746888 10.731417047 -0.010829454 
-3.200924713 10.772605142 -0.187683983 
-3.135060726 10.790601455 -0.225086775 
-3.500560387 10.673547450 -0.178890955 
-3.502139988 10.673613615 -0.145524296 
-3.209958748 10.769789101 -0.159669030 
-3.136936303 10.783676571 -0.420972488 
-3.468409364 10.683787139 -0.236000020 
-3.413088721 10.704088284 -0.190523280 
-3.087612481 10.786279076 -0.685770227 
-3.231866047 10.764574039 -0.276349776 
-3.486665713 10.678842606 -0.192087860 
-3.423779855 10.702912319 -0.252904946 
-3.183122155 10.758078453 -0.591832583 
-3.321431183 10.727818456 -0.456348044 
-3.088200324 10.780665460 -0.723049042 
-3.159061819 10.764623592 -0.675625723 
-3.133939101 10.781968782 -0.701092437 
-3.698127712 10.618598528 -0.123179034 
-3.219379491 10.776296902 -0.511271744 
-3.106567659 10.797644495 -0.067737935 
-3.299030752 10.740614467 -0.334623903 
-3.192785513 10.765994467 -0.480851520 
-3.245998932 10.758917741 -0.238764555 
-3.303386543 10.738523460 -0.335298603 
-3.209333653 10.763097750 -0.438314700 
-3.183515807 10.765134834 -0.542355014 
-3.224714868 10.759630831 -0.406728950 
-3.227679533 10.756600647 -0.453321524 
-4.078149676 10.454400134 -0.006262063 
-3.034643270 10.769032186 0.788135892 
-2.541201694 10.849829663 1.184578272 
-3.284570114 10.737471557 0.251534980 
-3.266720919 10.741780584 0.191922764 
-3.245671147 10.749738442 0.219601829 
-3.469387798 10.680317462 0.153369039 
-3.347095288 10.718694420 0.232597327 
-3.257848315 10.751039177 0.299354441 
-3.268934707 10.751092558 0.166232168 
-3.225908329 10.749294207 0.576917285 
-3.348444961 10.723644309 0.343531017 
-3.280381983 10.748712127 0.115149915 
-3.254412650 10.756424639 0.125052955 
-3.400036239 10.702600506 0.321831128 
-3.369802041 10.711954597 0.323325971 
-3.254519159 10.757202407 0.322717263 
-3.092708896 10.793196236 0.556197767 
-3.376970998 10.720237733 0.306788728 
-3.496668328 10.681143243 0.350224378 
-3.333062500 10.736135825 0.267770221 
-3.311111868 10.741252174 0.323832304 
-3.330258047 10.736819434 0.263328269 
-3.289074004 10.750632193 0.216568743 
-3.213216719 10.768943082 0.333979579 
-3.188876435 10.770520123 0.466016746 
-3.309750786 10.735685937 0.449685166 
-3.132699758 10.777262103 0.629460801 
-3.331992044 10.731881784 0.383273514 
-3.236316032 10.757999024 0.450445180 
-3.314500935 10.734157029 0.446922995 
-3.312779384 10.737657546 0.373656661 
-3.290217129 10.748656711 -0.244372919 
-3.310604414 10.741141592 -0.298800586 
-3.373086952 10.724219662 -0.215297084 
-3.300283454 10.745907333 -0.249836438 
-3.237114737 10.763993551 -0.265925107 
-3.322150156 10.738324048 -0.272714822 
-3.305659409 10.741317697 -0.320644060 
-3.338739562 10.733855394 -0.214981986 
-3.370121362 10.723703930 -0.276956204 
-3.386165713 10.719384541 -0.253733787 
-3.399068420 10.716006849 -0.214088572 
-3.365512757 10.726422520 -0.217185543 
-3.368209107 10.725999816 -0.222258373 
-3.341023980 10.734301322 -0.224021361 
-3.369914785 10.725412098 -0.199118799 
-3.342596210 10.732963706 -0.246740771 
-3.286866448 10.750764408 -0.104602381 
-3.123761113 10.798174411 -0.108419716 
-3.323633028 10.736886277 -0.270611677 
-3.353684383 10.729327866 -0.198234202 
-3.398992997 10.711212896 -0.138011630 
-3.359285293 10.728441499 -0.152100029 
-3.285297165 10.746362312 -0.343228734 
-3.288018669 10.746156378 -0.325319914 
-3.377470115 10.724323846 -0.009171077 
-3.296679620 10.744817511 -0.268789308 
-3.451925468 10.698481928 -0.206947068 
-3.367126971 10.724121948 -0.249532813 
-3.341354817 10.732121314 -0.243474933 
-3.320767081 10.736608117 -0.305228156 
-3.420262577 10.708347576 -0.218362913 
-3.419501584 10.709106296 -0.200515386 
-3.170338946 10.780179237 -0.339922974 
-3.250456069 10.762234695 -0.046543886 
-3.270253507 10.753720090 0.201090305 
-3.331342085 10.735782672 0.177264903 
-3.447489051 10.698333807 0.041147268 
-3.344347825 10.726164140 0.081108668 
-3.591228334 10.643323932 0.202842294 
-2.934638987 10.828630251 0.142128374 
-3.173425159 10.781297100 -0.042195852 
-3.303945534 10.743877756 0.201933627 
-3.319110803 10.739034999 0.207722654 
-3.270590990 10.752708014 0.248227738 
-3.246036190 10.761386795 -0.012784161 
-3.268709051 10.754777848 -0.044426291 
-3.354007880 10.728717674 0.186166747 
-3.357280128 10.726733910 0.237051218 
-3.715596766 10.598215742 0.069636240 
-3.675443071 10.613407045 0.023250419 
-3.218795884 10.756592662 0.542858938 
-3.190662788 10.739960853 0.805540684 
-2.940399211 10.790659937 0.994938341 
-2.874746045 10.801392439 1.049354893 
-3.080951237 10.761760689 0.968304952 
-3.190383057 10.741555073 0.851061511 
-2.964638037 10.802431538 0.800293383 
-2.931604581 10.801818469 0.842243361 
-3.511190897 10.679762227 0.140318034 
-3.577628814 10.656944163 0.116170088 
-2.995785530 10.745736835 1.186578875 
-3.010576602 10.738361771 1.215713439 
-3.316721689 10.735672389 -0.369629070 
-3.370502613 10.719613182 -0.352363679 
-3.426987498 10.715061114 -0.188191919 
-3.218937135 10.748436076 -0.602423079 
-3.064842470 10.789574624 -0.727134341 
-3.115517495 10.784163074 -0.281511026 
-3.452229723 10.694362515 -0.000606452 
-3.335956036 10.736411988 -0.184975227 
-3.333042015 10.737479136 -0.168608747 
-3.350738390 10.731569002 -0.188513595 
-3.346441435 10.729241201 0.096181278 
-3.337930332 10.734748938 -0.233922215 
-3.254842338 10.759009696 -0.015565692 
-3.188879987 10.777375349 0.191616036 
-3.324842100 10.738571733 -0.240874294 
-3.218906316 10.765486510 -0.207810836 
-3.357508324 10.730200384 -0.157784598 
-3.339642996 10.736051507 -0.136933085 
-3.340735234 10.731210542 -0.054018301 
-3.322350095 10.736653522 -0.052852708 
-3.152176131 10.761921824 -0.604341989 
-3.099464821 10.771617818 -0.661898745 
-3.216623038 10.763773060 -0.044753362 
-3.215978379 10.766416247 -0.103190595 
-3.345008928 10.725917790 -0.206567890 
-3.391413298 10.711528293 -0.199360151 
-3.570152802 10.645070676 -0.081950016 
-3.244325987 10.737570588 -0.417617550 
-2.790195911 10.862528998 0.095085016 
-3.339670818 10.734495915 -0.161930551 
-3.263665150 10.750357516 -0.203761003 
-3.229367972 10.754243590 -0.191539693 
-3.262101524 10.759512414 -0.090125481 
-3.168403453 10.756482239 -0.773683754 
-3.257385812 10.755411177 0.163547965 
-3.256007653 10.755571016 0.168180075 
-3.307074913 10.735856678 0.281511441 
-3.277495342 10.741739486 0.370588166 
-3.221511875 10.764065190 0.317404632 
-2.924481778 10.842868539 -0.598328480 
-3.194511037 10.772475218 0.171202802 
-3.496240898 10.664204374 0.375953375 
-3.354537222 10.728806650 0.238342073 
-3.269453280 10.754127776 0.264394585 
-3.254199915 10.758414177 0.261901985 
-3.377643987 10.723652910 0.173303356 
-3.928637389 10.522576211 0.076303925 
-3.413756581 10.699628871 0.120463974 
-3.333258808 10.728913366 0.124699771 
-3.366609768 10.719849199 0.148688002 
-3.311877052 10.745881658 0.113360736 
-3.229820691 10.770183269 0.116448788 
-3.464338192 10.695204977 0.266014062 
-3.491816578 10.687708586 0.199191892 
-3.334784788 10.738190960 0.131338440 
-3.368843637 10.726746138 0.177276049 
-3.374429822 10.723685009 0.228236178 
-3.341406790 10.733336622 0.239905218 
-3.244778908 10.764251815 0.203524369 
-3.191190971 10.792378616 0.380955077 
-3.428051381 10.707434508 0.233046450 
-3.263761659 10.757917929 0.245325972 
-3.403677249 10.716878816 0.116035850 
-3.299448872 10.748565416 0.151423645 
-3.383738558 10.721708542 0.190794127 
-3.420955944 10.711139912 0.138553770 
-3.366145856 10.724958551 -0.242627556 
-3.259615172 10.752411465 -0.392728612 
-3.431701619 10.704321499 -0.229769806 
-3.357784678 10.726896454 -0.247781524 
-3.440196963 10.703484510 -0.171989971 
-3.388767667 10.716851690 -0.296123889 
-3.372602474 10.724370096 -0.148321854 
-3.480358533 10.690545418 -0.137364968 
-3.210291916 10.744724740 -0.830291243 
-3.290232587 10.732556436 -0.632173649 
-3.042454898 10.786567396 -0.735468067 
-2.852058896 10.845699158 -0.377864477 
-3.478370760 10.681475604 -0.120734904 
-3.420839156 10.688427716 -0.527135849 
-3.087321525 10.783416120 -0.495259839 
-2.914895087 10.781366909 -1.145128020 
-3.246177770 10.746483775 -0.194461796 
-3.306326094 10.738987134 -0.148282562 
-3.373910875 10.714702035 -0.279559476 
-3.453527815 10.689926411 -0.247612982 
-3.727852359 10.595679750 -0.201416644 
-3.814039444 10.548913765 -0.272776854 
-2.440799617 10.860904744 -1.255818325 
-2.612224101 10.869981488 -0.814941209 
-3.158690025 10.772770671 -0.380407826 
-3.161310085 10.773785929 -0.333210455 
-3.473392460 10.676447844 -0.305159659 
-3.081647212 10.809621050 -0.118792326 
-3.229277675 10.755266372 -0.254118156 
-3.242455225 10.749680760 -0.312540084 
-3.454378463 10.684277435 -0.273295786 
-3.385502497 10.705723662 -0.274649040 
-3.300285084 10.741084555 0.535362988 
-3.616138616 10.654146073 0.095921078 
-2.853661502 10.852223903 0.879019425 
-3.233254996 10.750544997 0.647174613 
-3.152575163 10.766549511 0.566854436 
-3.272447744 10.742750773 0.406647768 
-3.145843973 10.769693078 0.624625174 
-3.201427495 10.750707801 0.682724601 
-3.226224274 10.754774275 0.478426342 
-3.295013733 10.739005950 0.368645908 
-3.154435118 10.763479084 0.691870136 
-3.213373739 10.747773555 0.673387400 
-3.055208867 10.806385239 0.400814072 
-3.287387785 10.744434113 0.269098954 
-3.206398343 10.752362361 0.626931747 
-3.224538767 10.758075378 0.421952210 
-3.399640858 10.716994572 0.219058677 
-3.257867140 10.758674766 0.249635218 
-3.273049126 10.752238408 0.316426429 
-3.368563299 10.725585768 0.223683221 
-3.297658784 10.748780344 0.178052780 
-3.310222826 10.743956611 0.225244435 
-3.358915120 10.728851877 0.229080325 
-3.340795557 10.735205356 0.205314888 
-3.368842939 10.725684242 0.258058485 
-3.278020359 10.751666312 0.314846410 
-3.398867426 10.717569724 0.204344535 
-3.389499196 10.721308991 0.154236427 
-3.301206755 10.747293309 0.217221475 
-3.229032160 10.767430478 0.255297784 
-3.378304357 10.723295470 0.215616231 
-3.318131541 10.741881669 0.207111690 
-3.247864464 10.760082846 -0.296539097 
-3.321200125 10.738175798 -0.297231753 
-3.412194012 10.708722798 -0.324323461 
-3.415254474 10.710891109 -0.205360428 
-3.204299462 10.766458597 -0.452673129 
-3.210795843 10.764239289 -0.460802555 
-3.317923052 10.734802709 -0.393127843 
-3.345359966 10.728458407 -0.334128510 
-3.321543973 10.735275290 -0.367678197 
-3.245280607 10.755231904 -0.437068404 
-3.412820557 10.710033930 -0.250768121 
-3.349977237 10.730212726 -0.238221032 
-3.144107034 10.783613278 -0.451166963 
-3.225277201 10.762177689 -0.412322070 
-3.425661643 10.706280681 -0.236858800 
-3.400738341 10.713558526 -0.263992846 
-3.333262627 10.736136213 -0.179673143 
-3.276283034 10.752131422 -0.231821684 
-3.311339455 10.737947771 -0.372781548 
-3.269716207 10.751730052 -0.334136143 
-3.313348413 10.737970403 -0.347294174 
-3.286236682 10.742782554 -0.430280639 
-3.266769139 10.749653757 -0.403812663 
-3.328871283 10.734389372 -0.300294699 
-3.377724271 10.712074160 -0.187488076 
-3.549412499 10.650602929 -0.125585801 
-3.239311030 10.759622544 -0.296809077 
-2.975662686 10.822371994 -0.412038372 
-3.260501700 10.759000225 -0.248345760 
-3.345004362 10.729545062 -0.250295442 
-3.163239889 10.774883202 -0.451659931 
-3.068975686 10.798209366 -0.583238269 
-3.245441339 10.729572719 0.788425156 
-3.523683112 10.671958719 0.242872708 
-3.858485210 10.566867203 0.113061476 
-2.857175409 10.860376806 -0.002003889 
-3.171777052 10.763055797 0.521562789 
-3.217698498 10.750787439 0.510555938 
-3.401164928 10.707260350 0.100639258 
-3.394697684 10.708772978 0.117320895 
-3.565843330 10.643631265 0.176511106 
-3.008867025 10.799620494 0.506282106 
-3.466241482 10.683275802 0.232990901 
-3.495416256 10.671924165 0.220724629 
-2.805232025 10.825423853 1.038258914 
-2.942616948 10.818639501 0.699511165 
-3.053641152 10.762963129 1.154300595 
-3.317157989 10.725916198 0.755878298 
-3.157964755 10.782132435 0.330510173 
-3.077837120 10.800350573 0.433505711 
-3.267385988 10.742155735 0.546851615 
-3.305446009 10.730391995 0.555840700 
-3.723929904 10.607542847 0.017149672 
-3.216275960 10.739401920 0.694757795 
-3.019516780 10.767436149 1.017388744 
-2.940320550 10.819731005 0.621135698 
-3.297011267 10.742574547 0.207711532 
-3.591960441 10.644527699 0.123246063 
-3.479463935 10.678609263 0.356108485 
-3.774276642 10.574779089 0.201959159 
-3.011839940 10.807038459 0.426787067 
-3.012847208 10.808271470 0.398747360 
-3.454388465 10.691560925 0.197236937 
-3.488971337 10.677715374 0.237262268 
-3.263229534 10.754029577 -0.346285888 
-3.265857621 10.753421827 -0.344579995 
-3.310210711 10.743577237 -0.225642136 
-3.395496635 10.716316563 -0.262987982 
-3.330428203 10.733884223 -0.338205068 
-3.002947725 10.822847628 -0.445386821 
-3.414767650 10.711499633 -0.214741457 
-3.440240125 10.704728103 -0.144883803 
-3.451071271 10.690313353 -0.176429208 
-3.340087171 10.732303894 -0.172535833 
-3.181907891 10.768493226 -0.299326977 
-3.108336669 10.787721165 -0.309750340 
-3.343551159 10.720148425 -0.280715585 
-3.328208992 10.725134339 -0.303450721 
-3.299230217 10.732367315 -0.551932664 
-3.351747367 10.728494766 -0.212725622 
-3.205273451 10.770326021 -0.309306778 
-2.997461311 10.827362293 -0.342739158 
-3.404437852 10.712894338 -0.235771077 
-3.349125259 10.730299532 -0.228374653 
-3.345449568 10.725867645 -0.224336531 
-3.263804776 10.753221755 -0.321380878 
-3.335098518 10.733254765 -0.269770423 
-3.342952467 10.731772632 -0.238883999 
-3.261563830 10.752594268 -0.357485775 
-3.281365129 10.749897356 -0.252419931 
-3.446504760 10.700060888 -0.221309965 
-3.358720571 10.725928579 -0.279049649 
-3.335983424 10.733467124 -0.243294248 
-3.159590317 10.782366305 -0.353199868 
-3.374296569 10.722982229 -0.201233969 
-3.417897812 10.709711179 -0.186052436 
-3.194049577 10.775876942 0.196110763 
-3.400336061 10.714270580 0.207311890 
-3.309685467 10.742361556 0.187890476 
-3.257702866 10.757109033 0.222502699 
-3.275510647 10.753064212 0.157954673 
-3.309495548 10.742963311 0.174776694 
-3.279607108 10.751544697 0.172733436 
-2.848098633 10.846964886 0.303801116 
-3.283073460 10.750948353 0.194752688 
-3.245834939 10.762301834 0.134810340 
-3.292812225 10.746654494 0.216660590 
-3.308344537 10.742251041 0.220500334 
-3.275511557 10.753050663 0.173912787 
-3.324778022 10.738227061 0.169396137 
-3.373179995 10.723390084 0.168931391 
-3.382795734 10.720297805 0.175242142 
-3.419150400 10.702336484 -0.170369765 
-2.901443840 10.836300218 0.570135709 
-2.739324617 10.877854207 0.632243421 
-3.143694916 10.777407413 0.439917838 
-3.273251795 10.743566333 0.278598412 
-3.252494450 10.735884077 0.577344540 
-3.178720985 10.746210506 0.818566835 
-3.276571350 10.743135276 0.370735789 
-2.991843293 10.800159836 0.655154245 
-3.058273581 10.788240857 0.560932020 
-3.463278910 10.693529953 0.167965766 
-3.427922069 10.704196224 0.186532365 
-2.985912442 10.819496817 0.290601045 
-3.023031303 10.800235803 0.528940367 
-3.422161584 10.707702698 0.018144720 
-3.399653785 10.714766629 0.023772685 
-3.289991305 10.749181602 -0.228517327 
-3.259219168 10.758584688 -0.233085866 
-3.190574788 10.775774521 -0.152709511 
-3.112872029 10.789171755 0.345998066 
-3.272821563 10.754923339 -0.207039114 
-3.340228778 10.735394265 -0.172596209 
-3.364338495 10.728630507 -0.123962153 
-3.379174830 10.723761902 -0.131055634 
-3.226300714 10.766615660 -0.284998371 
-3.247640834 10.761089121 -0.261585626 
-3.414990901 10.714650253 -0.005751019 
-3.431213868 10.708629200 -0.074887951 
-3.300390839 10.745280235 -0.265997403 
-3.306042706 10.744481473 -0.246197888 
-3.390078592 10.721159711 -0.081731584 
-3.337999089 10.737015858 -0.108185276 
-3.221685227 10.760850519 -0.368999011 
-3.068088188 10.796006577 -0.516795699 
-3.209313735 10.753129834 -0.536472484 
-2.996364939 10.795201279 -0.716062424 
-3.122521800 10.787577940 -0.381194948 
-3.138828378 10.783797009 -0.344532363 
-3.423457450 10.698494005 -0.306807984 
-3.430047833 10.695619319 -0.330480480 
-3.164146806 10.766306978 -0.342722463 
-3.044756492 10.795455973 -0.464238599 
-3.449022043 10.688584988 -0.142655895 
-3.441044880 10.695126340 -0.210590070 
-3.541735597 10.666840708 -0.297011320 
-3.555968515 10.656017607 -0.063256087 
-3.007709596 10.785111775 -0.939993080 
-3.373348462 10.700191189 -0.413418595 
-3.308819287 10.739590749 0.189826625 
-3.356266615 10.725167973 0.200918310 
-3.110935263 10.772429138 0.701254250 
-3.275754305 10.746676390 0.233110072 
-3.258954253 10.756144783 0.162069195 
-3.268241032 10.753371528 0.161035247 
-3.246948884 10.752880177 0.374512530 
-3.280977582 10.744789185 0.333532296 
-3.184632232 10.780638625 0.121764294 
-3.139521524 10.775080486 0.381435785 
-3.182286830 10.762467713 0.612962646 
-3.226894845 10.755828767 0.562731765 
-3.338600082 10.733315812 0.088431640 
-3.281217773 10.745010346 0.292176000 
-3.187303365 10.767903651 0.475439885 
-3.272505776 10.756790427 0.401037114 
-3.426144014 10.706761360 0.292780668 
-3.486958433 10.688499201 0.255143901 
-3.211453894 10.764602640 0.472413072 
-3.348177281 10.726743129 0.405535947 
-3.386027823 10.721009742 0.216314769 
-3.401011353 10.714816347 0.272236520 
-3.411646731 10.711341361 0.254728936 
-3.336837391 10.731289883 0.355106612 
-3.412657686 10.710801780 0.269733566 
-3.405443658 10.712075872 0.303332717 
-3.300364317 10.742873174 0.328656483 
-3.319147155 10.738546636 0.275026518 
-3.384191541 10.722024201 0.180238743 
-3.449729034 10.696889346 0.251720786 
-3.275296625 10.749868496 0.359416261 
-3.232090613 10.759715312 0.350350357 
-3.356593630 10.727384287 -0.271600950 
-3.288545133 10.744461970 -0.378686827 
-3.445640439 10.701525260 -0.158638489 
-3.404491006 10.713173193 -0.214556503 
-3.250091074 10.754244197 -0.416351711 
-3.201098751 10.768818356 -0.410300049 
-3.463698641 10.695928130 -0.136849489 
-3.451429194 10.699502111 -0.157227701 
-3.231320073 10.762707709 -0.362577094 
-3.375275944 10.722255057 -0.264923644 
-3.309408966 10.740629305 -0.288740886 
-3.312665800 10.740156798 -0.266833399 
-3.295531710 10.743163077 -0.360818868 
-3.671094132 10.616357795 -0.147522863 
-3.354959218 10.726529202 -0.301501857 
-3.018752187 10.813579819 -0.240979320 
-3.275523373 10.737399733 -0.598490449 
-3.249202816 10.751368956 -0.476176848 
-3.280312690 10.748793944 -0.255822570 
-3.241071945 10.759904247 -0.289017592 
-3.478437914 10.679106787 -0.287750466 
-3.750060050 10.571562455 -0.292200799 
-2.992194760 10.816643662 -0.311138704 
-2.573202505 10.866660306 -0.953775586 
-3.161615103 10.772666150 -0.556303824 
-3.187198332 10.767616731 -0.492356152 
-3.285373402 10.748245119 -0.213199324 
-3.265807502 10.752363843 -0.291487146 
-3.213237690 10.753682737 -0.627832630 
-3.231834850 10.750645040 -0.588740727 
-3.334565423 10.730399677 -0.336044169 
-3.342226108 10.727221630 -0.359331023 
-3.304980108 10.742623911 0.258524141 
-3.271975591 10.752118035 0.277832606 
-3.260601150 10.751138798 0.415751828 
-3.187699009 10.767768395 0.509892431 
-3.298115324 10.745635571 0.223139900 
-3.322040244 10.736810788 0.287275147 
-3.246738660 10.756358230 0.393312988 
-3.294639253 10.741699818 0.389540156 
-3.365994388 10.723796415 0.282390570 
-3.340115037 10.730972141 0.289789237 
-3.387518634 10.716798359 0.290291431 
-3.537440450 10.669372005 0.287543456 
-3.323479443 10.738094552 0.228353815 
-3.268013582 10.749813161 0.378942931 
-3.301314526 10.741609279 0.362724363 
-3.267030747 10.750968191 0.365297920 
-3.266361366 10.746244984 0.502013968 
-3.389810877 10.717548523 0.282084998 
-3.481593480 10.691735812 0.134648724 
-3.433102758 10.705935280 0.196632619 
-3.351188434 10.725130956 0.402950441 
-3.382309630 10.718348847 0.328831828 
-3.366310424 10.728114787 0.146418449 
-3.356298510 10.730171584 0.188915638 
-3.297099523 10.750798445 0.328178865 
-3.215894482 10.757993078 0.479867595 
-3.390933956 10.719017739 0.192194397 
-3.334030566 10.731042253 0.099219816 
-3.332675941 10.729588691 0.437687499 
-3.388072465 10.712704683 0.425778739 
-3.355998576 10.729562860 0.216886694 
-3.367700768 10.726072768 0.222297119 
-3.090994144 10.778308609 -0.772118410 
-3.096844063 10.777732163 -0.764500923 
-3.441320215 10.702552371 -0.196132771 
-3.406561663 10.713242170 -0.205711487 
-3.069063571 10.796226830 -0.616896949 
-3.028315366 10.806030803 -0.635555761 
-3.345405184 10.732340332 -0.133111135 
-3.199639893 10.784955997 -0.075988826 
-3.252965270 10.741104166 -0.469500902 
-3.407646668 10.694367048 -0.377146305 
-3.373449935 10.704865464 -0.186331045 
-3.755017496 10.580282776 -0.070857147 
-2.995513804 10.811643186 -0.673962955 
-3.061766896 10.799564272 -0.581610334 
-3.459108345 10.697395714 -0.183674062 
-3.416264814 10.710143588 -0.223878605 
-3.219829285 10.748720815 -0.541472719 
-3.343387236 10.720231710 -0.424399437 
-3.135110802 10.769987178 -0.677963881 
-3.151700233 10.773901411 -0.543610316 
-3.011401925 10.800420339 -0.907257875 
-3.598331715 10.662039692 -0.085782590 
-3.376550238 10.736919703 -0.366788995 
-3.221694244 10.752750997 -0.665606726 
-3.193207012 10.767613773 -0.408370620 
-3.244240743 10.753194021 -0.399108074 
-3.263078848 10.749027383 -0.369885474 
-3.296435195 10.741036117 -0.308400924 
-3.191808567 10.762664491 -0.524342850 
-3.210495479 10.758007396 -0.506068836 
-3.238767701 10.754059519 -0.418825038 
-3.246107175 10.754279198 -0.353944562 
-3.724728014 10.595504362 0.203819228 
-3.770976467 10.564197810 0.303346806 
-2.432474392 10.888002120 1.100058045 
-2.577733749 10.871770576 0.888785587 
-3.265861439 10.740044605 0.220010932 
-3.371877418 10.710419040 0.191384052 
-3.379917400 10.713680836 0.241626205 
-3.113106261 10.765399471 0.732283684 
-3.199563739 10.762732428 0.298363434 
-3.208314260 10.761414537 0.251278837 
-3.259306566 10.730951555 0.569504557 
-3.379479502 10.704872806 0.350658702 
-3.198633145 10.767054287 0.154518338 
-3.194571985 10.767102362 0.212561373 
-3.269408248 10.741067394 0.305778007 
-3.303934801 10.731982284 0.255615118 
-3.248309241 10.754849906 0.423913041 
-3.258220223 10.754712379 0.361344625 
-3.345090042 10.727643284 0.367532594 
-3.354780825 10.721232573 0.450777753 
-3.254315031 10.754455384 0.404765898 
-3.230722051 10.764638477 0.314394220 
-3.370082159 10.718698090 0.416240046 
-3.378031921 10.723397263 0.163092456 
-3.345137014 10.731099606 0.276869421 
-3.241628608 10.758709969 0.381070657 
-3.404738239 10.706294411 0.438506933 
-3.356100159 10.723705770 0.378927200 
-3.299643062 10.743059432 0.333327936 
-3.423284546 10.703362939 0.385161975 
-3.330328448 10.733077846 0.339981209 
-3.248201708 10.754261770 0.431217573 
-3.244061485 10.763460144 -0.226063561 
-3.197687413 10.779551063 -0.111599439 
-3.380362459 10.722656569 -0.221117269 
-3.400640244 10.716092333 -0.237130511 
-3.354278759 10.731172304 -0.214823147 
-3.260648542 10.757642362 -0.253387678 
-3.298988898 10.746625347 -0.249624461 
-3.401588826 10.716270922 -0.183264431 
-3.314945012 10.744130810 -0.158521495 
-3.309262055 10.740734465 -0.357322387 
-3.301515793 10.745921284 -0.242699003 
-3.428204612 10.708680996 -0.162874705 
-3.305639693 10.743850006 -0.293920040 
-3.327455946 10.737493175 -0.273883595 
-3.367121021 10.727217272 -0.200290805 
-3.321777694 10.740476155 -0.231090288 
-3.297008246 10.745159499 -0.225532429 
-3.188842239 10.771505683 -0.435307924 
-3.325120348 10.736164053 -0.250597493 
-3.362235774 10.726659402 -0.222088322 
-3.381262919 10.720659121 -0.165485195 
-3.310602526 10.742984505 -0.123063532 
-3.274944727 10.750889084 -0.271434713 
-3.288355106 10.746268708 -0.302294631 
-3.280799621 10.747895245 -0.319183772 
-3.364528814 10.724820387 -0.232126454 
-3.295196456 10.743787689 -0.321919353 
-3.327245786 10.735227730 -0.276986520 
-3.236502500 10.760994912 -0.316047577 
-3.237135244 10.756403172 -0.436650682 
-3.351517822 10.729168940 -0.204853221 
-3.361381045 10.726798340 -0.204522757 
-3.360829206 10.726474452 0.211062024 
-3.348725633 10.730715006 0.186187048 
-3.262095438 10.756091961 0.220891403 
-3.369738273 10.723325066 0.226649007 
-3.349232737 10.728707976 0.215204672 
-2.974071687 10.812026334 -0.755706521 
-2.981051919 10.822907974 -0.008292624 
-2.617474239 10.896373738 0.716434844 
-3.417534213 10.708962876 0.194481386 
-3.330053573 10.736335330 0.161429082 
-3.363700671 10.725477528 0.179165154 
-3.376143860 10.721644113 0.199455741 
-3.333269000 10.733866627 0.235630629 
-3.324087759 10.738610045 0.134028914 
-3.428824902 10.705072045 0.194762322 
-3.377214305 10.720161309 0.228633385 
-3.350229410 10.715869689 -0.369146460 
-3.851332686 10.551157880 0.058667306 
-3.477627616 10.687644472 0.112677607 
-3.842273468 10.550864194 0.131612482 
-3.244359843 10.759157874 0.257426516 
-3.269629222 10.752681133 0.228706135 
-3.364192567 10.716083103 0.292699172 
-3.379148604 10.711549655 0.288309759 
-3.421297667 10.707510152 0.065809790 
-3.420713582 10.707409303 0.096270492 
-3.110806021 10.724984267 1.032827897 
-2.909784977 10.800450935 0.896609693 
-3.257679397 10.746472900 0.402853794 
-3.333647865 10.721609303 0.166287511 
-3.373801510 10.719286184 0.242697212 
-3.163176332 10.775803243 0.192447875 
-3.617139517 10.642327314 -0.226827544 
-3.286310708 10.721842091 -0.664643829 
-3.033029578 10.798900994 -0.699528584 
-3.057134819 10.800545806 -0.289354284 
-3.678031999 10.613534004 -0.286435098 
-3.468175524 10.684876263 -0.106398763 
-3.327607666 10.730288364 -0.230389524 
-3.328475628 10.734149050 -0.169577793 
-3.315578322 10.736260214 -0.225822289 
-3.305557540 10.740411004 -0.177259092 
-3.351622722 10.729073032 -0.127622170 
-3.331762161 10.735687642 -0.107140016 
-3.106732460 10.793426394 -0.259181984 
-3.038986223 10.802137437 -0.395124335 
-3.904188443 10.538401367 -0.006627345 
-3.886450947 10.541514873 0.028220599 
-3.393550927 10.718167256 -0.156756363 
-3.318826142 10.737617476 -0.312142095 
-3.453421564 10.691930505 -0.272937960 
-3.341916495 10.733629875 -0.170838657 
-3.447350109 10.701375167 -0.133610053 
-3.402435101 10.715366542 -0.145736147 
-3.340027042 10.733734703 -0.193733402 
-3.085078942 10.777684632 -0.764705071 
-3.491626152 10.679950867 -0.166811727 
-3.105612266 10.782839955 -0.222374445 
-3.143285529 10.782178953 -0.051522969 
-3.454706749 10.684536327 -0.042899686 
-3.038314349 10.814122867 -0.191423383 
-3.173272186 10.774439806 -0.199799430 
-2.547721687 10.881903684 -1.050530030 
-3.034018816 10.778271777 -0.961788647 
-3.268634746 10.756699198 0.080147871 
-3.279328587 10.753656526 0.070161259 
-3.343916479 10.731409813 0.242930837 
-3.342062912 10.730925482 0.286583926 
-3.247772120 10.763018544 0.070307719 
-3.060267629 10.792903908 0.490962711 
-3.133029116 10.744655740 0.800121671 
-2.929266135 10.759706207 1.335952761 
-3.337128257 10.734231744 0.141724265 
-3.400776456 10.705745485 0.160909017 
-3.231642816 10.760923827 0.274261397 
-3.360205142 10.718899377 0.205345151 
-3.307313821 10.744653591 0.127310821 
-3.336062092 10.736225488 0.104368619 
-3.289434144 10.747923746 0.222647179 
-3.324512704 10.737658990 0.226751425 
-3.339978416 10.736065589 0.156038177 
-3.335804795 10.737160228 0.165968944 
-3.366580690 10.723821376 0.310014441 
-3.354514572 10.728352742 0.285863936 
-3.356603524 10.731395404 0.138012238 
-3.308172287 10.746093211 0.137668584 
-3.410927538 10.712932238 0.203522317 
-3.406357470 10.714949171 0.172345069 
-3.354897925 10.730975093 0.169436601 
-3.329909952 10.738670721 0.160370781 
-3.233706793 10.766895376 0.182158746 
-3.388386810 10.719894036 0.181162957 
-3.372148062 10.725635731 0.186306606 
-3.327546548 10.735720037 0.309612739 
-3.472890366 10.694191424 0.161111574 
-3.442226729 10.704305487 0.138528752 
-3.250304807 10.757291320 -0.370216007 
-3.193023519 10.769559306 -0.472934700 
-3.485330123 10.690889404 -0.137693790 
-3.437637976 10.706648867 -0.109597774 
-3.376455694 10.722096112 -0.276144650 
-3.302167682 10.748180793 -0.163177524 
-3.472746914 10.694480104 -0.147706794 
-3.418245985 10.712239885 -0.124845385 
-3.370179122 10.724398279 -0.226644569 
-3.308682882 10.742627431 -0.292827230 
-3.373924319 10.724923711 -0.186678677 
-3.364787180 10.729481180 -0.114097080 
-3.348944999 10.731204279 -0.250583203 
-3.203696999 10.770206992 -0.384159673 
-3.419185999 10.711732858 -0.147403839 
-3.485676182 10.690419339 -0.144286761 
-3.259013200 10.743193103 -0.228975713 
-3.339877985 10.732749666 -0.149696972 
-3.281114238 10.739990151 -0.425460135 
-3.286415997 10.736684091 -0.453144498 
-3.697091829 10.605479107 -0.080900085 
-3.576193902 10.638376646 -0.050247328 
-2.613265405 10.821401784 -1.270176445 
-2.692284110 10.861705707 -0.675290790 
-3.223838265 10.762056446 -0.288583981 
-3.263018669 10.752671755 -0.196088590 
-3.362290136 10.712807196 -0.354530291 
-3.359493770 10.715134733 -0.323714512 
-3.295292042 10.739140279 -0.320906265 
-3.115907420 10.781343478 -0.549209295 
-3.265676928 10.748202391 -0.353190043 
-3.358835458 10.720297496 -0.348903124 
-3.204889681 10.769483888 0.500164129 
-3.672405508 10.632428228 0.084080353 
-2.998086722 10.827563187 0.700391015 
-2.940492444 10.786241583 1.173058201 
-3.147853875 10.772561095 0.519858302 
-3.236079414 10.753341749 0.450109724 
-3.130733736 10.769922183 0.706966088 
-3.170877404 10.761630592 0.663342968 
-3.208280425 10.762124172 0.452789175 
-3.248908641 10.755643149 0.321678427 
-3.160055642 10.772565962 0.529508598 
-3.204005433 10.755523290 0.605799869 
-3.258590599 10.754974609 0.249143176 
-3.264809438 10.751966625 0.293708118 
-3.164703908 10.762056137 0.672799488 
-3.263940336 10.749630600 0.365984515 
-3.294125761 10.747358586 0.251407477 
-3.238688525 10.762393013 0.290203421 
-3.282305400 10.744994848 0.416602158 
-3.353675679 10.716406294 0.287094531 
-3.279088794 10.752081611 0.241822085 
-3.309010418 10.741613212 0.292594119 
-3.308008550 10.738807642 0.389037857 
-3.326074533 10.737619280 0.269338330 
-3.318308367 10.741803663 0.196465902 
-3.365196124 10.725182315 0.293314957 
-3.401921297 10.714662412 0.240904908 
-3.429803949 10.707099397 0.196787906 
-3.277754166 10.752295059 0.257317343 
-3.331078731 10.735814442 0.272339685 
-3.386387789 10.718792446 0.257214046 
-3.418795219 10.709644219 0.220289973 
-3.261873104 10.757121327 -0.273911513 
-3.354684465 10.731700231 -0.186621113 
-3.240504356 10.759055106 -0.394142565 
-3.311097332 10.742922617 -0.250139456 
-3.194516242 10.774065360 -0.342079870 
-3.094647013 10.796534134 -0.480076909 
-3.381770901 10.719698537 -0.276096325 
-3.385818924 10.719147483 -0.248121440 
-3.358844965 10.724255578 -0.369694218 
-3.250754079 10.750868053 -0.503489653 
-3.371634588 10.724451992 -0.206970537 
-3.386256923 10.720554650 -0.187750605 
-3.248536952 10.755568730 -0.411321659 
-3.260235477 10.752509781 -0.403124202 
-3.430069678 10.706779456 -0.186420890 
-3.334794883 10.735245647 -0.229562044 
-3.330842476 10.737125527 -0.166793145 
-3.338258800 10.735022292 -0.161837446 
-3.339634020 10.733455965 -0.220950885 
-3.366201630 10.725003385 -0.231513395 
-3.316898771 10.742073069 -0.180079581 
-3.271081925 10.753650904 -0.232540673 
-3.339209314 10.735015017 -0.197726585 
-3.386346143 10.718989117 -0.205850520 
-3.354055112 10.731255294 -0.133463694 
-3.301817695 10.746800473 -0.140820011 
-3.349075391 10.730491144 -0.262876874 
-3.355059328 10.729914005 -0.200547863 
-3.329145484 10.737410421 -0.134228108 
-3.333872705 10.735707115 -0.152846363 
-3.338292204 10.732089028 -0.265125936 
-3.358974809 10.725961519 -0.258000940 
-3.181790998 10.767406735 0.446928170 
-3.161219108 10.768459507 0.538583088 
-3.239492565 10.761001590 0.160013642 
-3.386446340 10.715166605 0.200810337 
-3.366127917 10.725543982 0.057800463 
-3.431713512 10.703477683 0.187009451 
-3.396060757 10.699255496 0.175598312 
-3.500152614 10.673346976 0.121879590 
-3.696139571 10.609936476 0.017401214 
-3.537015284 10.658470805 0.060878091 
-3.278523222 10.759421948 0.153188802 
-3.405304403 10.707596367 0.217890124 
-3.202161777 10.748208298 0.550675436 
-2.959024214 10.816451360 0.710224609 
-2.435221378 10.952836285 0.142923359 
-3.017443997 10.819790667 0.138254395 
-3.213010690 10.769873559 0.139987148 
-3.167141285 10.783143827 0.150391931 
-3.526647312 10.664396636 0.211252815 
-3.515715436 10.668393414 0.186491878 
-3.846822930 10.560117650 0.020529464 
-2.802258543 10.864055283 -0.356887253 
-3.361110482 10.708328798 0.623746272 
-3.309929195 10.735094336 0.167067839 
-3.234425067 10.762260870 0.372839492 
-3.208833257 10.765893531 0.130349399 
-3.862931169 10.535561972 0.180902250 
-3.354697759 10.727716055 0.244722878 
-3.182745854 10.777929367 0.154957255 
-3.278941210 10.750041675 0.143290237 
-3.498686142 10.667324992 0.323272222 
-3.588036217 10.645633187 0.249925374 
-3.330179876 10.737188295 -0.225417080 
-3.332402383 10.736008464 -0.240061958 
-3.367233133 10.727116957 -0.143041907 
-3.395817038 10.718708672 -0.127241537 
-2.916922045 10.833350565 -0.812046377 
-3.025581057 10.796683736 -0.855728830 
-2.846770080 10.813017951 -1.057927835 
-2.977602587 10.788170153 -0.899317189 
-3.362799506 10.729670359 -0.139728276 
-3.278949113 10.751050630 -0.293065802 
-3.397650304 10.717037987 -0.203669050 
-3.386888262 10.720743542 -0.196700475 
-3.238363206 10.753319509 -0.317365107 
-3.193770391 10.759936196 -0.472861865 
-3.415201983 10.710550188 -0.260788579 
-3.384701510 10.720989738 -0.220709796 
-3.308137651 10.737391689 -0.396634131 
-3.224029962 10.759052733 -0.469887793 
-3.358469512 10.726128711 -0.266549720 
-3.378651775 10.719951215 -0.278966558 
-3.263223520 10.749515158 -0.429748554 
-3.268564110 10.748398663 -0.410744234 
-3.343849656 10.729716339 -0.308665581 
-3.285200094 10.745094794 -0.377083875 
-3.258662451 10.751020299 -0.426683861 
-3.216775674 10.764352114 -0.401808407 
-3.375695698 10.721226206 -0.266463511 
-3.360927146 10.725304410 -0.283274522 
-3.249536482 10.750891924 -0.480676028 
-3.236169464 10.755339885 -0.477860099 
-3.382248659 10.718087125 -0.304609192 
-3.348181363 10.728672976 -0.293722428 
-3.328352770 10.734027952 0.307907981 
-3.348867173 10.727500716 0.324611707 
-3.324397810 10.736633683 0.262753847 
-3.340374846 10.732081119 0.241057366 
-3.344473616 10.726826410 0.378585863 
-3.338035715 10.729433841 0.363922407 
-3.258071583 10.755448293 0.298622072 
-3.268168685 10.752815869 0.281099476 
-3.247755641 10.758957390 0.277696949 
-3.268885061 10.753976646 0.230929604 
-3.339357429 10.733882658 0.194403135 
-3.312089482 10.740636597 0.241057001 
-3.245040689 10.758407086 0.333618492 
-3.315304671 10.738483066 0.295949997 
-3.308125506 10.740402665 0.302965124 
-3.320500732 10.736546206 0.312075803 
-3.186530401 10.770285714 0.482058931 
-3.153067453 10.778258162 0.516290764 
-3.216906453 10.764027308 0.437412410 
-3.254182104 10.756980217 0.331003013 
-3.178808177 10.774615899 0.441202852 
-2.896172660 10.824129287 0.808828008 
-2.763509920 10.873773873 0.370255951 
-2.920688011 10.836401982 0.232641346 
-3.289632544 10.746581532 0.330594113 
-3.345879285 10.731245642 0.275948461 
-3.257214390 10.753148377 0.401948466 
-3.219324788 10.761153658 0.475682564 
-3.238307370 10.759292626 0.396227640 
-3.272340168 10.748177987 0.419939927 
-3.267008832 10.750888849 0.388089982 
-3.274475945 10.750028363 0.345828670 
-3.251748736 10.759256593 -0.276766932 
-3.133383665 10.789216695 -0.392566115 
-3.397728631 10.717545562 -0.164760507 
-3.451627991 10.697228454 -0.167188666 
-3.237740510 10.763204586 -0.290638162 
-3.273547472 10.753616707 -0.259675410 
-3.414974701 10.712238473 -0.170248818 
-3.373413109 10.723843677 -0.235107989 
-3.283838098 10.749186487 -0.300324040 
-3.284870261 10.748043570 -0.334480539 
-3.370508101 10.726122784 -0.165470692 
-3.369791420 10.725697467 -0.194819878 
-3.247148550 10.757540271 -0.375618412 
-3.264156333 10.753838084 -0.334068026 
-3.364048759 10.727916535 -0.174658839 
-3.372871549 10.725789326 -0.153812078 
-3.299914963 10.743570842 -0.281320648 
-3.261112152 10.750007486 -0.446438965 
-3.338785128 10.731978220 -0.285781017 
-3.301375057 10.742866504 -0.301232288 
-3.341789254 10.731736540 -0.266434477 
-3.318032981 10.738440168 -0.289384433 
-3.337276891 10.732816102 -0.275156895 
-3.352518800 10.728436984 -0.264253837 
-3.256219966 10.756998739 -0.292670104 
-3.248023514 10.758938986 -0.309586328 
-3.323529345 10.736032051 -0.312911130 
-3.277791633 10.748501498 -0.349366647 
-3.263375882 10.753238559 -0.342805289 
-3.182631125 10.772490729 -0.456823817 
-3.364123630 10.716723853 -0.410856070 
-3.045606829 10.804164841 -0.597998245 
-3.245874497 10.763722859 0.111295878 
-3.344057806 10.733681374 0.112709963 
-3.379804270 10.720556060 0.244516512 
-3.391059591 10.717153371 0.240761885 
-3.286078567 10.750463681 0.147395370 
-3.275132507 10.753650781 0.184219482 
-3.341759300 10.731230198 0.286979002 
-3.366430779 10.724540964 0.247671023 
-3.283571413 10.752192892 0.110383690 
-3.298532627 10.744108670 0.097199777 
-3.336502922 10.733285002 0.256211111 
-3.097959934 10.777786322 0.681246084 
-3.300444537 10.746041493 0.170485953 
-3.305640681 10.744809015 0.152978948 
-3.285907247 10.750238074 0.199390287 
-3.311508126 10.741585703 0.242096975 
-3.341294513 10.732398578 0.287392979 
-3.285940194 10.745119341 0.408706887 
-3.368162066 10.724836045 0.244921723 
-3.325528882 10.738313121 0.251151284 
-3.290208485 10.746473079 0.330363235 
-3.310720420 10.741293130 0.306921792 
-3.307888297 10.742531706 0.288126739 
-3.281728407 10.750481338 0.290776019 
-3.401703745 10.712463823 0.330700996 
-3.378116015 10.720661566 0.306330038 
-3.407053854 10.712450334 0.286597155 
-3.339627117 10.731573003 0.335772074 
-3.370629849 10.724484430 0.255634834 
-3.307331941 10.742090538 0.310491483 
-3.323739497 10.734551296 0.388986144 
-3.360030378 10.725478875 0.320512375 
-3.229017102 10.760579481 -0.439730515 
-3.176070760 10.770382618 -0.548735598 
-3.471239857 10.695999010 -0.095526562 
-3.437681667 10.706321065 -0.095167883 
-3.251614211 10.755056661 -0.404001740 
-3.214549987 10.767257662 -0.387579476 
-3.441092242 10.705044218 -0.119276933 
-3.375421974 10.725195591 -0.158665112 
-3.302926154 10.744106861 -0.295911019 
-3.345527968 10.732536711 -0.241287962 
-3.470083756 10.695019744 -0.168579097 
-3.426131796 10.708623219 -0.186506755 
-3.356465675 10.727876727 -0.296006084 
-3.309093677 10.740729999 -0.345012920 
-3.446761809 10.703347173 -0.128937685 
-3.431853722 10.707333003 -0.145953126 
-3.151599327 10.784499085 -0.366680359 
-3.232878836 10.764367986 -0.255245248 
-3.350026642 10.731100022 -0.176019544 
-3.356212492 10.728333066 -0.219486669 
-3.185990533 10.774059244 -0.384179867 
-3.211310541 10.767745108 -0.357856489 
-3.439811523 10.703536353 -0.159356392 
-3.387281908 10.718653686 -0.228630109 
-3.239159408 10.760284423 -0.335840377 
-3.276885119 10.749662254 -0.315568232 
-3.317782449 10.739744062 -0.224657078 
-3.352239864 10.729924183 -0.212357210 
-3.170857863 10.778558589 -0.379261422 
-3.231488337 10.763881514 -0.287888486 
-3.381791319 10.720872301 -0.206265618 
-3.405696517 10.712149260 -0.258432699 
-3.194731423 10.776163998 0.225411176 
-3.336332746 10.734466787 0.211182810 
-3.344122034 10.732075787 0.206377002 
-3.363779119 10.726314098 0.205531563 
-3.321862729 10.740112184 0.155224137 
-3.315349273 10.742153148 0.150411908 
-3.345862388 10.732105470 0.201054490 
-3.322844988 10.738905870 0.237125928 
-3.253149730 10.758493450 0.257996473 
-3.356890748 10.727996276 0.198977245 
-3.324676034 10.738611400 0.187477830 
-3.349511380 10.730501869 0.221902192 
-3.372287971 10.723721632 0.201246425 
-3.339975276 10.733433197 0.195322908 
-3.349263849 10.731464485 0.174847262 
-3.329243455 10.737009850 0.200266833 
-3.360335658 10.726780889 0.284643536 
-3.343675425 10.732497299 0.264302439 
-3.320655119 10.739560870 0.268174210 
-3.311021361 10.740807467 0.310173247 
-3.336502476 10.734872240 0.256206316 
-3.363789678 10.726509357 0.259285499 
-3.173980107 10.779985895 0.346994347 
-3.308210906 10.742831441 0.276064544 
-3.335610276 10.734170200 0.293082491 
-3.339302964 10.732316937 0.315333533 
-3.243593245 10.761345072 0.300776585 
-3.321620479 10.740040090 0.221457802 
-3.331991226 10.733203498 0.355411414 
-3.490277711 10.679526160 0.266181339 
-3.302561608 10.745798458 0.219378159 
-3.175897489 10.772807382 0.471449410 
-3.242092154 10.757981669 -0.411199006 
-3.268106882 10.751647754 -0.374967849 
-3.366799340 10.727886369 -0.150566980 
-3.367614486 10.727604533 -0.165663730 
-3.258476980 10.755272355 -0.356817057 
-3.235510450 10.761654507 -0.377936914 
-3.376264792 10.725191019 -0.138493703 
-3.398177772 10.718110955 -0.151944439 
-3.226309392 10.765472918 -0.323422692 
-3.254693545 10.756735431 -0.345662591 
-3.772696264 10.587943650 -0.138607075 
-3.655567840 10.629392163 -0.183685284 
-3.008820627 10.804361771 -0.629881607 
-3.245859435 10.764972974 -0.241032318 
-3.106120556 10.805984326 -0.232445677 
-3.567000960 10.661467081 -0.072933669 
-3.305645983 10.742455887 -0.249527883 
-3.314032547 10.740199082 -0.243192131 
-3.165879590 10.773476938 -0.524848651 
-3.156800764 10.781243688 -0.411004355 
-3.377858005 10.720674911 -0.247203158 
-3.234215971 10.761617298 -0.334269963 
-3.241288979 10.754212912 -0.469797119 
-3.254373777 10.752528106 -0.426959097 
-3.321672272 10.734258781 -0.358267945 
-3.274767917 10.745690503 -0.431274997 
-3.357524277 10.726451041 -0.271703608 
-3.307690509 10.742258677 -0.243404488 
-3.252125327 10.756008621 -0.327192479 
-3.241222348 10.759975291 -0.316565282 
-3.336389556 10.733011446 -0.273141578 
-3.347499859 10.729879181 -0.265163484 
-3.551038524 10.656560815 0.260383047 
-3.782150543 10.560304887 0.301578188 
-2.961671794 10.824551248 0.310130512 
-3.077139782 10.793371278 0.317638026 
-3.275533544 10.748790204 0.334702984 
-3.270099880 10.753668981 0.216060034 
-3.045900938 10.801422003 0.600254593 
-3.153012436 10.775766447 0.526754697 
-3.100014410 10.787898007 0.587683860 
-3.310286310 10.735252889 0.436157114 
-3.232888584 10.755383462 0.470974987 
-3.209544959 10.758093066 0.554093296 
-3.247354496 10.758441921 0.299870611 
-3.259798529 10.755702514 0.271367902 
-3.283050503 10.746112332 0.329411336 
-3.281392054 10.746247928 0.343466205 
-3.198632086 10.775048154 0.267724182 
-3.144205018 10.787040097 0.379518124 
-3.349387588 10.731341578 0.139474309 
-3.169572812 10.793541991 0.105564681 
-3.311586769 10.741083049 0.280495495 
-3.355502005 10.728160418 0.266337242 
-3.410744071 10.706941480 0.383420186 
-3.405996719 10.709474409 0.354216754 
-3.131156216 10.787093262 0.461644852 
-3.077536766 10.800954039 0.479810328 
-3.444553718 10.699324421 0.289809000 
-3.452337411 10.698094341 0.253090419 
-3.281918642 10.734030735 0.435798957 
-3.341836445 10.711702209 0.466724486 
-3.389195023 10.699579310 0.228712586 
-2.893105071 10.831102396 0.536132410 
-3.356215817 10.725982685 -0.329135307 
-3.358915456 10.726442208 -0.293842540 
-3.317926822 10.740939817 -0.237270187 
-3.291769491 10.745992208 -0.325383444 
-3.310099738 10.736285265 -0.436012460 
-3.311060121 10.740862105 -0.294274621 
-3.408639298 10.713694709 -0.193109314 
-3.390000552 10.718944875 -0.214716090 
-3.164127474 10.771377820 -0.572379885 
-3.299987888 10.738166066 -0.456510021 
-3.403865200 10.715684739 -0.166367669 
-3.380898124 10.722090180 -0.193740291 
-3.284883325 10.752679714 -0.373829613 
-3.139011622 10.774440015 -0.589815694 
-3.356182528 10.730869968 -0.140427357 
-2.936553918 10.824813335 -0.490799760 
-3.245330581 10.759484444 -0.187797016 
-3.278151676 10.750411811 -0.159651171 
-3.359562375 10.723873670 -0.200779252 
-3.344840132 10.727757908 -0.250269209 
-3.301956918 10.741487227 -0.198059107 
-3.269395492 10.750683154 -0.221858830 
-3.246121106 10.755256877 -0.239002795 
-3.280141221 10.744383348 -0.271181572 
-3.323167175 10.737435762 -0.116299834 
-3.217973484 10.763850249 -0.285212941 
-3.193952839 10.762790782 -0.511322514 
-3.124322643 10.787144089 -0.508085087 
-3.031787046 10.804806850 -0.358145256 
-3.109649940 10.779155971 -0.480027968 
-3.140675566 10.771180556 -0.661320289 
-3.334942634 10.730055353 -0.461168978 
-3.171044197 10.773553590 0.370743554 
-3.189728937 10.771398250 0.262000663 
-3.261714281 10.730959140 0.655907212 
-3.394144205 10.707622176 0.309440403 
-3.208700240 10.764471031 0.366513230 
-3.104565779 10.785868316 0.502229077 
-3.207989515 10.753551686 0.533379895 
-3.063064952 10.780561831 0.671851115 
-3.666101726 10.626370539 0.084907681 
-2.882776987 10.807684707 1.010837374 
-3.060070225 10.766491800 0.989129854 
-3.372399274 10.689276028 0.640546375 
-3.047637809 10.792359339 0.506604806 
-3.117852216 10.780644943 0.325049104 
-3.293302155 10.732779482 0.296233794 
-3.438415301 10.694457020 0.282453431 
-3.358613996 10.728873138 0.192705936 
-3.371339186 10.724174240 0.224301986 
-3.484203455 10.686488340 0.280547704 
-3.432895232 10.702928856 0.278948727 
-3.380180808 10.723510557 0.129387282 
-3.346077473 10.732540003 0.196365748 
-3.417864681 10.701979745 0.440746267 
-3.335235317 10.728753166 0.410149583 
-3.375047600 10.722824337 0.233358272 
-3.654844137 10.621600840 0.074308454 
-3.350765801 10.726863466 0.318398776 
-2.990611054 10.821326005 0.234695001 
-3.310885273 10.741423196 0.288752464 
-3.290418647 10.747300516 0.301966788 
-3.312063486 10.736580613 0.387874697 
-3.343967777 10.729600627 0.312972868 
-3.329523366 10.736162690 -0.284923636 
-3.349240183 10.727376978 -0.370680434 
-3.261567549 10.755400557 -0.305208157 
-3.365900160 10.725371828 -0.254108304 
-3.328989913 10.737342068 -0.271047778 
-3.363525056 10.723844367 -0.358102396 
-3.318910608 10.739808350 -0.271017802 
-3.316192663 10.739391301 -0.310860106 
-3.389964944 10.716999798 -0.302147965 
-3.389589496 10.712023335 -0.360750128 
-3.242270008 10.762427602 -0.270179942 
-3.138369564 10.795321691 -0.164060487 
-3.401083895 10.714041089 -0.281453806 
-3.360482942 10.725797531 -0.298803863 
-3.310212423 10.739155557 -0.352071565 
-3.342943459 10.731401553 -0.272484050 
-3.305102040 10.742796026 -0.243000181 
-3.333721377 10.734749812 -0.190474644 
-3.318009703 10.740449558 -0.127277719 
-2.918237437 10.832569876 -0.166405381 
-3.365143763 10.725448868 -0.198173602 
-3.335706641 10.733616298 -0.233859741 
-3.308670658 10.743488236 -0.135148420 
-3.319459923 10.739937128 -0.164490126 
-3.275136290 10.751038366 -0.134557639 
-3.343993479 10.732460230 -0.186253958 
-3.368233232 10.725403887 -0.133341924 
-3.433799961 10.704461260 -0.153266958 
-3.312091865 10.739902165 -0.277140467 
-3.311504608 10.741246690 -0.225277957 
-3.341638167 10.733413558 -0.143552987 
-3.355983477 10.728727274 -0.156161711 
-3.284990080 10.748633860 0.272836514 
-3.325655308 10.736837991 0.249465178 
-3.438118096 10.701369899 0.282913473 
-3.384766031 10.718749281 0.248069788 
-3.266886160 10.753096009 0.294651273 
-3.047799916 10.813943268 0.329670913 
-3.375700211 10.721746158 0.240236711 
-3.558157988 10.664628799 0.190074784 
-3.325235697 10.738031359 0.199037891 
-3.311398438 10.741503168 0.229626789 
-3.488673217 10.686365272 0.241184583 
-3.380724492 10.719473925 0.273447549 
-3.280439556 10.749106126 0.294305537 
-3.291841646 10.746083292 0.281419198 
-3.600744235 10.649866876 0.231284164 
-3.379983155 10.718550420 0.311318037 
-3.262572727 10.757152151 0.250199405 
-3.336051144 10.735007291 0.246701086 
-3.449127088 10.703519986 0.039785341 
-3.415856322 10.713666926 0.074068938 
-3.201736346 10.760800613 0.449436317 
-3.238230604 10.768304383 -0.210083701 
-3.386841235 10.722744731 0.074594189 
-3.348553815 10.734151214 0.090166190 
-3.337099168 10.735232726 0.228148607 
-3.263621032 10.758840011 0.154239998 
-3.397723299 10.718531286 0.109838573 
-3.343331190 10.734644312 0.154362524 
-3.300351726 10.746972969 0.194591580 
-3.244444973 10.762409509 0.244385004 
-3.439044561 10.705379965 0.121981846 
-3.413496159 10.713597087 0.114993080 
-3.193213828 10.743291424 -0.801232669 
-3.156752470 10.756958026 -0.693993769 
-3.170903261 10.751420432 -0.792620483 
-3.321978191 10.731772993 -0.313911721 
-3.371052069 10.717530616 0.167891782 
-2.754378497 10.858503970 -0.774814546 
-3.278960768 10.737158060 -0.693462962 
-3.435264975 10.692968638 -0.449053658 
-3.045845752 10.796777004 -0.479378298 
-2.984669173 10.807697695 -0.571674801 
-3.401720195 10.714342781 0.035813256 
-3.432482727 10.704572811 0.021617150 
-2.921600257 10.813823444 -0.735273203 
-2.879325553 10.822358800 -0.763176114 
-3.473521281 10.690800991 -0.112758597 
-3.533716919 10.671296594 -0.114486756 
-3.259517514 10.742507471 -0.420652706 
-3.161131169 10.767005540 -0.505111132 
-3.289684337 10.739823858 -0.178271245 
-3.391026041 10.710445313 -0.134072136 
-3.674447980 10.617888562 -0.149425172 
-3.543511775 10.661465896 -0.227103493 
-3.810517280 10.583970617 -0.112045591 
-3.393486775 10.716562260 -0.171828242 
-3.132114016 10.772501718 -0.689168801 
-2.955323656 10.811912069 -0.750210318 
-3.051976672 10.767004300 -1.104724293 
-3.292265897 10.735334726 -0.731458220 
-3.600861552 10.631822638 -0.187533827 
-3.034776780 10.792261364 -0.509438903 
-3.496564925 10.673790765 -0.229242927 
-3.564084398 10.650497423 -0.167403453 
-3.333304453 10.731384015 0.368310186 
-3.294995020 10.740129472 0.442923877 
-3.336792068 10.732471791 0.293748345 
-3.358452011 10.726162053 0.279149247 
-3.285850566 10.750717922 0.171683222 
-3.286593666 10.749879153 0.191024685 
-3.375884433 10.720006800 0.331395241 
-3.294975941 10.744920088 0.311184998 
-3.532076917 10.663243814 0.198269634 
-3.373382134 10.720415895 0.275023034 
-3.185141242 10.772927660 0.346144036 
-3.104975476 10.792659330 0.483635300 
-3.477056117 10.686955543 0.188070629 
-3.549265663 10.650533772 0.113682037 
-3.235899643 10.757080044 0.354240775 
-3.008546745 10.816114193 0.336542717 
-3.070992203 10.808827498 0.343822123 
-3.293498781 10.743850059 0.370323228 
-3.393429773 10.718484749 0.189227861 
-3.527741438 10.676338202 0.160086981 
-3.280596414 10.749204292 0.343498841 
-3.308462213 10.739105843 0.391168749 
-3.374385355 10.723799855 0.249118963 
-3.379393989 10.722738266 0.213210548 
-3.329432170 10.730617321 0.223990342 
-3.435078864 10.691041200 0.315015764 
-3.307652327 10.734270818 0.460804406 
-3.371201881 10.722530572 0.227141952 
-3.447299290 10.691409056 0.164288092 
-3.415324025 10.709517653 0.162069856 
-3.138524264 10.775986380 0.412311171 
-3.076786727 10.795246221 0.349794950 
-3.480335546 10.683935741 0.063039293 
-3.181091287 10.748948655 -0.717495219 
-2.964762036 10.783609071 -0.998790296 
-2.920417968 10.815319554 -0.786708353 
-3.102139977 10.795286355 -0.411119887 
-3.081512295 10.796193514 -0.507751348 
-3.368558794 10.723045916 -0.267389228 
-3.414865996 10.707749111 -0.287768176 
-3.074660822 10.791742395 -0.384148684 
-3.008591352 10.807936948 -0.435583541 
-3.427332943 10.698248521 -0.290844849 
-3.513193464 10.671183276 -0.178264951 
-3.273404524 10.747034828 -0.305944621 
-3.563533216 10.653841626 -0.146398202 
-3.477158862 10.683172836 -0.213726369 
-3.820025759 10.558602518 -0.166494758 
-3.341817492 10.730892226 -0.288660122 
-3.280046402 10.748399034 -0.312711319 
-3.322940577 10.736675585 -0.276099098 
-3.364077116 10.725998695 -0.201659646 
-3.409215401 10.699864015 -0.399610547 
-3.357057920 10.711769803 -0.256055355 
-3.242384190 10.766076217 -0.093922459 
-3.115029250 10.788405072 -0.405724803 
-3.287633030 10.746995466 -0.282687408 
-3.182082149 10.776363778 -0.326304276 
-3.276501893 10.749722640 -0.308116425 
-3.368633605 10.723539281 -0.232367188 
-3.303407698 10.744619439 -0.203715597 
-3.286704507 10.749259458 -0.212217196 
-3.316825746 10.737685923 -0.315540653 
-3.336789007 10.731377269 -0.318731914 
-3.363594154 10.725220985 0.253243686 
-3.360856514 10.727383677 0.192833167 
-3.306652130 10.742937543 0.219065272 
-3.329294698 10.735661541 0.232106264 
-3.281974370 10.749671125 0.236643875 
-3.341169136 10.734246881 0.191870513 
-3.402971693 10.714731986 0.167687187 
-3.323161482 10.737955511 0.258664283 
-3.405760766 10.727026062 0.078067813 
-3.596593139 10.657511992 0.070640902 
-2.821124239 10.834792126 0.968869681 
-3.023801779 10.823283257 -0.130601100 
-3.316706792 10.741739721 0.093405723 
-3.560742451 10.664890130 0.089611232 
-3.172501244 10.783217446 0.173303704 
-3.220958384 10.769561478 0.152147405 
-3.294959913 10.748653684 0.105577639 
-3.328825307 10.738493124 0.068776330 
-3.421681417 10.725971748 0.013013258 
-3.300887065 10.741493148 0.037599523 
-3.243597383 10.718047763 0.722043776 
-3.394189132 10.714863701 0.269251552 
-3.464022058 10.686546356 0.124434846 
-3.438817866 10.689560230 0.215320656 
-2.789678658 10.827503651 0.803371838 
-2.914508454 10.805789294 0.773538503 
-3.557258322 10.666208037 -0.026825181 
-3.435792377 10.698924897 0.186880685 
-3.615283886 10.659400015 0.198043514 
-3.557936417 10.673304702 0.254410747 
-3.169514816 10.787851379 -0.214388700 
-2.832168586 10.877035321 -0.238974141 
-3.391186667 10.704585985 -0.323917765 
-3.346704995 10.721319578 -0.408746148 
-3.207185324 10.770790609 -0.199484572 
-3.462481226 10.693898211 -0.200516402 
-3.192367311 10.731013900 -0.916492661 
-3.545655882 10.657016922 -0.266603321 
-2.833834971 10.813685017 -1.080594464 
-3.394923534 10.717989640 -0.284096760 
-3.124432708 10.772905975 -0.477614216 
-3.328486762 10.719625259 -0.351061802 
-3.418076905 10.701289778 -0.159990065 
-3.340724845 10.725480477 -0.178969376 
-3.363265575 10.715478476 -0.205608728 
-3.565803188 10.650769894 -0.208330828 
-3.323856520 10.734161149 -0.220703120 
-3.412810075 10.701997217 -0.199839222 
-3.280920046 10.733390033 -0.523076991 
-3.142465351 10.787829223 -0.330193977 
-3.235200619 10.762163648 -0.175641829 
-3.394021105 10.717074699 -0.201485381 
-3.286598665 10.749561459 -0.164180955 
-3.339374179 10.734411667 -0.108590138 
-3.363405820 10.727296877 -0.092853491 
-3.361636048 10.727615428 -0.143936535 
-3.296964334 10.746143402 -0.204907412 
-3.380028850 10.721547149 -0.147806124 
-3.351513111 10.731280689 -0.089553532 
-3.340307485 10.734236179 -0.124682050 
-3.378665015 10.720599553 -0.221314626 
-3.370652550 10.723567130 -0.199922737 
-3.321312706 10.739279886 -0.154957213 
-3.282542459 10.750974235 -0.162989850 
-3.323790779 10.736843650 0.257979135 
-3.323198022 10.738027571 0.219361446 
-3.338703675 10.732529471 0.249103802 
-3.321522669 10.736243613 0.306084585 
-3.258778952 10.756435524 0.212992739 
-3.264167783 10.753755317 0.227568220 
-3.403845955 10.713423177 0.145530990 
-3.333668271 10.732733065 0.249209261 
-3.330678015 10.735324325 0.211656459 
-3.348589823 10.730460277 0.188296651 
-3.315823161 10.738785967 0.247462089 
-3.354732861 10.724477253 0.351531478 
-3.329258120 10.734412092 0.269398385 
-3.371865645 10.723200240 0.190674636 
-3.394746079 10.713854496 0.280918954 
-3.321424757 10.736311101 0.281623840 
-3.314882172 10.721056773 0.363515353 
-3.302098233 10.722481648 0.475838012 
-3.378605732 10.712212218 0.181174455 
-3.333444880 10.725705470 0.191737598 
-3.329265313 10.726570049 0.421828231 
-3.223967170 10.748567560 0.610370030 
-3.709680997 10.616878850 -0.066924913 
-3.558745394 10.658533482 0.052093290 
-3.238608186 10.748119878 0.460595887 
-3.257618936 10.747171604 0.347399818 
-3.343144212 10.724935852 0.154782877 
-3.304943832 10.736129931 0.185606892 
-3.220880633 10.754892200 0.395634622 
-3.339134842 10.721700389 0.343424407 
-3.349962722 10.721803983 0.141710880 
-3.385247451 10.709958077 0.195990731 
-3.494384969 10.692015481 0.050559367 
-3.318764425 10.735221968 0.229344921 
-3.074481662 10.776275504 -0.973253505 
-3.548233541 10.664985539 -0.152676662 
-3.056677835 10.812787934 -0.219682896 
-3.172930123 10.782172444 -0.205081685 
-2.907097198 10.837728996 -0.421158425 
-3.196711721 10.761032632 -0.284967205 
-3.329706212 10.731725168 -0.239123135 
-3.379218179 10.716219134 -0.249283116 
-3.296633062 10.739278114 -0.178966483 
-3.356797884 10.728140845 -0.041019169 
-3.032479537 10.783809336 -0.691655725 
-3.161119431 10.753439603 -0.610106919 
-3.690203741 10.618019405 -0.059102090 
-3.901484310 10.536039464 0.007388535 
-3.223070301 10.756861553 -0.532029080 
-3.268722953 10.751573842 -0.336760844 
-3.334714599 10.734258343 -0.252449218 
-3.341388599 10.732905867 -0.217623853 
-3.343537120 10.730350910 -0.300274422 
-3.295731447 10.745778030 -0.254973442 
-3.318395076 10.738840890 -0.260986424 
-3.243352982 10.757441313 -0.385252593 
-3.455298476 10.693078908 -0.269448346 
-3.311088762 10.732911630 -0.154955110 
-3.194716215 10.739143929 -0.938924051 
-2.967874400 10.812259301 -0.708378705 
-3.645973290 10.628690046 -0.276062818 
-3.245314102 10.759217990 -0.326437719 
-3.238929812 10.760386425 -0.338521212 
-3.247778451 10.757624301 -0.347779861 
-3.221896911 10.769982306 0.125510171 
-3.277951587 10.752931768 0.171000091 
-3.296944542 10.741781744 0.374971787 
-3.313772974 10.737850689 0.346727643 
-3.319488222 10.740830002 0.135368531 
-3.227746106 10.763729177 0.336089913 
-3.254005373 10.751949620 0.441498881 
-3.210460575 10.760672222 0.527088291 
-3.458857075 10.694454216 -0.037743899 
-3.397773106 10.707438143 0.111130807 
-3.015184175 10.803755681 0.285308378 
-3.275943807 10.747230718 0.200006110 
-3.334168485 10.735060048 0.223050724 
-3.426431442 10.706724897 0.205515889 
-3.148958092 10.779703144 0.498639999 
-3.185202379 10.775219080 0.360336208 
-3.310473073 10.741638282 0.300152010 
-3.321154225 10.738157196 0.309134312 
-3.377675518 10.720766254 0.298793502 
-3.390244568 10.718543574 0.224475618 
-3.296704294 10.746238916 0.291850253 
-3.241651638 10.761200227 0.338038526 
-3.405937250 10.714101760 0.223715568 
-3.359194273 10.731167679 0.373619339 
-3.288439247 10.746468094 0.344690155 
-3.088815806 10.795605013 0.531819004 
-3.437336763 10.704575961 0.186055091 
-3.366289015 10.725422637 0.236600970 
-3.335186721 10.732560828 0.343451083 
-3.265598825 10.749563300 0.441144562 
-3.491273170 10.686974370 0.231777663 
-3.383772134 10.720515412 0.247816608 
-3.200672674 10.763584925 -0.541920289 
-3.179915017 10.767911606 -0.573755583 
-3.542384728 10.672546036 -0.104276930 
-3.421030156 10.711065145 -0.132549007 
-3.210867961 10.756103565 -0.621212373 
-3.230014534 10.756785800 -0.508759376 
-3.578763363 10.660110395 -0.154225831 
-3.430810879 10.706961389 -0.205800150 
-3.136709930 10.759686175 -0.849900255 
-3.281829670 10.746036223 -0.410375205 
-3.366487406 10.727278010 -0.189487118 
-3.398731645 10.716403401 -0.218162414 
-3.275379870 10.746530405 -0.452439189 
-3.161559915 10.776795937 -0.506731479 
-3.593782302 10.654608741 -0.173495062 
-3.380206081 10.722659909 -0.198301386 
-3.337443211 10.732721262 -0.278849598 
-3.477037138 10.671866444 -0.173925363 
-3.315021966 10.740821818 -0.221961857 
-3.243568734 10.743283190 -0.248115270 
-3.394064836 10.713195172 -0.356710704 
-3.311622417 10.737201233 -0.388508252 
-3.316375455 10.739287189 -0.262222124 
-3.308807431 10.742310494 -0.246162069 
-3.432398889 10.704260909 -0.245344870 
-3.483314976 10.688704147 -0.218760283 
-3.267005026 10.752251462 -0.334436024 
-3.319275118 10.738458054 -0.260610369 
-3.392446291 10.715117660 -0.302873174 
-3.385683414 10.718415786 -0.263360245 
-3.235685816 10.756508064 -0.461894586 
-3.252476156 10.756925494 -0.325239844 
-3.353676210 10.725567506 0.350934596 
-3.313133633 10.744330500 0.166235818 
-2.969808125 10.823363036 0.819283749 
-2.983077841 10.783226785 0.988181533 
-3.304687789 10.744445305 0.196240003 
-3.250543789 10.760421782 0.210508537 
-3.208076941 10.762508676 0.505837151 
-3.050999543 10.796951406 0.674574641 
-3.190629215 10.772719014 0.382767246 
-3.260761436 10.757029022 0.225604104 
-3.259347676 10.748710908 0.478634093 
-3.261932172 10.747814668 0.480733221 
-3.346987961 10.726468526 0.385198751 
-3.344017536 10.724346214 0.187885256 
-3.154682669 10.773806072 0.578700857 
-3.331822960 10.720964515 0.108993447 
-3.236422106 10.763826549 0.284210028 
-3.101060983 10.801539934 0.318411631 
-3.493044054 10.686726116 0.224559658 
-3.486863221 10.688248204 0.227452008 
-3.231944391 10.763777763 0.327482019 
-3.207480147 10.766592430 0.441680174 
-3.479173497 10.691386645 0.205380179 
-3.431125267 10.705698731 0.258642018 
-3.208292103 10.759196194 0.312723752 
-3.665278278 10.633693442 -0.007607546 
-3.349938591 10.725447217 0.041745293 
-3.296849478 10.736460370 0.329078821 
-3.208000271 10.763776775 0.146903302 
-3.231559565 10.760094613 0.165728795 
-3.121074262 10.758586047 0.803494836 
-3.688736199 10.609272399 0.268706683 
-3.316456773 10.728563214 -0.554437861 
-3.174279134 10.755243804 -0.771075589 
-3.392596437 10.718323774 -0.223827536 
-3.389437971 10.717417274 -0.304770730 
-3.171939316 10.771199959 -0.552141140 
-3.132231827 10.779546525 -0.599729906 
-3.467164912 10.694520506 -0.244842911 
-3.439300093 10.704702799 -0.180813188 
-3.156270695 10.769476002 -0.652589276 
-3.158279266 10.768307560 -0.662810784 
-3.361938564 10.726571858 -0.279020046 
-3.437033637 10.703674185 -0.270949148 
-3.201719475 10.764633554 -0.516618298 
-3.098893731 10.795106769 -0.488991683 
-3.435159561 10.702345213 -0.329336862 
-3.433000252 10.704227551 -0.294788526 
-3.208908993 10.755195538 -0.624356472 
-3.287408729 10.737684673 -0.528116660 
-3.311058077 10.739842425 -0.306473935 
-3.197797951 10.766567912 -0.483699769 
-3.230424904 10.768848922 -0.339058303 
-3.172608697 10.784779060 -0.267374562 
-3.031376755 10.816627397 -0.678203274 
-2.974326069 10.767949340 -1.253226547 
-3.341217780 10.722428248 -0.511487901 
-3.294443900 10.738614359 -0.218951994 
-3.375834474 10.721737704 -0.231454706 
-3.378101247 10.706889080 -0.085020976 
-3.211892282 10.760254775 -0.523632209 
-3.234459614 10.755295312 -0.491707490 
-3.345716439 10.730414215 -0.268599280 
-3.353104727 10.726200916 -0.335110873 
-3.389956151 10.718780862 0.181013408 
-3.313331104 10.741146162 0.239279548 
-3.228398873 10.759563086 0.447607042 
-3.125900944 10.785789086 0.510282649 
-3.404672515 10.714662277 0.150816150 
-3.527265707 10.656121292 0.121799867 
-3.045805763 10.800193630 0.645196623 
-3.039929316 10.808133793 0.543228971 
-3.493892883 10.685814578 0.193880675 
-3.440791678 10.702216361 0.220713494 
-3.151716881 10.772866838 0.609222839 
-3.049732974 10.805468144 0.544258136 
-3.421803891 10.708172242 0.217425949 
-3.420178716 10.708857275 0.223019998 
-3.215070129 10.764546996 0.418645950 
-3.277671426 10.749506192 0.328889665 
-3.223614954 10.757760459 0.522038252 
-3.243710714 10.756762610 0.431089982 
-3.469500233 10.692673246 0.294461836 
-3.393245236 10.715819995 0.320671204 
-3.305932202 10.735499648 0.495619830 
-3.300374152 10.740215055 0.424271242 
-3.447073278 10.697548902 0.361093975 
-3.326441132 10.734859762 0.356913068 
-3.158786553 10.776505677 0.527474582 
-3.213796072 10.765392243 0.432680269 
-3.457551072 10.697765970 0.241905877 
-3.363702859 10.725602458 0.299825691 
-3.221633390 10.759012516 0.521626116 
-3.224654552 10.759678754 0.490311909 
-3.379071230 10.720209088 0.325164681 
-3.342789355 10.730793192 0.335752398 
-3.020299653 10.799866696 -0.744549904 
-3.146445185 10.775207297 -0.597357347 
-3.555298347 10.667952706 -0.141332799 
-3.520494764 10.679281772 -0.145221215 
-3.177843666 10.772623435 -0.495416712 
-3.145490580 10.784660013 -0.429990554 
-3.598858819 10.653490192 -0.130923660 
-3.499260675 10.685331749 -0.175310382 
-3.309692415 10.734884338 -0.084234390 
-3.269916564 10.748404230 -0.180411915 
-3.125461104 10.760627039 -0.767285039 
-3.577426512 10.643965661 -0.374470018 
-3.269236936 10.738360875 -0.394687998 
-3.161178453 10.775569200 -0.520017842 
-3.149235506 10.791063583 -0.156179840 
-3.281148921 10.750084939 -0.046757796 
-3.206860286 10.770728413 -0.299912268 
-3.224435184 10.763358513 -0.367489628 
-3.324932919 10.736457994 -0.275882150 
-2.841788499 10.789672808 -1.271951189 
-3.310115063 10.741397779 -0.258573674 
-3.270696997 10.750539171 -0.346620302 
-3.321707103 10.738133033 -0.249047932 
-3.277188921 10.751539774 -0.240303400 
-3.223554396 10.760487652 -0.449761851 
-3.425000798 10.705945658 -0.258930959 
-3.313077279 10.739928901 -0.282224245 
-3.187913794 10.775050174 -0.341460883 
-3.417226899 10.708596578 -0.052376780 
-3.455603887 10.688956490 -0.126915373 
-2.998722721 10.806494760 -0.334974176 
-3.296437331 10.740801224 -0.222127568 
-3.390320539 10.718256581 0.209243383 
-3.300847155 10.744605256 0.244558727 
-3.238044788 10.755480612 0.475761913 
-3.118255800 10.780705885 0.638581518 
-3.304206432 10.745666530 0.151827221 
-3.313761108 10.742794532 0.159483567 
-3.252486195 10.754193334 0.403639074 
-3.257094306 10.753636501 0.376669819 
-4.058658282 10.488430580 0.046084029 
-3.097825723 10.793584103 0.319474177 
-3.232758813 10.759550060 0.405233066 
-3.201801518 10.765536475 0.480415902 
-3.671293488 10.610309885 0.119441389 
-3.627272987 10.627332096 0.079181009 
-3.172510690 10.739714367 1.002199757 
-2.978616146 10.817494390 0.592605472 
-3.366649586 10.724430222 0.305621991 
-3.267014221 10.751533750 0.395857720 
-3.506960206 10.681620173 0.253279842 
-3.396624629 10.714779629 0.316411918 
-3.341515518 10.732949949 0.283838075 
-3.285927774 10.747515950 0.355292672 
-3.560229600 10.665319181 0.198290850 
-3.420446026 10.708068577 0.287303076 
-3.277478105 10.753834443 0.218788936 
-3.254647000 10.758428520 0.298003333 
-3.397161972 10.714803634 0.314412853 
-3.360560755 10.723848526 0.371927640 
-3.445256853 10.700456925 0.252800516 
-3.326051105 10.737241704 0.286056442 
-3.456529131 10.697434134 0.261271558 
-3.342033074 10.731915375 0.298479732 
-3.196445712 10.768832486 -0.466639231 
-3.203544075 10.766540471 -0.469447822 
-3.449293780 10.701965430 -0.139795495 
-3.381507202 10.722816548 -0.168807084 
-3.209002884 10.763929774 -0.484346441 
-3.211248038 10.759545080 -0.551318296 
-3.483934605 10.690827238 -0.167628079 
-3.388034209 10.721485260 -0.129673148 
-3.289702115 10.742408779 -0.441776660 
-3.245507780 10.757096529 -0.400231562 
-3.436279505 10.704699534 -0.220596936 
-3.395569987 10.718358346 -0.176343345 
-3.251470098 10.753386388 -0.433914354 
-3.101568890 10.784988846 -0.647810677 
-3.299079385 10.741414660 -0.382367513 
-3.294875385 10.743029613 -0.375772198 
-3.257934240 10.756487957 -0.223075131 
-3.227442338 10.764238615 -0.240624162 
-3.342169085 10.731508240 -0.213672199 
-3.328558833 10.734840461 -0.231248116 
-3.288716234 10.748066299 -0.226315066 
-3.286494305 10.749226573 -0.204895534 
-3.305540062 10.740532265 -0.314909856 
-3.331181161 10.732736079 -0.323981046 
-3.278478386 10.749089256 -0.289858779 
-3.323270085 10.737277154 -0.219093016 
-3.281928563 10.749242566 -0.242917329 
-3.412490122 10.709613888 -0.213239575 
-3.348634184 10.727961203 -0.287586520 
-3.263844868 10.752291649 -0.326301041 
-3.206975450 10.761114180 -0.513659771 
-3.303990813 10.743897622 -0.182824697 
-3.228997909 10.763420386 0.310287994 
-3.280299143 10.751289143 0.175346331 
-3.327853209 10.738836959 0.061247743 
-3.327119956 10.738110624 0.127816766 
-3.266242330 10.738112172 0.514942213 
-3.121211677 10.792514500 0.386818737 
-3.318174023 10.738540649 0.133678162 
-3.267344992 10.752584659 0.319799847 
-3.391530872 10.717480055 0.192030498 
-3.407669385 10.712459957 0.183399870 
-3.327202816 10.737443080 0.154759789 
-3.321972698 10.738775881 0.173595917 
-3.370897469 10.724517930 0.162556621 
-3.346258036 10.732825393 0.085900251 
-3.315761036 10.741420999 0.139620338 
-3.352306861 10.729694582 0.185875706 
-3.075335687 10.807033706 0.225123897 
-3.176442570 10.781089754 0.187500871 
-2.965851389 10.823578758 0.394707449 
-3.216789692 10.754632759 0.299948023 
-3.015538116 10.791805599 0.846455124 
-3.206794115 10.766613939 0.319668963 
-3.068018014 10.780841972 0.947624348 
-3.297877599 10.714053450 0.683283117 
-3.088449597 10.781195802 0.492761246 
-3.160511969 10.770897674 0.258613356 
-3.783102668 10.584968437 0.030271195 
-3.912800317 10.531883153 -0.009762648 
-3.309523825 10.737403516 0.259665904 
-3.392772905 10.712035266 0.257744065 
-3.270528459 10.745342854 0.260708994 
-3.359223789 10.714993539 0.150688028 
-3.365683255 10.714425991 -0.444913847 
-3.256081513 10.744777747 -0.518639134 
-3.644638881 10.639543073 0.078726629 
-3.587620422 10.648916845 -0.042122921 
-3.330762605 10.716990683 -0.346136584 
-3.373105293 10.711111065 -0.218961714 
-3.389992549 10.707727208 -0.238978092 
-3.345947982 10.721170102 -0.221767835 
-3.305890338 10.732417726 -0.329313589 
-3.281799974 10.738780235 -0.349669305 
-3.408237956 10.702938231 -0.191735223 
-3.428899920 10.696816125 -0.164594827 
-3.187084880 10.764723057 -0.430186992 
-3.236176728 10.751452070 -0.398705769 
-3.229167805 10.759389871 -0.178745499 
-3.352959564 10.722008852 -0.147251697 
-3.337539914 10.735100222 -0.134802710 
-3.342716931 10.733842313 -0.177609661 
-3.338909660 10.738098212 -0.097469540 
-3.281662964 10.751360209 -0.217036661 
-3.404697522 10.713201076 -0.207829992 
-3.390627922 10.717146078 -0.222550482 
-3.275112957 10.751792575 -0.231723729 
-3.359099239 10.727210623 -0.206082555 
-3.385096484 10.720142783 -0.142899052 
-3.281055340 10.749359549 -0.274230618 
-3.293450608 10.746237508 -0.253130214 
-3.151980936 10.789322866 -0.164200146 
-3.459486952 10.710426722 -0.058731302 
-3.586747926 10.660441096 -0.078620173 
-2.818969476 10.827368220 -1.038998373 
-2.821411010 10.843546698 0.783745359 
-3.354064229 10.726973729 0.508454068 
-3.316347272 10.722954599 0.305320688 
-3.282401564 10.753759894 0.111911119 
-3.075021699 10.803391655 0.304901612 
-3.228455453 10.761236947 0.398436612 
-3.220393822 10.764295908 0.374072553 
-3.305991038 10.743555931 0.206294676 
-3.370501903 10.724576933 0.173709223 
-3.259666153 10.756057894 0.269812258 
-3.265319455 10.753334596 0.304537590 
-3.322401413 10.738050819 0.232829762 
-3.316185258 10.739410536 0.253047229 
-3.257173740 10.752906244 0.379472163 
-3.248855194 10.759499814 0.245713638 
-3.297125742 10.745583371 0.224847265 
-3.390500897 10.716668954 0.245644575 
-3.189731145 10.734519407 0.893328058 
-3.517568157 10.673399880 0.100080201 
-2.917840814 10.800108809 1.022010299 
-3.369468817 10.725667237 0.294473506 
-3.098193221 10.806404602 0.123788416 
-3.312024089 10.731318113 0.408699076 
-3.213969146 10.768208780 0.226355067 
-3.437167216 10.701902642 0.215358688 
-3.336415528 10.727995006 0.225089311 
-3.430321441 10.694147333 0.233173267 
-3.274374778 10.744330886 0.263414412 
-3.356634101 10.719974095 0.156445598 
-3.076347824 10.783350773 0.546873626 
-3.341615290 10.714093633 0.385188207 
-3.364769483 10.717621743 0.175250192 
-3.313481654 10.733363345 0.200202699 
-3.227051117 10.724043058 -0.708744089 
-3.329864154 10.732174743 -0.339987556 
-3.444702046 10.691679161 -0.188100523 
-3.418989204 10.695043315 -0.242539856 
-3.253146068 10.761166519 -0.096921245 
-3.396930915 10.718886392 -0.012470086 
-3.477414235 10.708472163 -0.026571453 
-3.192805499 10.788075363 -0.157979168 
-3.591909144 10.667079221 -0.202834096 
-3.562278476 10.671302575 -0.269091032 
-3.163977982 10.788825124 0.238441138 
-2.801786775 10.883871743 0.249065558 
-2.778886663 10.823340159 -0.892762198 
-2.896458113 10.809892999 -0.769331553 
-3.576516411 10.659377213 0.008788101 
-3.441836610 10.697371060 -0.162883372 
-3.265227028 10.753064117 -0.318514694 
-3.297198618 10.742941707 -0.328958335 
-3.355094787 10.727601228 -0.261495228 
-3.359490042 10.726443192 -0.256080829 
-3.324620960 10.739677801 -0.111344225 
-3.240722456 10.761951034 -0.253259779 
-3.352478822 10.727120071 -0.314098760 
-3.379503892 10.719292024 -0.303516436 
-3.215311514 10.766624867 -0.341264172 
-3.140131327 10.783690386 -0.456445837 
-3.366786837 10.722134017 -0.332568993 
-3.352991027 10.725485063 -0.359272246 
-3.204029604 10.769016691 -0.368951970 
-3.170247920 10.775157752 -0.449550444 
-3.336142755 10.732369881 -0.303554831 
-3.373702489 10.721750221 -0.268697706 
-3.395583053 10.705833586 0.256781011 
-3.325167272 10.737594673 0.246352886 
-3.277579568 10.750413127 0.280795479 
-3.231390868 10.764550100 0.265663732 
-3.003326181 10.810172607 0.480041750 
-3.273349377 10.751028020 0.319102990 
-3.012593938 10.824081543 0.290148132 
-3.192247770 10.769724506 0.338550044 
-3.332492836 10.736527076 0.175155416 
-3.364807901 10.726549774 0.176886513 
-3.150529267 10.780942520 0.455482980 
-3.219841901 10.765814129 0.331062909 
-3.344214330 10.733160791 0.165602004 
-3.400813311 10.715703005 0.166732744 
-3.249795008 10.757723061 0.315012925 
-3.338205460 10.732864007 0.269145787 
-3.275443099 10.753434565 0.254382930 
-3.226382707 10.763853335 0.380598583 
-3.283733803 10.744429839 0.434366963 
-3.252135917 10.753621387 0.434394281 
-3.290428991 10.750125803 0.213402797 
-3.315282186 10.741589798 0.250670036 
-3.319871979 10.735250751 0.393683195 
-3.289420433 10.743702277 0.411017811 
-3.233320370 10.761844535 0.384603846 
-3.250202032 10.757339017 0.375720612 
-3.336023046 10.731696419 0.370097977 
-3.342372903 10.726026471 0.442200344 
-3.208425443 10.769189026 0.388098695 
-3.179945072 10.773215841 0.483507556 
-3.346204192 10.727350317 0.391102929 
-3.339448204 10.731729407 0.330351557 
-3.343567921 10.731192337 -0.301028822 
-3.266182655 10.753534307 -0.339130628 
-3.359876184 10.729790464 -0.158075003 
-3.334009844 10.736731721 -0.205439109 
-3.358903505 10.726184622 -0.311741941 
-3.324877469 10.738285443 -0.259283154 
-3.372000597 10.725855345 -0.172414234 
-3.353182418 10.730981364 -0.199596571 
-3.328864261 10.734615081 -0.337082733 
-3.297850471 10.744288853 -0.327588028 
-3.398198331 10.717835109 -0.171271103 
-3.404030445 10.716637699 -0.127249612 
-3.305377254 10.741038631 -0.360603228 
-3.302609349 10.742729039 -0.329631374 
-3.440436925 10.704994701 -0.133253436 
-3.382944712 10.722722930 -0.153965480 
-3.360478224 10.726651921 -0.186642368 
-3.355174790 10.728069119 -0.203144897 
-3.237145297 10.761165562 -0.302253963 
-3.201214846 10.759809322 -0.581872396 
-3.450957573 10.700228058 -0.151122844 
-3.404482792 10.714146168 -0.200579039 
-3.220753551 10.763516181 -0.411095994 
-3.346819010 10.731819851 -0.183249952 
-3.518467950 10.672718998 -0.063631593 
-3.279312468 10.746302035 -0.202116630 
-3.262967819 10.747436915 -0.317270583 
-3.389393867 10.719634113 -0.014355638 
-3.286750645 10.749275403 -0.198796408 
-3.344801297 10.729655683 -0.196898598 
-3.231816087 10.763238440 -0.275905976 
-3.095854758 10.794988013 -0.333970674 
-3.601956240 10.645266483 0.185349712 
-3.452513946 10.707468478 0.197490597 
-3.315434976 10.725738717 0.174424578 
-3.225580626 10.760267726 0.163354730 
-3.265707761 10.746259182 0.299636596 
-3.220164253 10.762296349 0.200437850 
-3.448470924 10.693179099 0.115006977 
-3.440986124 10.696507905 0.114892389 
-3.286020569 10.729435393 0.315777184 
-3.195288929 10.754452831 0.372577839 
-3.513557078 10.666367227 0.202418175 
-3.570462087 10.647537632 0.165142302 
-3.253334434 10.747977589 0.439079819 
-3.513180302 10.673958080 0.067581954 
-3.318611702 10.731942115 0.270849202 
-3.248663327 10.754327854 0.312234346 
-2.867708842 10.847001040 0.481665843 
-2.782615170 10.818096345 0.965623796 
-3.542269663 10.665075416 0.206436668 
-3.604273197 10.647596311 -0.009056808 
-2.995546455 10.826941214 -0.360013118 
-2.997307809 10.835503455 -0.337350701 
-3.116922884 10.803815386 -0.219660061 
-3.013610947 10.825807702 -0.391389818 
-3.083426169 10.768985381 0.717819718 
-2.827166886 10.836621254 0.872969152 
-3.306038612 10.747661325 -0.187963623 
-3.422678947 10.702652838 -0.015430302 
-3.836245427 10.552385941 0.063929813 
-3.009241071 10.794140854 0.498816688 
-3.871109033 10.542165926 0.168331563 
-3.135771169 10.771550033 0.406447428 
-3.267595660 10.726851515 -0.527929259 
-3.368996998 10.707731258 -0.303831017 
-3.183508573 10.763829968 -0.387500751 
-3.330337120 10.728698022 -0.233283702 
-3.261961597 10.751019747 -0.115341977 
-3.428866770 10.702835673 -0.181667085 
-3.409426694 10.728289051 0.014429836 
-3.185622938 10.788976825 -0.144368672 
-3.498969232 10.686638461 -0.154665516 
-3.440427474 10.698307843 -0.138353970 
-3.188451533 10.770845063 -0.170368384 
-3.143416520 10.784881844 -0.099280597 
-3.385463313 10.703686392 -0.389316295 
-3.439469403 10.689973580 -0.333625854 
-3.118651134 10.792041307 -0.339417264 
-3.260722838 10.749795086 -0.401920073 
-3.285900445 10.742781702 -0.223842802 
-3.275628200 10.745614084 -0.245805394 
-3.449036358 10.693343324 -0.095718137 
-3.515034915 10.672646724 -0.088173833 
-3.362929015 10.730998087 -0.039117761 
-3.267837882 10.766360192 -0.046990594 
-3.516845703 10.665672927 -0.127949921 
-3.337881794 10.727013324 -0.147381502 
-3.281289919 10.742057578 -0.373593622 
-3.520491974 10.671900068 -0.090542795 
-3.386882971 10.710688261 -0.265149332 
-3.286581454 10.745261313 -0.233210631 
-3.293612895 10.724974221 -0.276144525 
-3.180625900 10.756326284 -0.425864103 
-3.504266967 10.669985457 -0.175970676 
-3.589989904 10.641789195 -0.131410641 
-3.471063651 10.693774174 0.153797460 
-3.371729184 10.724671822 0.193452321 
-3.332517014 10.734844569 0.277635657 
-3.284949078 10.749423692 0.152728857 
-3.366642925 10.723673025 0.245631983 
-3.334038709 10.734766804 0.194403763 
-3.259528358 10.756342821 0.239980985 
-3.287042333 10.747104234 0.278956365 
-3.252364026 10.757209746 0.304278949 
-3.274091900 10.749659350 0.234013933 
-3.179674966 10.778794672 0.258563083 
-3.070383948 10.802731509 0.314086170 
-3.382557981 10.713979642 0.140168908 
-3.258134875 10.753540474 0.138833230 
-3.249041151 10.753046053 0.269495382 
-3.181426619 10.772893618 0.328201933 
-3.434079864 10.705389711 0.214299616 
-3.399688604 10.710682931 0.177394381 
-3.249677399 10.763525745 0.043682454 
-3.272506362 10.762348856 0.165743847 
-3.192899279 10.755257698 0.399360556 
-3.435786354 10.685901404 0.327184433 
-3.264552539 10.743462436 0.290214984 
-3.348257951 10.721507938 0.292066137 
-3.438927665 10.687598332 0.362649820 
-3.478333343 10.678531966 0.309564633 
-3.082001690 10.801996194 0.321525410 
-3.315056367 10.733491496 0.385689299 
-3.541056397 10.661081245 0.118826210 
-3.452827399 10.694543286 0.139914863 
-3.162601754 10.787832988 0.111040417 
-3.137011629 10.786671012 0.080864568 
-3.012882134 10.823538502 0.331547365 
-3.069287251 10.817596926 0.327158859 
-3.151250576 10.794181203 0.223958515 
-3.038321674 10.819860438 0.361967749 
-2.880054947 10.842302463 -0.514511827 
-2.807638750 10.808789485 -0.995482415 
-3.566651440 10.656928026 -0.192075601 
-3.597212087 10.650404146 0.016319039 
-3.378033782 10.711162886 -0.127481615 
-2.988657003 10.795986048 -0.561203261 
-3.890123322 10.535053973 -0.155588381 
-3.152392260 10.769276647 -0.343452736 
-3.009299999 10.785663861 -0.763762423 
-2.820049411 10.835523552 -0.898406131 
-3.264150910 10.757794423 0.293194390 
-3.420465145 10.703251886 0.007800729 
-2.957243536 10.802206348 -0.787879859 
-3.279429394 10.748117921 -0.344398081 
-3.334561870 10.729889386 -0.235415607 
-3.212402144 10.764122424 -0.334226786 
-3.217880956 10.764773198 -0.387440669 
-3.297515434 10.743584086 -0.331231347 
-3.285653113 10.750252734 -0.184306450 
-3.247705691 10.761695741 -0.176941888 
-3.263855627 10.754491242 -0.299469490 
-3.282590073 10.748953653 -0.291479769 
-3.281294991 10.750807247 -0.224076657 
-3.240380833 10.762219643 -0.247078741 
-3.311737188 10.739576644 -0.308337237 
-3.334950044 10.734305587 -0.247572249 
-3.238599715 10.763316748 -0.239038475 
-3.226271703 10.764463782 -0.318007532 
-3.243789753 10.762252442 0.212158463 
-3.286410831 10.749632206 0.203009890 
-3.417314349 10.705691769 0.366360437 
-3.349429023 10.726784312 0.360234583 
-3.280856085 10.748598316 0.317399630 
-3.265771526 10.752234623 0.343370080 
-3.340499474 10.729138909 0.364834783 
-3.368584363 10.720797628 0.359007403 
-3.220971398 10.768195430 0.237096644 
-3.267818614 10.755581861 0.187955043 
-3.324518029 10.731418424 0.436192946 
-3.305690596 10.737570616 0.418030432 
-3.248308946 10.760491782 0.223068620 
-3.186196431 10.776781164 0.293722372 
-3.335124195 10.730762167 0.366424092 
-3.303959064 10.740179873 0.369438786 
-3.383277107 10.719990791 0.280632305 
-3.332888688 10.733729047 0.333837789 
-3.360938708 10.728711377 0.208148374 
-3.385010019 10.721185107 0.207384769 
-3.359892642 10.726449216 0.301731925 
-3.314113941 10.739971750 0.314024193 
-3.385151483 10.722281898 0.141212333 
-3.375240315 10.724752573 0.163849582 
-3.364491652 10.725565918 0.286004953 
-3.338531963 10.733478422 0.288037838 
-3.442249111 10.704402895 0.149418556 
-3.362135319 10.728381591 0.196878420 
-3.348482996 10.731043654 0.260107232 
-3.339537122 10.733989103 0.253288008 
-3.314077939 10.742341298 0.240843427 
-3.359999518 10.728965792 0.202970250 
-3.177205949 10.771792601 -0.529387751 
-3.187236211 10.769666380 -0.508918565 
-3.368429577 10.724347094 -0.270708360 
-3.387549960 10.719298798 -0.248172878 
-3.145051874 10.779083474 -0.557803115 
-3.183747077 10.772115897 -0.480853331 
-3.319181268 10.738229097 -0.316709017 
-3.341510241 10.733142850 -0.258426484 
-3.177696673 10.770245782 -0.537999571 
-3.164756928 10.776098479 -0.510845532 
-3.360917935 10.726425078 -0.281896636 
-3.341547018 10.731521894 -0.310462787 
-3.136155284 10.781196281 -0.562803508 
-3.141170647 10.781847241 -0.529648016 
-3.369148667 10.724567040 -0.263372071 
-3.378517862 10.720216685 -0.317421597 
