-4.106761703 9.652741356 0.074166654 
-4.067996515 9.672110516 0.062638453 
-2.037512776 10.521313947 -0.367892810 
-1.989083820 10.528701922 -0.337754783 
-4.125266801 9.644425610 0.067434994 
-4.107265273 9.652527466 0.073709978 
-2.024581129 10.525560474 -0.302674046 
-2.002737590 10.527919654 -0.324007915 
-4.136409202 9.639099587 0.067393572 
-4.123945707 9.644951650 0.067715829 
-1.972066488 10.529413073 -0.379250227 
-1.966930012 10.528659828 -0.389481446 
-4.126466781 9.643738953 0.068101158 
-4.155408078 9.630009035 0.063765013 
-2.019844522 10.517212208 -0.494197458 
-1.974080727 10.522204051 -0.512228722 
-4.176374926 9.621455208 -0.045046303 
-4.149250732 9.634186037 -0.052380738 
-1.979407268 10.522005175 0.504769848 
-2.018648905 10.512941406 0.572936010 
-4.112316018 9.650913785 -0.063949320 
-4.092552203 9.660879569 -0.058599440 
-2.043305332 10.515769417 0.476108676 
-2.051348670 10.510964607 0.546170720 
-4.007309647 9.699186024 -0.065231116 
-4.039035184 9.684068435 -0.067837215 
-1.982894663 10.522031551 0.495351047 
-2.026464351 10.515229887 0.524145166 
-4.044325176 9.682017651 -0.068833502 
-4.057183516 9.677888547 -0.059993502 
-1.968516207 10.523036387 0.507722820 
-1.965818219 10.522388825 0.517751452 
-4.068773908 9.672967811 -0.059103349 
-4.084025270 9.666763122 -0.059490442 
-2.022533986 10.510635060 0.619015115 
-2.049803109 10.504957348 0.655393251 
-4.083582542 9.666471233 -0.062677276 
-4.053666638 9.680095608 -0.063230787 
-2.011125196 10.511474600 0.624556981 
-2.014640337 10.518750178 0.516945279 
-4.189076369 9.598815852 -0.135528057 
-3.732370630 9.828805695 0.041008400 
-1.768590764 10.517905556 0.651460828 
-2.125051138 10.521551013 0.625757344 
-4.110324491 9.655087102 -0.053565268 
-4.083690118 9.667494572 -0.054599781 
-1.911776074 10.445531251 1.433190665 
-1.984154728 10.513303831 0.700239160 
-4.094362181 9.656136051 0.096595958 
-4.113026583 9.648148792 0.094496398 
-1.922541135 10.530292300 -0.486551724 
-1.940791089 10.528093911 -0.490103992 
-4.072000214 9.666353993 0.092242206 
-4.008764744 9.694851713 0.085106438 
-2.019869218 10.525292254 -0.341348620 
-1.954387562 10.523535321 -0.533651271 
-4.118659645 9.645962363 0.085192095 
-4.122276323 9.615774180 0.144364069 
-1.945067108 10.526541029 -0.502095054 
-1.900116791 10.525730308 -0.334634744 
-4.006765307 9.696187413 0.082127648 
-4.072566265 9.667539133 0.086759432 
-1.923696225 10.529994371 -0.491079002 
-1.980759535 10.520915858 -0.537235541 
-4.070812670 9.669758646 0.069844568 
-4.112172827 9.649586045 0.078409770 
-1.991000167 10.523745007 -0.451142745 
-2.056616502 10.517991371 -0.404098396 
-4.127823142 9.644350941 0.059962914 
-4.127426236 9.644391300 0.053050706 
-2.021489508 10.522936674 -0.377455029 
-2.022752997 10.518734426 -0.479197480 
-4.105771294 9.655064644 0.048158958 
-4.132106794 9.642193672 0.051003186 
-1.993186468 10.522691974 -0.455090198 
-2.012711516 10.520857273 -0.444989135 
-4.087455561 9.664338824 0.048701419 
-4.152104114 9.627772846 0.034099739 
-2.041616779 10.520658594 -0.412515216 
-1.904628961 10.459968410 -1.244503196 
-4.196486796 9.609212923 -0.066521276 
-4.191636428 9.612178847 -0.060211821 
-1.982977615 10.488624514 0.924579121 
-2.036219491 10.496875380 0.763332569 
-4.161770644 9.626939829 -0.054835851 
-4.133880080 9.639937895 -0.064518223 
-1.998852485 10.485717462 0.941151173 
-1.974332424 10.494167236 0.878246077 
-3.937871567 9.728575811 -0.062908839 
-4.114997212 9.650418983 -0.057947609 
-2.028574167 10.406438087 1.464064605 
-1.817188861 10.459686299 1.203241062 
-4.122755882 9.646822619 -0.055424068 
-4.333943478 9.516469553 -0.030251411 
-2.017118454 10.475019738 1.008974854 
-2.009942727 10.500029905 0.766522822 
-4.099601655 9.653799738 -0.094933613 
-4.128249488 9.642512631 -0.086930677 
-2.041223784 10.520356518 0.421702673 
-2.039247461 10.515488417 0.492043349 
-4.149874571 9.632756683 -0.072811094 
-4.098114278 9.659039252 -0.061444818 
-2.097097272 10.510729228 0.457602158 
-2.104629058 10.509670738 0.454847300 
-4.218844950 9.599835890 -0.060199293 
-4.180345717 9.618889674 -0.058306487 
-2.075644573 10.511398422 0.492476551 
-2.056778490 10.507470469 0.596832324 
-4.055271978 9.677673203 -0.069276108 
-4.124808221 9.645485364 -0.065556781 
-2.122459170 10.503448601 0.526404665 
-2.083708520 10.501995955 0.623625079 
-4.038832982 9.682480394 0.085256058 
-4.014397414 9.694911136 0.074680225 
-1.984862751 10.524602234 -0.459034896 
-1.983490892 10.522795276 -0.490425624 
-4.153979741 9.627773158 0.097860500 
-3.963352074 9.715617049 0.074523341 
-1.966002578 10.522370818 -0.540962957 
-2.002548890 10.522813694 -0.455234820 
-3.997146825 9.700606007 0.081321965 
-3.938916884 9.725612532 0.070085816 
-2.021848392 10.510184569 -0.625016820 
-1.988762562 10.515348282 -0.608200961 
-4.065901023 9.668859903 0.092942842 
-4.131430768 9.636367156 0.107628172 
-2.054071220 10.511025051 -0.551762327 
-1.983069046 10.515508741 -0.618205858 
-4.109435178 9.650682599 0.083331652 
-4.151220895 9.627007305 0.107612109 
-1.933611824 10.499901939 -0.878642292 
-1.915303412 10.524068937 -0.609108506 
-4.123293079 9.642995802 0.090098674 
-4.129065024 9.642001288 0.077698471 
-1.980117552 10.514849524 -0.627836202 
-1.964191829 10.521521946 -0.549068171 
-3.952062169 9.717758740 0.078082293 
-3.986510566 9.704701342 0.077483704 
-1.971655973 10.525645170 -0.467439771 
-1.984571667 10.516251180 -0.596287791 
-3.970148857 9.714791411 0.066927358 
-4.079811057 9.663784019 0.084782345 
-1.973566943 10.528735978 -0.384514960 
-1.960917863 10.521921163 -0.553534204 
-4.083773534 9.655926731 -0.110904630 
-4.017962833 9.687576310 -0.094642239 
-2.047430540 10.503778792 0.665943666 
-1.977056403 10.500054777 0.821565402 
-4.094985426 9.650722154 -0.114102930 
-4.060488418 9.669282786 -0.099391357 
-2.029152337 10.511011723 0.592431046 
-2.038049521 10.502805552 0.688043301 
-4.111061757 9.645435552 -0.103444405 
-3.996935202 9.696336004 -0.093870800 
-1.983857862 10.504893332 0.747003695 
-2.011991877 10.506938867 0.676764961 
-4.087470670 9.660210111 -0.077187877 
-4.114427674 9.647616178 -0.084547889 
-2.085063948 10.500570375 0.638732729 
-2.002002984 10.509462495 0.659289380 
-4.057630835 9.678755210 -0.059976228 
-4.093032340 9.659961046 -0.076300107 
-2.048530647 10.519244178 0.401323565 
-2.051319100 10.515178911 0.479725189 
-3.998805498 9.705080496 -0.061755325 
-4.041868198 9.701606392 -0.036739968 
-2.051774036 10.516003559 0.449142117 
-2.149464480 10.517427055 0.512768575 
-4.056679356 9.676024597 -0.078835456 
-4.080458954 9.665950953 -0.072528519 
-2.057300841 10.516527025 0.450869743 
-2.065658118 10.509786506 0.541760343 
-4.110267953 9.652375510 -0.067091198 
-4.108837464 9.652423047 -0.074088031 
-2.075336346 10.511270837 0.493295743 
-2.064033363 10.510749097 0.527130386 
-3.856502178 9.764202961 0.049523533 
-3.496240367 9.895305875 -0.030321818 
-1.465464330 10.482139999 -0.619819920 
-1.534990181 10.486053286 -0.412177177 
-3.858909988 9.763130838 0.047746592 
-3.960819907 9.717911154 0.072971520 
-1.929180206 10.503430035 -0.892817853 
-2.024611239 10.515351142 -0.602677961 
-3.847308318 9.764199856 0.050230939 
-3.928875872 9.728206551 0.073628899 
-1.962968984 10.519938771 -0.622580064 
-1.938470803 10.520748962 -0.634167246 
-3.891481383 9.746268441 0.063201158 
-3.931545588 9.729273291 0.071310641 
-1.952995084 10.519210728 -0.649181871 
-2.017355100 10.508253970 -0.696832881 
-4.222456314 9.582198926 0.052956037 
-4.197742655 9.595137558 -0.046719079 
-2.046637778 10.497210511 -0.774799220 
-1.862471630 10.537883914 -0.295701734 
-3.935263836 9.724298996 0.055954580 
-3.866140040 9.751192793 0.045192285 
-1.958773489 10.527319035 -0.465921122 
-2.001763327 10.521060541 -0.527972715 
-3.654454396 9.811977412 0.021200678 
-3.606515930 9.828986990 -0.041390813 
-1.354660841 10.531405507 -0.323633730 
-1.678888759 10.521527590 -0.353849635 
-4.020040679 9.652177477 0.121298464 
-4.343658623 9.507259051 0.034242434 
-1.868532599 10.547358780 -0.345192569 
-1.979235196 10.522828744 -0.482656655 
-4.043128449 9.683711501 -0.054295355 
-4.092869728 9.659270588 -0.067717583 
-1.940768545 10.533193802 0.326445883 
-2.004379637 10.522434259 0.419635387 
-4.173322776 9.620711946 -0.069651837 
-4.173872956 9.621444217 -0.056821587 
-2.017065307 10.518656921 0.471090178 
-2.022684077 10.518609971 0.463671393 
-4.281206227 9.540593666 -0.080638051 
-4.107502183 9.645018559 -0.097202712 
-1.930728751 10.375377110 1.684152282 
-2.096477825 10.418615854 1.305332696 
-4.124627407 9.645480295 -0.058869270 
-4.132944995 9.642660915 -0.048633952 
-1.937897093 10.530922177 0.406502198 
-1.959477318 10.530759366 0.352582521 
-3.645896946 9.851319513 0.050179458 
-3.787073716 9.814503872 0.019628914 
-1.902378408 10.314893618 1.930285865 
-1.922643709 10.414114472 1.619886687 
-3.957167081 9.746505635 -0.005792104 
-4.064920202 9.671884538 -0.069115263 
-2.354150311 10.515835822 0.115290706 
-1.948641291 10.532139608 0.330464165 
-4.066589287 9.674849247 -0.073969397 
-4.060113089 9.681251118 -0.059141356 
-2.035780437 10.512881515 0.537248532 
-2.014536645 10.517682562 0.498841551 
-4.190692829 9.614520685 -0.062000062 
-4.138845368 9.640265622 -0.054312329 
-1.992692280 10.507747302 0.704606688 
-1.982178307 10.518629176 0.577631997 
-4.563952300 9.369002461 0.023613400 
-3.699126961 9.864805496 0.037630860 
-1.662067690 10.436914196 -1.294459416 
-1.958311688 10.560113904 -0.040203416 
-4.051200188 9.687979866 0.041303544 
-3.989913139 9.717451144 0.037843464 
-2.134827108 10.522511069 -0.434321281 
-2.125616266 10.528307649 -0.338897712 
-4.068547961 9.679239014 0.023732541 
-3.935707515 9.733131646 0.046120110 
-2.120264427 10.506908624 -0.569481475 
-2.047597350 10.527522640 -0.434127516 
-3.768675726 9.796775454 0.029878015 
-4.050128669 9.682031589 0.059085385 
-2.120810050 10.516476546 -0.454801086 
-2.085019345 10.511499482 -0.615085763 
-3.856836282 9.733180836 0.081257020 
-4.040222390 9.668516445 0.106076749 
-1.967629008 10.417886165 -1.479320326 
-2.034905431 10.420104700 -1.434495961 
-3.739121672 9.807748333 0.100938841 
-4.433216730 9.463721868 0.169778663 
-2.075530539 10.477736195 -1.261712210 
-1.731097938 10.535674856 -0.153764481 
-4.077236538 9.660460655 0.091339265 
-3.936518810 9.722667190 0.077777156 
-1.899223651 10.528259078 -0.540798999 
-1.994400857 10.500830122 -0.769022888 
-3.963439174 9.707394082 0.082127943 
-3.902593293 9.733962442 0.068944644 
-1.943319864 10.495616388 -0.902895425 
-1.969335542 10.482479880 -1.000692759 
-4.732402872 9.218784808 0.061482794 
-3.707810745 9.785176304 0.058425418 
-1.509491873 10.303735740 1.959527628 
-1.933442323 10.511011128 0.539827451 
-4.102203343 9.648205765 -0.050319150 
-4.083158803 9.664142653 -0.050890377 
-2.107823747 10.523500227 0.436174400 
-1.987143151 10.517931523 0.496132988 
-4.065682930 9.673052824 -0.071499273 
-4.109505288 9.655339341 -0.045404356 
-2.002312036 10.458465499 1.189621856 
-2.026468022 10.502231705 0.743995446 
-4.125945961 9.646357466 -0.034759525 
-4.102270709 9.657236213 -0.035558911 
-2.081690492 10.494956268 0.739938099 
-2.051305590 10.500462152 0.739040023 
-4.052259008 9.679306481 -0.071781009 
-3.834973594 9.772913803 -0.044978363 
-2.071476670 10.494662866 0.756121850 
-2.226257981 10.461124227 0.892312254 
-4.132574889 9.641888754 -0.074666414 
-4.093782422 9.657823586 -0.085077232 
-2.003383093 10.511746801 0.645316734 
-1.942417587 10.526559712 0.522904057 
-4.014579741 9.696785495 -0.067932876 
-3.946399422 9.725156724 -0.069165573 
-2.073989489 10.467626712 1.047461508 
-1.962113441 10.444318189 1.319792618 
-4.087557044 9.659019121 -0.098013949 
-3.981277832 9.705959247 -0.089751188 
-2.072197711 10.467606192 1.031940004 
-2.033392420 10.488392625 0.881397717 
-4.106088737 9.654467972 0.061591035 
-4.104508852 9.653448335 0.078637974 
-2.029146015 10.514112547 -0.546209009 
-1.966570358 10.518749291 -0.609345811 
-4.056680907 9.678344648 0.058192615 
-4.123053777 9.645927178 0.074135455 
-1.999801545 10.501898611 -0.763603782 
-1.994095092 10.518986865 -0.537882755 
-4.158287877 9.627152962 0.085820140 
-4.179010599 9.617614864 0.082351930 
-2.054201643 10.510852351 -0.542063746 
-2.020715670 10.515646809 -0.542439801 
-4.174903296 9.620644901 0.066498815 
-4.152486297 9.632146884 0.063131267 
-2.017802225 10.518152383 -0.495453376 
-2.007126444 10.513144794 -0.603249941 
-4.130845869 9.643278369 0.030692711 
-3.993818160 9.710827825 0.016996251 
-1.982805057 10.514831279 -0.609293192 
-1.989261711 10.524165796 -0.437895458 
-4.199500576 9.579022567 0.070059562 
-4.183303125 9.616860000 0.053907399 
-1.971882049 10.504983158 -0.766122960 
-1.967765587 10.508780628 -0.728608527 
-4.212944770 9.602707151 -0.000347794 
-4.103533503 9.654251756 0.073557568 
-2.092083169 10.508621965 -0.482317150 
-2.020041593 10.513102904 -0.569687872 
-4.145398158 9.633150615 0.078447172 
-4.110048773 9.649346182 0.085850636 
-2.062992152 10.511821192 -0.501660321 
-2.056837874 10.514899694 -0.458427102 
-3.972218336 9.713139466 0.071951620 
-4.103321772 9.657640861 0.020607425 
-1.905420674 10.534738419 0.422460045 
-1.961134814 10.530944560 0.376977488 
-4.250711212 9.555979907 -0.036023964 
-4.170243981 9.605843581 -0.045897320 
-2.230408013 10.481764051 0.489796938 
-1.566261917 10.544774819 0.149199584 
-4.046448843 9.692340642 0.018956749 
-4.128001669 9.644596327 -0.060003524 
-1.956653040 10.528007083 0.450690052 
-1.919311639 10.527243747 0.537079945 
-4.107533854 9.662024945 0.010930824 
-4.124917908 9.653260906 0.020820192 
-1.986101188 10.526820918 0.404161533 
-2.004699469 10.518107216 0.531940935 
-4.462665408 9.425516316 -0.089987370 
-4.440681717 9.442529131 0.033926721 
-2.021238881 10.444003317 1.199184938 
-2.105875153 10.363242893 1.606601534 
-3.512402742 9.892338467 0.091916490 
-3.461948493 9.914684308 0.144205317 
-2.085585208 10.319854235 1.845819509 
-2.156518241 10.344745157 1.704943925 
-3.655498936 9.852528430 0.045592492 
-3.622821226 9.861890849 0.075123856 
-2.156777788 10.509931150 0.441980892 
-2.221140148 10.500091249 0.416123967 
-3.495809643 9.910443401 0.184843732 
-3.484183839 9.914006618 0.192306062 
-2.025889918 10.507424560 -0.856783425 
-2.070408647 10.502214705 -0.819433736 
-4.228324311 9.601969467 0.072940883 
-3.938180401 9.742861863 0.048076040 
-1.950613603 10.422431565 -1.489760741 
-1.795844551 10.534302115 -0.669003305 
-4.264917568 9.555402777 -0.016517979 
-4.158185714 9.630157755 0.052333890 
-1.971726046 10.527534124 -0.418802322 
-1.995769445 10.521912934 -0.470666414 
-4.168255809 9.607665874 -0.056537214 
-4.146890675 9.634568844 0.067736423 
-1.871271050 10.543285011 -0.035558322 
-1.829705134 10.541835437 0.433235805 
-4.134096936 9.640691362 0.068084507 
-4.052793928 9.671634705 0.046086005 
-1.993075521 10.526050106 -0.395692806 
-1.969639961 10.531049364 -0.340405278 
-4.181514687 9.617608840 0.021957774 
-4.166364632 9.625415414 0.020027871 
-1.901840621 10.447524285 -1.149064420 
-1.874819353 10.438002620 -1.251191227 
-4.083295804 9.669373657 -0.002586028 
-4.076241138 9.672678845 0.020279208 
-1.983888837 10.527352229 -0.459190431 
-2.028435498 10.522176996 -0.448885267 
-4.344195378 9.486530910 0.057886647 
-4.019223202 9.682986262 0.077102295 
-1.428963346 10.535371512 0.182981960 
-1.965738602 10.530640441 -0.336380124 
-4.085264599 9.650343958 0.071745033 
-4.072253536 9.663831237 0.054832863 
-1.890115931 10.533538970 -0.269551380 
-1.996688014 10.413616818 -1.456567661 
-4.098279596 9.657190106 -0.041200362 
-4.096068857 9.657938596 -0.042780394 
-1.979798868 10.511479846 0.666826380 
-1.987261408 10.496069864 0.855934531 
-4.016189050 9.686107111 -0.088234357 
-3.687817832 9.841996141 0.010481416 
-1.822315148 10.545535044 0.328052188 
-2.254647523 10.459892119 0.984210948 
-4.159105724 9.628077587 -0.074487054 
-4.081240184 9.664518521 -0.070498522 
-1.914724257 10.524038794 0.596868041 
-2.005616827 10.523895074 0.371625531 
-4.624781963 9.321023336 -0.114340101 
-4.215537784 9.564027677 -0.049721805 
-1.964413789 10.519918414 0.342083487 
-2.000064887 10.522041773 0.385372739 
-4.149996644 9.635026722 -0.025885504 
-4.081064984 9.669222456 -0.020503304 
-2.146389745 10.490416092 0.688272145 
-2.145862876 10.500574458 0.531969818 
-4.166701733 9.626294550 -0.034364768 
-4.185376997 9.616025749 -0.056683170 
-2.035931545 10.512112659 0.576972501 
-2.005223357 10.514097541 0.592813082 
-4.076944207 9.668184260 -0.046908140 
-3.994544143 9.732808538 -0.056439105 
-2.094172637 10.500607138 0.603379670 
-1.923220604 10.529316945 0.585982412 
-4.226572349 9.594302836 -0.033928129 
-4.134076835 9.641066623 -0.037453725 
-2.030129585 10.516332391 0.486893862 
-2.051209916 10.520002653 0.359358519 
-4.166820908 9.623992126 0.074476270 
-4.027433916 9.686863715 0.085134308 
-2.094779621 10.502538269 -0.588254265 
-2.024379167 10.510422257 -0.611219121 
-4.246798821 9.586051538 0.061504990 
-4.166420060 9.623039802 0.093909420 
-2.006035177 10.526340393 -0.372806739 
-2.111151255 10.513084560 -0.361982667 
-3.672803202 9.809697822 0.103543173 
-3.931455436 9.722617479 0.089778238 
-1.898933240 10.406631715 -1.447448405 
-1.549047986 10.502566810 -0.755281045 
-4.283904515 9.550173821 0.042113030 
-3.968190284 9.650290086 0.232835941 
-1.835296722 10.482446605 -1.043721131 
-2.009873468 10.248894208 -2.071667241 
-4.074072905 9.646999741 0.059041869 
-4.145243212 9.638207086 0.046344679 
-2.028642194 10.513799148 -0.609970156 
-2.098366035 10.507624830 -0.546736498 
-4.264559958 9.459960496 0.419465176 
-4.334072970 9.418290353 0.371378931 
-1.402204624 10.278386295 -1.996726012 
-1.420995051 10.400552054 -1.383808452 
-3.958025777 9.713081030 0.056824150 
-3.977058429 9.706818763 0.052985612 
-2.151622728 10.483750477 -0.718748012 
-1.707574120 10.559531521 -0.205547492 
-4.054455477 9.671943337 0.059946138 
-4.048678753 9.674047437 0.069717586 
-2.107768954 10.497754426 -0.602435814 
-2.035433211 10.508293606 -0.582603560 
-3.946589098 9.703511539 -0.147140795 
-4.390664551 9.505439051 -0.103498432 
-1.758190106 10.418972761 1.638462714 
-2.057686718 10.436913402 1.339319471 
-3.848661080 9.736013356 -0.074947969 
-4.026733506 9.675854548 -0.092143302 
-1.964016213 10.442811431 1.300564613 
-2.077506442 10.409453194 1.444173548 
-3.960050757 9.706280083 -0.085015137 
-4.058946189 9.663360438 -0.094865666 
-2.025903423 10.417353080 1.444327039 
-2.078711773 10.413012939 1.421419611 
-3.867651572 9.758422257 -0.041908012 
-4.092472278 9.654590380 -0.075559473 
-2.024565278 10.435405869 1.307062976 
-1.939188020 10.494174513 0.909884255 
-4.199921877 9.608343880 -0.073890550 
-4.078551719 9.669266983 -0.057454418 
-1.962903070 10.507540399 0.743213910 
-2.027457290 10.513139683 0.562343705 
-4.128183515 9.645298328 -0.044450806 
-4.126160005 9.644751795 -0.061383902 
-2.018800739 10.512703253 0.571853393 
-1.990902904 10.520618138 0.507923512 
-4.161987957 9.625451586 -0.081970304 
-4.070478447 9.669059864 -0.078357912 
-2.050620439 10.513789487 0.518561250 
-2.024171867 10.523250759 0.389542278 
-4.120227460 9.648134519 -0.058256387 
-4.052143748 9.681053344 -0.055612279 
-2.033406148 10.514062605 0.540356264 
-1.968237493 10.523878884 0.505142604 
-4.056699346 9.678854379 0.063650659 
-4.112534130 9.649969897 0.080982661 
-2.118372462 10.485160012 -0.805682752 
-2.068972163 10.510009183 -0.526903624 
-3.962378649 9.716982095 0.073716087 
-3.962585765 9.715588228 0.076214630 
-2.050893254 10.482853562 -0.929224888 
-2.050675598 10.492914142 -0.808200350 
-4.085721431 9.659934267 0.093957353 
-3.998679797 9.699449486 0.083516687 
-2.084716250 10.501511180 -0.636773997 
-2.014131782 10.513884267 -0.592425985 
-3.918753479 9.738517744 0.058984536 
-3.994822666 9.703353854 0.077041737 
-2.091482769 10.502736858 -0.603621973 
-2.077150709 10.501590266 -0.663124827 
-4.156518266 9.630756881 0.057190029 
-4.097109724 9.658290624 0.061589172 
-2.012563808 10.494113129 -0.836988828 
-1.950938109 10.509353742 -0.739102944 
-4.087184926 9.658080096 0.092131238 
-4.031547618 9.681409711 0.095390876 
-1.978855007 10.492331164 -0.890744784 
-1.998787305 10.507566683 -0.676006311 
-4.160339435 9.588566931 0.103948538 
-4.315618988 9.500818782 0.095339352 
-1.907403886 10.511868431 -0.655528268 
-1.649316902 10.496635222 -0.727738268 
-4.096458543 9.675504176 0.052565664 
-4.146827949 9.627352478 0.073892664 
-1.881110684 10.487890650 -0.945756825 
-1.865099500 10.450133948 -1.215234364 
-3.841442006 9.759717147 -0.024523401 
-4.235545491 9.543755912 -0.179446684 
-2.478137210 10.512265353 0.340060591 
-1.493512102 10.540738053 -0.050266715 
-3.928594278 9.732914874 -0.047579050 
-3.965809968 9.714965263 -0.059987653 
-2.028713756 10.528809250 0.312064461 
-2.029435066 10.526175131 0.368632129 
-4.312844440 9.501953766 -0.134308561 
-3.835228395 9.789437249 0.002842875 
-2.131370418 10.504549598 0.616192759 
-2.172665144 10.499531927 0.646790701 
-3.424521386 9.929173783 0.161104849 
-3.654334410 9.820971601 0.024274492 
-2.015082435 10.277365152 1.962002927 
-2.163410605 10.380768472 1.472417473 
-3.981686421 9.715911479 -0.048829547 
-3.882849929 9.757726183 -0.039834055 
-2.046729423 10.454161069 1.172560359 
-2.099598419 10.443517236 1.209703952 
-4.486263213 9.436258855 -0.042711363 
-3.786025658 9.751366078 -0.115619477 
-2.100279465 10.293804142 1.960748400 
-1.740874295 10.454989592 1.245659525 
-4.118078780 9.643252854 -0.060265347 
-4.361528745 9.492918971 -0.062892552 
-2.192139114 10.488428558 0.866860693 
-2.423472192 10.487586485 0.544235464 
-3.843544261 9.774008611 -0.017563171 
-3.860582482 9.774168159 -0.011903208 
-2.102869183 10.506380921 0.516306071 
-2.151376535 10.491713221 0.610544097 
-4.050530045 9.678182983 0.076605649 
-4.053033570 9.677099355 0.077280338 
-1.967935407 10.520585775 -0.555384297 
-2.071481910 10.500911136 -0.662631363 
-4.107334688 9.650808900 0.086559310 
-3.816814192 9.787836203 0.024841989 
-2.070857804 10.508061427 -0.550076175 
-2.072740942 10.516609734 -0.379463809 
-4.234751689 9.563483397 0.088136909 
-4.156820026 9.622887822 0.062677428 
-1.869421499 10.513729184 -0.710418910 
-1.795320865 10.507463873 -0.702100261 
-4.109909166 9.614553245 0.110731906 
-4.094060924 9.630332166 0.104260680 
-2.102983870 10.440057468 -1.221578207 
-1.997854481 10.515577966 -0.509168202 
-4.018752472 9.694349741 0.062183582 
-3.841993142 9.776087260 0.029645335 
-2.053531302 10.510245643 -0.544719826 
-1.994501729 10.520025043 -0.515146273 
-4.132235441 9.610321932 0.095762713 
-4.059352952 9.673790507 0.078046631 
-1.994221711 10.513331779 -0.609437694 
-1.991303830 10.517853999 -0.537679624 
-4.045339431 9.679168627 0.080137269 
-4.096196057 9.658390453 0.067203378 
-2.091631061 10.507432705 -0.518462276 
-2.021670910 10.508763080 -0.635105353 
-4.141506718 9.635182940 0.076776700 
-3.967718689 9.717388882 0.059260242 
-2.010911943 10.520919705 -0.448835492 
-2.050697417 10.517240416 -0.419765606 
-4.039245203 9.688876940 -0.042695290 
-4.204110925 9.605314251 -0.077498601 
-1.942341225 10.531838334 0.402314248 
-1.898619783 10.532740242 0.473630700 
-4.114360463 9.652654537 -0.044639375 
-4.139307730 9.640645389 -0.053376331 
-1.908358079 10.537971463 0.355905333 
-1.493761505 10.535963683 0.455194777 
-4.111402285 9.652921940 -0.059059525 
-4.092894136 9.663000917 -0.036078774 
-1.932757305 10.529273079 0.467843645 
-1.950123556 10.527119372 0.483232431 
-4.110194460 9.653764775 -0.051362372 
-4.151783688 9.633287418 -0.056706974 
-2.001840398 10.526669551 0.368636692 
-2.013308165 10.524773575 0.389117095 
-4.191517990 9.575234343 0.128904090 
-3.698878348 9.832999858 0.013838775 
-1.554431823 10.457512922 1.251060426 
-1.860403912 10.492916612 0.918909898 
-4.062459208 9.644776729 -0.081482995 
-3.885947789 9.694280663 -0.114459204 
-2.108201065 10.352164931 1.628451213 
-2.002774420 10.481374418 0.884515328 
-3.748756871 9.813588097 0.019970121 
-3.838230705 9.777811292 -0.005009864 
-2.123938272 10.509486721 0.524371752 
-2.094223880 10.514749761 0.561192078 
-3.861638235 9.778421895 -0.026693583 
-3.821658221 9.791044472 -0.014225698 
-2.034917032 10.531438318 0.054501358 
-2.013269455 10.534598403 0.071259859 
-4.109736211 9.653309496 0.059454961 
-4.082265798 9.665935769 0.057795897 
-1.828192641 10.543930583 -0.370906545 
-1.796129128 10.552654808 0.752686514 
-4.102218564 9.658343408 0.048595184 
-4.164173590 9.627006159 0.048768498 
-1.991352323 10.529414027 -0.312309187 
-2.008488548 10.526883744 -0.336863008 
-4.043398538 9.684790531 0.057800282 
-4.066733537 9.673860495 0.058509692 
-2.026220142 10.532207654 0.001352248 
-2.047783854 10.526982874 -0.191949617 
-4.106905570 9.653409616 0.070163006 
-4.116613938 9.649403996 0.068848317 
-2.008640970 10.531055190 -0.208452106 
-1.961835700 10.534677189 -0.269025228 
-3.957817339 9.681148631 0.127729168 
-3.788655535 9.763509873 0.089517194 
-1.930963759 10.456388982 -1.023522899 
-1.782235811 10.438398460 -1.313566898 
-3.927368603 9.733938832 0.059258229 
-3.956833446 9.723587265 0.053677662 
-2.101346514 10.495487394 -0.715118672 
-2.120764510 10.488643090 -0.776393786 
-3.977839085 9.702979194 0.058088742 
-3.867209702 9.770878687 0.011007420 
-2.074057480 10.517585194 -0.341534165 
-2.084613417 10.514458495 -0.502552681 
-4.243423751 9.567485080 0.210485839 
-4.352679699 9.511559847 0.052541998 
-1.966795308 10.348789134 -1.771101883 
-2.056809236 10.499657628 -0.838983653 
-4.134846130 9.638213907 -0.054265033 
-4.171279212 9.620018223 -0.063056674 
-1.985940456 10.421545238 1.457647816 
-1.927421085 10.525616421 0.539118795 
-4.098066707 9.656490400 -0.039274033 
-4.105498180 9.652519884 -0.041881786 
-1.966997567 10.502899941 0.881763902 
-1.973856763 10.504335486 0.771728460 
-4.044164405 9.686495600 -0.024332553 
-3.932228727 9.706334514 -0.052898546 
-1.976905268 10.449579624 1.253644893 
-1.968553962 10.451948108 1.100450582 
-4.174568832 9.613601749 -0.002926205 
-4.069293440 9.654038270 -0.093249818 
-1.929210482 10.476199177 1.020770276 
-1.978947102 10.502730808 0.875337901 
-4.192667300 9.607750996 -0.106884322 
-4.255860127 9.577441850 -0.105105438 
-1.970886280 10.479351247 1.053506358 
-2.090082329 10.474233846 0.962858332 
-4.187606228 9.612925394 -0.075615218 
-4.182072960 9.614537646 -0.094526777 
-2.084183617 10.501012380 0.643895606 
-2.049333672 10.488742716 0.846241635 
-4.195002634 9.609386583 -0.090896113 
-4.176895676 9.617499312 -0.098511197 
-1.998460569 10.500454872 0.781092418 
-1.996260143 10.509967967 0.669472183 
-4.197159659 9.607764476 -0.058129327 
-4.208584268 9.577409330 -0.119903601 
-1.984903730 10.495884647 0.840932350 
-1.918527440 10.485945186 0.764034628 
-4.150154808 9.631817691 0.080501171 
-4.058511966 9.673890823 0.084173834 
-2.082684204 10.514644298 -0.412746115 
-2.060566963 10.510366534 -0.545623437 
-4.012275706 9.694345153 0.082245602 
-3.976937581 9.711303927 0.072253623 
-2.094650962 10.515065172 -0.359854846 
-2.087529690 10.514292354 -0.406667058 
-4.018050889 9.693862654 0.074645328 
-4.166271706 9.624477562 0.083559763 
-1.987990371 10.511095048 -0.684638202 
-1.981672860 10.515893507 -0.632205859 
-4.068505660 9.668378379 0.088963033 
-4.416813372 9.457518996 0.089135117 
-2.047490934 10.497920640 -0.744769647 
-1.687385958 10.513831852 -0.556550360 
-3.927408996 9.719973503 0.106999742 
-3.980378294 9.703624548 0.093426970 
-1.936227542 10.529642768 -0.579112710 
-1.905937547 10.526230499 -0.639168149 
-4.126297089 9.558228039 0.246060478 
-4.274684262 9.447584274 0.359922082 
-1.648309186 10.501725182 -0.554566106 
-1.422556395 10.369691105 -1.580270105 
-3.884229892 9.747982658 0.063668953 
-3.934309256 9.726946584 0.068790544 
-1.926287235 10.537143768 -0.471093209 
-1.930425853 10.522639686 -0.642850153 
-3.874510131 9.745737319 0.082303546 
-3.909946182 9.731323573 0.088405000 
-2.022003117 10.504806933 -0.766172463 
-2.040687351 10.497410574 -0.819914374 
-4.113549910 9.649946806 -0.072342723 
-4.080667951 9.665274628 -0.071733851 
-1.980656062 10.490341395 0.921669649 
-1.943083689 10.476828220 1.082985846 
-4.116996444 9.648550491 -0.065302517 
-4.117593914 9.646678051 -0.082332583 
-1.956114689 10.500054577 0.873488725 
-2.001109075 10.492858813 0.865698937 
-4.152894139 9.628830987 -0.091624827 
-4.131014960 9.639495589 -0.085765015 
-2.057674062 10.501341185 0.673633113 
-2.220638816 10.476979966 0.723804449 
-4.135231694 9.639073497 -0.072981762 
-4.044674028 9.680143739 -0.080223549 
-2.001015014 10.499683102 0.823360021 
-1.962246583 10.502049857 0.809950071 
-3.986093458 9.702549171 -0.087830768 
-4.171993734 9.619987860 -0.091003935 
-2.112451421 10.513874196 0.364216773 
-2.084585266 10.509901918 0.515502123 
-4.095541887 9.654224969 -0.101461164 
-4.149517347 9.630389660 -0.099211249 
-1.999980150 10.528495022 0.376277418 
-2.002799822 10.522517007 0.478748891 
-4.081674342 9.664399809 -0.080286673 
-3.974233888 9.711929756 -0.054105445 
-2.037033142 10.516767679 0.484155028 
-1.949742702 10.533031044 0.195978756 
-4.060072913 9.667668180 -0.108509721 
-4.116094416 9.644577568 -0.107411670 
-2.011034975 10.517307405 0.541140248 
-2.027130538 10.515101819 0.564596154 
-3.733908258 9.811894422 0.006315324 
-3.732154423 9.810112957 0.018764324 
-2.092531463 10.508946733 -0.513605453 
-2.059893161 10.511805021 -0.527674525 
-3.790570819 9.791388813 0.034093255 
-3.752871814 9.807688626 0.021977578 
-1.985799173 10.529991747 -0.390985660 
-1.832988170 10.562650403 -0.273617868 
-3.992369370 9.686672687 0.077332504 
-4.136444181 9.612261309 0.128472729 
-2.008047231 10.533662547 -0.437062231 
-2.394556636 10.480532489 -0.383592991 
-3.715019425 9.823889210 0.004152798 
-3.804649701 9.787277605 0.032117830 
-2.105323708 10.510202976 -0.484512991 
-2.076233488 10.508920042 -0.573298069 
-3.903010571 9.709316451 0.099995297 
-4.068478016 9.651136793 0.112241359 
-1.994458006 10.425467125 -1.413157601 
-1.935670436 10.468927436 -1.167279984 
-3.592387806 9.891090683 -0.016797079 
-4.379217848 9.514867037 0.095331003 
-2.219356675 10.498134106 -1.116919882 
-2.064963057 10.430618861 -1.385316167 
-3.964843405 9.708799685 0.079720628 
-4.008896927 9.688922517 0.088134641 
-1.960134774 10.500503293 -0.817558614 
-1.970026298 10.509391941 -0.691092103 
-3.909588796 9.726014498 0.080213410 
-3.934923879 9.716365595 0.081677367 
-1.965456720 10.489647437 -0.937083262 
-1.939507343 10.504170403 -0.789497383 
-4.228547744 9.467873403 -0.458393370 
-4.275451227 9.446900295 -0.375640123 
-1.331574105 10.335298863 1.770862811 
-1.408445726 10.385264540 1.488413644 
-4.083680743 9.641177313 -0.067225052 
-4.169974862 9.595665833 -0.086150280 
-2.022824047 10.512805854 0.526976682 
-1.960242177 10.407968226 1.445051139 
-4.019068609 9.688689773 -0.059227776 
-4.040238099 9.680046964 -0.051260271 
-2.030308568 10.452242753 1.176520037 
-2.058689774 10.492131396 0.758862171 
-4.051855838 9.675281054 -0.026660645 
-4.037584831 9.681367123 -0.039204632 
-1.929331729 10.516223756 0.637235265 
-1.950536703 10.521156542 0.538096706 
-4.007367631 9.696708680 -0.083383498 
-4.040488034 9.683506559 -0.078824951 
-2.066141583 10.484594264 0.879156640 
-2.122621875 10.459131294 1.058417790 
-4.018084221 9.691537684 -0.084986872 
-4.035474917 9.687866343 -0.067447472 
-2.120950704 10.468057003 0.992876279 
-2.016430263 10.523688296 0.414101576 
-4.137602529 9.637722433 -0.083247387 
-4.018416256 9.692632277 -0.080289368 
-2.173512715 10.453806761 1.051495173 
-2.084238546 10.480537130 0.907208330 
-4.081773612 9.663497118 -0.086472532 
-4.151969332 9.624776095 -0.124166142 
-2.036772823 10.494274690 0.815654331 
-1.992253121 10.483913589 0.984524466 
-4.072463693 9.670856928 0.051036112 
-4.055118903 9.681785381 0.016520468 
-2.037707605 10.512506582 -0.557558887 
-2.065234288 10.506675163 -0.600334742 
-4.164037919 9.626327873 0.066289042 
-4.079314683 9.668312192 0.059252000 
-1.964047738 10.518690084 -0.602559526 
-2.046940407 10.516729651 -0.472220068 
-4.145095929 9.636958414 0.041993846 
-4.075884960 9.663622501 0.096794403 
-1.963147278 10.518955973 -0.582806808 
-2.066147735 10.516098617 -0.419761604 
-4.100610782 9.655658068 0.078099178 
-4.125520877 9.643954039 0.075442811 
-2.015619091 10.518777594 -0.497680066 
-1.980872534 10.518851089 -0.564782425 
-4.115386059 9.648488806 0.066328771 
-3.976110472 9.721732167 0.047954184 
-1.974972861 10.519215414 -0.553058059 
-2.010769686 10.530520984 -0.528939581 
-4.198713769 9.607703887 0.061460424 
-4.148371485 9.633814341 0.038090162 
-1.931545040 10.521455419 -0.595421501 
-1.959849144 10.512082140 -0.680799645 
-4.073817647 9.666797755 0.080768528 
-4.168014212 9.622473181 0.078772313 
-1.972841032 10.508572147 -0.719176365 
-1.988778700 10.513307472 -0.624543593 
-4.040334350 9.683369230 0.070836952 
-3.994261139 9.700004549 0.081307909 
-1.989113556 10.522474016 -0.452948597 
-1.997921979 10.522519077 -0.448478135 
-4.170558511 9.622133780 -0.073196056 
-4.167111360 9.624710221 -0.063804775 
-1.903067973 10.532985497 0.471252435 
-2.014243382 10.517770277 0.508317448 
-4.160743971 9.626680188 -0.071385757 
-3.611604509 9.850467598 0.033417337 
-1.616646622 10.563913237 -0.169864466 
-1.352051603 10.475207917 1.144541824 
-4.220429394 9.597298451 -0.079284805 
-4.156928385 9.629895990 -0.054501291 
-1.993359094 10.526663140 0.379346718 
-2.011414182 10.522505764 0.435564462 
-4.141194407 9.636062853 -0.076039086 
-4.157209025 9.630703059 -0.045348336 
-2.063581469 10.516382639 0.435125061 
-2.021837510 10.516911061 0.511225385 
-4.044429650 9.632951082 0.185706528 
-4.571972342 9.354781297 -0.057401523 
-2.087609666 10.524949206 0.211556256 
-2.460371060 10.484383848 0.351244521 
-4.065634982 9.674202095 -0.064035931 
-4.093831599 9.661858032 -0.063943819 
-2.030103486 10.510175217 0.664688278 
-2.045990347 10.509189522 0.665211320 
-4.252032753 9.587261711 -0.030883805 
-4.247194124 9.588841519 -0.045178792 
-2.138819158 10.284449097 1.935284927 
-1.783136789 10.392898895 1.619323689 
-4.039128921 9.680063689 -0.060261618 
-4.159486649 9.613786895 -0.048453400 
-2.031460714 10.498423326 0.572282573 
-1.822917885 10.513849148 0.502487018 
-4.340733746 9.510934510 0.172234155 
-3.893848583 9.718033897 0.097042944 
-1.868436458 10.430519872 -1.388729357 
-1.741236961 10.528283704 -0.680799375 
-4.257987251 9.491178957 0.323535188 
-4.261276121 9.542349122 0.046066970 
-1.977997262 10.496169337 -0.531755346 
-1.968473681 10.516022046 -0.419536525 
-4.123870555 9.633624061 0.063825481 
-4.127808882 9.632808777 0.046942392 
-1.983546520 10.524169073 -0.339102621 
-1.958942442 10.529335673 -0.283832544 
-3.957472679 9.728775794 0.048161588 
-3.871373450 9.767682221 0.037108474 
-2.506842096 10.489456806 -0.051215376 
-2.500292503 10.486920116 -0.142855378 
-4.210803293 9.603399243 0.059866009 
-4.104681127 9.651513876 0.089145016 
-2.110424993 10.500555207 -0.615727909 
-1.970272914 10.529661107 -0.365662715 
-4.259248807 9.578099012 0.057493993 
-4.220312812 9.598742637 0.058562477 
-1.974251851 10.526390318 -0.423721558 
-1.956621885 10.414516085 -1.509118838 
-4.265793333 9.543008369 0.092485643 
-3.978020679 9.716665489 0.020847407 
-1.765687145 10.541295512 -0.142168196 
-2.064678141 10.526266715 -0.109312577 
-3.901076614 9.736656580 0.045347760 
-4.003013328 9.676226593 0.059637271 
-1.382035087 10.380131960 -1.647722414 
-1.887000774 10.376012754 -1.656359151 
-4.118890674 9.651053508 -0.020015064 
-4.128302626 9.645980560 -0.017441431 
-1.993903666 10.517119256 0.548184031 
-2.007564559 10.509167132 0.649195191 
-4.102174493 9.659436929 -0.015283025 
-3.875832834 9.773331185 -0.005190418 
-1.986953975 10.391336742 1.522025663 
-1.967325749 10.218959738 2.200222426 
-4.163468481 9.619282742 -0.039205624 
-4.206568847 9.580845866 -0.052594941 
-1.900149147 10.512741695 0.632756464 
-2.012277041 10.497843572 0.519154554 
-4.145226354 9.636967822 -0.038607721 
-4.172213406 9.623582007 -0.034090005 
-1.931309591 10.528408831 0.483671118 
-1.968437629 10.522743634 0.503173685 
-4.167536354 9.626052110 -0.042821273 
-4.161996464 9.628601479 -0.046113111 
-2.061490530 10.495022344 0.760834954 
-2.038314606 10.502568624 0.704900462 
-4.184471956 9.617642454 -0.038379583 
-4.144355019 9.637857537 -0.033498749 
-2.063966411 10.511270067 0.526144582 
-2.048203592 10.517269848 0.447159160 
-4.177117600 9.620277972 -0.048685113 
-4.158481207 9.629452228 -0.042846586 
-1.877254070 10.537230383 0.442925005 
-2.033759398 10.516199985 0.471507743 
-4.187015531 9.615450763 -0.058477794 
-4.114290562 9.647950222 -0.084491137 
-2.111881655 10.509787903 0.430951397 
-2.073287262 10.518293539 0.364308092 
-4.031071785 9.687522660 0.078214680 
-3.945378354 9.724230177 0.071206107 
-2.116039320 10.511697415 -0.366627255 
-2.061340242 10.521802448 -0.287825537 
-4.164451559 9.624823320 0.085247356 
-4.133379633 9.643309386 0.041703511 
-2.107034659 10.511434930 -0.394082302 
-2.045823548 10.522593846 -0.325678907 
-4.172949338 9.615677121 0.072067675 
-4.105521588 9.652993022 0.075381844 
-2.020565551 10.515886939 -0.488061745 
-1.991110050 10.529885085 -0.303361489 
-4.151444974 9.632420127 0.072414971 
-3.990565145 9.706391040 0.067746976 
-2.052700535 10.519664157 -0.383032066 
-2.118802310 10.510308941 -0.386487227 
-4.086528339 9.654368806 0.058283735 
-4.169827819 9.626463245 0.054360550 
-1.999001227 10.492312827 -0.929440511 
-2.021502009 10.483352232 -0.996105430 
-4.430665616 9.440273867 0.164905353 
-4.352534581 9.484258782 0.091918988 
-1.642417026 10.261747766 -2.111134413 
-1.468876774 10.443616979 -1.215215453 
-4.038707238 9.683968750 0.067564292 
-4.095998390 9.659077886 0.055190139 
-2.052906950 10.494743013 -0.794715809 
-2.039923826 10.501999676 -0.734945343 
-4.086246691 9.661097097 0.084743828 
-3.859997051 9.760441985 0.047657049 
-1.941934578 10.512560908 -0.739695117 
-2.039776496 10.500178303 -0.759506669 
-3.903608208 9.735009306 -0.132321813 
-4.431013128 9.474721829 -0.123752674 
-1.907951842 10.449588664 1.494709720 
-1.982517836 10.279009857 2.061109791 
-3.871229395 9.732299770 -0.073229903 
-3.985159321 9.698662716 -0.080186026 
-2.005808082 10.415533959 1.460632533 
-2.024515433 10.424403092 1.391634844 
-3.964253669 9.710251798 -0.072508730 
-4.043123989 9.675644368 -0.074471044 
-1.930233211 10.472066513 1.125527509 
-2.027417371 10.439806734 1.294160049 
-4.076894200 9.665691909 -0.062897959 
-4.067981021 9.668365065 -0.072983494 
-2.016358159 10.424647507 1.397821626 
-1.962269624 10.500611173 0.814991919 
-4.107490122 9.654442514 -0.063578679 
-4.051211412 9.681029669 -0.063291583 
-2.020275517 10.481753732 0.961351185 
-2.029126646 10.499135882 0.684151466 
-4.098470353 9.659009528 -0.058484113 
-4.109627317 9.653985685 -0.070376314 
-2.037536529 10.483792329 0.918511720 
-2.001329204 10.510886677 0.660583841 
-4.140119999 9.638509700 -0.054877056 
-4.147742877 9.631405105 -0.089680882 
-2.067346486 10.505595134 0.606143302 
-2.080305168 10.510015118 0.510694046 
-4.090902621 9.661320830 -0.064698040 
-4.128887356 9.642288152 -0.078153866 
-2.058842230 10.504240730 0.644059279 
-2.076946433 10.507151925 0.561913503 
-4.074381730 9.670582437 0.062088907 
-4.172172265 9.623774025 0.054888199 
-1.965096582 10.495442016 -0.904649064 
-1.977180204 10.517419431 -0.606104139 
-3.997894387 9.704800980 0.063770675 
-3.870276802 9.760642595 0.047621067 
-2.062275051 10.500805947 -0.686065604 
-2.055264782 10.506506947 -0.624214294 
-4.112450654 9.646277219 0.103468675 
-3.970866038 9.709359318 0.088209507 
-2.024195687 10.516244929 -0.520455336 
-2.032577387 10.518231027 -0.477357032 
-4.014051206 9.694571970 0.080115887 
-4.025542025 9.688802330 0.082849326 
-2.078214658 10.511977065 -0.488721404 
-1.994808584 10.517453137 -0.567600224 
-4.156981392 9.630086177 0.054584406 
-4.163661730 9.626313443 0.054095057 
-1.981515216 10.521840708 -0.489539618 
-2.010526834 10.516849501 -0.514213065 
-4.141659051 9.637002338 0.057399702 
-4.092271049 9.659585437 0.062781471 
-1.971944876 10.526501850 -0.418456491 
-2.022046111 10.519153393 -0.450514022 
-4.181109803 9.618659756 0.045543203 
-4.136269187 9.640299826 0.041756781 
-2.005850080 10.512800851 -0.594183999 
-1.993340777 10.522322955 -0.453736871 
-4.162156691 9.627709541 0.043812886 
-4.162629423 9.627115031 0.050900713 
-1.995813112 10.513538215 -0.599685156 
-2.014499182 10.512101314 -0.587387179 
-3.955911262 9.715972722 -0.057226857 
-3.903442164 9.737517214 -0.048760452 
-1.868048749 10.543070346 0.340154692 
-2.026344141 10.523399683 0.470504089 
-4.191239545 9.598959310 -0.010255805 
-4.224592124 9.581877918 -0.072497275 
-2.037141802 10.508862540 0.444294455 
-2.132863622 10.522748372 0.386092791 
-4.463602167 9.442099351 -0.012320328 
-4.331961018 9.513526941 -0.043706717 
-1.904128572 10.543629090 0.311075486 
-2.041074431 10.515348186 0.465235940 
-3.846461857 9.717024662 -0.144397638 
-3.663864009 9.809593096 0.040329181 
-1.102223139 10.520484976 0.162581746 
-1.659622325 10.526388030 0.321286137 
-4.070970080 9.680530830 -0.030628301 
-4.030458179 9.699628402 -0.029457405 
-2.174299600 10.510890099 0.528716706 
-2.152698239 10.518289603 0.456481849 
-4.572187904 9.363996292 -0.008289707 
-3.716513486 9.857756514 -0.038258706 
-2.335573506 10.386238295 1.517322276 
-1.954219342 10.557606820 0.458298676 
-4.014441048 9.693327233 -0.081208320 
-4.079400341 9.683358306 -0.021981073 
-2.491079572 10.479617318 0.435580215 
-2.022761704 10.511434769 0.613943785 
-4.045350914 9.689384669 -0.021128987 
-4.128210647 9.650487997 -0.029339669 
-2.185640662 10.495633508 0.771015832 
-2.248221064 10.491983747 0.618413043 
-4.142883961 9.635874044 0.064057289 
-4.140801681 9.636697575 0.068223839 
-1.999199661 10.528631513 -0.365665899 
-2.023058827 10.524914506 -0.325265702 
-3.597718980 9.870364097 -0.055934217 
-3.674192417 9.853675919 -0.052133002 
-1.848436148 10.326240402 -1.912476804 
-1.942491930 10.385194609 -1.748906974 
-4.189203732 9.615796811 0.038479620 
-4.082899020 9.665802184 0.067806476 
-2.047990726 10.512936817 -0.511314130 
-2.035564170 10.516402969 -0.497245681 
-4.049551576 9.682581788 0.070568054 
-3.960705837 9.721692290 0.063031997 
-2.090319320 10.498499425 -0.656961382 
-2.041325144 10.511184623 -0.550834001 
-4.064854790 9.668006935 0.095181326 
-3.971425708 9.710557786 0.078038643 
-2.016481529 10.510797595 -0.604758357 
-2.042195984 10.505817513 -0.639087206 
-4.016697262 9.689645132 0.087261744 
-4.028850880 9.684551021 0.087510454 
-2.018371307 10.503859048 -0.701061506 
-1.984595512 10.497350055 -0.834456873 
-4.013405999 9.691339854 0.088533752 
-3.990942427 9.702515731 0.078811109 
-2.032904716 10.509569166 -0.603581318 
-2.026487501 10.507175899 -0.648490480 
-3.985194501 9.702956301 0.084003502 
-3.976812989 9.707765235 0.080902887 
-2.056013749 10.499517086 -0.698183662 
-2.016460356 10.506121459 -0.666455875 
-4.115218599 9.646848712 -0.087662536 
-4.124120828 9.641626218 -0.096869421 
-1.979505814 10.518119961 0.585661022 
-1.987096692 10.519988551 0.531379768 
-4.100224268 9.651496247 -0.101357436 
-4.100551507 9.651671123 -0.099768075 
-1.923856765 10.519543618 0.652643095 
-1.927603352 10.522030263 0.613584838 
-4.061821483 9.674690681 -0.066663802 
-4.092200045 9.661271150 -0.060314837 
-1.972837740 10.527971091 0.419229727 
-1.958420851 10.523969810 0.526476675 
-4.039161832 9.682822941 -0.078391634 
-4.108063884 9.650435268 -0.084967981 
-1.977929251 10.512224690 0.676609672 
-1.996257575 10.507864700 0.706162355 
-3.941631098 9.728055621 -0.063335715 
-3.903076514 9.745631229 -0.053678925 
-1.963336306 10.490153241 0.995123802 
-1.951784270 10.510537239 0.779224297 
-3.954281064 9.726042109 -0.061206317 
-3.547266398 9.875898466 0.015627631 
-1.457154269 10.479343820 0.695534310 
-1.584654771 10.488303614 0.478738701 
-4.077494416 9.666997929 -0.079541837 
-4.140416438 9.637540286 -0.080727571 
-1.986313075 10.491443652 0.925699820 
-1.982467605 10.477797866 1.065146437 
-4.012837931 9.696026123 -0.076756304 
-4.029714914 9.687194924 -0.084893211 
-1.991370644 10.493710965 0.902298673 
-1.980558531 10.502964526 0.817343168 
-4.066181283 9.674327480 0.061698066 
-3.953919291 9.741098809 0.032085585 
-2.034952819 10.520587845 -0.416751648 
-2.099931021 10.526482818 -0.482103473 
-4.050005627 9.681231049 0.062414687 
-4.087817955 9.663403490 0.062713319 
-2.054522944 10.517495363 -0.436178015 
-2.035465196 10.511173377 -0.586602731 
-4.083897205 9.664376667 0.071623301 
-4.070770780 9.668859421 0.081254489 
-2.008191847 10.523567837 -0.415871475 
-2.016413628 10.518652417 -0.486371538 
-4.028497706 9.689325623 0.075288439 
-4.057743167 9.676793312 0.072246675 
-2.003228116 10.523313679 -0.431478560 
-2.007220189 10.525221213 -0.387397777 
-4.102260826 9.654107738 0.074854379 
-4.003450297 9.694256701 0.094442154 
-2.002750656 10.509533146 -0.642674928 
-1.969406405 10.511719610 -0.667821896 
-4.138305962 9.635938163 0.084043882 
-4.111296460 9.648502827 0.085857145 
-1.997024858 10.511587381 -0.616640933 
-2.008971484 10.511642716 -0.595512895 
-4.060341470 9.673115266 0.076553243 
-4.047527571 9.678308785 0.078948525 
-1.999936129 10.505735991 -0.709154122 
-1.964958398 10.503985360 -0.772549641 
-4.049655439 9.677035007 0.083284797 
-3.944837015 9.723352827 0.068806719 
-2.115083667 10.467585562 -0.993672228 
-1.818313940 10.462399756 -1.182622576 
-4.095990153 9.662007769 -0.028318610 
-4.178375848 9.620975233 -0.036958488 
-2.032326273 10.511456261 0.564247908 
-2.042356570 10.511518583 0.557181347 
-4.124367085 9.646798304 -0.041827660 
-4.108328669 9.654509767 -0.049726997 
-2.007861473 10.509473438 0.651852307 
-2.017593154 10.514284740 0.560383347 
-4.128454263 9.646502682 -0.027535200 
-4.141777919 9.635055348 -0.035501109 
-1.991901629 10.516414736 0.582532214 
-1.926228425 10.437424266 1.369649140 
-4.132587520 9.643164734 -0.048966202 
-4.139695082 9.639446743 -0.045540231 
-1.922768872 10.532300146 0.436042290 
-1.962213510 10.521181173 0.546627196 
-4.133490671 9.640263424 -0.080756067 
-4.041620944 9.679774642 -0.090768576 
-2.033644077 10.509109121 0.607713028 
-1.993057005 10.514526807 0.617250985 
-4.079161081 9.665956358 -0.076394240 
-4.102425740 9.655027442 -0.078800641 
-1.989669840 10.509163722 0.696951789 
-1.963249437 10.512608874 0.696138588 
-4.161952995 9.622908735 -0.106264236 
-4.154372913 9.628218050 -0.093587074 
-2.095607091 10.494275825 0.723784452 
-2.044273441 10.493604144 0.809472256 
-4.166199183 9.624215600 -0.079922235 
-4.097752794 9.656548032 -0.080338639 
-2.054082307 10.482585662 0.921106058 
-2.061773298 10.493767012 0.789077978 
-3.989054339 9.705723054 0.074574442 
-3.899109637 9.743135005 0.064999418 
-2.091677034 10.518831911 -0.254681297 
-2.058322636 10.523800150 -0.250184383 
-4.022867055 9.692001158 0.075551433 
-3.996455909 9.703688656 0.073240881 
-2.067197291 10.519696561 -0.314005950 
-2.012750780 10.523606311 -0.407752185 
-4.100021222 9.656483903 0.074660808 
-4.151026332 9.632498635 0.069885609 
-2.111459176 10.508560998 -0.448560150 
-2.073448819 10.511408788 -0.487122386 
-4.141343132 9.635983325 0.087474660 
-4.086740749 9.661380678 0.085685284 
-2.075932432 10.518142787 -0.342924246 
-2.065389295 10.517461513 -0.382839997 
-3.956105823 9.722111409 0.059098600 
-4.056567936 9.678185197 0.059170000 
-1.979159178 10.528108927 -0.376633710 
-1.996472529 10.520609765 -0.482316688 
-3.976788832 9.711708170 0.067124729 
-4.006235004 9.698682499 0.069702038 
-2.064243437 10.519117271 -0.343565496 
-2.032097099 10.514341885 -0.516892437 
-4.036057613 9.685209239 0.072361566 
-4.072521415 9.667948925 0.077589602 
-1.959530475 10.524722943 -0.489376775 
-1.991084004 10.522652268 -0.468302793 
-3.966130992 9.716695489 0.065265851 
-4.044739872 9.682255221 0.067022721 
-2.018449357 10.520081772 -0.454917745 
-2.062140346 10.504586622 -0.595040527 
-4.032690001 9.690267064 -0.048517103 
-4.151549710 9.632187607 -0.066655450 
-1.981690981 10.524450533 0.454825823 
-2.000491310 10.521826418 0.451462798 
-4.151853903 9.632933629 -0.049693399 
-4.147441123 9.635347795 -0.046559819 
-1.981760608 10.525227481 0.440714474 
-1.969280675 10.522838190 0.523986819 
-4.070069621 9.670153669 -0.066702915 
-4.171491687 9.622048379 -0.066365102 
-1.956939149 10.529744735 0.403561417 
-1.991371350 10.521116692 0.491801434 
-4.183121136 9.616122998 -0.069302509 
-4.159097401 9.629148313 -0.062380507 
-1.977041751 10.530701430 0.366772125 
-1.963904709 10.527783714 0.430007172 
-4.149455431 9.632340436 -0.083140630 
-4.142852330 9.636283690 -0.075642446 
-1.994715159 10.512645588 0.655196764 
-2.001318828 10.503856545 0.743639507 
-4.139274200 9.637935604 -0.072739429 
-4.160380194 9.627400195 -0.077569347 
-1.872026513 10.515282380 0.788247093 
-1.985132613 10.511609327 0.670118376 
-4.126798944 9.643218877 -0.080450438 
-4.121255106 9.645173457 -0.087489775 
-1.926707119 10.515679117 0.707004737 
-1.977563373 10.520067597 0.544842733 
-4.098982968 9.653914392 -0.094522565 
-4.227818177 9.565040515 -0.153819626 
-1.957068840 10.523187010 0.535431868 
-1.901695892 10.483822931 0.980636186 
-4.009840382 9.696572695 0.077751956 
-4.043353879 9.681609770 0.082115021 
-1.999338992 10.527346752 -0.374353744 
-2.005282542 10.525690441 -0.416750149 
-4.043882711 9.682715098 0.076525647 
-4.017246154 9.694492121 0.075194782 
-2.006025089 10.527877917 -0.348144130 
-2.031671943 10.523124974 -0.385641246 
-4.031453655 9.690279652 0.064829820 
-4.045435854 9.682630181 0.073933891 
-2.416696714 10.485928858 -0.460907164 
-2.313808349 10.492934364 -0.550163440 
-3.776182729 9.807604606 -0.021790684 
-4.067601960 9.670589949 0.051796113 
-1.757078355 10.528699903 -0.493728778 
-2.191119661 10.536804054 -0.286342217 
-4.117436468 9.648244349 0.068697610 
-4.124845069 9.644313790 0.071438638 
-1.926217254 10.476482868 -1.105695581 
-1.863948545 10.508094853 -0.876112737 
-4.175194404 9.619292372 0.083446994 
-4.032576043 9.687126227 0.072769450 
-1.981774830 10.480019779 -1.018071119 
-1.976413701 10.489551314 -0.936675648 
-4.093599791 9.656302062 0.089096627 
-4.027447986 9.685411965 0.085834218 
-2.017678471 10.510677668 -0.617614979 
-1.956310078 10.522804169 -0.538334747 
-4.051586519 9.679010945 0.070899957 
-4.043907972 9.681616788 0.071421748 
-1.997169976 10.513300397 -0.619332710 
-2.005641120 10.513032786 -0.602704316 
-4.188580939 9.526892219 -0.267709677 
-4.295534764 9.438801370 -0.363708372 
-1.617680565 10.504314344 0.545880079 
-1.732090433 10.497549057 0.577069214 
-4.065430387 9.671993849 -0.081051390 
-4.096488558 9.660392026 -0.061732319 
-1.826200377 10.474459182 1.205914459 
-1.911225350 10.480538354 1.102189940 
-3.827179970 9.774051479 -0.044203092 
-4.041919609 9.675138649 -0.110104204 
-1.970524303 10.483527515 1.011906118 
-1.991264735 10.463749243 1.177712135 
-4.055639949 9.677969912 -0.067780624 
-4.071723317 9.670135465 -0.072321491 
-1.963517460 10.512028317 0.733722366 
-1.968237375 10.510422152 0.766341892 
-4.026649971 9.694761882 -0.051403803 
-3.948371253 9.729033175 -0.054506912 
-1.992911828 10.527169886 0.411938148 
-1.809847288 10.562905919 0.338096383 
-4.111240704 9.651231447 -0.076286134 
-4.150887288 9.631767883 -0.080139157 
-2.149086767 10.468420693 0.938402383 
-2.126583894 10.479941928 0.872057563 
-3.906410440 9.744586238 -0.054702047 
-3.857522839 9.766454900 -0.044603519 
-2.136503744 10.487805678 0.738814574 
-2.127359954 10.496400301 0.655138245 
-4.031008796 9.671169188 -0.080784432 
-4.044443543 9.652826301 -0.118991004 
-2.040025413 10.521790101 0.551850386 
-1.634043738 10.501426873 1.052800720 
-4.133687569 9.639942242 0.084919095 
-4.147343220 9.634120424 0.081372521 
-1.980213374 10.519721398 -0.584874652 
-1.988710723 10.504097372 -0.775254071 
-4.052408164 9.675281038 0.091551771 
-4.109600119 9.653239105 0.072465114 
-2.056954111 10.513692479 -0.496375161 
-2.045899241 10.512929279 -0.545868378 
-3.888274085 9.749383125 0.048572395 
-4.035610493 9.682248521 0.090324747 
-2.042859905 10.519189696 -0.427912072 
-2.028707069 10.516894678 -0.491270798 
-4.057420919 9.675601962 0.079482889 
-3.865518499 9.756795091 0.035546405 
-1.987244753 10.528412950 -0.352915511 
-1.630127866 10.484271382 -0.872974100 
-4.080743101 9.663487838 0.046488194 
-4.113199405 9.648127711 0.044573624 
-2.014114023 10.526958130 -0.530630424 
-2.007919471 10.512384254 -0.603576543 
-4.126932161 9.641573477 0.056450043 
-4.094432368 9.657238563 0.058492915 
-1.900275296 10.527946253 -0.551616742 
-1.946742551 10.518378562 -0.633835010 
-4.157859514 9.620459668 0.012449748 
-4.022180456 9.677081779 0.077859517 
-1.951730006 10.463225259 -1.088042953 
-1.840487073 10.490871866 -0.985323104 
-3.852016866 9.734209793 0.020242215 
-3.871620760 9.729961929 0.047101027 
-1.951853894 10.441944410 -1.324573136 
-2.027171081 10.494970146 -0.899203641 
-3.976296017 9.714459488 -0.055497739 
-4.024110688 9.695367877 -0.050520038 
-2.103561481 10.418814778 1.375253290 
-2.071140586 10.499422700 0.712202525 
-3.951557297 9.684781568 -0.120306944 
-3.832586919 9.747317254 -0.084726000 
-1.928414400 10.457445913 1.017370621 
-1.833955275 10.441061329 1.248258664 
-4.433929566 9.471661508 -0.103024773 
-3.470979093 9.908013505 0.115930248 
-2.104139079 10.303729644 1.903693368 
-2.214151523 10.418399355 1.375507069 
-3.829921050 9.766901039 -0.031877910 
-3.968329217 9.729158150 -0.025632404 
-1.972205705 10.511588939 0.703659212 
-2.110038589 10.500144024 0.676660860 
-4.173671224 9.621818637 -0.060355889 
-4.175950564 9.620035136 -0.071074449 
-2.173391469 10.484029551 0.723878061 
-2.118106196 10.493255075 0.707043427 
-4.204718914 9.606990643 -0.038993483 
-4.163519397 9.627206667 -0.057278957 
-2.190001248 10.450303469 1.061177959 
-2.078355135 10.475257715 0.969109109 
-4.176746461 9.619178611 -0.074474962 
-4.419195444 9.454145495 -0.015501902 
-2.049279839 10.493689370 0.776456754 
-1.658832154 10.517973062 0.544555332 
-4.106682295 9.653027464 -0.078456113 
-4.084926638 9.663244518 -0.079601234 
-2.036150902 10.487135647 0.902899395 
-2.034287438 10.501522082 0.746142829 
-4.123618211 9.644642709 0.079452212 
-4.103962137 9.650170208 0.103050772 
-1.944893004 10.511772444 -0.712047557 
-2.034041548 10.507502921 -0.624201313 
-4.127140969 9.643482716 0.077096102 
-4.121780870 9.642592211 0.100614917 
-1.991602850 10.511328349 -0.650842892 
-2.005774130 10.503278820 -0.740995417 
-4.161018690 9.620803081 0.101338670 
-4.114985040 9.619135965 0.135695775 
-1.913178716 10.520299656 -0.640401724 
-1.774404718 10.549310658 -0.371097036 
-4.181308581 9.615543483 0.092489277 
-4.144472998 9.634201737 0.086270707 
-2.018770235 10.493142473 -0.831758747 
-2.019494099 10.508172423 -0.667866957 
-4.117114384 9.648573438 0.072649517 
-4.156459210 9.631136666 0.056744722 
-1.938706469 10.540572655 -0.252910709 
-1.551389302 10.543690771 -0.202766313 
-4.177741605 9.618797224 0.069652440 
-4.144886669 9.634703506 0.073258305 
-1.930529889 10.539050459 -0.269004488 
-1.947183316 10.534653723 -0.349293487 
-4.125707325 9.654776746 0.029907298 
-4.162948904 9.626903802 0.065782255 
-1.989423108 10.532147333 -0.275956990 
-2.058609290 10.521226860 -0.338193260 
-4.112332268 9.649326939 0.079666365 
-4.127243757 9.643712373 0.068759448 
-1.965050200 10.534261818 -0.299141688 
-1.981054247 10.530656756 -0.328091411 
-4.090867128 9.659337818 -0.076229076 
-4.131502905 9.640565285 -0.076947040 
-2.108179367 10.495260626 0.670543951 
-2.037159810 10.510558241 0.567652302 
-4.071909594 9.669174256 -0.072601509 
-3.887062866 9.756331770 -0.036692088 
-2.025835733 10.513802254 0.550204211 
-2.196416209 10.496416156 0.469286599 
-4.145316479 9.635270778 -0.063036152 
-4.126000353 9.643987188 -0.068983055 
-2.143713118 10.496179125 0.582036479 
-2.043146617 10.506331862 0.629904511 
-4.082460931 9.663769772 -0.075320111 
-4.095786201 9.657789917 -0.074925202 
-2.259579836 10.479716598 0.596344121 
-2.058163265 10.498186626 0.718629485 
-4.081788133 9.667012622 -0.059561545 
-4.141618883 9.636886244 -0.071220161 
-2.061159301 10.527075994 0.097575355 
-2.032329541 10.529160338 0.185978878 
-4.003360975 9.713836520 -0.017124335 
-4.087622082 9.696295806 0.075802440 
-2.004086780 10.532308153 0.187896587 
-1.969058153 10.535011549 0.224213092 
-4.147631668 9.634448384 -0.067218883 
-4.104359606 9.657164997 -0.034496013 
-2.020604003 10.527961681 0.276548066 
-1.978696501 10.528755274 0.389363776 
-4.127151518 9.645453747 -0.048378054 
-4.070183130 9.673332953 -0.051848441 
-2.065227247 10.520325433 0.317773225 
-2.037977010 10.525315828 0.295985908 
-3.639023882 9.798889704 0.133231993 
-3.728719089 9.755049054 0.102190018 
-2.095622076 10.363214759 -1.598876752 
-2.028939852 10.487651350 -0.786703171 
-4.153908911 9.593927756 -0.117068101 
-3.504346545 9.906685802 -0.079498819 
-2.555222408 10.300220935 -1.807183269 
-2.211179472 10.439264571 -1.075817034 
-3.855700691 9.777116175 0.026289375 
-3.777776683 9.809280793 -0.001226872 
-2.014842525 10.537613581 0.081165192 
-2.044410580 10.533108536 0.047615716 
-3.652898172 9.849963348 -0.038322347 
-3.612858124 9.866354855 -0.057735126 
-2.113339535 10.520011382 -0.387877736 
-2.174104681 10.509303191 -0.397590663 
-4.035300379 9.685374382 0.067755167 
-3.926756157 9.734164380 0.047074513 
-1.943342175 10.530493933 -0.501358679 
-2.031283645 10.525528750 -0.412123467 
-4.387087974 9.456881392 0.170940105 
-4.268725608 9.531708759 0.166642755 
-2.427156698 10.524062231 -0.317708824 
-2.033861474 10.525447204 -0.449524944 
-3.747392262 9.773632798 0.074136578 
-3.625413439 9.828008047 -0.014837429 
-1.984648837 10.299620130 -1.884920513 
-2.113028679 10.395357529 -1.407985019 
-4.333128739 9.489380945 0.153833509 
-3.854342607 9.780421647 0.001591874 
-2.163091568 10.499575137 -0.619703196 
-2.217200342 10.500403945 -0.519782044 
-4.091299990 9.654233211 -0.104511038 
-4.028771246 9.681223988 -0.103673648 
-2.005221471 10.508204272 0.665400587 
-2.021428927 10.507827687 0.634385203 
-4.118478920 9.648857788 -0.050778012 
-4.115773734 9.650708296 -0.054254864 
-2.062168738 10.495715317 0.761118438 
-1.968831020 10.511527808 0.696340761 
-4.279671030 9.526861347 -0.138688255 
-4.161661063 9.619938392 -0.085893661 
-1.859659222 10.509721248 0.725592407 
-1.856343760 10.471427884 1.038026797 
-4.256492772 9.559172212 -0.095778815 
-4.318768814 9.499304947 -0.087302423 
-1.904179315 10.499444139 0.712062601 
-1.662434059 10.503594808 0.569450519 
-3.901983993 9.751300740 -0.038952418 
-4.066850089 9.670701911 -0.083016493 
-2.039947498 10.515113355 0.484743399 
-2.167236062 10.501446861 0.439744896 
-4.064878877 9.671603813 -0.080417657 
-4.066580886 9.668368558 -0.093353225 
-2.043629976 10.507589566 0.625874202 
-2.034235354 10.513668772 0.539965551 
-4.136143319 9.626398400 -0.066000970 
-4.166324622 9.589909103 -0.137048568 
-2.050199143 10.469418352 1.021352685 
-2.025137903 10.510026449 0.556934560 
-4.234618763 9.563082384 -0.082553703 
-4.221369615 9.591070332 -0.067438736 
-1.867186095 10.492576783 0.921816635 
-1.777183119 10.503580428 0.776762612 
-4.278214759 9.539961987 -0.044256391 
-3.732175859 9.771944700 0.118630590 
-2.017597431 10.315242387 -1.917071138 
-1.811063677 10.409499740 -1.538083619 
-3.906400981 9.746521205 0.050014884 
-3.856474945 9.766489525 0.038609940 
-2.024865674 10.512596726 -0.605699459 
-2.082867965 10.501617494 -0.671440091 
-3.903753329 9.745149089 0.032673762 
-3.848320637 9.780663210 0.007011211 
-2.114737487 10.490888948 -0.734330770 
-2.151727563 10.501346892 -0.462865963 
-4.069885572 9.664055077 0.077762560 
-4.332476821 9.508214983 0.075498297 
-2.118451864 10.523695208 -0.501799452 
-2.449002674 10.489372087 -0.421379023 
-4.131363607 9.638986442 0.088838500 
-4.076780595 9.666361000 0.077615341 
-1.983265702 10.513038803 -0.618674473 
-1.999697297 10.521916172 -0.443233714 
-4.081576847 9.624711475 0.192793731 
-4.141142223 9.606281220 0.094107383 
-1.864508775 10.542632782 -0.186117759 
-1.807473950 10.514863811 -0.825939057 
-4.091015216 9.658809543 0.076313902 
-3.994685713 9.704688377 0.060492375 
-1.947016910 10.513181427 -0.681316800 
-2.015786534 10.515345896 -0.530723915 
-4.125991670 9.644199304 0.059965387 
-4.110244488 9.651987249 0.061842375 
-1.991288868 10.506156010 -0.704921063 
-2.013930396 10.502795858 -0.718367161 
-4.158737568 9.626059035 -0.088403409 
-4.174162518 9.620005698 -0.069643802 
-1.946242755 10.527245908 0.469903464 
-1.972870016 10.521850707 0.505538009 
-4.101834331 9.655377776 -0.063428273 
-4.158921828 9.628196867 -0.064853396 
-2.029847865 10.521972979 0.369291791 
-1.978992896 10.516598468 0.584626187 
-4.219492164 9.597643451 -0.052148397 
-4.381370361 9.510125489 -0.074170748 
-1.682271321 10.402632542 1.656611310 
-1.661268788 10.555646196 -0.297661419 
-4.157561482 9.631306331 -0.030944524 
-4.361233912 9.526833584 -0.051678024 
-1.801770707 10.548780931 0.333940549 
-1.846537503 10.544947887 0.295798910 
-4.144697805 9.645981249 -0.023120761 
-4.156034059 9.615349280 -0.035130419 
-2.036420077 10.520721501 -0.011614262 
-1.926778221 10.534708172 0.204944805 
-3.831181554 9.735275933 -0.082460547 
-4.180393020 9.613220496 -0.082892162 
-2.115136479 10.507197513 0.455159878 
-2.138686983 10.482102276 0.692109605 
-3.556141851 9.885677541 0.112405811 
-3.666218923 9.852045216 0.081374813 
-2.175019042 10.518467014 0.131371183 
-2.092634968 10.496416482 0.525496280 
-4.361440936 9.529194963 -0.151065470 
-4.262038171 9.561037896 -0.218110522 
-1.798552191 10.537668587 -0.348931241 
-1.472942922 10.557146463 -0.345576436 
-4.162594835 9.620563843 0.103519517 
-4.091301571 9.662285547 0.117440898 
-1.879159629 10.546909645 -0.577742131 
-2.167984871 10.510490615 -0.697746229 
-3.730775079 9.800150622 -0.021768000 
-4.281787764 9.545648714 0.154003370 
-1.801195396 10.324075299 -1.893526868 
-2.069884105 10.490350304 -0.678278854 
-3.896122049 9.736165977 0.055475767 
-4.090142143 9.640862318 0.104137753 
-2.078779433 10.501107064 -0.515057087 
-2.005159930 10.504704633 -0.536089931 
-4.161583386 9.603052212 0.076330912 
-4.321187585 9.520517732 0.114902944 
-1.983505226 10.514651693 -0.559431199 
-2.050646497 10.514735496 -0.468471467 
-3.978601769 9.698092664 0.105272213 
-3.973681051 9.724049225 0.034351337 
-1.865673532 10.540165635 -0.357834724 
-2.034883048 10.529912550 -0.478675969 
-4.120841837 9.646415199 0.047795940 
-4.174051236 9.620495072 0.035633386 
-1.978235833 10.534909220 -0.165334173 
-1.984728616 10.529432931 -0.307509071 
-4.120450652 9.646954128 0.059952650 
-4.201410372 9.607709950 0.054788058 
-1.967212187 10.536987317 -0.156636882 
-1.960242561 10.535046141 -0.246471840 
-4.181486214 9.615541962 0.080578755 
-4.181436409 9.616477050 0.071559267 
-1.946414261 10.533958129 -0.318780767 
-1.909004644 10.538068946 -0.329679510 
-4.128081953 9.642695497 -0.076907624 
-4.137428901 9.638515526 -0.070052381 
-1.988585065 10.518198496 0.550130133 
-1.993423718 10.508512858 0.685989670 
-4.087152833 9.663606101 -0.058660632 
-4.083415115 9.660252925 -0.070253311 
-2.026532329 10.525756961 0.301899570 
-1.981979500 10.519151844 0.541594041 
-4.145992677 9.634825478 -0.069380519 
-4.166802940 9.625452405 -0.064692601 
-1.964780510 10.522234545 0.541192366 
-2.047219873 10.493683876 0.794946966 
-4.127085902 9.641885108 -0.084644527 
-4.184762608 9.615954733 -0.069864265 
-2.058650554 10.504701601 0.640694923 
-1.982273120 10.514991996 0.622931516 
-4.086076315 9.643613261 -0.086275468 
-4.009413437 9.672409927 -0.116222527 
-2.049050220 10.503776533 0.566055980 
-2.005506040 10.508364118 0.576195491 
-4.100131535 9.661186801 -0.053413545 
-3.937997270 9.725463561 -0.022170429 
-2.356999646 10.513088244 -0.409322731 
-2.167601507 10.548587084 0.150277367 
-3.985236306 9.700911171 -0.086586810 
-4.046889841 9.676103475 -0.080808701 
-1.984462432 10.525152339 0.421593904 
-1.956337566 10.524443341 0.491443182 
-4.003165428 9.696332379 -0.074117892 
-4.115221987 9.643865988 -0.091688272 
-1.988886440 10.527565742 0.400540436 
-2.045286248 10.513369736 0.546432815 
-4.303994233 9.556021043 -0.041110892 
-4.124384899 9.637877413 -0.088032856 
-2.134211297 10.313576049 -1.901431631 
-2.179863936 10.505190314 -0.401640810 
-3.912439338 9.735225671 0.029191659 
-4.011965428 9.693164804 0.049701340 
-1.595206725 10.517153425 -0.792794427 
-1.844999146 10.523250393 -0.563145504 
-4.131401743 9.629433554 0.069505230 
-4.168227230 9.611113298 0.081256422 
-1.938940325 10.533045746 -0.448239124 
-1.973311866 10.531937403 -0.119940985 
-3.748743395 9.796976733 -0.008712795 
-3.873301369 9.737866115 0.035063161 
-2.333618125 10.502868759 -0.378855780 
-2.527749697 10.478719140 -0.244741567 
-3.938512510 9.722149473 0.081218471 
-4.057715121 9.673869879 0.080385487 
-1.986807053 10.517376738 -0.565196083 
-1.982255651 10.522429662 -0.481925717 
-4.128423204 9.640115894 0.091644418 
-4.106114480 9.652593331 0.070625537 
-1.973011155 10.517621965 -0.581575417 
-1.944094409 10.501038319 -0.842063648 
-4.177652159 9.573175998 0.159526877 
-4.139466872 9.625122320 0.050475144 
-2.203299177 10.306587254 -1.830003947 
-1.739345687 10.442160749 -1.272131945 
-4.273983374 9.500554433 0.266238330 
-4.041802585 9.682105726 0.077701127 
-1.922575923 10.512512464 -0.748516989 
-1.935990184 10.509753785 -0.772051065 
-4.074391632 9.672148057 -0.028629497 
-4.112847186 9.652332389 -0.048808435 
-1.995717704 10.495889693 0.831400083 
-2.001338477 10.500800011 0.774568619 
-4.154531820 9.632605631 -0.041290537 
-4.026455472 9.690010069 -0.072527644 
-1.984559210 10.485476677 0.970240105 
-2.013360678 10.475494043 1.195491886 
-4.262323104 9.550172021 0.035142155 
-4.213686429 9.578274053 -0.028726042 
-1.693113726 10.500697344 0.638717992 
-1.919634865 10.516416019 0.465695960 
-4.145841357 9.634197266 -0.071905906 
-4.226265876 9.594788400 -0.080763306 
-1.894079114 10.486726809 1.048042151 
-1.872275596 10.515265807 0.773802568 
-4.103454013 9.654022302 -0.079512108 
-4.109304855 9.650768555 -0.080765219 
-2.068987697 10.496362629 0.741073236 
-2.050134548 10.509661138 0.570162235 
-4.095846715 9.658859757 -0.075039550 
-4.037350936 9.686104879 -0.069837807 
-2.067399815 10.507045731 0.576034530 
-2.142951030 10.490789789 1.024257518 
-4.071453890 9.668696297 -0.081020299 
-3.842074903 9.770167002 -0.048243025 
-2.086748826 10.508971282 0.497432018 
-2.033163472 10.509126616 0.605371770 
-4.107799696 9.651195631 -0.091320290 
-4.014419338 9.692996127 -0.086017622 
-2.160639416 10.493238294 0.619256784 
-2.054316806 10.507043478 0.629562610 
-3.922920669 9.733036680 0.067259201 
-3.888812938 9.746078886 0.065167125 
-2.164576666 10.508147890 -0.288957873 
-2.050593704 10.521023992 -0.345788902 
-3.890427902 9.743709622 0.063253693 
-3.957355820 9.716563010 0.077807967 
-2.218047323 10.495727378 -0.436897551 
-2.084298635 10.508356550 -0.532021529 
-3.695724605 9.816050239 0.021169241 
-4.039471240 9.680709193 0.086387757 
-2.013189600 10.516362538 -0.489696908 
-2.058331941 10.508153535 -0.563482009 
-4.016330399 9.691177849 0.088228797 
-3.909656068 9.740406624 0.059994458 
-2.242422575 10.489339413 -0.496662515 
-2.030324403 10.517243751 -0.505935748 
-4.130146315 9.639139397 0.086925640 
-4.244948655 9.539214804 0.120355958 
-1.958115780 10.525075082 -0.493869235 
-1.897518861 10.537074926 -0.573082758 
-4.143856095 9.629429433 0.114392338 
-4.068069482 9.665588745 0.099431314 
-1.971881969 10.517307924 -0.586302258 
-1.958912693 10.521798780 -0.547636661 
-4.217561184 9.596934796 0.094939685 
-4.263544797 9.571434766 0.099784301 
-1.948391064 10.509329371 -0.739896819 
-1.972441247 10.517711405 -0.575324046 
-4.167154957 9.621195035 0.098981554 
-4.174054433 9.618388335 0.092302746 
-1.972155836 10.482120810 -1.001062138 
-1.928914381 10.513257742 -0.713935911 
-4.120720213 9.644887365 -0.098647243 
-4.146644490 9.640366224 -0.048004392 
-1.896015702 10.409180142 1.618285423 
-1.882620204 10.348504366 1.739101092 
-4.129801868 9.643511292 -0.057331422 
-4.080642581 9.666285116 -0.055833646 
-1.966128902 10.473999362 1.086112492 
-1.879595866 10.448013978 1.359269211 
-3.981067599 9.709838938 -0.067942052 
-4.085192818 9.663968622 -0.062235407 
-2.007318897 10.474016718 1.043464956 
-2.010596567 10.474122404 1.047331820 
-4.095857628 9.651813992 -0.107901145 
-4.158228331 9.620719155 -0.082590543 
-1.944947551 10.460706327 1.212048115 
-1.948810065 10.533330090 0.182043586 
-4.051053678 9.681094139 -0.061732488 
-3.933915664 9.737353386 -0.040037165 
-2.160790284 10.495196599 0.607304350 
-2.152184433 10.495205572 0.601518119 
-4.034447681 9.688578543 -0.066456223 
-3.970689094 9.713962477 -0.072531335 
-2.136430101 10.500795831 0.550673526 
-2.109545528 10.498327050 0.669551900 
-4.007320963 9.676090607 -0.068575187 
-4.439652121 9.467027338 0.028526383 
-1.962362975 10.539703682 0.072656028 
-1.938310410 10.512945427 0.596149873 
-4.055305111 9.660654195 -0.022568616 
-4.082977632 9.666093665 -0.037869466 
-1.945053026 10.391780799 1.474949605 
-2.327624768 10.489761875 0.584147582 
-3.999474942 9.695076586 0.093941894 
-3.799950904 9.784031321 0.016211605 
-2.051822893 10.509566153 -0.567026938 
-2.086780377 10.492685970 -0.763614797 
-3.900472958 9.744363582 0.055615293 
-3.851105357 9.765965872 0.040737970 
-2.139811713 10.494205673 -0.640279945 
-2.084145659 10.511622858 -0.473378434 
-3.840137258 9.767498648 0.042410499 
-3.833355542 9.769253046 0.044977531 
-2.043498067 10.503025692 -0.691850346 
-2.123348295 10.494415021 -0.705031054 
-3.936021162 9.728143666 0.067412202 
-3.872753174 9.759759810 0.043552133 
-2.149237510 10.479012882 -0.833721133 
-2.128117648 10.487690271 -0.751263425 
-3.886824612 9.743881375 0.065853904 
-3.991175563 9.698087380 0.090463489 
-1.982848170 10.509819959 -0.687074739 
-1.941884284 10.482275822 -1.035478727 
-4.005663216 9.695720481 0.114590810 
-4.003059723 9.703671668 0.050712386 
-1.877144053 10.450935395 -1.383138147 
-2.134074312 10.214605312 -2.228778511 
-4.034603448 9.676677591 0.108580645 
-4.109002910 9.643575194 0.083335092 
-2.021314065 10.515161540 -0.520909316 
-1.992536206 10.529045653 -0.123710084 
-3.939097289 9.724215629 0.073096044 
-3.966513559 9.710861519 0.084392609 
-2.004942752 10.513309076 -0.610321769 
-2.039172015 10.497296374 -0.762765488 
-4.203312733 9.607421290 -0.065863658 
-4.125101005 9.644851282 -0.072322365 
-1.959461525 10.487230158 0.974838454 
-1.873929312 10.487581205 1.063400689 
-4.221489730 9.598196004 -0.058263575 
-4.300500550 9.510512804 -0.100034129 
-1.853027243 10.458540715 1.295982428 
-1.800547142 10.489433569 1.113585756 
-4.283360065 9.565266754 -0.088437005 
-4.232086654 9.590657344 -0.090085191 
-1.955111813 10.452653027 1.263429878 
-1.811114036 10.488597054 1.117242739 
-4.217321624 9.597777999 -0.086370179 
-4.215193331 9.599632475 -0.086570625 
-1.928593297 10.496901524 0.904258460 
-1.957691276 10.508349214 0.731078447 
-3.951864131 9.721085634 -0.069140029 
-4.002180758 9.699352186 -0.080469054 
-2.169088863 10.481831347 0.765997710 
-2.100149088 10.488398802 0.804589788 
-4.013248988 9.688042976 -0.103009042 
-4.046991837 9.677281909 -0.093339036 
-2.179863988 10.467629316 0.907768333 
-2.042267865 10.489665736 0.856156735 
-3.899278310 9.745216265 -0.057914122 
-3.979273750 9.710478643 -0.073332431 
-2.130917520 10.496454304 0.638945817 
-2.056804232 10.498067799 0.745284482 
-3.943195325 9.722681607 -0.078561453 
-3.959484802 9.715710497 -0.080058008 
-2.085111449 10.489794008 0.805683319 
-2.051262942 10.492955448 0.819295992 
-3.709775899 9.825790425 -0.016577026 
-3.865254200 9.760236514 0.041064612 
-2.189468959 10.501743371 -0.397700343 
-2.154886654 10.506530838 -0.398490090 
-3.923775307 9.732679669 0.068024461 
-3.930961155 9.734546576 0.055014070 
-2.230476108 10.496538120 -0.378726649 
-2.144507217 10.503788270 -0.475749667 
-4.148888068 9.617172533 0.016519494 
-4.112070325 9.652002645 0.047222041 
-1.932397373 10.403280449 -1.413315005 
-2.265234784 10.481147774 -0.841382162 
-4.021450004 9.666195233 0.096621076 
-3.907270400 9.742400125 0.054947394 
-1.779951935 10.537827785 -0.315196949 
-1.896549149 10.549456368 -0.108635902 
-4.021961282 9.693317088 0.063776730 
-4.014020951 9.695231991 0.072063948 
-1.985725242 10.514726060 -0.620750498 
-1.802177927 10.272766440 -2.057037436 
-4.116931562 9.648000222 0.074721167 
-4.055776036 9.674679253 0.082398551 
-1.972524078 10.519425526 -0.554961119 
-1.923842383 10.527641533 -0.522749232 
-3.974876410 9.707876898 0.084559766 
-4.206838308 9.601281687 0.097272510 
-1.975195160 10.514226466 -0.630091169 
-1.868612694 10.518942900 -0.736826178 
-4.226188982 9.567805834 0.014635938 
-4.258273555 9.554446551 0.042912437 
-1.690519668 10.495309356 -0.730217722 
-1.948760656 10.510063203 -0.528754887 
-4.194802101 9.609891984 -0.077403837 
-4.113022717 9.649729442 -0.070708276 
-1.984756187 10.477316208 1.036396321 
-1.936845595 10.447929956 1.314057854 
-4.137983446 9.640102942 -0.046462290 
-4.144148627 9.636839128 -0.051281989 
-1.963802504 10.494788170 0.887709484 
-1.957547986 10.500706745 0.834278794 
-4.708982798 9.272341336 -0.200850368 
-3.908583257 9.716871470 -0.060186692 
-1.943967194 10.497485288 0.887662545 
-1.945581744 10.483088123 1.032106452 
-4.416739763 9.453235173 -0.133368695 
-4.390471719 9.463425184 -0.068208082 
-2.241802718 10.274258311 1.940926884 
-1.712369508 10.470666204 1.082958975 
-4.145660846 9.632723381 -0.090571548 
-4.032466682 9.684913014 -0.085552606 
-2.189934716 10.486726944 0.683596037 
-2.098489347 10.488711097 0.787578397 
-4.132773844 9.639656347 -0.082821764 
-4.065390487 9.671219342 -0.080045658 
-2.217783229 10.489250305 0.551723269 
-2.109163487 10.491908139 0.725706832 
-4.101259319 9.657444552 -0.055293611 
-4.060647013 9.675792929 -0.067700673 
-2.100854456 10.489505932 0.790890187 
-2.086237700 10.480630018 0.896715180 
-4.225279364 9.589097937 -0.092417828 
-4.120856106 9.645199043 -0.077292873 
-2.138248959 10.492129687 0.683127189 
-2.033421110 10.500557398 0.738048715 
-3.951853171 9.721934269 0.070180694 
-3.953810190 9.719736649 0.075038854 
-2.081691283 10.515842543 -0.373125076 
-2.021718900 10.520901311 -0.433371138 
-3.953202939 9.719835210 0.073348387 
-3.928542053 9.730488929 0.066260403 
-2.125994100 10.507391963 -0.452883035 
-2.016614681 10.526559345 -0.333290513 
-4.033188250 9.684027679 0.089199911 
-4.018731079 9.693492627 0.074826482 
-2.097371201 10.504462766 -0.575356660 
-2.038617791 10.517839176 -0.455099641 
-4.009791677 9.695440110 0.077383833 
-3.795038365 9.784790861 0.041396842 
-2.023340065 10.486336988 -0.898820662 
-2.017305424 10.488839074 -0.889107716 
-4.085385003 9.665200138 0.057068004 
-4.051796319 9.676737356 0.064253374 
-1.981746717 10.524386701 -0.466854569 
-1.971275172 10.523089130 -0.497693855 
-4.108229048 9.652929018 0.064453768 
-4.111411344 9.651662219 0.059650908 
-1.979634642 10.507716295 -0.700361153 
-2.010082818 10.503799457 -0.726777437 
-4.080776195 9.664432712 0.077752406 
-4.138524734 9.638666037 0.068651060 
-1.928625350 10.527007729 -0.522207327 
-2.052583647 10.514464936 -0.479223112 
-4.137226424 9.636665247 0.090039093 
-4.058447931 9.675012760 0.077663774 
-1.962527820 10.475203834 -1.087469316 
-1.934928905 10.533614141 -0.381865661 
-4.036147912 9.684861480 -0.068894242 
-4.114042179 9.650097630 -0.049583342 
-1.941986576 10.540369877 0.080298349 
-1.946763210 10.535681202 0.252160249 
-3.972263148 9.701689646 -0.102175176 
-3.940402520 9.739194704 -0.031432810 
-1.940858228 10.532966556 0.269779624 
-1.950530286 10.523161140 0.735329807 
-4.199937664 9.607098367 -0.073597180 
-4.216097897 9.599763206 -0.071859431 
-1.952518940 10.533067647 0.321951503 
-1.950834421 10.531624472 0.365710632 
-4.189836293 9.613080725 -0.062284456 
-4.182945893 9.618300964 -0.029330205 
-1.937558098 10.536747803 0.273071396 
-1.984298702 10.526430129 0.402704782 
-3.928218239 9.728381047 -0.028868905 
-4.016792483 9.688333662 -0.046048022 
-1.646848325 10.514649099 0.750561907 
-1.867676216 10.517348976 0.590534889 
-3.669942043 9.833628844 0.066559572 
-4.017458735 9.691766554 -0.057076736 
-2.103860347 10.328299405 1.856183517 
-2.178854287 10.385661504 1.462614336 
-3.865955287 9.749200685 -0.040232958 
-3.991870065 9.693791413 -0.062110143 
-2.411217441 10.491900968 0.285666403 
-2.536148607 10.477266531 0.226283245 
-4.108031463 9.640135092 -0.074079962 
-4.176406345 9.607184155 -0.086163549 
-1.940224679 10.520652517 0.632284663 
-1.980395482 10.545153448 0.310053683 
-4.114799115 9.650442278 0.067097902 
-4.004164175 9.701738643 0.036463330 
-2.295353094 10.523264073 0.430432893 
-2.194408410 10.545092567 -0.114357399 
-4.102490780 9.634516072 0.090489059 
-4.168493618 9.601895784 0.083830256 
-2.086940048 10.490038542 -0.701470983 
-2.031291907 10.501514338 -0.647777760 
-4.093992720 9.654238428 0.082798047 
-4.068657770 9.666545160 0.079766783 
-2.065213467 10.511190440 -0.533017280 
-2.076674176 10.513330271 -0.472622110 
-3.958651033 9.714729522 0.075486972 
-4.009276789 9.691801731 0.083825692 
-1.879367221 10.533487703 -0.470277529 
-1.992554809 10.525710973 -0.407279736 
-4.169711098 9.623800967 0.043359535 
-4.164055017 9.626122934 0.059056764 
-1.954877582 10.536318534 -0.185351478 
-1.923318233 10.529354174 -0.477169130 
-4.206158703 9.603712218 0.080979262 
-4.190669572 9.611177904 0.083312921 
-1.916850704 10.528548744 -0.488251349 
-1.994817667 10.523290948 -0.444772787 
-4.206541711 9.605504603 0.054974876 
-4.089225993 9.661367249 0.071924445 
-1.943592087 10.523837630 -0.551656985 
-1.780028773 10.551532968 -0.307931148 
-4.264604578 9.573270815 0.049422223 
-4.370979161 9.514850110 0.082577615 
-1.726610591 10.375120259 -1.787038936 
-1.684310635 10.431966684 1.490310599 
-3.960824905 9.693379852 -0.212876807 
-4.090703076 9.628153294 -0.096376277 
-1.905309567 10.535565722 0.225669384 
-1.731186101 10.541160217 0.598147941 
-4.001297883 9.698008087 -0.081598062 
-4.006239477 9.697252133 -0.075526059 
-1.942735317 10.528712904 0.444949750 
-1.998840874 10.525283157 0.373499407 
-4.072606929 9.668958465 -0.069148987 
-4.065272887 9.670802453 -0.077653947 
-1.967325832 10.522159639 0.513189800 
-1.967032597 10.519738415 0.558266435 
-4.032853862 9.683953537 -0.083348653 
-4.071911542 9.669929105 -0.060796916 
-1.939504079 10.526203295 0.491149492 
-2.042595482 10.509761843 0.566238243 
-3.723784337 9.796876013 0.002519286 
-4.301084086 9.525641494 -0.060624217 
-1.877976215 10.330023061 1.837202827 
-2.046580527 10.492901120 0.692846645 
-3.982376948 9.733312673 -0.018182520 
-4.066307466 9.674850451 -0.108709749 
-1.896451992 10.538723942 0.636778730 
-2.147560223 10.510758146 0.722271992 
-4.142337526 9.623993395 -0.064697386 
-4.204425922 9.579667226 -0.099570586 
-1.930781079 10.527358955 0.597615735 
-1.982446942 10.527671967 0.349692002 
-3.827866169 9.764028656 -0.044859545 
-4.085896301 9.641681877 -0.111835113 
-2.026914238 10.504697052 0.529150562 
-1.984431276 10.504922438 0.576348474 
-3.825624043 9.738510682 0.083982715 
-4.103547413 9.648837269 0.087920497 
-2.126488040 10.496813868 -0.618506767 
-2.131759770 10.478697772 -0.749496232 
-4.111376590 9.663691590 0.019050562 
-4.217250273 9.586162553 0.012266221 
-2.090602801 10.512791689 -0.021087496 
-1.826688231 10.532506699 -0.333007946 
-4.341086983 9.539724554 0.148743921 
-4.256345128 9.563256053 0.227630991 
-1.796046777 10.535885594 0.396489555 
-1.444905143 10.557612219 0.365860821 
-3.510366032 9.902091421 -0.138967484 
-3.651012929 9.855759093 -0.081231163 
-2.198426251 10.513144992 -0.183420531 
-2.089099188 10.500214627 -0.464705384 
-4.061834859 9.672814203 0.076771376 
-4.084417966 9.661752555 0.082160113 
-2.012746627 10.512312027 -0.598487760 
-2.014287293 10.512619440 -0.582313015 
-4.161352138 9.628879288 0.037266159 
-4.062570703 9.674505286 0.061534700 
-2.031491669 10.501535487 -0.721549923 
-2.056601029 10.500036935 -0.707931136 
-4.015832191 9.694979875 0.068884987 
-3.916928735 9.738212668 0.054537479 
-2.052810996 10.495849152 -0.761173609 
-2.050383933 10.491421645 -0.817657378 
-3.998481246 9.702866950 0.066473214 
-3.944702667 9.726369208 0.057899268 
-2.009090264 10.507285796 -0.690905492 
-2.034333862 10.509354307 -0.618687740 
-4.121473286 9.582017345 -0.155738035 
-4.132635976 9.641028560 -0.075013136 
-1.936544605 10.519670873 0.612413485 
-1.884299772 10.528126612 0.567621831 
-3.783149335 9.767910692 -0.028785091 
-4.040923344 9.666221090 -0.118341787 
-1.666986820 10.527410870 0.546388314 
-1.861210485 10.508287423 0.687928307 
-4.156077110 9.629908368 -0.058104532 
-4.182830914 9.616883054 -0.061966680 
-1.872242897 10.497166343 0.953354558 
-1.894958930 10.515995249 0.711156045 
-4.168231479 9.624523570 -0.055959680 
-4.213781287 9.600981355 -0.065621507 
-1.921580285 10.515596401 0.688269613 
-1.996560817 10.512403625 0.605615433 
-4.090956106 9.662620731 -0.062241997 
-4.008506758 9.698074296 -0.074579804 
-2.030740410 10.476134219 0.996700086 
-1.996146643 10.481974308 0.988707462 
-4.113557089 9.651734730 -0.054747148 
-4.123197081 9.646138988 -0.069470838 
-2.051833934 10.481233700 0.928119998 
-2.025089883 10.481739757 0.950624468 
-4.012010893 9.696047548 -0.076476934 
-4.026479846 9.688724510 -0.082960491 
-2.060045649 10.484998584 0.888957710 
-2.098498030 10.462568527 1.026384791 
-3.988820114 9.706153152 -0.076336059 
-3.928815544 9.731458433 -0.072082552 
-2.077226758 10.477077484 0.925042366 
-2.042733199 10.494581442 0.799991092 
-4.130413096 9.641099212 0.083964926 
-4.055044161 9.676566498 0.077034375 
-1.995302626 10.526155493 -0.395970232 
-1.982976941 10.522369181 -0.503479787 
-4.140491898 9.636527124 0.085170520 
-4.130072955 9.642937100 0.068601251 
-2.011905853 10.521983543 -0.434184423 
-2.001798472 10.520404183 -0.498433999 
-4.107209658 9.652156655 0.084965625 
-4.085778733 9.662939311 0.078986349 
-2.038152160 10.519232786 -0.437029569 
-2.031046459 10.524780109 -0.322864512 
-4.078823272 9.664729833 0.085275453 
-4.087705384 9.661070682 0.081669422 
-2.069620165 10.519602242 -0.348222112 
-2.017678693 10.524120214 -0.391608988 
-4.176466241 9.617899182 0.065506674 
-4.167706077 9.621125358 0.070328388 
-1.902193907 10.519853511 -0.653061311 
-1.992355695 10.453017878 -1.221316852 
-4.258070764 9.578399139 0.066763337 
-4.206940169 9.602646338 0.079457512 
-1.932252714 10.498180639 -0.892345877 
-1.977678199 10.526511460 -0.393077398 
-4.304129136 9.522095524 0.063609718 
-4.100422463 9.644652864 0.073690594 
-1.925484582 10.503946282 -0.665035740 
-2.002538866 10.534618068 0.059123684 
-4.124669008 9.656986789 0.058018339 
-4.155008661 9.622312032 0.070136716 
-1.885059829 10.514686106 -0.580247752 
-1.757017925 10.517871153 -0.644740675 
-4.318695759 9.500938259 -0.182676352 
-4.228266838 9.589835772 -0.128525091 
-1.941706762 10.509947986 0.343195816 
-1.858963986 10.517678167 0.355287869 
-4.086568871 9.669608303 -0.052279520 
-4.072618707 9.677582766 -0.030649788 
-2.072395944 10.529971194 0.319113604 
-2.065663517 10.530764363 0.321921128 
-4.087013515 9.650821946 -0.072753602 
-4.011629777 9.700082333 -0.047975104 
-2.172725703 10.509377908 0.570829569 
-2.218446658 10.505270594 0.498364008 
-3.997092323 9.691004263 -0.091766006 
-4.311441665 9.533669207 -0.059114104 
-1.984664267 10.520611776 0.633600612 
-1.915614398 10.505195583 0.658338165 
-3.697183209 9.837546705 -0.012843126 
-3.474741232 9.909906905 0.160189897 
-2.213923803 10.490949737 0.612518950 
-2.214895132 10.505820028 0.073345659 
-3.796814308 9.770118137 0.082219230 
-3.813363497 9.772765974 0.062187557 
-1.749652271 10.536216615 -0.364214268 
-1.694929305 10.529736340 -0.756615320 
-3.790021099 9.775215715 0.028993273 
-3.455234609 9.914709392 0.031365254 
-1.934312483 10.535169129 -0.367181342 
-2.035680176 10.531000259 0.044853427 
-4.555729060 9.370290669 -0.135863429 
-3.813692501 9.777706631 -0.023575482 
-2.529004325 10.462725443 0.556916501 
-1.844957422 10.486765158 0.864317430 
-3.975774298 9.689722593 0.089034416 
-4.140705502 9.616828687 0.103923542 
-1.921898824 10.486753901 -0.930070423 
-2.021755394 10.498234903 -0.672735662 
-4.109553485 9.651300117 0.046213018 
-4.230322851 9.587139171 0.079369809 
-2.026576795 10.518260239 0.081788158 
-1.817826078 10.531104814 -0.299285728 
-4.287874086 9.547789205 0.058203181 
-4.241962689 9.564831595 0.053501172 
-1.836311555 10.522465655 -0.435744926 
-1.763090815 10.539139383 -0.143350358 
-4.078513799 9.614232644 0.147115728 
-4.146122398 9.583344030 0.150296142 
-1.813029321 10.490514597 -0.743770366 
-1.971302633 10.463129717 -0.869139156 
-4.121720396 9.653085668 0.042101111 
-4.109289608 9.660116972 0.042857506 
-2.067994721 10.533289490 -0.265681600 
-2.132200455 10.522747160 -0.252882137 
-4.187995785 9.605712621 0.028335964 
-4.110523002 9.653274233 0.004909926 
-2.134060162 10.496852053 -0.276843202 
-1.964400993 10.510198713 -0.318458659 
-4.045300532 9.669536878 0.093463589 
-4.312275838 9.531740949 0.073739493 
-2.055926306 10.513368876 -0.646006470 
-1.930903479 10.514597852 -0.493399891 
-4.088259317 9.632055136 0.086148149 
-3.981973438 9.712250976 0.045991444 
-2.150657188 10.516748387 -0.496065502 
-2.223480098 10.509303423 -0.404401709 
-4.273582174 9.570039899 -0.072129371 
-4.181295191 9.615077327 -0.072806546 
-1.996204637 10.511964653 0.633270148 
-1.909777147 10.539542551 0.303377009 
-4.164932330 9.622239233 -0.084519983 
-4.152635553 9.628853522 -0.064689129 
-1.904964949 10.528783006 0.516429101 
-1.944144835 10.517169028 0.607519462 
-4.070252030 9.682817482 -0.067763235 
-4.088282724 9.654185668 -0.067294271 
-1.824957601 10.524866271 0.520136250 
-1.724294783 10.523179150 0.589234890 
-4.192011926 9.588278665 -0.066574986 
-4.096597878 9.647114673 -0.052838230 
-1.894445873 10.515416397 0.547853243 
-1.840079857 10.495476523 0.632203323 
-4.227957253 9.591918296 -0.080135720 
-4.207762630 9.598193906 -0.076264158 
-1.870830978 10.550649068 0.156075212 
-1.921227836 10.531973703 0.449648732 
-3.977382296 9.696970600 -0.070633676 
-4.182891490 9.594429529 -0.122877584 
-1.964685311 10.497165506 0.751254253 
-2.071808537 10.480701279 0.812450363 
-4.131771065 9.588389643 -0.154485090 
-4.189374487 9.565080807 -0.151034050 
-1.769666690 10.496898051 0.699999978 
-2.032478885 10.458045633 0.875161580 
-4.321885208 9.511613914 -0.065164803 
-4.251815528 9.560034235 -0.056451627 
-1.781241343 10.542173148 0.128747485 
-1.756043088 10.540933866 0.097856234 
-3.820876372 9.760101855 -0.081726013 
-3.872860672 9.745544430 -0.073470553 
-1.783682551 10.533024036 0.376841812 
-1.710556462 10.530515295 0.698668399 
-3.698886173 9.838188675 0.008465408 
-3.478845157 9.907691804 -0.164863925 
-2.231222087 10.490870407 -0.577963577 
-2.207007015 10.507839083 -0.050602037 
-4.194586657 9.592298708 0.065997090 
-3.773802899 9.792849277 0.013434741 
-2.538777608 10.463336303 -0.512281963 
-1.839599234 10.497351922 -0.743058439 
-3.707897245 9.806969006 -0.045929783 
-3.438434940 9.921443757 -0.041322619 
-1.917793075 10.527013883 0.597797083 
-2.033661153 10.530692820 -0.056909297 
-3.679786224 9.845355345 -0.069454977 
-4.032231253 9.668208199 0.129204100 
-1.982556067 10.515474175 -0.530329439 
-1.880791777 10.506326488 -0.684403151 
-3.997353336 9.700486843 0.078944772 
-4.079910314 9.662635926 0.090140218 
-1.916562613 10.534948672 -0.384760284 
-1.877243969 10.540998201 -0.361027331 
-4.064554417 9.671106008 0.078285301 
-4.082813221 9.662562492 0.078977531 
-1.924171732 10.529004072 -0.489992301 
-1.888261383 10.530726989 -0.529397639 
-4.098430663 9.653380144 0.090771523 
-4.135929310 9.635765714 0.083738673 
-1.885259570 10.532523248 -0.516533393 
-1.896889737 10.518633909 -0.684545625 
-4.075765439 9.669562158 -0.053938217 
-4.112701993 9.651078273 -0.057228752 
-2.128622844 10.479152760 0.865678296 
-2.050043601 10.492204282 0.827296479 
-4.073371557 9.666698275 -0.081523431 
-4.053025372 9.676185706 -0.081093300 
-2.039953947 10.491839341 0.827411835 
-2.069374086 10.488331909 0.827765237 
-4.051363788 9.681033188 -0.054707182 
-4.101132948 9.657697621 -0.051257365 
-2.058750399 10.475539447 0.978662179 
-2.028278675 10.483751458 0.933457311 
-4.077461272 9.668967830 -0.055743680 
-4.008268432 9.700445259 -0.056502139 
-2.035935815 10.492320150 0.832333835 
-2.004854241 10.496719469 0.833041750 
-4.168237795 9.622797620 -0.087899179 
-4.109188914 9.650204997 -0.089210864 
-2.013508364 10.518509901 0.524083076 
-2.037452328 10.514794736 0.525236764 
-4.143473257 9.634996314 -0.086214294 
-4.102444473 9.654691835 -0.081129185 
-2.015792218 10.525380926 0.356427836 
-2.011889659 10.523633235 0.411326763 
-4.151829561 9.630784531 -0.085254059 
-4.130822213 9.641455642 -0.080087436 
-2.077086688 10.516654171 0.395620576 
-2.011320923 10.520503521 0.499248717 
-4.146606183 9.634921426 -0.082102219 
-4.144019987 9.636586586 -0.070025956 
-1.976107664 10.519143213 0.587101386 
-2.011346249 10.519230186 0.513691742 
-3.900178101 9.740191095 0.077029006 
-3.923485832 9.732537453 0.071458550 
-2.045937996 10.503828313 -0.671788010 
-2.056432299 10.505127546 -0.623408513 
-3.869643820 9.756090266 0.060946462 
-3.931087888 9.729439796 0.074847878 
-2.013183375 10.501401181 -0.760319967 
-2.012607438 10.510683588 -0.636859396 
-3.909830279 9.740046464 0.059544386 
-3.905405666 9.741008490 0.067555706 
-2.041931174 10.502126370 -0.692411103 
-2.033043440 10.498665940 -0.748942639 
-3.859617823 9.759673258 0.059584896 
-3.879616023 9.752430042 0.061519246 
-2.042584811 10.505431653 -0.651698694 
-2.077932230 10.491493425 -0.780456465 
