-2.253608086 8.127573162 -0.284592108 
-2.219664352 8.136146548 -0.273955093 
-2.313244442 8.116567900 -0.164670841 
-2.282156904 8.124900285 -0.149807479 
-2.256122469 8.128473880 -0.244237094 
-2.255078516 8.126719932 -0.286507420 
-2.306813472 8.118916284 -0.135062857 
-2.291382173 8.122800998 -0.145673262 
-2.263432492 8.126725566 -0.238321387 
-2.256556260 8.128136466 -0.250043484 
-2.268719990 8.128038740 -0.168130360 
-2.266327406 8.128024958 -0.173805427 
-2.258489724 8.127832890 -0.250508768 
-2.273685289 8.124778719 -0.223195237 
-2.294904178 8.119729773 -0.218604633 
-2.263575424 8.127412772 -0.228733432 
-2.275141690 8.126347092 0.153663951 
-2.260959884 8.129053286 0.188716111 
-2.267414075 8.126653949 0.224333623 
-2.289022127 8.120389794 0.253793537 
-2.246005236 8.130971137 0.244865579 
-2.229012839 8.135279172 0.239022867 
-2.310877059 8.116333890 0.210183217 
-2.310954508 8.115454334 0.240584319 
-2.189619791 8.141131696 0.330632428 
-2.205249064 8.138854806 0.304021453 
-2.270432754 8.125976863 0.220009174 
-2.296698296 8.119097473 0.231698996 
-2.212108466 8.136735048 0.310091583 
-2.210907081 8.138334892 0.271244376 
-2.260281674 8.128341874 0.225421359 
-2.258511106 8.128480674 0.230344768 
-2.213199525 8.138921229 0.246893233 
-2.225730398 8.135533367 0.244363763 
-2.286077518 8.120552728 0.273713449 
-2.299600145 8.116350599 0.289822204 
-2.228560161 8.134492914 0.257089424 
-2.210942770 8.137989967 0.277766121 
-2.278184752 8.122019213 0.277900698 
-2.286790611 8.122002134 0.230356316 
-2.326836197 8.114942866 0.334342866 
-2.024411434 8.157654739 0.463865374 
-2.156580777 8.147127125 0.295295039 
-2.304310272 8.124317700 0.271384222 
-2.239009427 8.132710418 0.212187970 
-2.219949271 8.137553822 0.221116971 
-2.081920645 8.149649451 0.666410138 
-2.246944281 8.129366802 0.313447017 
-2.276769086 8.118016505 -0.373357014 
-2.281356891 8.118152103 -0.346606026 
-2.230210210 8.135973923 -0.217310047 
-2.241573145 8.133169237 -0.218380110 
-2.259175430 8.122546175 -0.377624073 
-2.222153843 8.129812059 -0.413763700 
-2.301057479 8.120052806 -0.151490087 
-2.248415846 8.130672010 -0.237248988 
-2.266706541 8.124439965 -0.296127222 
-2.275704495 8.118403803 -0.339833427 
-2.244149124 8.132118893 -0.223883044 
-2.234436302 8.128575383 -0.149829838 
-2.227131847 8.127058413 -0.428423815 
-2.252438414 8.124709107 -0.357124364 
-2.230379718 8.135765440 -0.219780177 
-2.264321033 8.126968369 -0.238896648 
-2.225294636 8.134753629 -0.285127299 
-2.257015076 8.126990255 -0.280153765 
-2.277142613 8.124898427 -0.200363600 
-2.322203897 8.114240880 -0.178114679 
-2.251343811 8.130430665 -0.214989517 
-2.245724664 8.132511631 -0.195905757 
-2.302057300 8.119474411 -0.167320446 
-2.295352589 8.120292061 -0.209506746 
-2.227285679 8.137436150 -0.189981563 
-2.246921183 8.132664600 -0.185995077 
-2.279634946 8.124132572 -0.202279905 
-2.292755999 8.121018475 -0.197289893 
-2.216728432 8.139280888 -0.203134269 
-2.250243207 8.128872626 -0.106093600 
-2.310079805 8.117552841 -0.182366856 
-2.134392509 8.138027190 -0.573093393 
-2.299151213 8.119720854 0.199035478 
-2.293265713 8.121171653 0.188706571 
-2.233737668 8.126634648 0.417938322 
-2.284226807 8.118174105 0.339883634 
-2.268692823 8.127665915 0.184786017 
-2.255983443 8.129711798 0.221430877 
-2.240882266 8.124751098 0.425402902 
-2.232932467 8.127864289 0.395677182 
-2.158720820 8.145442778 0.402542726 
-2.242989069 8.132211348 0.223718796 
-2.196838910 8.111806754 0.686188817 
-2.125736904 8.138518575 0.559380329 
-2.243848206 8.132928993 0.202857074 
-2.367125166 8.099214996 0.058109710 
-2.247190293 8.120660323 0.458321585 
-2.265813360 8.122256430 0.342571475 
-2.266523504 8.122963978 0.336815622 
-2.275946911 8.121968496 0.296741620 
-2.309593091 8.117608823 0.186091687 
-2.306607057 8.116867921 0.217068725 
-2.274955479 8.124141572 0.241075554 
-2.233682708 8.134057591 0.235666657 
-2.344599738 8.107865344 0.200641880 
-2.350066496 8.106447515 0.199207344 
-2.313030949 8.116179602 0.178014437 
-2.284997596 8.123023545 0.186555126 
-2.328702411 8.111581361 0.214970659 
-2.309754925 8.114695442 0.263108820 
-2.212011654 8.138459121 0.281617601 
-2.252380041 8.130187746 0.230798320 
-2.357234439 8.103805637 0.230139620 
-2.325471079 8.110234187 0.274349635 
-2.238493049 8.126370191 -0.391678413 
-2.209679092 8.134589018 -0.370583132 
-2.271798647 8.126055950 -0.204343443 
-2.269470783 8.126192055 -0.217626483 
-2.300636562 8.115114450 -0.310920641 
-2.210826271 8.128229174 -0.472287929 
-2.254387055 8.129324332 -0.240501298 
-2.283105125 8.123366945 -0.201904840 
-2.222755974 8.127959122 -0.436560368 
-2.203879974 8.128182853 -0.502697517 
-2.284623205 8.120538752 -0.277264781 
-2.264505782 8.125836005 -0.270376083 
-2.267230929 8.118253346 -0.407621938 
-2.298404281 8.114337661 -0.354618801 
-2.310783655 8.115276131 -0.243572540 
-2.260140628 8.126793410 -0.275450408 
-2.265903780 8.123215315 -0.313774713 
-2.312772881 8.110378782 -0.349897368 
-2.205067742 8.134777115 -0.397031436 
-2.216476298 8.137479147 -0.272351076 
-2.281121144 8.119002302 -0.325969277 
-2.268557382 8.124310671 -0.275122759 
-2.257852665 8.127215515 -0.278822350 
-2.253822395 8.129239692 -0.244061332 
-2.213699133 8.126271404 -0.500286341 
-2.214283279 8.129709088 -0.440227025 
-2.263105632 8.128225863 -0.207653023 
-2.263764882 8.126162874 -0.265189761 
-2.184519097 8.138961010 -0.399274504 
-2.252232377 8.125366469 -0.342335074 
-2.269639208 8.127286344 -0.170473163 
-2.251014863 8.130010809 -0.246041365 
-2.289605898 8.112919604 0.426877373 
-2.244380484 8.122771155 0.448197394 
-2.298949017 8.116628293 0.294278043 
-2.239091289 8.128172472 0.368835216 
-2.298665644 8.110736843 0.424895625 
-2.253251011 8.124358202 0.386182698 
-2.293076457 8.119249331 0.261518520 
-2.292260066 8.117858276 0.304797194 
-2.282317131 8.118426720 0.358240430 
-2.240033806 8.122096472 0.475296834 
-2.251697386 8.126532931 0.333222966 
-2.276521011 8.122090512 0.300451497 
-2.240491446 8.130711219 0.294703060 
-2.263854783 8.124951883 0.297395758 
-2.325748515 8.110253522 0.280488176 
-2.270914534 8.123419252 0.292753301 
-2.210342050 8.138435222 0.264528557 
-2.245306365 8.129554861 0.290011524 
-2.317189300 8.115297832 0.177874023 
-2.314471271 8.115217144 0.211898931 
-2.176527192 8.145458110 0.308986711 
-2.201548228 8.140141724 0.223958787 
-2.317201153 8.114450668 0.198368162 
-2.338499842 8.112446455 0.221723071 
-2.228672710 8.132037915 0.327233357 
-2.235448949 8.131985786 0.292133037 
-2.318822672 8.114594892 0.198705498 
-2.319697837 8.112995756 0.238252961 
-2.244907374 8.131386441 0.244912346 
-2.249631302 8.129578415 0.264709653 
-2.329319024 8.111198612 0.216873127 
-2.319698438 8.113069424 0.232136009 
-2.151767639 8.138096528 -0.534751249 
-1.986909815 8.150617942 -0.786338747 
-2.046746644 8.151584292 -0.271482651 
-2.103376007 8.138299034 -0.179307023 
-2.149756611 8.138671046 -0.527927731 
-2.203097928 8.130893955 -0.459281380 
-2.192568672 8.138156139 -0.404667029 
-2.281145431 8.122766892 -0.267139245 
-2.177416006 8.127549613 -0.600883023 
-2.225877252 8.118765111 -0.559834019 
-2.242394321 8.131397150 -0.277871849 
-2.228160919 8.134293390 -0.283914202 
-2.181282042 8.131472199 -0.536232950 
-2.200730463 8.128694844 -0.506584069 
-2.233919309 8.133004550 -0.289847017 
-2.271174092 8.123128410 -0.310886413 
-2.297418287 8.118821377 -0.137987144 
-2.270636114 8.127794526 0.087817227 
-2.269413742 8.118798080 -0.351080172 
-2.205250182 8.140138265 -0.134326340 
-2.170753965 8.135191297 -0.437827316 
-2.163098150 8.129999142 -0.550033287 
-2.249868793 8.130318736 -0.211433735 
-2.269756212 8.125432718 -0.237373712 
-1.969629764 8.165353002 -0.552427339 
-2.078432042 8.127894337 -0.846813221 
-1.955620677 8.185953800 -0.134068020 
-2.135330762 8.146144082 -0.138867743 
-2.237537908 8.121920405 -0.482944292 
-2.377558725 8.094614843 -0.103696151 
-2.196746391 8.148246734 -0.154283569 
-2.253092859 8.125683126 -0.211956800 
-2.197768390 8.141054555 0.265332427 
-2.236238864 8.131884661 0.259678268 
-2.253275709 8.131518688 0.145940997 
-2.288928934 8.121782540 0.186309193 
-2.286433360 8.122044310 0.216698636 
-2.278945268 8.124784752 0.183266985 
-2.294450447 8.120162516 0.208050335 
-2.298133106 8.119451067 0.204617770 
-2.333398457 8.110950984 0.125109886 
-2.248606597 8.133728102 0.283290518 
-2.109610929 8.124474476 0.790957410 
-2.286047444 8.104142877 0.593905313 
-2.247716583 8.131436448 0.211992256 
-2.247636356 8.131979447 0.179999322 
-2.246528997 8.132359581 0.181535508 
-2.262906478 8.128999028 0.157475265 
-2.068215650 8.139347067 0.734247643 
-2.145241716 8.130695620 0.620747521 
-2.059507506 8.108934206 0.922837479 
-2.065221821 8.130247128 0.803015363 
-2.119814288 8.160564002 0.028246736 
-2.218945729 8.136040782 0.278335839 
-2.450862044 8.089145957 0.039898443 
-2.244604774 8.129210244 0.153630687 
-2.238462499 8.121111199 0.290849654 
-2.225246784 8.125865103 0.262504004 
-2.301115977 8.117150908 0.237110604 
-2.290155688 8.120724539 0.220325449 
-2.295152974 8.120214957 0.190672321 
-2.256136685 8.129640029 0.196779435 
-2.259037452 8.125150880 0.313967945 
-2.260764727 8.126965943 0.256957457 
-2.512210565 8.074600820 -0.038636619 
-1.978039588 8.169950860 0.272889885 
-2.039844744 8.146938755 -0.586277340 
-2.222414530 8.143652108 -0.003823409 
-2.199505620 8.138159222 -0.209226982 
-2.159940448 8.146299681 -0.238470655 
-2.323853155 8.111890868 -0.188656063 
-2.322151443 8.113406801 -0.146840763 
-2.212913522 8.132417693 -0.194125083 
-2.177038779 8.132619988 -0.432131609 
-2.323175641 8.108170089 -0.250855414 
-2.282675652 8.120943135 -0.191437863 
-2.128214524 8.136137047 -0.634383510 
-2.202592054 8.140781073 -0.259328262 
-2.324666867 8.110917149 -0.199596470 
-2.300263914 8.116219114 -0.273190967 
-2.170562088 8.128897477 -0.598076726 
-2.266533189 8.115004572 -0.464205845 
-2.143134883 8.127143880 -0.695139443 
-2.186270077 8.120698274 -0.669042605 
-2.147875982 8.136576380 -0.653964794 
-2.469232002 8.081142353 -0.178642036 
-2.187164776 8.148957703 -0.573309181 
-2.149925485 8.147998992 -0.055787591 
-2.249396972 8.125359126 -0.345619891 
-2.188733436 8.133024948 -0.475925689 
-2.210253260 8.138489539 -0.240698148 
-2.253545439 8.123898521 -0.343463419 
-2.190662436 8.135125976 -0.438958928 
-2.184525268 8.129603637 -0.531617789 
-2.205244255 8.132631633 -0.408488105 
-2.211175202 8.128704069 -0.454464321 
-2.604816732 8.051932037 -0.043816034 
-2.082993915 8.119051930 0.742553222 
-1.875027532 8.125319306 0.952307585 
-2.247292598 8.120526581 0.249755307 
-2.231517332 8.127301834 0.217019391 
-2.230204020 8.126054930 0.246175422 
-2.308618879 8.117187429 0.189007939 
-2.263635573 8.121314118 0.220297797 
-2.236959857 8.126771024 0.320063517 
-2.236429199 8.131178462 0.193074141 
-2.203717702 8.125078084 0.546713741 
-2.270047562 8.121670414 0.328384494 
-2.239523198 8.132081286 0.153425597 
-2.222112921 8.136265515 0.160827274 
-2.298179955 8.112191872 0.324841848 
-2.275938300 8.118205167 0.325209860 
-2.219217160 8.135023529 0.308942672 
-2.124007160 8.146108471 0.516875953 
-2.303707745 8.113445260 0.335909521 
-2.389220621 8.088721873 0.395652056 
-2.267727157 8.124926768 0.260069469 
-2.254207057 8.126451641 0.316912002 
-2.269493668 8.124035136 0.286204801 
-2.239267119 8.133125713 0.232640843 
-2.191271945 8.141698279 0.316316106 
-2.182923201 8.137222020 0.439750528 
-2.271094969 8.114917048 0.474894644 
-2.168378992 8.128291762 0.616773834 
-2.272056401 8.119394397 0.375345488 
-2.209638186 8.132482349 0.435414181 
-2.275677790 8.113459954 0.468190339 
-2.267349893 8.119618009 0.396294533 
-2.238871352 8.132620421 -0.232539481 
-2.253708875 8.127302352 -0.288449232 
-2.294940278 8.119181160 -0.240894194 
-2.248194934 8.130103759 -0.270685985 
-2.205093629 8.140534539 -0.251224874 
-2.260902433 8.126693910 -0.262827556 
-2.258619104 8.123856883 -0.342176082 
-2.272070027 8.124727257 -0.238642144 
-2.290993112 8.119038782 -0.272762187 
-2.300685548 8.117346547 -0.250450813 
-2.312528575 8.114569775 -0.239288980 
-2.289569493 8.120576545 -0.240065307 
-2.287997582 8.121383369 -0.219253694 
-2.270664775 8.125812548 -0.219138488 
-2.291865663 8.120337930 -0.220327662 
-2.277266995 8.122557189 -0.268145635 
-2.235075411 8.136631637 -0.124379978 
-2.132260480 8.160712924 -0.125141566 
-2.262804697 8.126113475 -0.270269909 
-2.277828471 8.124844352 -0.193997105 
-2.272106429 8.129398404 -0.176586807 
-2.283485237 8.124021861 -0.172843877 
-2.241418117 8.128659432 -0.342481233 
-2.241743005 8.129454177 -0.324993606 
-2.288093473 8.125252311 -0.031457789 
-2.250094643 8.128456690 -0.280948312 
-2.342699472 8.107821807 -0.211455998 
-2.289538240 8.120172701 -0.251908543 
-2.275922723 8.123291834 -0.259848165 
-2.266967297 8.122996874 -0.317037029 
-2.321947150 8.113170379 -0.220699481 
-2.320754120 8.114035339 -0.201471724 
-2.152304097 8.153452142 -0.312369892 
-2.205335657 8.145727942 -0.023934704 
-2.223696614 8.137913135 0.189075217 
-2.261204541 8.129452277 0.168107189 
-2.296075591 8.127295593 0.114537754 
-2.250966739 8.131490059 0.120773032 
-2.428534659 8.080405730 0.202463215 
-2.036500091 8.161690892 0.079451524 
-2.173313814 8.148908339 -0.025337871 
-2.252146473 8.129997866 0.217877981 
-2.254787326 8.130270179 0.200489741 
-2.225911104 8.136032624 0.239503009 
-2.215824624 8.139909080 0.004946422 
-2.228675328 8.137268641 -0.024711512 
-2.276137499 8.125508886 0.179505133 
-2.280487675 8.122960421 0.235340857 
-2.455390148 8.078903864 0.120712800 
-2.428363759 8.086321498 0.021303559 
-2.226065759 8.116964464 0.535129345 
-2.226261849 8.090322587 0.757622374 
-2.054088709 8.117244869 0.878889565 
-2.017880684 8.119606124 0.911855839 
-2.179604038 8.092111399 0.878624807 
-2.236269288 8.088565595 0.804078039 
-2.068469936 8.132801306 0.692205048 
-2.047717695 8.130140994 0.716006144 
-2.368544336 8.102904695 0.183100307 
-2.413045792 8.090828320 0.168975053 
-2.104821779 8.083470230 0.965589227 
-2.116867189 8.077162036 0.991582202 
-2.235298540 8.133059203 -0.386699605 
-2.273333434 8.123610173 -0.368511815 
-2.317332044 8.121089197 -0.176937954 
-2.257226080 8.101720376 -0.559355055 
-2.128218535 8.129913418 -0.702298678 
-2.107089876 8.152404218 -0.301527397 
-2.310792594 8.118629637 0.009409527 
-2.266089183 8.127868889 -0.178243646 
-2.266477484 8.127668472 -0.186165435 
-2.279470157 8.123723923 -0.208555224 
-2.250501610 8.133150303 0.121241519 
-2.268726762 8.125962631 -0.226801805 
-2.214294377 8.140204218 -0.022141385 
-2.168198279 8.150759739 0.186643545 
-2.260274865 8.127910769 -0.232798904 
-2.181181711 8.146166761 -0.186747271 
-2.281483206 8.124191197 -0.175881002 
-2.268799734 8.127861140 -0.152251280 
-2.270831728 8.126130843 -0.097239919 
-2.259421097 8.128793205 -0.094489515 
-2.185788754 8.118775630 -0.521198580 
-2.153309310 8.121171156 -0.576733504 
-2.202388593 8.136994356 -0.082069539 
-2.200947136 8.139366558 -0.127849495 
-2.257501954 8.127460219 -0.201132704 
-2.287184058 8.120063188 -0.196080251 
-2.355102042 8.104821227 -0.068439930 
-2.215512519 8.120971119 -0.357266936 
-1.963681101 8.173195106 0.059494610 
-2.268125149 8.127853700 -0.150684986 
-2.202263891 8.142256864 -0.166517570 
-2.200188220 8.135441897 -0.120345649 
-2.231097926 8.133725748 -0.136760816 
-2.197132427 8.110087664 -0.712175717 
-2.219903343 8.136748235 0.175892225 
-2.218805363 8.137035879 0.179957534 
-2.246716549 8.126873419 0.296790948 
-2.232112168 8.126741252 0.385754315 
-2.184599838 8.141517750 0.296814449 
-2.025126110 8.168880252 -0.563483634 
-2.172081227 8.146186289 0.159203793 
-2.352148280 8.090772672 0.449968932 
-2.284182107 8.121224372 0.246386271 
-2.231171808 8.133229166 0.275828814 
-2.217775774 8.137184074 0.266002205 
-2.293471709 8.121165941 0.165786487 
-2.565030283 8.056327279 0.079271273 
-2.274680221 8.125186750 0.143976365 
-2.274117787 8.121286798 0.152313059 
-2.283544932 8.121238380 0.170282949 
-2.247762927 8.133974445 0.107879447 
-2.195989910 8.146353646 0.108773010 
-2.358033365 8.101308261 0.302225764 
-2.370280402 8.100342527 0.231977482 
-2.262640640 8.130277600 0.126409523 
-2.285498281 8.123588898 0.172801670 
-2.296206994 8.118607499 0.254069708 
-2.276457263 8.122879578 0.262542627 
-2.204809221 8.142652853 0.190438550 
-2.208406857 8.143315832 0.365904342 
-2.335374075 8.107577511 0.264753474 
-2.207898535 8.139372508 0.263977111 
-2.305347920 8.119588904 0.113487622 
-2.240353518 8.135001752 0.145487503 
-2.300982841 8.118166049 0.214953074 
-2.320956737 8.114557640 0.159353274 
-2.286747326 8.121088115 -0.237294345 
-2.222851545 8.131347960 -0.378435890 
-2.335457154 8.107632318 -0.258959644 
-2.287568297 8.119466097 -0.271283764 
-2.333127738 8.111081606 -0.170093558 
-2.304306368 8.114898303 -0.292670005 
-2.288960019 8.122356093 -0.166316261 
-2.358349376 8.104713482 -0.160074241 
-2.186271824 8.115536359 -0.795444177 
-2.264211067 8.105951311 -0.616951583 
-2.132509187 8.121285886 -0.664013858 
-2.017947491 8.158204225 -0.337600095 
-2.345957637 8.102939298 -0.143896884 
-2.287144553 8.109234194 -0.595229762 
-2.117163722 8.140327578 -0.471412471 
-2.119344260 8.085591018 -0.978133758 
-2.206708076 8.134250052 -0.254523777 
-2.262934453 8.124253943 -0.190271069 
-2.274094885 8.121181700 -0.269279834 
-2.325388161 8.108813373 -0.238729504 
-2.460347989 8.085949496 -0.445834952 
-2.539076788 8.044925789 -0.513919103 
-1.838946141 8.125771280 -0.965518986 
-1.927005824 8.141635193 -0.656547366 
-2.173255837 8.137315939 -0.407500775 
-2.172276975 8.139666833 -0.360538408 
-2.348120882 8.097167721 -0.312999151 
-2.108430311 8.165094910 -0.090147939 
-2.212720042 8.132305039 -0.290102639 
-2.227395996 8.125995473 -0.344694542 
-2.331841266 8.103800297 -0.262301861 
-2.286810877 8.115336222 -0.255043121 
-2.245362946 8.124279590 0.563716790 
-2.426613554 8.095804947 0.120777959 
-2.012490849 8.159907377 0.780215366 
-2.216793946 8.121187706 0.622144427 
-2.145830322 8.136370559 0.572021494 
-2.231704628 8.125601628 0.415456688 
-2.173576825 8.126892913 0.604261754 
-2.217480117 8.111814535 0.672181763 
-2.209924332 8.126708130 0.487335130 
-2.247162979 8.123305696 0.385958476 
-2.181778450 8.120063851 0.673754442 
-2.221385078 8.111226087 0.661667361 
-2.096941215 8.157458023 0.391640617 
-2.240971214 8.128775951 0.286301841 
-2.209861764 8.117697820 0.606429101 
-2.204744612 8.132290544 0.412095323 
-2.307868377 8.116571673 0.216857435 
-2.219573889 8.137222214 0.236500634 
-2.237410705 8.129205827 0.333108373 
-2.293011134 8.119253105 0.248348660 
-2.242003806 8.133575968 0.170414488 
-2.250424204 8.130502993 0.217920137 
-2.288474901 8.119955116 0.252706250 
-2.273450631 8.124809878 0.224867303 
-2.288182560 8.120549046 0.255934003 
-2.231252229 8.132777621 0.305221523 
-2.310009896 8.115956687 0.228811775 
-2.300643448 8.119587188 0.173062628 
-2.243528319 8.132930573 0.210241272 
-2.199459941 8.142148715 0.242680645 
-2.298181052 8.118289599 0.238876227 
-2.258261660 8.128542742 0.224779529 
-2.214464752 8.136724331 -0.282489974 
-2.260220710 8.125892719 -0.289606022 
-2.327567766 8.106435235 -0.357969652 
-2.322565024 8.112027946 -0.231264337 
-2.191318307 8.135945271 -0.430529396 
-2.194720158 8.134765248 -0.439601163 
-2.270040987 8.117966851 -0.418480170 
-2.284969307 8.116727111 -0.360781077 
-2.263191078 8.122478950 -0.359587781 
-2.216359111 8.130880447 -0.420424204 
-2.323331175 8.110290421 -0.280769901 
-2.280838148 8.121981536 -0.262107338 
-2.152260430 8.145299497 -0.422755587 
-2.203070068 8.135260129 -0.393975828 
-2.330889624 8.108852381 -0.265807261 
-2.315077956 8.112278044 -0.293119191 
-2.269923347 8.126154682 -0.199937331 
-2.234953152 8.133251164 -0.247229933 
-2.260292151 8.122563840 -0.375228160 
-2.231057794 8.131685060 -0.330641947 
-2.263186355 8.122492619 -0.358943945 
-2.250603317 8.121522914 -0.436678453 
-2.234099499 8.127235341 -0.401113629 
-2.268402245 8.123183519 -0.300933842 
-2.259639136 8.126575794 -0.252290055 
-2.364758862 8.095644579 -0.207464452 
-2.224557597 8.132365689 -0.290628010 
-2.101789911 8.146442459 -0.331453491 
-2.253569091 8.127561844 -0.245100409 
-2.268417110 8.126289392 -0.241108292 
-2.179596262 8.136082581 -0.430584894 
-2.148545397 8.135645361 -0.546414056 
-2.259376662 8.090116883 0.751504027 
-2.340120473 8.114524603 0.333077545 
-2.504954205 8.088670845 0.168132728 
-2.021956719 8.170941660 -0.021095888 
-2.182353220 8.126124677 0.454833175 
-2.210547675 8.120521350 0.450527108 
-2.287145445 8.120213406 0.141889413 
-2.285469443 8.119979167 0.166484592 
-2.362114240 8.100097296 0.204843321 
-2.113393722 8.135268127 0.421437043 
-2.329020229 8.109288486 0.276334771 
-2.343921378 8.104458690 0.289908446 
-2.010449578 8.120181864 0.940787114 
-2.052545238 8.143664650 0.728155804 
-2.158430551 8.096228126 0.908933502 
-2.292705317 8.095887935 0.665686406 
-2.178216422 8.137783632 0.331427072 
-2.129842522 8.144712811 0.420854592 
-2.233880753 8.118638252 0.535717852 
-2.260275377 8.111570500 0.552683660 
-2.473564146 8.078679311 0.040132373 
-2.196381201 8.110342365 0.706288413 
-2.142958116 8.090154054 0.939506409 
-2.060049537 8.142691324 0.573979332 
-2.243399554 8.129083254 0.219706834 
-2.385203726 8.099514759 0.134555073 
-2.319958950 8.109304822 0.388598678 
-2.470164256 8.076319132 0.240576922 
-2.095342938 8.147867750 0.402211800 
-2.106907720 8.144904884 0.370697249 
-2.332672661 8.109105684 0.219735317 
-2.357634749 8.099591532 0.260243721 
-2.224297848 8.132865408 -0.330909980 
-2.225959539 8.132647446 -0.329779412 
-2.255594513 8.128607098 -0.246390949 
-2.313946293 8.112446454 -0.292676195 
-2.269446108 8.121480584 -0.329075393 
-2.062418306 8.165615602 -0.398925112 
-2.323142853 8.111874962 -0.242043023 
-2.334237121 8.111047535 -0.167223433 
-2.305698796 8.115378244 -0.165893420 
-2.256587416 8.128954995 -0.146582488 
-2.176051323 8.136588229 -0.315852300 
-2.154108458 8.136745148 -0.309332757 
-2.241764335 8.128164695 -0.308360896 
-2.231436780 8.129928695 -0.308712910 
-2.262289804 8.108648750 -0.563412262 
-2.283557808 8.121966797 -0.225803250 
-2.193857101 8.140250413 -0.314801105 
-2.059088812 8.170581478 -0.331879519 
-2.313357797 8.114588207 -0.239885980 
-2.275741071 8.124681867 -0.227494958 
-2.243409341 8.133485079 -0.262347607 
-2.230899526 8.131407704 -0.330389856 
-2.270296201 8.124172219 -0.270155818 
-2.274014442 8.124134679 -0.237976286 
-2.230935982 8.129837102 -0.362617919 
-2.239077361 8.131831930 -0.264107000 
-2.338881941 8.108626350 -0.227607061 
-2.285308471 8.120244626 -0.281774950 
-2.273098308 8.123765589 -0.260577741 
-2.164699501 8.145865557 -0.351271123 
-2.291697560 8.121295006 -0.198348015 
-2.319372251 8.114640648 -0.184929735 
-2.182086415 8.146841053 0.208832023 
-2.313778683 8.114363874 0.229105836 
-2.248189758 8.132413061 0.179183579 
-2.216863312 8.138925747 0.211927518 
-2.232368235 8.135790851 0.173494930 
-2.255801341 8.129851963 0.192008325 
-2.227421514 8.137840435 0.159966031 
-1.987596120 8.168476990 0.220958939 
-2.237507655 8.134324282 0.209476623 
-2.211211244 8.141654186 0.150704586 
-2.239305732 8.133639922 0.208324801 
-2.248354028 8.131484409 0.214043593 
-2.231951915 8.135752513 0.188677990 
-2.263427801 8.128305792 0.187004091 
-2.287935464 8.123249136 0.162576925 
-2.293496515 8.121692986 0.171149840 
-2.276776828 8.126062235 -0.225308950 
-2.005667190 8.165164700 0.505782180 
-1.969679257 8.162818234 0.577702687 
-2.166465014 8.133434796 0.426293097 
-2.199644833 8.137065090 0.299882636 
-2.207341345 8.117259723 0.645026335 
-2.244873958 8.087906464 0.758273432 
-2.256416901 8.115948382 0.390240328 
-2.079110998 8.136867134 0.560364516 
-2.121515433 8.132781002 0.482853619 
-2.340368673 8.108938027 0.219466537 
-2.311776107 8.116840407 0.236647019 
-2.072538535 8.156787600 0.202752612 
-2.094851266 8.143234554 0.418032466 
-2.310651301 8.117869795 0.028499721 
-2.295347802 8.121842575 0.035275014 
-2.238069909 8.133506724 -0.218072326 
-2.216702639 8.139107668 -0.222332030 
-2.171537257 8.147067818 -0.162907203 
-2.067483396 8.170602600 0.355215224 
-2.227615775 8.136455726 -0.196104306 
-2.267649566 8.127993225 -0.167033337 
-2.284522683 8.124232279 -0.139710953 
-2.293720698 8.121877877 -0.149235317 
-2.199644115 8.140982622 -0.269078965 
-2.211911484 8.139048667 -0.248250010 
-2.310098912 8.119922951 -0.007077977 
-2.323050859 8.115748086 -0.087573809 
-2.245294775 8.130928063 -0.256490036 
-2.247830068 8.131370273 -0.236950965 
-2.297679948 8.121942735 -0.094701822 
-2.265988202 8.129261808 -0.121246729 
-2.163671069 8.148791119 -0.444770851 
-2.088748792 8.154868764 -0.556078320 
-2.228276170 8.113974224 -0.456267429 
-2.087161787 8.132823168 -0.612579667 
-2.150302485 8.144030496 -0.391819400 
-2.161211703 8.142353768 -0.352443470 
-2.314429971 8.109123451 -0.314335383 
-2.319761464 8.106816810 -0.342421505 
-2.174890600 8.134681565 -0.356407531 
-2.131484749 8.136864783 -0.432203436 
-2.322459679 8.110375329 -0.148396970 
-2.315224213 8.114885128 -0.218078267 
-2.408512998 8.085834572 -0.366923019 
-2.389309072 8.091771207 -0.102448593 
-2.113668411 8.113664872 -0.833644016 
-2.239660388 8.119100886 -0.392918368 
-2.253599822 8.127951760 0.205228288 
-2.284717929 8.120077068 0.216311233 
-2.149421804 8.125365993 0.685954046 
-2.223741446 8.134302701 0.240916260 
-2.216563817 8.138578931 0.168592603 
-2.221897996 8.137420372 0.167647111 
-2.206245739 8.134900759 0.396417371 
-2.237396680 8.127971405 0.344957346 
-2.173164578 8.150555324 0.141341255 
-2.142680645 8.142033897 0.421104087 
-2.185316754 8.127230978 0.574791811 
-2.234857641 8.120306424 0.487399274 
-2.257451679 8.130832371 0.094013875 
-2.221946635 8.133604452 0.308375032 
-2.195538179 8.129943280 0.457820115 
-2.233659210 8.135327395 0.395658889 
-2.326114873 8.109853364 0.296334568 
-2.364839902 8.100894450 0.261570136 
-2.205312095 8.130176165 0.481603369 
-2.292367655 8.112009646 0.433433082 
-2.296236515 8.120225672 0.214788391 
-2.309543598 8.114963492 0.272374999 
-2.323074713 8.110551367 0.284071866 
-2.282556474 8.116432243 0.378974386 
-2.319261728 8.111897170 0.267755965 
-2.316407389 8.111455467 0.301654195 
-2.256267948 8.124080804 0.349858344 
-2.263892146 8.124574501 0.297983367 
-2.293537996 8.121615137 0.177261851 
-2.314088561 8.116458363 0.275019574 
-2.243927744 8.125715736 0.378541440 
-2.246897888 8.120610746 0.337610362 
-2.282618648 8.121196069 -0.267333938 
-2.243242813 8.126671634 -0.365327573 
-2.337659997 8.109716743 -0.182291828 
-2.314937927 8.113691490 -0.240776743 
-2.219723716 8.130715463 -0.400664195 
-2.186735869 8.139101214 -0.390558195 
-2.348171469 8.107275886 -0.158614437 
-2.340675801 8.108799802 -0.179860944 
-2.204647099 8.136844031 -0.348721643 
-2.295299729 8.117652915 -0.264783764 
-2.254835712 8.126129331 -0.306067987 
-2.254065802 8.127137139 -0.282168718 
-2.245002503 8.127605287 -0.346317042 
-2.428725180 8.088645433 -0.156112737 
-2.290034125 8.116774190 -0.331398106 
-2.116554588 8.147394752 -0.237149868 
-2.255838020 8.110273612 -0.603692446 
-2.228607591 8.124901017 -0.480411230 
-2.220319173 8.138097714 -0.258084576 
-2.201989230 8.140956203 -0.285621336 
-2.295786323 8.123006718 -0.445402070 
-2.492840359 8.057948014 -0.526282494 
-2.120925894 8.140849205 -0.244729958 
-1.903014731 8.136822697 -0.760547308 
-2.178927963 8.131875917 -0.545360640 
-2.192045662 8.131688807 -0.488122684 
-2.221251030 8.139556740 -0.210654993 
-2.218542473 8.136666264 -0.287494291 
-2.216746180 8.117840802 -0.618908027 
-2.226586210 8.118117342 -0.585471726 
-2.262503208 8.124439388 -0.343066717 
-2.270286546 8.121368247 -0.367744303 
-2.255772262 8.127391303 0.273737388 
-2.234407584 8.132157112 0.288815726 
-2.230058154 8.128061061 0.414930711 
-2.188623124 8.132866802 0.495616132 
-2.247917876 8.130783661 0.238051058 
-2.267478183 8.123562923 0.300354028 
-2.216091817 8.133487821 0.392605308 
-2.250480146 8.124236535 0.389318171 
-2.295356615 8.116971095 0.299511400 
-2.279422161 8.120276717 0.305186145 
-2.305620004 8.114545862 0.298005899 
-2.402904343 8.089487727 0.315440719 
-2.264245332 8.126722888 0.245346532 
-2.238702346 8.126351292 0.381257146 
-2.249377407 8.126989282 0.367171749 
-2.231898885 8.129926386 0.362856270 
-2.235354049 8.122193095 0.484772871 
-2.303679790 8.115673368 0.279472446 
-2.358263018 8.105692867 0.159907230 
-2.331835598 8.110661323 0.225809199 
-2.286288077 8.114621119 0.395311345 
-2.302140561 8.114022612 0.323826610 
-2.283081605 8.124970827 0.166746941 
-2.280737448 8.124121802 0.211438937 
-2.250907847 8.129440705 0.343829958 
-2.207899567 8.125900799 0.449158064 
-2.304600528 8.117474631 0.214488261 
-2.256399690 8.128070374 0.092240618 
-2.272634213 8.117090299 0.431436776 
-2.314656057 8.105621880 0.419199919 
-2.283401928 8.122338061 0.239708413 
-2.289929773 8.120914827 0.249025438 
-2.140725640 8.125293400 -0.706893916 
-2.140968174 8.126478164 -0.705760686 
-2.336781014 8.108986094 -0.225312145 
-2.315630308 8.113960812 -0.232342844 
-2.112181283 8.144957812 -0.568365360 
-2.085930737 8.149741077 -0.580701443 
-2.271523325 8.125647164 -0.181875964 
-2.168040751 8.158579629 -0.138638742 
-2.215328986 8.120042634 -0.448608471 
-2.311673075 8.097350807 -0.386925709 
-2.238024021 8.125028682 -0.215444001 
-2.493492824 8.063762080 -0.169951791 
-2.067259563 8.150960317 -0.610059176 
-2.105756291 8.148343811 -0.532586651 
-2.344026241 8.107842243 -0.212846724 
-2.319074571 8.112984725 -0.252859567 
-2.188040893 8.127987286 -0.560658556 
-2.278421144 8.112458815 -0.445483627 
-2.169335888 8.124587792 -0.659488677 
-2.165942786 8.135315979 -0.536009653 
-2.107164871 8.129549886 -0.783370400 
-2.416755274 8.099979747 -0.111552102 
-2.257366629 8.145401137 -0.501004740 
-2.210234021 8.121430016 -0.644616971 
-2.184560716 8.137143851 -0.417713664 
-2.219334471 8.128881020 -0.412818785 
-2.227332081 8.129344733 -0.366652818 
-2.245502579 8.127410028 -0.307395107 
-2.188397138 8.129488350 -0.531309265 
-2.200472259 8.127539822 -0.512409722 
-2.214936654 8.129943318 -0.422041141 
-2.217430748 8.131919839 -0.353042508 
-2.462696373 8.084956844 0.469960891 
-2.513786540 8.050966243 0.540695728 
-1.831666895 8.148651597 0.844101728 
-1.906763078 8.141329035 0.710704273 
-2.220949284 8.129961155 0.279595782 
-2.279197514 8.119053530 0.272693880 
-2.285656418 8.120149983 0.227082550 
-2.156458572 8.119703596 0.664493264 
-2.197204870 8.134318065 0.328056657 
-2.199963968 8.135233447 0.283452648 
-2.220408033 8.116175029 0.541507520 
-2.287119692 8.111780807 0.336008341 
-2.184961992 8.142334645 0.193753415 
-2.186405629 8.140351304 0.248096930 
-2.216697287 8.131379733 0.281272480 
-2.235899004 8.128593476 0.235224872 
-2.219420314 8.130473156 0.407274601 
-2.222462166 8.132789050 0.346527397 
-2.287992538 8.114610801 0.393955872 
-2.301554466 8.106482473 0.479727132 
-2.220736097 8.131231988 0.390730086 
-2.202652190 8.139377006 0.298727195 
-2.306293732 8.107709455 0.447759509 
-2.293201876 8.121169787 0.183527410 
-2.274200561 8.123540747 0.271947778 
-2.211401424 8.134920902 0.366174080 
-2.333333278 8.099105722 0.474787710 
-2.294744515 8.112383097 0.407367992 
-2.247374705 8.127926994 0.323035439 
-2.330677893 8.104529893 0.388718309 
-2.275546237 8.119144412 0.364842467 
-2.227958409 8.126609281 0.446811942 
-2.207533287 8.140912405 -0.213829880 
-2.176140978 8.150828587 -0.103970247 
-2.299558954 8.117849093 -0.246163565 
-2.313769589 8.113852027 -0.264409925 
-2.277989838 8.124284476 -0.209858754 
-2.220653754 8.136909609 -0.240122833 
-2.248133238 8.129609645 -0.268550287 
-2.309947453 8.116492477 -0.208047127 
-2.250865513 8.132363661 -0.152374201 
-2.251711095 8.126546473 -0.350222782 
-2.251200308 8.128730202 -0.259850157 
-2.327122484 8.112419376 -0.185344194 
-2.249507380 8.128723401 -0.285388490 
-2.263181281 8.125914729 -0.267043868 
-2.289451146 8.120971281 -0.221111201 
-2.262689152 8.126667856 -0.250455941 
-2.247379749 8.130428232 -0.240282187 
-2.204051512 8.130246138 -0.418565542 
-2.261267428 8.127119593 -0.245564096 
-2.260804568 8.131766457 -0.236654657 
-2.297929201 8.119680232 -0.184862547 
-2.250146682 8.132809637 -0.140540621 
-2.230828799 8.134021323 -0.265572493 
-2.242564061 8.129743678 -0.303089318 
-2.242576055 8.128262134 -0.328650684 
-2.291729604 8.119267668 -0.250863039 
-2.246147206 8.128368890 -0.320736970 
-2.264512981 8.125443114 -0.277049731 
-2.213391055 8.135576347 -0.323399197 
-2.220217396 8.128570176 -0.440330505 
-2.277503319 8.124324009 -0.199506526 
-2.283101726 8.123406333 -0.198640101 
-2.288358723 8.120850386 0.231162365 
-2.279240405 8.123811877 0.205888765 
-2.218690336 8.138955378 0.209863878 
-2.289009651 8.121116048 0.224247718 
-2.282348108 8.121649060 0.237981256 
-2.039178765 8.155317528 -0.703899972 
-2.026387318 8.173370264 -0.055013416 
-1.880172512 8.181532519 0.549917157 
-2.324277323 8.112601344 0.220897648 
-2.265593610 8.128065206 0.183054947 
-2.282759709 8.124093286 0.168889449 
-2.291158817 8.121821719 0.192665678 
-2.272030855 8.124203928 0.255846726 
-2.260430944 8.130040149 0.155887699 
-2.324192537 8.113498819 0.191775383 
-2.293003751 8.119955036 0.225144885 
-2.235354345 8.128642048 -0.399978413 
-2.525400934 8.064482273 0.109261574 
-2.324990581 8.112338779 0.092305591 
-2.510728286 8.064725188 0.151483587 
-2.228273453 8.129584096 0.292134079 
-2.243518419 8.127133620 0.266919235 
-2.262588406 8.122241279 0.293419957 
-2.270471621 8.120677894 0.292687762 
-2.334133369 8.107430684 0.114007618 
-2.334839196 8.106750327 0.143502092 
-2.173447546 8.072791624 0.933889307 
-2.029863096 8.127252636 0.783774787 
-2.252763619 8.109019063 0.418895246 
-2.259389760 8.118912087 0.130449496 
-2.314172739 8.107818387 0.249189608 
-2.193679949 8.130652598 0.235185978 
-2.433946436 8.077972116 -0.275685178 
-2.239155265 8.100383136 -0.628120231 
-2.115391295 8.129107331 -0.652615539 
-2.087729112 8.154148232 -0.306687949 
-2.452741806 8.078818034 -0.467325078 
-2.304618750 8.118214621 -0.100925342 
-2.294163521 8.110739297 -0.232826048 
-2.277846806 8.119999940 -0.186269690 
-2.235471280 8.132489598 -0.199436118 
-2.228449893 8.135461943 -0.150413254 
-2.281906422 8.121440781 -0.152126791 
-2.267326593 8.125661760 -0.128415437 
-2.131970510 8.149289265 -0.192099260 
-2.100482547 8.146592982 -0.310707052 
-2.556507729 8.059144506 -0.023496780 
-2.549936373 8.058117765 -0.042804181 
-2.306754379 8.117992323 -0.178136319 
-2.265142780 8.123546017 -0.323412250 
-2.334596732 8.107154187 -0.268201155 
-2.268917340 8.127768204 -0.162984528 
-2.339036826 8.110207965 -0.159643031 
-2.311960919 8.116792478 -0.167291435 
-2.268944407 8.127002263 -0.188304268 
-2.133265857 8.126536825 -0.713044444 
-2.321353401 8.114409977 -0.148129494 
-2.152459932 8.134561669 -0.190555621 
-2.151801713 8.145419706 -0.080635860 
-2.309205021 8.111477056 -0.065420367 
-2.061965288 8.171800003 -0.170276610 
-2.132372181 8.156937154 -0.206630806 
-1.878800729 8.153792289 -0.814308344 
-2.128199224 8.111000835 -0.815336680 
-2.224209703 8.139476606 0.100927761 
-2.229516487 8.138596387 0.091503979 
-2.274631333 8.124003618 0.242575842 
-2.275621652 8.122382692 0.287750455 
-2.210437174 8.143041606 0.090234473 
-2.146015490 8.130957187 0.443093116 
-2.169245775 8.100274202 0.739359244 
-2.115778192 8.074380844 1.071983719 
-2.258826691 8.128338219 0.145535040 
-2.285633929 8.118721405 0.182657915 
-2.213362341 8.131309473 0.281584359 
-2.304750649 8.107153361 0.222761110 
-2.250071881 8.132594646 0.146532524 
-2.267047252 8.128976453 0.125846403 
-2.237317614 8.133884901 0.215637115 
-2.261074860 8.127950607 0.223157486 
-2.267716091 8.128279121 0.149649538 
-2.265218987 8.128697427 0.159276481 
-2.298149223 8.114605501 0.338448812 
-2.288197167 8.118344015 0.313001991 
-2.277636290 8.126261323 0.132862547 
-2.246880202 8.133768756 0.130213790 
-2.318707914 8.113612155 0.231154685 
-2.313828836 8.115725834 0.196718960 
-2.277001258 8.125655235 0.161149472 
-2.260449186 8.130125820 0.150443435 
-2.202455902 8.142799251 0.198487379 
-2.305383410 8.117061546 0.207965856 
-2.288760258 8.122474430 0.181138047 
-2.265458804 8.124171982 0.300654012 
-2.356347884 8.105081282 0.188624689 
-2.333464182 8.111699336 0.161060542 
-2.217035557 8.133939896 -0.352843054 
-2.184033665 8.136855870 -0.446475053 
-2.363270344 8.103823927 -0.161990599 
-2.330776863 8.112908372 -0.128404306 
-2.295337493 8.117905743 -0.269577819 
-2.243256741 8.134024058 -0.156279324 
-2.356144211 8.105207182 -0.173251004 
-2.318671060 8.115660539 -0.144742979 
-2.283887391 8.122375006 -0.219295426 
-2.250713801 8.128615003 -0.277489850 
-2.296460694 8.119207102 -0.215488234 
-2.283686639 8.124725906 -0.135460088 
-2.276965335 8.123276686 -0.242156875 
-2.187249602 8.140306300 -0.362989171 
-2.320117470 8.114750291 -0.169564589 
-2.364009013 8.103301459 -0.169850043 
-2.228164432 8.126932263 -0.253269637 
-2.280112068 8.122106313 -0.185379027 
-2.225594050 8.127564735 -0.422370735 
-2.230094046 8.124511089 -0.454452933 
-2.431632124 8.089540785 -0.108226533 
-2.367022073 8.097131067 -0.069381333 
-1.917387467 8.104344204 -1.033311814 
-1.941471688 8.150719544 -0.572261718 
-2.211270279 8.134303920 -0.315019731 
-2.231912451 8.132213806 -0.229694674 
-2.273286803 8.117011273 -0.353777044 
-2.269344579 8.119758199 -0.323967894 
-2.261781420 8.119833870 -0.344935191 
-2.159965924 8.132717861 -0.542916096 
-2.216441074 8.134485733 -0.329354717 
-2.275815976 8.120189994 -0.336316510 
-2.181580964 8.138486982 0.481231368 
-2.453499271 8.089445073 0.128575209 
-2.069286656 8.160853409 0.694440371 
-2.087440547 8.106378334 0.982138563 
-2.141384884 8.141211133 0.522192060 
-2.212005258 8.128719293 0.444799397 
-2.171895910 8.121271772 0.684603233 
-2.194836325 8.118929797 0.649259069 
-2.196537044 8.131606158 0.446640376 
-2.212960756 8.134209738 0.326142097 
-2.172441199 8.133549290 0.517859082 
-2.207867257 8.119886635 0.599510718 
-2.221040109 8.135015501 0.255072514 
-2.227064188 8.132132090 0.300229860 
-2.188222836 8.119322178 0.653336367 
-2.229356978 8.128597569 0.367408051 
-2.242580730 8.131626831 0.240150553 
-2.207971412 8.138822191 0.273076926 
-2.250173334 8.121539893 0.435705776 
-2.275507863 8.113599460 0.303892602 
-2.232788089 8.134099286 0.229026603 
-2.257589483 8.125470215 0.279807053 
-2.266290180 8.119061447 0.413029751 
-2.267153385 8.124658322 0.293059981 
-2.254456429 8.130731475 0.190704079 
-2.287799276 8.119563615 0.290631400 
-2.315594640 8.112990067 0.267799534 
-2.330476830 8.110849813 0.223997162 
-2.230169229 8.135054121 0.247441151 
-2.265769090 8.125611346 0.265846508 
-2.306828291 8.114697714 0.284715854 
-2.324926186 8.111285634 0.247731620 
-2.222299252 8.135715385 -0.260948856 
-2.278069042 8.124821566 -0.182152192 
-2.219002679 8.130865586 -0.409368503 
-2.255748830 8.127801444 -0.269512737 
-2.180284896 8.143772978 -0.322660141 
-2.121660901 8.150955318 -0.443347212 
-2.305114350 8.114241833 -0.303934583 
-2.305000229 8.115455621 -0.275882276 
-2.287525143 8.116374796 -0.365402630 
-2.223638245 8.125503714 -0.485630567 
-2.293762959 8.119559494 -0.230155238 
-2.301004400 8.118636462 -0.211266090 
-2.218597435 8.131384714 -0.392527859 
-2.225011142 8.130318773 -0.385999329 
-2.329480070 8.111363602 -0.214129089 
-2.270687301 8.124746770 -0.251736373 
-2.266617497 8.127635527 -0.185394838 
-2.270247534 8.126996442 -0.181255588 
-2.270445016 8.125843750 -0.216988886 
-2.287562409 8.121099176 -0.227601297 
-2.258219857 8.129123573 -0.201631423 
-2.230364604 8.134335042 -0.244329427 
-2.267965527 8.127203390 -0.186379928 
-2.298158444 8.119322326 -0.199388467 
-2.278535232 8.125431640 -0.154348182 
-2.244316184 8.133771262 -0.158504192 
-2.278460738 8.122207073 -0.263244993 
-2.279493780 8.123910661 -0.200977496 
-2.263889293 8.129165902 -0.154617551 
-2.267724141 8.127811354 -0.172388479 
-2.272175083 8.123869753 -0.265584726 
-2.285168190 8.120881217 -0.259724581 
-2.176172462 8.135604539 0.408908822 
-2.169140103 8.131788863 0.495451868 
-2.196677268 8.144264833 0.157807114 
-2.284791077 8.122691461 0.212992634 
-2.263035477 8.128733963 0.049818106 
-2.312419904 8.113368453 0.195334846 
-2.304456681 8.107991836 0.200382563 
-2.325333207 8.112280845 0.177111191 
-2.459108225 8.078064108 0.072207453 
-2.371409679 8.095796928 0.118712684 
-2.223018614 8.141880415 0.138843180 
-2.296871251 8.115265763 0.202931749 
-2.146730954 8.136186732 0.559383358 
-2.050456897 8.143028774 0.744992995 
-1.823221090 8.202686974 0.073088609 
-2.120672714 8.150525249 0.122516080 
-2.207202707 8.136973795 0.162726778 
-2.177327931 8.144204237 0.170817250 
-2.345154706 8.105009035 0.229382076 
-2.335246479 8.108511276 0.197940869 
-2.517745683 8.072802170 0.024199471 
-1.994018702 8.166039566 -0.286269289 
-2.298502409 8.096500368 0.702320696 
-2.177751005 8.152191332 0.186251245 
-2.203239657 8.138062093 0.355533282 
-2.223403389 8.127510715 0.107139779 
-2.511974441 8.059927453 0.193756897 
-2.283931338 8.120553593 0.272244291 
-2.192987212 8.137890634 0.190670314 
-2.256126249 8.122550807 0.181375682 
-2.321395078 8.108111501 0.345227937 
-2.392824212 8.090580947 0.270415194 
-2.262732076 8.127764656 -0.217717979 
-2.265087630 8.126569671 -0.231611309 
-2.281896473 8.125132943 -0.162078630 
-2.304254939 8.119181015 -0.144859935 
-2.038073363 8.145638773 -0.748819322 
-2.142476111 8.117329547 -0.781098150 
-2.028142522 8.116585890 -0.916941009 
-2.054855698 8.124149645 -0.866808539 
-2.282434445 8.124569869 -0.135521165 
-2.235074627 8.131566808 -0.280328342 
-2.310892609 8.115087162 -0.225943111 
-2.301886918 8.118051585 -0.219483398 
-2.221030547 8.125987063 -0.279785076 
-2.195945294 8.126113330 -0.415949663 
-2.326686885 8.109098219 -0.289419940 
-2.304149975 8.116168075 -0.243086655 
-2.264638524 8.119723599 -0.405743360 
-2.214003366 8.128159622 -0.466346511 
-2.285427417 8.120380315 -0.268116480 
-2.298898651 8.116909407 -0.283144278 
-2.236309693 8.125043617 -0.433383549 
-2.238886620 8.125118197 -0.415464245 
-2.278680542 8.120591617 -0.311457473 
-2.243802913 8.126368870 -0.375620918 
-2.233148209 8.126139805 -0.430933783 
-2.202641095 8.135100767 -0.404726742 
-2.295532410 8.118293848 -0.268341224 
-2.287657660 8.119551166 -0.287278136 
-2.231483497 8.123165654 -0.479368115 
-2.222831678 8.125684832 -0.475401005 
-2.303200164 8.114580298 -0.310063574 
-2.281220826 8.120383580 -0.295674481 
-2.273081474 8.121108562 0.322534313 
-2.287315293 8.117213995 0.340831256 
-2.260401969 8.127501746 0.259931300 
-2.269708734 8.125622840 0.236461062 
-2.288544121 8.114210850 0.392152096 
-2.282532722 8.116602022 0.377381631 
-2.219933574 8.135993905 0.291238457 
-2.224825491 8.135428167 0.273786370 
-2.219272922 8.135607966 0.287643897 
-2.230702388 8.134493057 0.244776503 
-2.267156809 8.127965875 0.186914137 
-2.251138825 8.130401287 0.234821721 
-2.218815498 8.134202904 0.342354655 
-2.263158790 8.124369135 0.311044584 
-2.251855536 8.128063102 0.301360319 
-2.260824331 8.125492470 0.313520261 
-2.184605834 8.135210396 0.453403109 
-2.165216586 8.137985192 0.481749872 
-2.201753562 8.133885206 0.453028233 
-2.219918964 8.134346747 0.350097367 
-2.180311986 8.138381307 0.412311044 
-2.006227307 8.150173937 0.750757229 
-2.033276575 8.154137400 0.305889991 
-2.119262663 8.137149177 0.203203721 
-2.242530035 8.129031393 0.319032021 
-2.276620435 8.122552034 0.269124138 
-2.229496266 8.127834514 0.419388223 
-2.209981330 8.128856983 0.487558527 
-2.212101406 8.133512424 0.378211310 
-2.236360737 8.126262486 0.403753460 
-2.234575676 8.127615854 0.407660866 
-2.235761168 8.129278086 0.367084181 
-2.216104802 8.137146140 -0.262224057 
-2.169884358 8.139867525 -0.349566722 
-2.306630394 8.117804473 -0.185391134 
-2.307246311 8.120818894 -0.209693498 
-2.206538914 8.139296456 -0.275901938 
-2.228375035 8.135169259 -0.248978150 
-2.317882709 8.114873208 -0.192832880 
-2.296496163 8.118204488 -0.259737715 
-2.237162646 8.131267730 -0.288168110 
-2.237649691 8.130480707 -0.322799049 
-2.289916785 8.121898048 -0.185230760 
-2.292106240 8.120419715 -0.215775141 
-2.217050403 8.133227336 -0.358034309 
-2.226725992 8.132365488 -0.318287149 
-2.286235380 8.122494330 -0.192794634 
-2.290467762 8.122291857 -0.172311054 
-2.252652378 8.127222849 -0.293776132 
-2.234759127 8.125082545 -0.451329782 
-2.273947430 8.122456196 -0.285739671 
-2.250473360 8.127762506 -0.298210513 
-2.277561260 8.122042531 -0.282805672 
-2.263030255 8.125056072 -0.303566151 
-2.273186215 8.123006695 -0.273970976 
-2.282282866 8.121127427 -0.263912846 
-2.221859355 8.135356853 -0.302917591 
-2.216619861 8.136095392 -0.318372586 
-2.265011549 8.123830641 -0.314830099 
-2.238647525 8.128599477 -0.346620449 
-2.230439766 8.130997346 -0.351252117 
-2.184439612 8.136625677 -0.452955892 
-2.295563339 8.108257593 -0.445744239 
-2.128305534 8.138612627 -0.548919091 
-2.210133767 8.142880127 0.129507545 
-2.273858245 8.126754069 0.133857603 
-2.298468000 8.118051340 0.248030250 
-2.303848951 8.117070263 0.244834239 
-2.237461281 8.135168051 0.165300900 
-2.232071975 8.135834877 0.199040410 
-2.274653767 8.122741569 0.288866102 
-2.288154039 8.120784655 0.248480622 
-2.235337265 8.136404682 0.130976695 
-2.245788256 8.129444762 0.113635801 
-2.268648036 8.125341599 0.257460089 
-2.128233536 8.131541718 0.636971970 
-2.248895211 8.131486274 0.187279709 
-2.250421361 8.131907222 0.171000402 
-2.233786400 8.135874172 0.192701672 
-2.253662207 8.129440907 0.240592588 
-2.274105004 8.122667104 0.279079997 
-2.241913587 8.125910400 0.395613198 
-2.294388109 8.117864262 0.269558877 
-2.266017598 8.125418864 0.273848121 
-2.242975415 8.128768201 0.317915268 
-2.254609061 8.127008765 0.296206785 
-2.257445558 8.126060520 0.310438460 
-2.240388180 8.130359389 0.310734861 
-2.314038390 8.111098076 0.329467051 
-2.297697182 8.116219824 0.302040334 
-2.322838842 8.109771602 0.319783917 
-2.282102796 8.117954099 0.361999606 
-2.290743807 8.119812171 0.250587710 
-2.251995266 8.127605241 0.300490925 
-2.275357593 8.117202627 0.414292777 
-2.293308346 8.115831873 0.350515448 
-2.207469048 8.132533465 -0.416342659 
-2.177762433 8.133840725 -0.515875328 
-2.351739566 8.107786905 -0.113827692 
-2.328684532 8.113674729 -0.112624402 
-2.222723283 8.129972118 -0.381942707 
-2.194339853 8.138684991 -0.366358248 
-2.333928981 8.111656308 -0.139305252 
-2.293154966 8.121521769 -0.180288454 
-2.248659139 8.128885330 -0.284496078 
-2.273684527 8.124498183 -0.232664856 
-2.355686175 8.104849179 -0.196704540 
-2.328765147 8.111201377 -0.213707044 
-2.283093098 8.120639989 -0.288034223 
-2.254600069 8.125538047 -0.332346544 
-2.337701706 8.110777001 -0.151473265 
-2.329125119 8.112207817 -0.169074420 
-2.160166153 8.146538055 -0.366043096 
-2.208637847 8.138946287 -0.264507464 
-2.274335459 8.126306052 -0.167699834 
-2.281019093 8.123341527 -0.214883854 
-2.183621533 8.140105480 -0.383673863 
-2.198946490 8.137549941 -0.360382252 
-2.331638772 8.112482331 -0.152957765 
-2.301642894 8.117791713 -0.228159074 
-2.216561754 8.134146120 -0.342546787 
-2.239551393 8.129310577 -0.324346919 
-2.255864981 8.129335399 -0.217803232 
-2.277046550 8.124771911 -0.207844311 
-2.172737428 8.143082389 -0.377587214 
-2.208260471 8.138104030 -0.296027824 
-2.295711813 8.120360355 -0.202580883 
-2.317602838 8.112326575 -0.261362464 
-2.182261747 8.146456406 0.236524095 
-2.273501165 8.124486682 0.231736173 
-2.271365088 8.126281483 0.201594597 
-2.285194824 8.122779304 0.200582429 
-2.259971022 8.129730111 0.175043672 
-2.255841544 8.130859621 0.171550915 
-2.272625150 8.126291999 0.195629240 
-2.259028528 8.129042581 0.232651369 
-2.219792861 8.136763850 0.270689657 
-2.286130096 8.121359417 0.219934414 
-2.258336881 8.130091349 0.179666775 
-2.276398241 8.124705173 0.217834069 
-2.295095925 8.119679628 0.222481505 
-2.275820562 8.124199407 0.215539555 
-2.270862592 8.127949887 0.165281323 
-2.261605807 8.129100951 0.191573043 
-2.286150178 8.119842827 0.278305309 
-2.274400214 8.123535711 0.256909117 
-2.262779207 8.125989714 0.291179869 
-2.261482813 8.124069683 0.332197023 
-2.268857257 8.125214964 0.248468871 
-2.286848354 8.120643720 0.253540908 
-2.173469433 8.144129050 0.356079835 
-2.257103412 8.126639055 0.297975693 
-2.269856507 8.123873780 0.284655922 
-2.273461570 8.121989559 0.307193181 
-2.216359335 8.135691505 0.317184536 
-2.262860625 8.126911982 0.241799708 
-2.269633138 8.121459073 0.347434547 
-2.346582960 8.101754420 0.300311573 
-2.249895546 8.130244472 0.238203165 
-2.184940427 8.132548410 0.445680642 
-2.214620975 8.132224193 -0.391392447 
-2.229578222 8.130353600 -0.358545936 
-2.284720104 8.123871374 -0.167782165 
-2.285097197 8.123753405 -0.185565867 
-2.223329570 8.132643535 -0.339635396 
-2.208415917 8.135681839 -0.359207736 
-2.289876136 8.123040215 -0.156033487 
-2.304794271 8.118826654 -0.172206005 
-2.202419973 8.138590074 -0.305380363 
-2.220967477 8.133531336 -0.328855526 
-2.500732679 8.070304629 -0.199219331 
-2.439169036 8.084685609 -0.241391816 
-2.095855038 8.139091826 -0.553649393 
-2.202216118 8.144294338 -0.230898616 
-2.159700179 8.149128503 -0.223232223 
-2.350265284 8.117244067 -0.118435030 
-2.255294624 8.127619739 -0.261787812 
-2.259766960 8.127014981 -0.258148743 
-2.174414315 8.135594043 -0.507584798 
-2.160307227 8.145479240 -0.397298915 
-2.301934021 8.116110306 -0.263468789 
-2.212791779 8.135307426 -0.338823799 
-2.220446461 8.127435270 -0.463241510 
-2.226119560 8.128678528 -0.423512878 
-2.272947738 8.118564561 -0.368549425 
-2.245423473 8.122276548 -0.433855299 
-2.283843683 8.120988710 -0.273514079 
-2.250116397 8.130383394 -0.238858674 
-2.226157190 8.131541818 -0.331671748 
-2.215769304 8.135201996 -0.322776539 
-2.269909045 8.124446632 -0.274674424 
-2.277365917 8.122808447 -0.266622536 
-2.342764089 8.112735753 0.426795798 
-2.518932684 8.049520861 0.533632537 
-2.102215634 8.145000590 0.242212838 
-2.167429795 8.130720900 0.258789119 
-2.241619866 8.127741949 0.342760303 
-2.231436124 8.134664225 0.228988156 
-2.098279230 8.148349194 0.561556243 
-2.161684494 8.138354744 0.507902289 
-2.141404539 8.138535151 0.567061212 
-2.266542931 8.117712343 0.449059628 
-2.211232244 8.129546856 0.462197699 
-2.199187216 8.127805125 0.543684613 
-2.221017136 8.134413201 0.309120677 
-2.226031509 8.134694721 0.283327524 
-2.232573354 8.131791015 0.328615857 
-2.229783748 8.132288367 0.343908935 
-2.183100256 8.145217970 0.250012103 
-2.152133731 8.148357396 0.352363533 
-2.277291411 8.123916974 0.189448553 
-2.151050837 8.162042494 0.167213583 
-2.253661423 8.128141751 0.271133753 
-2.281468055 8.121697423 0.260606334 
-2.333356058 8.102001446 0.419755470 
-2.322480789 8.106717584 0.390116804 
-2.145785903 8.145946341 0.430175404 
-2.110428269 8.153537849 0.442330404 
-2.346294934 8.102773170 0.326351624 
-2.346131351 8.104830586 0.287913414 
-2.235748994 8.116315116 0.417376587 
-2.273479840 8.102987763 0.474565103 
-2.256393389 8.118638718 0.265782789 
-1.990006206 8.161813683 0.507011056 
-2.288032825 8.116744429 -0.320284752 
-2.287827792 8.118437322 -0.286640978 
-2.257834959 8.128509010 -0.259406110 
-2.248100983 8.127071928 -0.346792252 
-2.261883509 8.119104108 -0.421189319 
-2.256730134 8.126209460 -0.281879336 
-2.316637293 8.114457631 -0.218285338 
-2.304804879 8.116892059 -0.240697800 
-2.174836181 8.131831918 -0.532676292 
-2.256638597 8.119081461 -0.440988989 
-2.311076636 8.116723912 -0.188970065 
-2.299542341 8.118485043 -0.216885631 
-2.246646576 8.128221004 -0.383716045 
-2.160261406 8.131498725 -0.547027133 
-2.280154377 8.124993987 -0.156911867 
-2.069961918 8.145842174 -0.399512436 
-2.207517130 8.140210726 -0.194132952 
-2.227277818 8.136327913 -0.168272778 
-2.262022405 8.129100807 -0.230941920 
-2.274076508 8.121972412 -0.266277397 
-2.248991150 8.129088691 -0.213403549 
-2.229284910 8.133187607 -0.233799171 
-2.204723284 8.138656276 -0.246114463 
-2.227255558 8.132296312 -0.283035974 
-2.246644340 8.132943384 -0.121191439 
-2.179943492 8.144027048 -0.298437740 
-2.204555287 8.123982193 -0.491209032 
-2.153425191 8.141666140 -0.456839632 
-2.054873300 8.163112381 -0.397491676 
-2.131096452 8.139136865 -0.513403777 
-2.161134864 8.129555268 -0.612702246 
-2.247048651 8.125337643 -0.418701695 
-2.185471806 8.134879781 0.377645686 
-2.192411702 8.137373487 0.276518757 
-2.236700109 8.107225280 0.640804521 
-2.295585441 8.113790588 0.313150417 
-2.154708216 8.150782268 0.438806976 
-2.115239400 8.148425170 0.538100586 
-2.227003578 8.114376191 0.453324557 
-2.131501295 8.125546842 0.577702415 
-2.458121987 8.079424951 0.127261424 
-2.035138494 8.120037917 0.906799196 
-2.159539172 8.097154771 0.892047848 
-2.259931309 8.097129267 0.660429376 
-2.109134227 8.142205097 0.497997747 
-2.175454010 8.131892572 0.311900329 
-2.226334586 8.129419569 0.312741075 
-2.318019961 8.111752224 0.296651620 
-2.279636004 8.124680749 0.188897477 
-2.289410986 8.121233163 0.221531070 
-2.371761595 8.096711512 0.318741294 
-2.336926833 8.106039450 0.312133975 
-2.291013146 8.123491243 0.125680803 
-2.272558147 8.126071918 0.191057823 
-2.342720242 8.096431094 0.479228397 
-2.283421021 8.113708885 0.437202909 
-2.291878445 8.120397240 0.225026669 
-2.410618929 8.095361410 0.058818232 
-2.290369899 8.115349898 0.346469160 
-2.096833389 8.152316259 0.231436004 
-2.253550250 8.127661688 0.283017734 
-2.240557172 8.130518490 0.296394891 
-2.263619309 8.119526520 0.407281280 
-2.277701870 8.119583306 0.333243219 
-2.265149026 8.125185570 -0.277263700 
-2.281092559 8.117909777 -0.365466412 
-2.229520797 8.131657306 -0.319570183 
-2.294301524 8.117517367 -0.276985359 
-2.264062681 8.125936765 -0.263217480 
-2.290636628 8.115742078 -0.353425985 
-2.264090780 8.124649838 -0.290243317 
-2.264414715 8.123009138 -0.331353725 
-2.300208341 8.116341330 -0.300932894 
-2.281815655 8.119510749 -0.384496475 
-2.215103389 8.136610291 -0.286819921 
-2.142045340 8.157386173 -0.168729159 
-2.311613857 8.113508976 -0.278556510 
-2.287110781 8.118840306 -0.292281684 
-2.265275909 8.120646089 -0.373440778 
-2.277557780 8.121501074 -0.297560240 
-2.254504786 8.128325828 -0.258629983 
-2.272230790 8.124747883 -0.209469750 
-2.246657318 8.134846685 -0.114638549 
-2.028225819 8.163015176 -0.102355718 
-2.289943785 8.120918983 -0.217934976 
-2.273469044 8.123850025 -0.250983711 
-2.244433606 8.134692720 -0.121985477 
-2.251700554 8.132499965 -0.155187355 
-2.244407246 8.129846899 -0.140941563 
-2.275839098 8.124940429 -0.204350846 
-2.282298534 8.125456745 -0.123331584 
-2.325368573 8.114038330 -0.149241417 
-2.259784608 8.125966402 -0.291083733 
-2.257027734 8.128299836 -0.241098817 
-2.265635519 8.129430572 -0.133251564 
-2.276173641 8.126269438 -0.146975935 
-2.240504209 8.131329895 0.284961762 
-2.267104982 8.125195444 0.264829836 
-2.338788134 8.106502108 0.295485881 
-2.301811100 8.116957372 0.250892258 
-2.232000150 8.131954422 0.302168187 
-2.092686865 8.163153342 0.322476962 
-2.294267036 8.119417827 0.242740619 
-2.408955418 8.091315323 0.203177132 
-2.264485095 8.127440458 0.216361300 
-2.257027300 8.128343405 0.245481659 
-2.369120625 8.099980689 0.254473563 
-2.300138453 8.116718998 0.278528247 
-2.240738915 8.130021182 0.304748587 
-2.247681963 8.128785503 0.293361052 
-2.440797387 8.081186947 0.257236810 
-2.301712796 8.114829408 0.318603132 
-2.221375373 8.137148336 0.238090674 
-2.268100983 8.125862675 0.239930681 
-2.333173244 8.113734868 0.047757756 
-2.313308765 8.118339611 0.085701815 
-2.238651561 8.113256093 0.440007518 
-2.253490851 8.127908872 -0.183400241 
-2.295001546 8.122866823 0.085854035 
-2.272391995 8.128119680 0.102131139 
-2.267961629 8.126489842 0.221247108 
-2.218490200 8.140414950 0.145635768 
-2.303093588 8.120075433 0.124897105 
-2.271365698 8.127070021 0.172886902 
-2.243537042 8.133211023 0.186422744 
-2.211170593 8.139141011 0.231652418 
-2.331993898 8.112329277 0.141199719 
-2.313688491 8.117494170 0.132060171 
-2.219962621 8.097009413 -0.853206050 
-2.156711483 8.120367711 -0.757554154 
-2.233423059 8.093978051 -0.741776932 
-2.281887343 8.112303343 -0.342284078 
-2.243334169 8.134680153 0.217222509 
-1.915512617 8.170192913 -0.671877674 
-2.303115299 8.094379433 -0.818961644 
-2.359774713 8.087283537 -0.484623772 
-2.108800815 8.142647052 -0.374841967 
-2.070536644 8.146255760 -0.452443156 
-2.290485736 8.124369571 0.030638594 
-2.311721893 8.118585183 0.015849305 
-2.030884894 8.143569901 -0.628459345 
-2.004616206 8.147079921 -0.648203662 
-2.337991708 8.111796199 -0.158854290 
-2.380555882 8.100020062 -0.162690663 
-2.236331728 8.118474657 -0.370986026 
-2.174504480 8.129329770 -0.440255514 
-2.221482055 8.134083819 -0.226989177 
-2.282744365 8.121096405 -0.184549777 
-2.417652549 8.095879432 -0.236795094 
-2.359518818 8.105127128 -0.298186617 
-2.467631350 8.099692884 -0.159711535 
-2.291476480 8.123610717 -0.206236839 
-2.181513815 8.117299637 -0.752241821 
-2.066084929 8.136863911 -0.779065936 
-2.152738544 8.101043079 -0.872624492 
-2.277124414 8.101953688 -0.632603341 
-2.384702324 8.094109114 -0.224508812 
-2.130031644 8.131240591 -0.426688278 
-2.350034030 8.103899538 -0.276577979 
-2.384251970 8.095719768 -0.232149517 
-2.276528595 8.118553646 0.381876234 
-2.255938310 8.120029030 0.451392192 
-2.272734600 8.122738110 0.295349613 
-2.286909155 8.119531664 0.281237033 
-2.237030674 8.134930275 0.187289821 
-2.240300405 8.133150876 0.207848207 
-2.297739968 8.115624170 0.337605640 
-2.244337906 8.129517576 0.310201141 
-2.342550713 8.110000228 0.205712926 
-2.288896589 8.120316830 0.267510716 
-2.188352201 8.139114237 0.327523578 
-2.167164728 8.136266730 0.459420976 
-2.335095149 8.111889450 0.222479769 
-2.363080615 8.096410325 0.193681563 
-2.227311663 8.127882523 0.319807961 
-2.125792489 8.142571916 0.260212173 
-2.102763937 8.161256501 0.312252473 
-2.247667306 8.125249294 0.355442496 
-2.307584332 8.116281000 0.212693717 
-2.392206235 8.095555365 0.191335366 
-2.235852175 8.130244269 0.329708587 
-2.255911378 8.123267963 0.379556999 
-2.298684076 8.117304426 0.276904176 
-2.299535361 8.118087542 0.238571448 
-2.246417192 8.129529397 0.209083114 
-2.299854318 8.112293802 0.337742325 
-2.258792617 8.115447890 0.465749826 
-2.297081959 8.118292946 0.245423424 
-2.301826443 8.116505391 0.151773688 
-2.305136382 8.117196579 0.139517811 
-2.158624344 8.134406283 0.417368372 
-2.135651706 8.139623432 0.344619429 
-2.312941376 8.116766072 0.060140740 
-2.170380405 8.116213160 -0.727173680 
-2.100037940 8.102779376 -0.917961654 
-2.054902662 8.133174366 -0.724779952 
-2.143328123 8.143399806 -0.406894927 
-2.136033154 8.139598881 -0.490946108 
-2.279212822 8.122021000 -0.264914405 
-2.308503595 8.113792042 -0.292812803 
-2.130242040 8.142228505 -0.370379815 
-2.108625410 8.142697509 -0.401139242 
-2.321052719 8.109000649 -0.319721291 
-2.366988248 8.099394455 -0.194990462 
-2.233401755 8.127856351 -0.313562326 
-2.368687777 8.103242840 -0.160861066 
-2.309482493 8.117730087 -0.220272222 
-2.495591552 8.070435027 -0.186029672 
-2.279901967 8.120520910 -0.304572297 
-2.243039819 8.127907998 -0.320681694 
-2.263630905 8.125282939 -0.274557483 
-2.285187218 8.122640839 -0.197098855 
-2.306557791 8.108758878 -0.470001159 
-2.284395361 8.110302797 -0.342140790 
-2.217663396 8.141346294 -0.075448445 
-2.130943578 8.148511645 -0.385614052 
-2.243731067 8.129717930 -0.293455583 
-2.177780464 8.143838365 -0.326350438 
-2.234885999 8.131433309 -0.304332747 
-2.289708856 8.120544975 -0.234801588 
-2.250345600 8.130740844 -0.222803776 
-2.240363621 8.132794225 -0.227996599 
-2.261863533 8.124404204 -0.314747994 
-2.274183573 8.121196532 -0.319716547 
-2.291829763 8.118999333 0.275496788 
-2.286109690 8.122539385 0.216325218 
-2.248674621 8.131464771 0.208843630 
-2.264250245 8.127027020 0.224393500 
-2.239448976 8.131951194 0.248853616 
-2.273042044 8.125704446 0.207248343 
-2.308031669 8.118240679 0.163358519 
-2.262191660 8.126595112 0.259225621 
-2.286859692 8.137719401 0.126135937 
-2.412980438 8.098787233 0.107104938 
-1.985984188 8.146562354 0.804057531 
-2.082259941 8.167665447 -0.137538238 
-2.255101324 8.131795405 0.114072993 
-2.411663613 8.091962838 0.121866271 
-2.160883057 8.153624233 0.151989419 
-2.192339676 8.146436132 0.133941203 
-2.251265627 8.131556363 0.063169746 
-2.231756854 8.137867697 0.027983483 
-2.346876992 8.111711616 0.018009814 
-2.241336347 8.129132753 0.115908688 
-2.217912489 8.094796674 0.684745558 
-2.298586918 8.116377273 0.244542457 
-2.341332465 8.104048162 0.194035094 
-2.346287907 8.095680156 0.297540033 
-1.957670330 8.142654485 0.649952458 
-2.050055669 8.129490485 0.624516166 
-2.389631116 8.100490465 0.036967165 
-2.342034538 8.099785232 0.234914770 
-2.431245931 8.093609824 0.179204553 
-2.381254465 8.107800459 0.275220590 
-2.176690065 8.145747696 -0.164028589 
-1.977835374 8.188330592 -0.165941522 
-2.304911564 8.105693552 -0.274944989 
-2.279973071 8.112715057 -0.339689126 
-2.156478940 8.154720050 -0.259772557 
-2.320811931 8.117127468 -0.310570368 
-2.231150868 8.076445928 -0.836894177 
-2.390672975 8.082036019 -0.256892827 
-2.026212526 8.114524364 -0.909376384 
-2.330656361 8.104456443 -0.292433056 
-2.129448950 8.141024248 -0.412153192 
-2.243686697 8.121187100 -0.310759552 
-2.329592347 8.104148403 -0.218712886 
-2.289965422 8.112649408 -0.231402302 
-2.255620424 8.126209535 -0.196324342 
-2.384657738 8.093247276 -0.210168692 
-2.265581844 8.122914867 -0.248733184 
-2.301225076 8.114000265 -0.212693432 
-2.256806201 8.109064667 -0.526399249 
-2.165231898 8.143992969 -0.315175179 
-2.199795707 8.141853757 -0.168087807 
-2.280225971 8.127357496 -0.215553073 
-2.236134513 8.135238261 -0.181133571 
-2.267022971 8.129072004 -0.128212273 
-2.279814924 8.126542783 -0.076997663 
-2.281772663 8.125094215 -0.136408060 
-2.246334605 8.131603802 -0.222682062 
-2.297353783 8.120228626 -0.171007005 
-2.271873061 8.128681670 -0.072816842 
-2.266538669 8.129330886 -0.110526492 
-2.300113124 8.117679668 -0.244508541 
-2.293899442 8.119878613 -0.222509924 
-2.255281758 8.131318327 -0.142011585 
-2.230473783 8.137401782 -0.148425377 
-2.267815337 8.124435481 0.274216065 
-2.263858462 8.126881985 0.236631377 
-2.270545279 8.125127940 0.244157044 
-2.262846256 8.124874336 0.304845483 
-2.222840535 8.136918170 0.229603608 
-2.221899960 8.136854249 0.249783596 
-2.307082508 8.118639384 0.134799729 
-2.266746479 8.125878148 0.240153575 
-2.269480192 8.125526362 0.231723733 
-2.280167000 8.123775785 0.210145848 
-2.254136120 8.129414782 0.240044972 
-2.286879403 8.117123552 0.353832578 
-2.271114989 8.123310401 0.288401496 
-2.294875842 8.119948946 0.214057784 
-2.307260528 8.114958140 0.282943971 
-2.259985679 8.126783698 0.276950918 
-2.248085613 8.118571546 0.328235175 
-2.228456116 8.119506818 0.436131095 
-2.302946833 8.111378088 0.241479194 
-2.272999102 8.117469077 0.249084832 
-2.296877323 8.104006172 0.409040815 
-2.231959101 8.110115918 0.586255858 
-2.439971506 8.095878712 -0.159095625 
-2.317409775 8.124112695 0.052957500 
-2.205632213 8.128661029 0.408880419 
-2.215778074 8.131255309 0.300628472 
-2.263844502 8.123381557 0.194195720 
-2.242975658 8.127590744 0.225223279 
-2.196932527 8.132662266 0.349482086 
-2.272509646 8.116355416 0.306153575 
-2.262639715 8.124246066 0.183075522 
-2.290340004 8.115825597 0.245817393 
-2.361095643 8.105239227 0.009895707 
-2.252730829 8.123341342 0.198358225 
-2.147308920 8.108952406 -0.885446590 
-2.386461303 8.096462974 -0.180510405 
-2.075112461 8.170244591 -0.225981079 
-2.156072272 8.152616189 -0.223439761 
-2.018205660 8.163067829 -0.370235037 
-2.170654828 8.135488070 -0.260187183 
-2.244595139 8.129804758 -0.214365979 
-2.277693547 8.121348675 -0.227817700 
-2.227016217 8.132938562 -0.216075094 
-2.279348503 8.123718694 -0.058529902 
-2.096942187 8.127367355 -0.612289136 
-2.174129612 8.114178198 -0.561013496 
-2.450764872 8.085858482 -0.147954573 
-2.565610259 8.052942026 -0.084437587 
-2.215676998 8.124494240 -0.525426318 
-2.234317402 8.130009338 -0.344324920 
-2.268367284 8.125471890 -0.251351543 
-2.271131451 8.125827379 -0.213907375 
-2.280857151 8.120019808 -0.313931444 
-2.246946890 8.130239150 -0.267482737 
-2.258561113 8.127442080 -0.258671131 
-2.217312403 8.132486163 -0.379494146 
-2.288325191 8.123239150 -0.302197453 
-2.243653404 8.123975929 -0.127342431 
-2.260289986 8.080774378 -0.860674161 
-2.095226218 8.134967461 -0.603668784 
-2.411112368 8.096304484 -0.405728040 
-2.217858492 8.134766816 -0.331989875 
-2.210146324 8.136487608 -0.335555950 
-2.215556007 8.134988669 -0.346202618 
-2.195683585 8.145663621 0.142631090 
-2.233238955 8.135890367 0.188422763 
-2.251780872 8.124395152 0.373655267 
-2.260190661 8.123921576 0.346893217 
-2.258992410 8.130069336 0.154523790 
-2.208534142 8.136208786 0.339146337 
-2.226038930 8.127717928 0.439398493 
-2.169462849 8.139094259 0.548933212 
-2.303798163 8.121150252 -0.055148811 
-2.281362507 8.120905006 0.131601573 
-2.109620356 8.139595862 0.269293359 
-2.244536622 8.124779455 0.204594924 
-2.271321280 8.125024039 0.240337774 
-2.331765053 8.109822800 0.226588327 
-2.160829972 8.140492222 0.480214410 
-2.177079927 8.143579172 0.348667044 
-2.253226656 8.127789785 0.290587470 
-2.260449205 8.125720898 0.301323988 
-2.303411220 8.113916010 0.329152795 
-2.307540495 8.115387971 0.251424446 
-2.244767222 8.130283792 0.280977458 
-2.210958449 8.136760736 0.322027991 
-2.318357073 8.112612545 0.252535448 
-2.263228214 8.130755574 0.457880627 
-2.241104956 8.128833339 0.328199124 
-2.117516256 8.149645659 0.488694058 
-2.336377910 8.109104480 0.217714768 
-2.294439872 8.118152252 0.267102313 
-2.272563942 8.120985233 0.333244792 
-2.231782482 8.126551283 0.422411060 
-2.373225764 8.098607082 0.270291441 
-2.303019853 8.116407459 0.277641424 
-2.195351922 8.129599451 -0.511245562 
-2.181712548 8.131362630 -0.541962456 
-2.397423518 8.095568083 -0.127555867 
-2.321423008 8.114754258 -0.153060733 
-2.207387855 8.121274375 -0.588901568 
-2.210980024 8.127985799 -0.484811539 
-2.423949373 8.087812637 -0.189366216 
-2.331871304 8.110236817 -0.234386376 
-2.170466115 8.111688716 -0.786458448 
-2.238411728 8.126525033 -0.393201204 
-2.292192506 8.120120180 -0.216232710 
-2.314772427 8.113412130 -0.248327066 
-2.237951796 8.124617762 -0.435087277 
-2.166314060 8.138973429 -0.474833036 
-2.434775224 8.084074775 -0.214599850 
-2.297068978 8.119319154 -0.223449987 
-2.274361653 8.122623911 -0.293736012 
-2.322298514 8.107188264 -0.247600706 
-2.253547803 8.130205838 -0.218380183 
-2.164054504 8.145228105 -0.256148939 
-2.317102162 8.108430862 -0.373866804 
-2.263895420 8.120568608 -0.397254835 
-2.257253827 8.127423301 -0.260499999 
-2.251170659 8.130025933 -0.242876596 
-2.335919964 8.107837415 -0.266824482 
-2.363343126 8.102277934 -0.246137276 
-2.229339219 8.131818412 -0.331127686 
-2.259270742 8.127045243 -0.256701084 
-2.314483994 8.110945308 -0.320106207 
-2.306758990 8.114746295 -0.283326671 
-2.217489214 8.128226322 -0.455230375 
-2.220027295 8.134575989 -0.319438507 
-2.294316610 8.113772914 0.358050762 
-2.262553733 8.126392912 0.165070684 
-2.076398196 8.144787112 0.757684951 
-2.118799209 8.105905400 0.838389175 
-2.251804124 8.130455290 0.212151878 
-2.215549901 8.139454868 0.224611380 
-2.201987181 8.129800861 0.496332327 
-2.109188149 8.140857760 0.636239367 
-2.186961610 8.139359003 0.382805608 
-2.223376356 8.136789360 0.237643156 
-2.233592184 8.123675038 0.474601441 
-2.233794069 8.123802367 0.477107086 
-2.286999280 8.114841214 0.396523784 
-2.274064858 8.119472106 0.208137442 
-2.172091943 8.132349780 0.559635520 
-2.247433256 8.124977483 0.090445681 
-2.206125686 8.139457268 0.268868814 
-2.121189171 8.158102426 0.290933406 
-2.372389110 8.099490157 0.264416221 
-2.369852016 8.099438873 0.263287067 
-2.205836557 8.137830064 0.309122694 
-2.193161331 8.136049587 0.417706404 
-2.362921501 8.102165162 0.240049600 
-2.333714973 8.108712536 0.294211894 
-2.172727084 8.138423587 0.328408777 
-2.440298383 8.091878015 -0.008852083 
-2.253219534 8.128955816 0.036826888 
-2.230712760 8.123289462 0.281500561 
-2.180870369 8.137511752 0.193125866 
-2.231645969 8.123254549 0.227583999 
-2.166137839 8.107208229 0.686759608 
-2.422352972 8.084681289 0.263226824 
-2.273972577 8.108707211 -0.535875724 
-2.199952281 8.110075866 -0.710615362 
-2.309526267 8.115018247 -0.250315763 
-2.312357365 8.111666680 -0.338101212 
-2.177896235 8.132873124 -0.515389499 
-2.154949907 8.135215954 -0.554232096 
-2.359175580 8.101695749 -0.280997679 
-2.335322125 8.110094111 -0.208140004 
-2.173854340 8.127054969 -0.607616708 
-2.175012433 8.126118489 -0.618507201 
-2.292607095 8.117559816 -0.306821510 
-2.337947425 8.107053774 -0.309805615 
-2.194059049 8.131419671 -0.485915829 
-2.125305579 8.149347409 -0.449353714 
-2.343927312 8.102465645 -0.369458361 
-2.341176194 8.104467420 -0.331486198 
-2.216193630 8.117578430 -0.606676471 
-2.260271327 8.112943831 -0.525936744 
-2.255734341 8.126618684 -0.306538430 
-2.193497491 8.133170104 -0.472505230 
-2.191958785 8.143351010 -0.322809865 
-2.165571095 8.149434460 -0.257519729 
-2.103055509 8.149697897 -0.639202797 
-2.129142904 8.086181324 -1.059917019 
-2.294363329 8.105391215 -0.517056262 
-2.242323287 8.126472902 -0.236181836 
-2.294598414 8.119321046 -0.230146496 
-2.276846267 8.117899397 -0.065338429 
-2.209602252 8.126196369 -0.513066765 
-2.220076719 8.125651669 -0.486266363 
-2.274794316 8.123643376 -0.270236313 
-2.284577749 8.118196128 -0.340038697 
-2.306844390 8.117063246 0.200679186 
-2.259396715 8.127294624 0.251269903 
-2.211113809 8.130958754 0.442394787 
-2.145588401 8.143636196 0.488230295 
-2.313866858 8.116128985 0.172934931 
-2.347221416 8.102696570 0.192265808 
-2.104647665 8.143953737 0.605073389 
-2.092064350 8.154116856 0.514023406 
-2.373579637 8.099503878 0.217018287 
-2.340453735 8.107488674 0.242981168 
-2.171802815 8.130375743 0.586045203 
-2.097426969 8.153074380 0.515950562 
-2.327346146 8.111093354 0.239721408 
-2.327539996 8.110820795 0.243731664 
-2.201285864 8.134819044 0.409593156 
-2.237705639 8.129915863 0.326745262 
-2.210399839 8.126675342 0.492499241 
-2.216247217 8.131069480 0.410238491 
-2.364333327 8.098698940 0.336931330 
-2.314979905 8.110509140 0.356451371 
-2.259259760 8.117157118 0.485225371 
-2.253007998 8.122313299 0.410662156 
-2.355859571 8.097644223 0.403931432 
-2.275653829 8.118454105 0.383078580 
-2.166737697 8.137463504 0.492976570 
-2.197088586 8.135594037 0.410037560 
-2.351659355 8.104083256 0.279408448 
-2.294965717 8.116422594 0.330341743 
-2.206001606 8.128760923 0.497403409 
-2.205342726 8.130815429 0.468719982 
-2.306580093 8.112481260 0.358110433 
-2.283281387 8.117910061 0.365140270 
-2.091599432 8.139005493 -0.669084191 
-2.165719428 8.132293851 -0.551687400 
-2.406804737 8.092702175 -0.172903315 
-2.384477398 8.098535776 -0.174393745 
-2.174888548 8.137756613 -0.468030139 
-2.153573527 8.145738410 -0.399254400 
-2.434456245 8.085312641 -0.164072824 
-2.373520973 8.100269814 -0.207650038 
-2.244056769 8.123810962 -0.132376536 
-2.258457480 8.116058795 -0.242127600 
-2.168093524 8.109857386 -0.655759874 
-2.355898475 8.097642673 -0.386547296 
-2.220103208 8.122956515 -0.415172443 
-2.169230876 8.136690662 -0.484423601 
-2.169638363 8.146353019 -0.148291772 
-2.211267739 8.141969222 -0.050621076 
-2.193152431 8.141318701 -0.303906082 
-2.209289133 8.134436887 -0.369907078 
-2.261800321 8.126342528 -0.276296657 
-2.048737435 8.098220389 -1.006254657 
-2.258321323 8.126910122 -0.272738451 
-2.236753997 8.128856817 -0.353741087 
-2.260001308 8.127629244 -0.246092428 
-2.229502127 8.135682804 -0.232813527 
-2.210373010 8.130745777 -0.451954563 
-2.331430975 8.108466541 -0.280909631 
-2.256391342 8.127255760 -0.280488269 
-2.177441957 8.144331320 -0.331553921 
-2.273156578 8.129991854 -0.049898860 
-2.318266111 8.111460399 -0.151880436 
-2.098671155 8.140724185 -0.312241901 
-2.258441716 8.120732136 -0.231136836 
-2.306812599 8.116560449 0.229846589 
-2.250455754 8.129431310 0.258165779 
-2.220234823 8.127015472 0.471232501 
-2.152267724 8.132960631 0.611684078 
-2.248683599 8.132623693 0.170482528 
-2.254957928 8.131100918 0.177995974 
-2.224658870 8.129780269 0.400473340 
-2.225411117 8.130946139 0.374775451 
-2.638674238 8.050140291 0.143868766 
-2.086553455 8.164182913 0.327900108 
-2.210872407 8.132923164 0.401466223 
-2.194643383 8.133146319 0.471118759 
-2.440080960 8.078322497 0.167431878 
-2.396990032 8.094254636 0.130258470 
-2.257571508 8.075075702 0.911048453 
-2.096354903 8.142581171 0.508817697 
-2.289873533 8.118342046 0.300416055 
-2.228626553 8.130094844 0.381788743 
-2.382746131 8.095846949 0.298516165 
-2.318445716 8.109470983 0.349503017 
-2.271741054 8.124081556 0.277133874 
-2.239969044 8.128909517 0.343169427 
-2.415997099 8.088256251 0.239268934 
-2.331974403 8.107020672 0.320974147 
-2.228451338 8.136595647 0.208051697 
-2.217513942 8.136564053 0.283486854 
-2.317140448 8.110417561 0.350130016 
-2.298752632 8.111882991 0.401792043 
-2.334936920 8.108338678 0.250559967 
-2.261400225 8.126302731 0.275257979 
-2.352738187 8.102876505 0.299709233 
-2.281874377 8.119323350 0.328183377 
-2.186934904 8.136333576 -0.440621051 
-2.190499356 8.135494275 -0.445775940 
-2.340252384 8.109633741 -0.163696596 
-2.297707514 8.119823520 -0.190853877 
-2.195711272 8.133015988 -0.458643029 
-2.204077830 8.126347078 -0.519175123 
-2.363069534 8.103391952 -0.197565128 
-2.298190631 8.120970487 -0.148409483 
-2.247791407 8.122502959 -0.424850451 
-2.217357920 8.131764992 -0.379212854 
-2.336016693 8.108700639 -0.252397199 
-2.307571707 8.117192522 -0.200167380 
-2.222007854 8.128926154 -0.410817476 
-2.131521470 8.138576931 -0.599873184 
-2.261303390 8.120101168 -0.405172238 
-2.257120767 8.121840450 -0.400420702 
-2.224364929 8.135897586 -0.238793318 
-2.200501785 8.141277923 -0.258037993 
-2.269548572 8.126607550 -0.205760064 
-2.262338419 8.127526767 -0.221005491 
-2.242410937 8.131967886 -0.243506087 
-2.239199504 8.133361715 -0.221735635 
-2.254665450 8.125981222 -0.311951856 
-2.268956475 8.122612049 -0.323727430 
-2.239173198 8.130547931 -0.303592439 
-2.265457712 8.126267311 -0.238698416 
-2.233125368 8.134640135 -0.232508178 
-2.316103012 8.114572619 -0.211149908 
-2.285770268 8.118924175 -0.307627300 
-2.233292321 8.130090158 -0.336860104 
-2.197759891 8.130783371 -0.497758917 
-2.244028440 8.133630187 -0.170565773 
-2.206737354 8.137697584 0.314943046 
-2.233478599 8.135506245 0.189695054 
-2.257506549 8.132524691 0.040106046 
-2.258704415 8.131092960 0.114533899 
-2.246530234 8.112073851 0.516899975 
-2.154529150 8.144703745 0.365528882 
-2.256091280 8.128855723 0.128063693 
-2.205827320 8.141247054 0.331458467 
-2.306546565 8.117032837 0.215478718 
-2.317667913 8.114221867 0.207687044 
-2.259294508 8.130342237 0.142796103 
-2.256331500 8.130682379 0.162753296 
-2.291245302 8.121927093 0.184984402 
-2.272884378 8.127758800 0.108173908 
-2.251027666 8.132815779 0.124300774 
-2.276320652 8.125629952 0.177965316 
-2.089138040 8.166346841 0.231062918 
-2.152656332 8.154206617 0.206776846 
-2.058842740 8.154978796 0.348741479 
-2.186921375 8.130531066 0.273390011 
-2.121917946 8.114029888 0.791797758 
-2.207169342 8.127664275 0.335360650 
-2.139982226 8.113620264 0.862562885 
-2.260097382 8.092851230 0.673568871 
-2.122145222 8.134953819 0.442841056 
-2.155239049 8.138466404 0.233656967 
-2.509245143 8.069472557 0.108465722 
-2.572725683 8.050795219 0.077012516 
-2.231563942 8.132812895 0.234968253 
-2.287392898 8.118432772 0.237396240 
-2.220426393 8.131230043 0.301693285 
-2.229643832 8.133870629 0.165875529 
-2.318479672 8.097790981 -0.436225938 
-2.250502632 8.111582503 -0.499012516 
-2.396227794 8.107968578 0.168928826 
-2.335910139 8.119265456 -0.037741671 
-2.255144139 8.118114417 -0.313666785 
-2.262554404 8.123664589 -0.180321106 
-2.314939116 8.106281780 -0.302010440 
-2.281775615 8.114368835 -0.281477748 
-2.249530198 8.122844503 -0.290879657 
-2.235046724 8.125486736 -0.307299767 
-2.304894594 8.112020838 -0.240666031 
-2.315417322 8.110216579 -0.213070778 
-2.170762264 8.138899833 -0.377211668 
-2.202165198 8.132476221 -0.349491919 
-2.195947411 8.139382121 -0.216311823 
-2.268112321 8.122737222 -0.187782693 
-2.270018965 8.127353026 -0.154766991 
-2.273810393 8.125716038 -0.194181842 
-2.264736982 8.130058148 -0.085322479 
-2.232930551 8.135087536 -0.212710223 
-2.316476185 8.114049562 -0.233628915 
-2.308195661 8.115623659 -0.246935385 
-2.230030247 8.135261862 -0.218377362 
-2.280904349 8.123920988 -0.197956873 
-2.300836310 8.119464569 -0.166452934 
-2.240934407 8.130529807 -0.287163251 
-2.239859043 8.132720503 -0.245647103 
-2.148270051 8.156679295 -0.141245475 
-2.316521225 8.131348154 -0.111501274 
-2.406945218 8.100139637 -0.116953045 
-1.985106059 8.139489710 -0.868880136 
-1.988013429 8.154236679 0.705032509 
-2.289723286 8.116015305 0.571942976 
-2.261922293 8.113913695 0.391447484 
-2.245978055 8.133598273 0.093131645 
-2.097745582 8.160889695 0.283960523 
-2.210808243 8.133312291 0.401728378 
-2.204848753 8.135489027 0.376100274 
-2.247635122 8.131924176 0.198171252 
-2.288141467 8.122779118 0.166102203 
-2.225908701 8.134604360 0.282298599 
-2.230622363 8.132218470 0.315511618 
-2.259713867 8.128166831 0.227044868 
-2.256299543 8.128338909 0.248124587 
-2.230169350 8.128964108 0.385337378 
-2.217249023 8.137486501 0.253836291 
-2.243718840 8.132194611 0.218558483 
-2.305300034 8.116239198 0.249765567 
-2.223253835 8.080908581 0.832246178 
-2.329017779 8.114891007 0.106394873 
-2.079575999 8.108721619 0.874558970 
-2.313164657 8.108832482 0.300451674 
-2.141181324 8.154438957 0.067491173 
-2.257771527 8.118033282 0.334361389 
-2.166853242 8.150524837 0.285534863 
-2.307103843 8.119815177 0.322666952 
-2.250358679 8.128109930 0.202884732 
-2.295550764 8.115834676 0.226904296 
-2.204793915 8.137352653 0.272564908 
-2.264427758 8.124215523 0.161513665 
-2.097173931 8.145241028 0.474698684 
-2.254004203 8.116715562 0.345649185 
-2.299552208 8.110953762 0.227180474 
-2.273434751 8.116325615 0.250056455 
-2.204300160 8.099743168 -0.669776377 
-2.257987855 8.124111567 -0.309431521 
-2.334816736 8.103859148 -0.265378224 
-2.335545365 8.097236392 -0.324318291 
-2.227395426 8.137010049 -0.054247208 
-2.277620261 8.127444848 0.030900807 
-2.384937664 8.101564211 -0.032423246 
-2.208144132 8.139480137 -0.168083544 
-2.415914692 8.097679711 -0.182797490 
-2.385106217 8.105924639 -0.289167028 
-2.173277767 8.145946122 0.186426081 
-1.959435081 8.191636759 0.175316612 
-1.952374360 8.137587533 -0.723564149 
-2.034366341 8.132841580 -0.623240920 
-2.404557856 8.095774781 -0.059322764 
-2.343457966 8.100205430 -0.209074922 
-2.231681062 8.131274902 -0.326716460 
-2.254541284 8.124798427 -0.340006560 
-2.282101928 8.121655492 -0.264628103 
-2.285378903 8.120877520 -0.257687026 
-2.259799951 8.130757235 -0.132816602 
-2.212468490 8.138410365 -0.264698432 
-2.283461338 8.119426189 -0.319787152 
-2.299527781 8.115922109 -0.312848099 
-2.201810764 8.137234391 -0.345064381 
-2.158964626 8.141949755 -0.445374887 
-2.293428666 8.116165092 -0.338512841 
-2.286244316 8.116831825 -0.364948563 
-2.196474213 8.137250853 -0.369527891 
-2.180776163 8.136628605 -0.441884972 
-2.270534875 8.123316593 -0.306834910 
-2.292748464 8.119024563 -0.273499279 
-2.243179555 8.134521091 0.357978234 
-2.267682608 8.125284859 0.261847005 
-2.233213337 8.132994292 0.273417572 
-2.202980783 8.140814908 0.254279880 
-2.039440065 8.162299434 0.492797613 
-2.215898175 8.138852495 0.357696668 
-2.102971221 8.156665215 0.250300359 
-2.199285582 8.132778802 0.311663603 
-2.267011998 8.127597289 0.193994469 
-2.288817750 8.121914243 0.196358658 
-2.161551175 8.142075451 0.435237850 
-2.200444619 8.138537898 0.319845369 
-2.274902489 8.125820442 0.185145494 
-2.310730222 8.116917890 0.189843059 
-2.218104511 8.135180937 0.308062435 
-2.274104088 8.123154351 0.268522455 
-2.229867429 8.134877556 0.242148656 
-2.201964819 8.137075369 0.361577877 
-2.254879587 8.119298988 0.452557133 
-2.232045564 8.125204198 0.449488880 
-2.236878555 8.134784154 0.203826445 
-2.254182906 8.129309545 0.240821624 
-2.274654083 8.116664526 0.418015347 
-2.256389389 8.120213721 0.430215796 
-2.206263168 8.136034350 0.366310641 
-2.216080410 8.134322314 0.360268021 
-2.282595203 8.116285356 0.398112540 
-2.296984963 8.107437105 0.464950579 
-2.188521360 8.140611028 0.368889205 
-2.175769499 8.138603616 0.457050546 
-2.293715724 8.111563077 0.416419009 
-2.281911921 8.118052904 0.357125157 
-2.275822585 8.121631566 -0.292493406 
-2.225943412 8.133084942 -0.325000982 
-2.282287556 8.124142362 -0.176323160 
-2.268145310 8.126254434 -0.224483414 
-2.287841227 8.117960930 -0.303977702 
-2.261994086 8.126884521 -0.250245606 
-2.291857751 8.121248094 -0.192504331 
-2.280802122 8.123446156 -0.221065312 
-2.268970280 8.121804272 -0.326415305 
-2.248066431 8.127430986 -0.314782223 
-2.307701478 8.117455784 -0.193390591 
-2.308824863 8.118175713 -0.144950209 
-2.253644542 8.124908950 -0.348110567 
-2.249926127 8.127108379 -0.317559894 
-2.331852167 8.112413960 -0.155068490 
-2.296311120 8.120946553 -0.174002707 
-2.285663612 8.122313625 -0.208715577 
-2.282487768 8.122679400 -0.224164494 
-2.208724156 8.138011473 -0.292522817 
-2.202215237 8.124769834 -0.564210952 
-2.341996411 8.109246359 -0.176759170 
-2.313315301 8.115523711 -0.223048663 
-2.203811401 8.134665051 -0.403692948 
-2.274136294 8.125731825 -0.175016692 
-2.341068702 8.111239395 -0.128018049 
-2.229220723 8.133871250 -0.228920663 
-2.234786097 8.126282040 -0.298160217 
-2.294745600 8.124164362 0.018342274 
-2.264763949 8.125212158 -0.217515627 
-2.271241760 8.123289057 -0.232808004 
-2.222719693 8.134256698 -0.258127654 
-2.139084230 8.147804456 -0.294988568 
-2.381157275 8.105550770 0.259259824 
-2.330177634 8.119985950 0.236394978 
-2.270359573 8.111286845 0.163972957 
-2.226909690 8.125234537 0.159342618 
-2.241788999 8.122316015 0.247123690 
-2.210881689 8.132875890 0.155968064 
-2.304048655 8.119204291 0.151605652 
-2.301059570 8.120539750 0.151811360 
-2.242561685 8.119336824 0.291039865 
-2.209341295 8.122378266 0.329327490 
-2.342363501 8.108091817 0.257725756 
-2.378783021 8.098611070 0.225205689 
-2.220276884 8.126212766 0.440374428 
-2.356407042 8.107478142 0.120360444 
-2.237239088 8.130169873 0.285896732 
-2.233596524 8.126081562 0.293102621 
-1.979700109 8.173102390 0.402701281 
-1.945729791 8.135025795 0.787836289 
-2.387687622 8.091859068 0.265176235 
-2.426996619 8.086825801 0.033441105 
-2.036117871 8.175078710 -0.411620216 
-2.041651718 8.179643858 -0.399689303 
-2.152525763 8.149460050 -0.167152134 
-2.066345390 8.166643726 -0.336783554 
-2.146951518 8.110845715 0.671429148 
-1.969559673 8.153253731 0.794204953 
-2.237967786 8.136334913 -0.144335404 
-2.301811732 8.117301083 0.027286631 
-2.531829180 8.057415389 0.132851218 
-2.076692447 8.138751411 0.403520824 
-2.544284516 8.055926773 0.236168206 
-2.162141321 8.129896496 0.375663232 
-2.220565205 8.114854766 -0.478313602 
-2.269468717 8.114973631 -0.263404704 
-2.192969630 8.128666675 -0.421576046 
-2.283190351 8.113565017 -0.292924954 
-2.217125601 8.133411024 -0.033950047 
-2.310308972 8.115084883 -0.112201355 
-2.345047732 8.111038765 0.010217472 
-2.209580453 8.138279276 -0.155528804 
-2.356016066 8.105590482 -0.211320893 
-2.311457680 8.116475970 -0.183260472 
-2.196025528 8.134775744 -0.189438995 
-2.157779409 8.145588514 -0.078476468 
-2.249929240 8.123449121 -0.416625028 
-2.286872578 8.116744706 -0.374036249 
-2.195229987 8.129579926 -0.329234495 
-2.282795415 8.105755793 -0.382722818 
-2.252198185 8.122642630 -0.181016085 
-2.247974375 8.122763531 -0.200403274 
-2.301288771 8.120882828 -0.128972232 
-2.348909809 8.108379157 -0.121387053 
-2.254959573 8.139357809 -0.069382557 
-2.203001702 8.153873987 -0.083283864 
-2.384383417 8.086701920 -0.131636203 
-2.292423390 8.110384515 -0.144129457 
-2.232956072 8.126370840 -0.379307250 
-2.360888543 8.106599267 -0.149158824 
-2.277325063 8.120971386 -0.290235985 
-2.253403862 8.123991947 -0.218834463 
-2.220157957 8.127139152 -0.265834999 
-2.201216437 8.121811218 -0.377810326 
-2.333798309 8.111353016 -0.224865759 
-2.387938932 8.097503521 -0.183792910 
-2.354494949 8.106096711 0.178879418 
-2.290176836 8.121944632 0.215249746 
-2.269074619 8.124442126 0.280561757 
-2.230434798 8.137465704 0.137215320 
-2.292884309 8.118541423 0.263994113 
-2.268163113 8.126659956 0.214584036 
-2.219391748 8.137873866 0.230333565 
-2.241219546 8.130737792 0.271393890 
-2.249156694 8.125602546 0.307222636 
-2.228255168 8.132174384 0.265059064 
-2.187193172 8.143568480 0.233465744 
-2.124289406 8.151694167 0.270815469 
-2.279085712 8.123606924 0.198397647 
-2.210932082 8.140159023 0.166279950 
-2.222816012 8.131095586 0.246388649 
-2.218073389 8.126963830 0.280834421 
-2.327783964 8.111868766 0.216141138 
-2.292663634 8.118207555 0.103603229 
-2.200088779 8.145477054 0.087594556 
-2.241260689 8.135271341 0.220682882 
-2.168546729 8.134442482 0.342982565 
-2.314293435 8.102423623 0.295123531 
-2.239292154 8.121610075 0.334589489 
-2.302010046 8.106176623 0.356609072 
-2.284371150 8.115788038 0.395401599 
-2.312295138 8.111541272 0.344566724 
-2.172705997 8.135015133 0.310178206 
-2.314235960 8.098901445 0.386246127 
-2.367913543 8.098883944 0.190223526 
-2.319761054 8.114489520 0.184844306 
-2.169180046 8.146453768 0.081040386 
-2.152162273 8.147046682 0.059371796 
-2.044092859 8.174866684 0.385443308 
-2.086151572 8.170835260 0.394814985 
-2.173505379 8.144659373 0.172256267 
-2.085139610 8.162760632 0.309138476 
-1.992671603 8.168274745 -0.430883518 
-1.963812678 8.128172818 -0.813366701 
-2.400825887 8.088772854 -0.250078203 
-2.421317776 8.088847616 -0.024504655 
-2.281223892 8.116438654 -0.150391515 
-2.062456228 8.139068541 -0.457625189 
-2.554510053 8.053271158 -0.216774992 
-2.171528926 8.130168413 -0.318408526 
-2.095720379 8.119835403 -0.707145645 
-1.967966611 8.150834157 -0.812446356 
-2.209095295 8.141468777 0.250663180 
-2.301479695 8.117134451 -0.032728218 
-2.082734496 8.126942333 -0.690570975 
-2.221465764 8.136214555 -0.385554284 
-2.268555034 8.121497650 -0.235231723 
-2.212491378 8.129719251 -0.309599719 
-2.203083805 8.135704272 -0.390768704 
-2.251988620 8.126417308 -0.343307181 
-2.233110668 8.136214669 -0.172430362 
-2.207442381 8.142828581 -0.162742619 
-2.228155112 8.133523104 -0.311757587 
-2.240082701 8.130756690 -0.303777559 
-2.232233516 8.135337432 -0.217730889 
-2.206754961 8.140781004 -0.236971786 
-2.258894743 8.125393600 -0.321621179 
-2.268595112 8.125550939 -0.265179013 
-2.204305524 8.141822844 -0.230549397 
-2.202531852 8.138908631 -0.307358671 
-2.212882230 8.139642685 0.225009131 
-2.239273454 8.133399589 0.217622831 
-2.327140236 8.106617534 0.384470015 
-2.282194065 8.118301919 0.368615190 
-2.241353916 8.129184981 0.329253717 
-2.233521382 8.129929332 0.351551480 
-2.278754010 8.118416037 0.369973987 
-2.296848933 8.114160342 0.368358397 
-2.200022497 8.141772626 0.248516414 
-2.227398926 8.136752262 0.202950044 
-2.273243296 8.116356718 0.441917328 
-2.258725841 8.120844107 0.420796430 
-2.217576169 8.137863301 0.236756199 
-2.180516480 8.144336761 0.299010395 
-2.274860716 8.119486649 0.371978908 
-2.253542493 8.124879008 0.372854728 
-2.300556912 8.116537802 0.276742875 
-2.269701182 8.122220482 0.325098220 
-2.285154780 8.122438313 0.231714101 
-2.301586371 8.117956631 0.231913285 
-2.287077893 8.118823688 0.294837840 
-2.257090805 8.126054471 0.303476138 
-2.297601935 8.120781048 0.159569612 
-2.291756634 8.121660084 0.182749401 
-2.288690679 8.119199976 0.280683749 
-2.272000233 8.123332987 0.280323464 
-2.334479683 8.111413400 0.174094241 
-2.284504064 8.122880908 0.220693749 
-2.277340623 8.122957086 0.249318658 
-2.272493064 8.124039057 0.245416254 
-2.256919715 8.128428900 0.261370982 
-2.284467337 8.122616735 0.226683400 
-2.172901153 8.137221166 -0.503933321 
-2.181433228 8.135703471 -0.481697865 
-2.296166075 8.116618198 -0.297914638 
-2.308525985 8.114197605 -0.275410065 
-2.156626465 8.138922546 -0.522540804 
-2.176405173 8.138723615 -0.455272602 
-2.266956457 8.122370283 -0.340021861 
-2.277483056 8.122085018 -0.282899170 
-2.180476463 8.133167296 -0.503973976 
-2.166346740 8.139385724 -0.480958005 
-2.293299814 8.116778354 -0.307772765 
-2.282865447 8.118198372 -0.334486462 
-2.149982994 8.139981413 -0.527390646 
-2.151761560 8.141705367 -0.495612929 
-2.296807801 8.116905976 -0.289394876 
-2.307027656 8.112153716 -0.347304888 
