0.655783153 16.501081380 0.379171349 
0.743575052 16.441687197 0.669409371 
-10.050477116 11.974469217 -1.935597780 
-10.029113009 12.072378945 -1.809482393 
0.616266316 16.485820797 0.630534508 
0.664852220 16.506425372 0.228095480 
-10.003807760 12.030761787 -2.045156372 
-9.932254489 12.047940850 -2.189675227 
0.579025571 16.494249619 0.707608359 
0.602465144 16.479284088 0.750500306 
-10.034199131 12.077949818 -1.701091798 
-9.994810738 12.123743591 -1.849668785 
0.604174505 16.469993915 0.749890365 
0.511006586 16.462330176 1.028208030 
-10.167632895 12.030986664 -1.330259139 
-10.125707912 12.096124495 -1.246326758 
0.450469598 16.289983826 -1.687968677 
0.571543955 16.350375705 -1.275167626 
-10.153917813 12.010378765 1.061723613 
-10.222618768 11.964029362 0.727786288 
0.715642522 16.403442070 -0.616258479 
0.745241755 16.371854136 -0.824919301 
-10.207258187 11.913840769 1.234933639 
-10.259158498 11.910032482 0.830712680 
0.949100412 16.384128606 0.075097541 
0.874968481 16.399984899 -0.172786072 
-10.156749269 12.008994993 1.075890753 
-10.182117050 11.910726559 1.224134503 
0.867768456 16.407997415 -0.005843071 
0.853649915 16.397519277 -0.330460028 
-10.142042171 12.034994247 1.049757051 
-10.132942383 12.042269648 1.101710232 
-1.029672753 15.979749623 4.500427163 
-1.101310658 15.912670115 4.589171219 
-8.224536006 13.037315432 -4.336896114 
-8.215731319 13.011516453 -4.361613533 
-1.139076864 15.928977004 4.605136963 
-1.162310836 15.904999644 4.691419915 
-8.330090596 13.029016431 -4.215578521 
-8.582892751 12.894288883 -4.053912243 
-1.808386230 16.386115333 4.339529802 
-1.269525174 14.906587995 5.976373582 
-8.694388860 13.821253666 -3.033168661 
-8.527783901 12.610982093 -4.312891814 
-0.914792589 16.042961150 4.285287898 
-0.962938982 15.987658345 4.416221656 
-6.708607924 14.288324101 -4.379473794 
-8.008400772 13.058726748 -4.442321038 
-2.003353602 15.705117393 -5.261603180 
-1.951721031 15.714742345 -5.199794780 
-8.667145223 13.082450892 3.798363695 
-8.624303841 13.067817531 3.880016570 
-1.961088984 15.707228865 -5.268092553 
-1.988771917 15.652688383 -5.405684870 
-9.032068509 12.832973031 3.629643839 
-8.548069911 13.100430252 3.949903175 
-1.552758890 15.955497604 -4.779348628 
-1.380472933 16.811023720 -3.592148287 
-8.616682628 13.072684754 3.884888475 
-9.362442179 13.298790291 2.651775168 
-2.085611507 15.574464266 -5.510613427 
-1.886106500 15.695288753 -5.240567407 
-8.631240559 13.081594703 3.841342821 
-8.507519762 13.062057010 4.042352525 
0.753130488 16.495610098 -0.014566702 
0.652617234 16.522921614 -0.068665040 
-10.124354372 12.058002883 -1.388519048 
-10.170552173 11.947905314 -1.547288510 
0.617690137 16.462447114 0.797215003 
0.585556069 16.437529281 1.076439353 
-10.094433062 12.021229907 -1.704456337 
-10.156869283 11.997985326 -1.402044537 
0.629286107 16.377858865 1.253015677 
0.560242080 16.415443076 1.219931265 
-10.134014061 12.067731742 -1.338822875 
-10.163633178 12.034430992 -1.304868146 
0.677818458 16.355637658 1.245769786 
0.445453417 16.731495816 -0.674017817 
-10.143142622 11.912013859 -1.560940805 
-9.142002374 12.929298783 2.426415876 
0.484136317 16.402622039 -1.043968442 
0.497219395 16.410206576 -1.034012517 
-10.059920264 12.173977399 -0.405577095 
-10.209660078 12.017900197 -0.022357713 
0.528520852 16.340637208 -1.342887565 
0.651361029 16.397721172 -0.795899098 
-10.046638632 12.175297614 -0.585473612 
-10.069453487 12.175729892 -0.368022438 
1.060869852 16.335614000 0.621116939 
0.716650430 16.400689938 -0.651688722 
-9.184516344 12.545277997 -2.231711920 
-9.473803441 12.862656743 -1.263720713 
0.664084713 16.356066053 -1.053448839 
-0.016252828 16.760704469 0.316467769 
-10.022927892 12.177927519 -0.683908168 
-10.161255781 12.033094562 -0.171575397 
-1.834294409 15.726740747 5.139558918 
-1.655200722 15.803635947 4.948749872 
-8.790861444 12.784119875 -3.934636593 
-8.608009742 12.874120152 -4.078238512 
-1.303975263 16.001464558 4.526886980 
-1.119371227 15.976319615 4.511118670 
-8.725263445 12.741609260 -4.078180881 
-8.754501001 12.737654738 -4.057413151 
-1.084128097 16.209132371 4.024992369 
-0.996601222 16.212987640 4.023264450 
-8.597383810 12.831308604 -4.151005785 
-8.271288932 12.968493523 -4.361632539 
-1.254158242 15.933994163 4.709019131 
-1.158341039 16.036680204 4.431155067 
-8.536709660 12.804421892 -4.259618636 
-8.264170641 12.970393916 -4.383151917 
-1.988085801 15.626457694 -5.385599443 
-1.743009689 15.706010638 -5.244322635 
-8.716091379 12.978141683 3.875933405 
-8.604087407 13.026399192 3.973063117 
-1.862548096 15.832401167 -4.996141306 
-2.277531121 15.422446576 -5.742783021 
-8.535836489 13.081788017 3.980773032 
-8.738853084 12.936404091 3.888258509 
-2.121289173 15.550282678 -5.552403963 
-2.347495485 15.405948646 -5.810776097 
-8.252914738 13.099754678 4.291957131 
-8.334231648 13.120767746 4.174543172 
-2.124698952 15.618080883 -5.420691371 
-2.012136505 15.817263409 -5.111851391 
-8.538347352 12.974501957 4.117894934 
-8.314210442 13.139490182 4.174852754 
0.711960765 16.451838952 -0.137225141 
0.529094937 16.510265524 -0.684691547 
-10.058792123 12.186812942 0.024916252 
-10.088076003 12.101443027 -0.889368859 
0.660313667 16.471835092 -0.262773131 
0.680132734 16.447852021 0.226385247 
-10.169330415 12.007496604 -0.756244185 
-10.126182014 12.006257853 -1.096450551 
0.784976929 16.372767426 -1.673785595 
0.861725764 16.389112037 -1.094082828 
-10.079531282 11.989816687 -1.484905968 
-10.163338197 11.983815012 -0.936430826 
0.981508356 16.371228169 -0.680571274 
0.770854209 16.427255500 -0.320485757 
-9.967324957 11.967697013 -1.948711095 
-10.123836207 12.020053699 -1.089580949 
0.487143002 16.553992694 1.248490471 
0.654097012 16.501845154 1.270461185 
-10.257309434 12.017108177 0.485645541 
-10.130631323 12.189014437 0.052448485 
0.445845775 16.559831472 1.318174132 
0.650278090 16.523093500 0.831588233 
-10.231677342 12.019428998 0.803688036 
-10.242830487 12.045963250 0.405313584 
0.557035416 16.549294982 0.675062143 
0.635675089 16.480202950 1.542110061 
-10.165047658 12.144098447 0.262950288 
-10.213552276 12.088904517 0.451546993 
0.708236505 16.489509574 -0.088190140 
0.640531676 16.514347214 0.030180614 
-10.305334214 11.953755259 0.487552721 
-10.203681377 12.092133054 0.506934538 
-1.313956389 15.811727012 4.847884697 
-1.581600376 15.787761082 4.968692788 
-8.930302111 12.825235422 -3.773641280 
-8.648585231 12.906283876 -4.050619409 
-1.412199811 15.739510699 5.051695733 
-1.053119542 15.594587112 4.924295092 
-8.750448964 12.877936073 -3.958463529 
-7.845193162 12.394246817 -5.007015092 
-1.735036756 15.701504384 5.168939413 
-1.523902710 15.814560164 4.934905486 
-8.722365189 12.843380929 -4.009196241 
-8.426526286 12.945269233 -4.261526433 
-1.324285893 15.949484659 4.645438370 
-1.415278849 15.924010284 4.731113681 
-8.633662648 12.882048644 -4.098738035 
-8.520141540 12.938305853 -4.172424837 
-2.293439691 15.116048226 -6.062548472 
-3.061739720 14.113257257 -6.971165631 
-8.150088597 14.951109947 2.321383632 
-8.706675527 14.726851495 1.652957398 
-2.264402314 15.123511720 -6.046238126 
-2.168131627 15.274299922 -5.794041831 
-7.295261827 13.271318745 4.764904754 
-8.052960603 12.832063341 4.554406334 
-2.732657357 14.986603677 -6.268473474 
-2.749262692 15.055059133 -6.146279321 
-8.102081143 12.974336007 4.394139435 
-8.099352320 13.040686885 4.341602309 
-2.482375491 15.125166656 -6.065753477 
-2.359468433 15.211561266 -5.936880576 
-8.036281465 13.018840808 4.415724710 
-7.951098175 12.999149319 4.536748807 
-1.425398307 15.911181839 -4.507923579 
-0.419396782 16.279360300 -3.158870068 
-10.203010130 12.388794215 0.742514520 
-8.578575026 12.940726830 3.976365418 
0.501918693 16.408107093 -2.585411147 
0.343723237 16.298405972 -3.233461524 
-10.187255791 12.068470854 -0.667577261 
-10.239849537 11.968546793 -0.486131577 
0.657457015 16.476677850 -2.951651352 
0.479815575 16.963525846 0.686424885 
-9.116792332 13.602669942 -1.471715944 
-9.708246805 12.772428314 -1.199476887 
-0.346742729 15.715425518 3.349201535 
-2.222737189 14.840859491 5.190273009 
-8.776589043 13.153096882 -3.992972085 
-9.024392129 12.665626992 -3.947918119 
0.871933276 16.462145387 0.228686513 
0.701665531 16.492151704 0.725251199 
-10.100583102 12.082744886 1.222295462 
-10.168820363 11.964260106 1.243523848 
0.559436074 16.509529375 -0.498212437 
0.537585376 16.466114426 -0.937697007 
-10.232403116 11.983542732 0.968139785 
-10.234123702 11.970382724 1.019322570 
-0.085140151 16.887027443 0.092744219 
0.308925817 16.778007827 0.399167296 
-8.389276484 13.599281641 -2.758582742 
-10.130417871 12.718629975 1.264053457 
0.798622270 16.290636971 -0.839401499 
0.655828745 16.130721153 -1.791499804 
-9.954532742 11.892824501 1.914729807 
-10.062389010 11.862183392 1.598264270 
0.407504434 16.912546381 2.731184552 
-1.222117409 15.689452281 5.525520179 
-7.000928868 14.437755905 -3.501443153 
-5.918868106 13.674806021 -4.894995993 
-0.781393130 15.422069959 4.822640898 
-0.455629112 16.553860220 3.398494004 
-10.290688918 11.530473142 -2.485581387 
-9.392582508 12.824213966 -2.922532468 
-1.012047846 15.784265409 4.731637357 
-1.024934503 15.693820043 4.808603837 
-7.933593567 12.829066666 -4.724929919 
-8.833225312 12.969655368 -3.745018173 
-1.338615413 15.843532461 4.640461409 
-1.143795766 16.007758793 4.432630700 
-7.554156661 13.201574576 -4.801274010 
-7.978869396 12.988443479 -4.578583910 
-2.099386346 16.479012255 -3.572658215 
1.715156942 15.274285107 -2.413003693 
-6.235763745 14.782185975 4.226190548 
-8.965981984 11.656346548 3.883039971 
-0.433210773 15.318686777 -4.627719325 
-0.450903931 15.192685088 -4.844343288 
-8.231206231 11.668766940 4.715794995 
-8.491954985 11.566312130 4.508253401 
0.032255981 16.677895263 -2.465478918 
-0.538572485 16.366428260 -3.997429344 
-9.259407645 12.500789642 3.392166839 
-8.562396640 11.965435527 4.279356623 
-2.347256821 15.246696559 -6.162494069 
-1.209579245 15.776255630 -4.858477729 
-9.449845961 12.457539714 3.191902666 
-8.722233928 12.373499100 4.069923445 
0.766605596 16.185141137 1.065679429 
0.509773773 15.942780210 1.868707482 
-9.834725197 12.033266092 -1.399154980 
-9.933434958 11.875486193 -1.249830498 
-0.677246434 15.781046940 -5.022645234 
-0.650669159 17.005648397 -1.216007773 
-9.331853588 12.330710931 2.629963161 
-9.716181938 13.290673026 -1.216547602 
0.424626397 16.013021472 2.192624573 
0.868087787 16.069208291 1.371249641 
-9.442565140 12.138222925 -3.060126241 
-9.813504799 11.934033637 -2.431231678 
0.334965669 15.691563745 2.726910625 
0.682578040 15.817472383 2.019451200 
-9.583606282 11.970445247 -2.793874805 
-9.818426371 11.926677329 -2.189204864 
-1.856982208 16.773777826 -2.147638722 
1.262878718 16.027170781 -0.494653760 
-7.912686786 14.023256937 -2.060510205 
-10.138049798 11.979687485 0.809639869 
0.692549877 15.769711651 -2.268158828 
1.143078210 15.766196737 -1.148864805 
-10.156726167 11.249249836 1.669155098 
-10.156253978 11.606706985 0.883943840 
0.878414543 15.961374576 -1.573690494 
0.496851790 15.829735219 -2.622979647 
-10.082638141 11.856784389 0.850036961 
-10.064229771 11.730495037 1.817738849 
0.267580329 15.916221273 -2.879015351 
0.340060291 15.927403598 -2.809167456 
-10.113496393 11.427136208 1.672594929 
-10.086613710 11.451909445 1.647743808 
-1.450632504 15.781359329 4.967711203 
-2.067205150 15.321777180 5.882965407 
-7.814856268 13.138073066 -4.633410786 
-7.376272381 13.156379573 -4.993932737 
-1.284914482 15.604292591 4.907567562 
-1.490170467 15.487367190 5.172571242 
-7.955397096 12.795447229 -4.600827034 
-8.337338521 12.693334907 -4.262060501 
-1.458273232 15.570397577 5.185046690 
-2.035708934 15.272083061 5.757861317 
-6.760719072 13.380816824 -5.076388287 
-6.370970227 13.777708900 -4.871827877 
-2.053441585 15.491742891 5.433823717 
-2.103557340 15.441531496 5.616627477 
-6.967595676 13.411875434 -4.952635929 
-7.358531416 13.260168518 -4.818430274 
-1.083820753 16.190323323 -4.262282239 
-1.492057217 15.968619170 -4.752847468 
-8.580471856 13.057978126 4.020197236 
-8.283109517 13.167651614 4.187057071 
-1.229935595 15.919731298 -4.717835335 
-1.554714617 15.806614083 -4.908134256 
-7.683144198 13.307010303 4.636761877 
-8.203774939 13.034539069 4.396568198 
-1.638416861 15.912737893 -4.803525258 
-1.534017296 15.983345109 -4.647857075 
-8.352290703 13.004314289 4.314094572 
-8.369272903 13.027482997 4.250701484 
-1.186623588 16.149327395 -4.259007913 
-1.142816508 16.126278698 -4.289542270 
-8.597240567 12.958551777 4.042415464 
-8.304292238 13.085435641 4.238371199 
0.442447992 16.336483459 1.758629490 
0.583877305 16.077511522 2.457689393 
-10.182279680 12.116567855 -0.623260926 
-10.119058234 12.078822090 -1.391332344 
-0.397351485 17.131347541 0.895562090 
0.404062728 16.424656515 1.394267279 
-10.142095337 12.204078105 -0.117917640 
-10.149295005 12.191105991 -0.215849756 
-0.201896219 16.218077481 2.931007616 
0.675030093 16.495212644 0.242573421 
-10.272646226 11.882038829 -1.140337728 
-10.223469618 12.034304478 -0.749670883 
0.566391803 16.527659384 0.298765306 
0.622476519 16.540174735 -0.257081982 
-10.235798336 11.939397437 -1.165435246 
-10.218480651 11.966658076 -1.263184470 
-1.609821247 15.033074631 -5.566588261 
-0.547471192 15.336245172 -4.358515352 
-9.928067627 12.019613305 1.779014419 
-9.952486875 11.919735211 1.929677379 
-0.782224989 16.291899682 -3.329112674 
-0.262267013 15.897608215 -3.377133930 
-10.420020158 11.737789818 1.319910840 
-7.562666158 12.284845860 4.833149194 
0.607833161 15.695738483 -3.004356652 
0.710638651 16.311255334 -0.962665717 
-10.046045004 11.934048672 1.522218365 
-10.057906193 12.009237989 1.171933544 
0.440133823 15.723093178 -3.033983240 
0.177726894 15.618167900 -3.474356358 
-10.027889886 11.870475069 1.748816372 
-10.159292106 11.851121030 1.150414513 
-1.604550244 16.648960589 3.171773146 
-1.301323784 16.553427755 3.110909735 
-7.392812121 13.881281139 -4.330137355 
-6.259442694 13.975851167 -4.682884213 
-4.037467423 13.610610470 7.226130167 
-3.700104649 13.663052140 7.306887327 
-4.829267685 14.248431698 -4.851949766 
-5.306134037 13.912621867 -5.015368057 
-3.297482561 13.756796196 7.028181625 
-3.387998668 13.809256983 7.055348994 
-7.882649710 12.376298371 -4.998431379 
-8.002246688 12.448973223 -4.976744187 
-5.041789551 13.667630118 7.235455777 
-5.279202894 13.570160338 7.224755666 
-10.085005080 11.893479312 -1.745410948 
-10.121673843 11.861530335 -1.834076503 
-1.858414279 15.184994961 -5.308659314 
-2.388253921 14.714314269 -6.310730801 
-6.516475315 13.821739190 4.638375620 
-6.656080785 13.022165470 5.281457030 
-1.035013212 16.661483427 -3.083743970 
-1.002242780 16.180494700 -4.096697265 
-8.754387512 12.962505467 3.831384947 
-8.610745158 12.984754782 4.000090637 
-0.566364356 16.494214276 -2.959955313 
-1.271993097 16.047516196 -4.457841709 
-9.099509412 13.079998056 3.306022225 
-9.585989522 12.920796715 2.440617925 
-1.290703541 16.020255606 -4.516727552 
-1.222255034 16.214058770 -4.328852234 
-8.869620806 12.911516773 3.744365900 
-9.016875381 12.902772956 3.540664776 
-0.202207776 15.920363585 3.391263072 
-0.208158352 15.882270224 3.471204514 
-9.914691699 12.110359432 -1.264504270 
-9.882479452 12.060146655 -0.710960299 
-0.149859916 15.192170212 4.137629764 
0.054984894 15.483599946 3.670995453 
-9.548919759 11.718569765 -3.043763215 
-9.562861772 11.665564886 -3.112941411 
-0.406374674 16.997598996 -0.476900073 
0.792394005 16.378202835 -1.271888326 
-9.272530579 13.786945011 -0.959657513 
-9.838401557 12.040893232 -2.315153288 
0.498991858 16.681032037 -0.640639187 
0.547682791 16.610639637 -1.190532981 
-9.866283884 12.906238179 1.599550490 
-9.425379175 11.780192797 -3.264568338 
0.538530554 15.822741899 -2.481796102 
0.519542018 15.808384288 -2.528100490 
-10.047253092 11.682653771 1.269359499 
-10.080422376 11.697448422 0.714155117 
0.755623135 16.091132954 2.243821534 
0.067715050 15.051638020 -5.076480814 
-9.822977868 11.764634090 1.712155997 
-10.012793899 10.506169939 1.720928880 
0.814972313 16.225627407 -0.260157703 
0.799294456 16.445408623 0.419822231 
-10.088550982 11.851818696 0.384941546 
-10.218119725 11.939449181 0.991289787 
-1.367446280 17.108440728 -0.339444209 
-0.260114630 16.438530840 -2.253273073 
-10.147378060 12.259393736 0.539406526 
-10.111925964 11.906343535 1.264765034 
-0.541792493 16.333552752 3.495873307 
-0.391023847 16.279401331 3.557519335 
-7.879514376 12.985256747 -4.736716239 
-8.351291236 12.780740575 -4.468513539 
-0.753134472 16.288381611 3.733036614 
-1.160803260 16.095743614 4.254857648 
-8.081269216 13.039818902 -4.514632561 
-8.037704068 13.098839250 -4.494163432 
-0.654945360 16.227131915 3.930870972 
-0.404950317 16.588486780 3.543894298 
-8.535027592 12.924349321 -4.159962055 
-9.670315544 13.146072313 -1.955119597 
-0.656837317 16.746603297 2.816035421 
-0.538782540 16.593508880 3.181365336 
-9.085294855 12.991266836 -3.438108677 
-9.324054039 12.825690682 -3.240514781 
-1.351749581 15.835921910 -4.671006142 
-1.842180646 15.498375977 -5.408991596 
-8.216854085 12.793489031 4.490101406 
-8.141006463 12.899766306 4.442608520 
-1.205810745 15.931910508 -4.342977188 
-1.771435564 15.623801572 -5.089043048 
-8.743024263 12.658986474 3.984453914 
-8.853918639 12.502770932 4.036263969 
-3.450153401 15.281849563 -6.319287182 
-3.039807262 14.683557414 -6.397478280 
-5.196877327 14.435266910 4.886171605 
-7.091496653 13.823346152 4.412820063 
-0.721517439 15.972833787 -3.806136340 
-4.436100358 15.370375949 -5.832531534 
-7.384913361 13.337885345 4.461237024 
-4.544553001 15.502542797 3.994685425 
0.233562525 16.658572654 1.609836345 
0.699195547 16.085118558 1.749933864 
-10.278043024 11.763287527 -0.543600535 
-10.357122320 11.613510898 -0.678079215 
-1.213797724 17.334269736 -0.387113568 
-1.521800354 17.365440344 -0.855637994 
-7.031691276 15.107030207 2.265856638 
-6.544225242 14.571090813 3.762048259 
0.921433594 16.282971232 1.048370619 
0.872149641 16.254361868 1.309413929 
-10.247130498 11.459275334 -1.610708033 
-9.610665223 12.197451522 -2.037462226 
0.622549383 16.130156979 1.960580655 
0.724724157 16.185778093 1.533792608 
-10.094772287 11.721608035 -2.140220965 
-9.963078261 11.850920431 -2.313303677 
-0.294389114 16.756847873 3.051419005 
-0.162985992 16.864532147 0.517671954 
-8.833340499 13.829653715 -1.827968696 
-10.090292243 12.518501705 -0.030971228 
0.850286772 16.344606038 -0.590001743 
0.660437023 16.175799308 -1.407301265 
-9.958814083 12.112459847 1.059485117 
-10.039502289 11.986807284 0.511434667 
0.789373523 16.012189824 -1.482788554 
0.483827381 15.986664392 -2.054237447 
-9.951592666 12.032622850 0.149198773 
-10.040611674 11.904956501 0.541029520 
1.109878031 16.114360890 -1.328708727 
0.478664690 16.130694122 -2.052495801 
-10.050930428 12.119114744 0.189718535 
-10.049164127 12.079238473 1.203236654 
-1.274836714 15.970044002 4.469491433 
-1.316745297 15.778115221 4.847450591 
-7.816352234 13.185510744 -4.528964475 
-8.148027680 13.040597305 -4.466103218 
-0.687674783 16.174506237 3.925643866 
-1.019239751 16.027081073 4.357355307 
-8.508033903 12.936480948 -4.112547697 
-8.601500983 12.884957651 -4.022792087 
-1.379163863 15.884515075 4.675073622 
-1.478605343 15.712816986 5.017396388 
-8.401082101 12.783144200 -4.325445072 
-8.827469693 12.677294707 -3.913891679 
-1.059044810 15.896657857 4.510955908 
-1.087545152 15.771089094 4.755394441 
-8.275200068 12.833664150 -4.406534231 
-8.402983312 12.869207873 -4.212180464 
-1.281373478 15.506980810 -5.088370272 
-1.483163762 15.598048121 -5.049623171 
-7.382013511 12.893327833 5.019593497 
-8.206913903 12.668041530 4.541261904 
-1.974326856 15.345347491 -5.676204882 
-2.012760900 15.374597470 -5.671713535 
-7.079906501 13.246520526 4.998977710 
-7.480165098 13.115120181 4.846499771 
-1.916775144 15.533357153 -5.354374383 
-2.047029787 15.391477801 -5.620782054 
-7.957333146 12.886111641 4.669989788 
-8.059569897 12.916301152 4.529350327 
-1.881617317 15.239647189 -5.747743932 
-1.944803437 15.316508098 -5.627259716 
-7.959485581 12.814333303 4.709231059 
-7.793495192 12.878499707 4.780248262 
0.470500391 16.329543713 1.592113413 
0.691424972 16.401015744 0.912572722 
-10.153153840 12.140797220 0.197227203 
-10.127504071 12.199378511 -0.168000078 
0.631618613 16.499449833 -0.561131806 
0.642772495 16.474277947 -1.179512190 
-10.069808901 12.199665320 0.157347504 
-10.168993888 12.072116880 -0.510031478 
-0.769790937 16.825899319 2.394599749 
-1.770223942 16.501159242 3.558424982 
-10.057277256 12.603183733 -0.460771137 
-9.389430114 13.701578965 -1.726900105 
0.461012531 16.808768096 0.007336265 
0.127245742 16.922653029 -0.023078509 
-9.823495010 13.437855493 0.262352498 
-9.560395959 13.630098455 0.511058379 
0.494152389 15.927656114 3.427790002 
0.118488154 16.596612293 0.544860430 
-10.699695972 10.960615696 1.515406794 
-9.121134650 13.316623671 2.154704474 
0.478566895 16.136429352 3.106200702 
0.378008408 16.168169234 3.088436700 
-10.270173500 11.568292492 0.023533980 
-10.244843161 11.658517471 -0.467673624 
-0.192482971 16.702500261 -0.992770932 
1.374595784 16.039421934 1.802987906 
-10.364460187 11.718538609 0.466268009 
-10.374673515 11.554425982 -0.333084931 
1.350801562 16.319239286 -0.443160699 
0.737311823 16.692489318 -0.951772761 
-9.596108573 13.906537505 1.626150610 
-9.722936904 13.067134793 2.909026213 
-0.355460744 16.345446547 3.735619616 
-0.482518141 16.211188746 4.226536946 
-8.307698267 13.597957258 -3.621676119 
-8.195689681 13.560512840 -3.791716561 
-0.746270284 16.446307094 2.533313224 
-2.359536290 15.474218427 5.852702896 
-4.898135284 14.382160682 -4.706478881 
-7.169419090 13.864312019 -4.157468223 
-1.246509908 15.832784410 4.648604123 
-2.081675531 15.529246836 4.910179500 
-7.733357281 12.304873452 -4.917263969 
-8.094374320 11.277350148 -5.084486255 
-0.609589746 15.976656409 4.641190859 
-0.389834923 16.063423507 4.382655995 
-9.222275173 13.111698927 -3.288749910 
-9.216738494 13.174181339 -3.277945362 
-1.499900265 15.900713465 -4.908156477 
-1.494315184 15.915489703 -4.888782011 
-8.513709596 13.101111488 3.993906229 
-8.179180144 13.089375053 4.396967111 
-1.526645057 15.968270961 -4.771739898 
-1.343505633 15.544422553 -5.427969371 
-8.594503560 12.965566715 4.063029902 
-9.072086657 12.789453996 3.626730382 
-2.883833349 15.394702592 -5.420802161 
-3.018415234 15.020686391 -5.734518236 
-7.185388648 13.206555080 4.916418041 
-6.867716292 13.275417566 5.021856483 
-1.553594957 17.002488418 -3.367811138 
-2.273958907 15.222697067 -5.549217378 
-8.684651981 13.621714235 3.228490424 
-9.143185143 13.494196337 3.035263534 
0.869927213 16.415323950 0.023214640 
1.276611242 16.309446990 -0.024955079 
-10.258823256 11.974023582 -0.837905602 
-10.177977711 12.064132554 -1.007170923 
-0.201016508 17.142477219 0.213299309 
0.764098099 16.478132863 -0.111935293 
-10.194533089 12.081334809 -0.628846089 
-10.183353660 12.072737047 -0.858102475 
0.743556484 16.504329131 -0.571862704 
0.697869431 16.477529128 0.390300531 
-10.290416790 11.883511257 -0.981654689 
-10.224912459 12.037283214 -0.574240241 
0.581139396 16.501453477 0.450632057 
0.983629611 16.414871795 -0.197210589 
-10.142432082 12.009805700 -1.374859600 
-10.172365347 11.945902609 -1.466519403 
0.761423780 15.866631562 -2.169380559 
0.532649139 16.411062172 -0.656076360 
-9.995663557 11.963721438 1.673237349 
-10.006796832 12.044441630 1.357770636 
0.675143128 16.244927261 -1.470037958 
0.653367464 16.263163157 -1.316379324 
-9.857472898 12.017926294 2.045477693 
-8.180877437 12.299745170 4.271692836 
0.744809636 16.295849088 -1.010425308 
0.638143588 16.169431242 -1.865021445 
-10.034208139 11.972297657 1.424122844 
-10.069372699 11.937240778 1.336129697 
0.710654702 16.272468299 -1.275010568 
0.627588442 16.304148698 -1.197614721 
-10.002977424 11.849224411 1.910371509 
-10.064399450 11.823993058 1.728261421 
-0.101426001 16.736369143 1.483445076 
-1.513310205 14.966434029 6.044264490 
-4.768817932 15.682604615 -4.398008350 
-7.197311054 13.311909730 -4.701099389 
-0.886298547 16.798323437 3.263490498 
-1.776141592 17.218161888 3.541533467 
-5.576181732 14.232229604 -4.823159003 
-6.554504907 13.324486175 -5.234680473 
-2.766392128 14.150344361 6.709694617 
-2.503115690 14.319457720 6.492879614 
-7.486662233 12.715596461 -5.162691224 
-7.675787950 12.631690304 -5.005584001 
-1.349601233 15.365507543 5.409403575 
-2.465494590 14.910170803 6.211199400 
-9.349708263 12.220616984 -3.422403905 
-9.271374457 12.251111943 -3.496341675 
-1.105935397 16.059408019 -4.393341992 
-1.050009447 16.080013546 -4.375370547 
-8.757083323 12.761432723 3.697083441 
-9.710573150 11.906310022 2.386195650 
-0.949518814 16.080578127 -4.269713991 
-0.912913119 16.265911968 -3.914924403 
-9.113502906 12.861948876 3.466234480 
-9.002316918 12.838759335 3.647582664 
-1.191237881 15.928165545 -4.695586907 
-1.156943415 15.972761432 -4.588356693 
-9.874797586 12.628811921 2.311441068 
-9.464148843 12.658361251 3.131983153 
-1.330491324 15.988820515 -4.620446363 
-1.279286671 16.009417974 -4.547342680 
-9.376246752 12.751270204 3.169829033 
-9.215539281 12.867195366 3.278623757 
0.650418355 16.478284354 0.815083059 
1.278228139 16.173434468 -0.197808216 
-9.863831051 12.260296986 -1.952030977 
-9.758537164 12.189037975 -0.714355170 
1.015999714 15.854615912 1.783358516 
0.935205700 15.816387591 2.008777971 
-9.981711678 11.513268001 -2.293020343 
-10.055787901 11.472377830 -2.095216856 
1.169439927 15.908356369 0.992522356 
1.506038302 15.652501146 1.049087780 
-10.192045171 11.419118943 -1.241737184 
-9.829592425 11.605905927 -2.643405474 
-0.025762039 16.531284079 -1.899404798 
0.139174139 16.612200838 0.145958455 
-8.759992230 13.504279431 2.207155424 
-10.086060997 10.859947751 -0.095973532 
0.489188716 15.853718366 -2.367963564 
0.450320203 15.917816036 -2.202837972 
-9.746501390 12.027742241 -0.639099814 
-9.907363684 11.750319571 1.755603210 
0.142764577 15.795717762 -3.114559418 
0.144507099 15.820319624 -3.068727784 
-10.041409795 11.661229958 1.082734330 
-9.977606567 11.808849868 1.705688017 
0.420245049 16.667245346 -1.567362218 
0.301532485 17.004474614 -0.662207892 
-9.962288840 12.719797197 -0.221251627 
-9.947462315 13.317349309 1.286711174 
0.249876381 16.844486459 -0.520123521 
0.388748378 16.809010653 0.901825502 
-9.708965587 12.931473666 -1.401572042 
-10.134540228 12.615464806 -0.190549510 
-1.817839560 15.848630750 4.896346114 
-1.757845441 15.930429775 4.701211732 
-7.007897813 13.547855688 -4.797050517 
-7.146725261 13.356549367 -4.928484888 
-1.345625989 16.066358581 4.418742810 
-1.732853338 15.868773825 4.849308172 
-7.983635302 13.048442806 -4.607482226 
-7.387919176 13.341782615 -4.821348182 
-1.819357278 15.843519494 4.903593683 
-2.118241693 15.602011650 5.255946840 
-7.556176064 13.363677395 -4.695610437 
-7.653407829 13.213382422 -4.735121122 
-0.852828582 16.598936515 3.367148725 
-1.535089273 17.298105680 2.622663128 
-8.187687062 13.389638187 -4.073287504 
-9.027827774 14.378336082 -2.185692718 
-1.419993442 15.799046812 -4.780769589 
-1.835569783 15.495292707 -5.374769039 
-8.784889112 12.600110220 4.033025520 
-8.343309571 12.766051018 4.364020572 
-1.980823360 15.372322929 -5.578211395 
-1.801977374 15.390078335 -5.532590568 
-8.862227168 12.534731317 4.000507614 
-8.726534436 12.579364792 4.112613391 
-1.536778970 15.303944123 -5.415952441 
-1.500936289 15.398544449 -5.115081061 
-7.716140864 12.763281977 4.745430598 
-7.797206179 12.659847724 4.720499909 
-1.815052455 15.567257180 -5.298245726 
-2.093331769 16.243829653 -4.191973418 
-7.732414267 13.041010136 4.708156023 
-8.168407478 13.997537024 3.590495338 
0.506806076 16.276288619 -2.525362154 
0.835145108 16.308495010 -1.395539885 
-10.070865285 11.720318976 -1.036683219 
-10.054615174 11.876659361 -0.824147138 
-0.418557526 17.101186283 0.330848222 
-1.433133529 17.377928953 -0.937356778 
-9.621636604 13.115008626 -1.094770947 
-6.376125511 14.667715543 3.643174426 
1.019881182 16.215453756 -1.630665055 
1.054528866 16.241454254 -1.008852267 
-9.949489192 11.721760840 -1.709829518 
-10.065985038 11.836239613 -1.021126429 
0.644632115 16.212897089 -2.599883058 
0.704927996 16.252905897 -2.253573817 
-10.164207927 11.630276807 -0.727743455 
-10.187680467 11.662127336 -0.476912003 
0.658669859 16.452931674 -0.536268391 
0.743206125 16.453810959 -0.262900955 
-10.056749806 12.255737670 -0.406483978 
-9.910032759 12.386076272 -0.637053982 
0.635330746 16.455832740 -0.719994532 
0.629488285 16.521593836 0.030477776 
-10.078046614 12.261338691 -0.150658349 
-10.134862175 12.164281969 -0.072319133 
0.542356370 16.538142615 0.077508828 
0.598353101 16.521330913 0.043746908 
-10.264874926 12.005881945 0.335754716 
-10.434052278 11.766157952 -0.034771319 
0.605069340 16.455724226 -0.645241057 
0.715187074 16.509165662 0.810619432 
-10.167801847 12.147761692 0.074056960 
-10.109791633 12.235723211 -0.010962671 
-2.426162168 15.435894242 5.743892429 
-1.709284960 15.910143731 4.812421524 
-8.892982911 12.671078208 -3.970877392 
-8.433779399 12.885186852 -4.306487341 
-2.215988694 15.607580862 5.410791302 
-1.976420900 15.725971615 5.138451030 
-8.811336725 12.811057301 -3.873984375 
-8.493808942 12.945049942 -4.148217864 
-0.773109753 17.091630094 2.726506485 
-2.237470663 15.270340376 5.817359882 
-8.621266953 12.923387160 -4.049828609 
-9.682167111 12.966977947 -2.335173802 
-2.499006405 15.481635121 5.625711782 
-2.463573497 15.465352540 5.587386748 
-8.409128132 13.019107523 -4.188739717 
-8.259485969 13.009212534 -4.350631357 
-3.123101515 14.709878027 -6.608700975 
-3.211942784 14.734885701 -6.588892242 
-8.405237730 12.759101957 4.362327478 
-8.381909573 12.819251126 4.324185321 
-2.257588770 15.159562959 -6.104394958 
-2.203236067 15.140340302 -6.143006082 
-8.383285720 12.705602545 4.364141561 
-8.664041065 13.052527685 3.870438580 
-1.492652831 16.069494160 -4.851255262 
-1.519379474 16.127791563 -4.542205474 
-9.128850558 11.966678332 3.601813569 
-9.363236650 11.992568407 3.978512144 
-2.359869831 14.958982140 -6.323803148 
-2.170653336 15.119486959 -6.069153060 
-8.632477000 12.647163009 4.195037385 
-8.389023936 12.778853838 4.330051034 
0.729090750 16.386183367 0.539401204 
0.519181828 16.198535062 1.392762249 
-9.962617005 12.125085011 -0.591090980 
-9.945923311 12.171560116 0.270827637 
0.164651889 15.694078371 -4.874930228 
-0.125386214 16.892350792 -0.110088581 
-9.789851392 11.582572812 2.302853293 
-10.022339689 12.517232566 0.371551372 
0.866648428 16.169592648 1.269649003 
0.778843242 16.202790648 1.242736621 
-10.072147822 12.024798815 -1.322701905 
-10.026460934 12.000648374 -1.718260331 
0.897216195 16.003190514 1.297802015 
0.862598530 16.030392230 1.294782843 
-10.045304222 11.917813376 -1.118469742 
-9.864660526 11.934550944 -2.030441576 
-1.323259614 17.365014645 0.737886374 
-1.521599278 17.362188880 1.221138706 
-7.667657917 14.982383078 -1.676330313 
-6.545616075 14.641681551 -3.607853855 
0.260773431 16.710617907 -1.295103571 
0.307590763 16.584264675 -0.980975176 
-10.022436003 12.470098456 2.012563214 
-9.778489504 12.979201419 -0.327343934 
0.773971572 16.141751292 -1.672086625 
0.649594665 16.098621546 -2.031476026 
-10.128870773 11.898350240 0.923432858 
-10.105190164 11.779594207 1.858602019 
0.363934781 16.109971049 -2.635352930 
0.554341326 16.171248964 -2.185050698 
-9.891695974 11.974291457 2.155689921 
-9.846328650 11.918300328 2.371249956 
-2.018607103 15.359980250 5.622898285 
-1.735617177 15.498710997 5.356662210 
-7.334782393 13.172995934 -4.898828422 
-6.847808644 13.337956056 -5.074739037 
-1.910377185 15.290669222 5.605169256 
-1.406426353 15.487156628 5.193475353 
-6.969528088 13.093569927 -5.110497546 
-8.559854902 12.597269038 -4.207107695 
-1.614170021 15.626726491 5.049600710 
-1.895678450 15.364932593 5.535901884 
-6.689796613 13.257634048 -5.216545453 
-7.119450974 13.151535126 -5.035308631 
-1.724131383 15.589008338 5.219639260 
-2.378210644 15.458427446 5.505616489 
-7.498790185 13.137156316 -4.806621032 
-7.031508243 13.376158746 -4.904205342 
-0.779379750 16.105191398 -4.192507352 
-0.217867430 16.277029868 -3.456624603 
-8.547446732 12.869432828 4.120824050 
-8.303484586 12.872386659 4.374465762 
-1.125693991 15.990936077 -4.403324654 
-1.348220589 15.786323685 -4.858181445 
-8.168126334 13.007454018 4.352547849 
-8.368290163 12.870777211 4.371863483 
-0.786080433 16.039546036 -4.106358655 
-2.006685109 15.481687789 -5.429622280 
-8.146406862 12.976795644 4.387626476 
-8.646670337 12.661251166 4.170722608 
-1.476618340 15.711089078 -4.973530124 
-1.376798636 15.797841318 -4.809099720 
-8.482583635 12.811275061 4.202269291 
-8.282339559 12.931937766 4.297194583 
0.688996372 16.430753818 0.347027502 
1.306170659 15.914792754 -0.097908271 
-10.142691024 12.037813245 -0.852526211 
-10.092697569 11.425630257 -1.270010612 
0.381557743 16.548771966 0.881839481 
0.422968818 16.485090219 1.385468440 
-10.113976781 12.248854789 -0.703327641 
-10.140267894 12.281121432 -0.149782429 
0.705628128 16.508432676 -0.373630204 
0.522375000 16.528349190 0.316168647 
-10.147506212 12.176052199 -0.121868990 
-10.190057327 12.116000678 -0.410617575 
0.836011568 16.422651536 -0.100725308 
0.799151550 16.419543210 -1.055710418 
-10.085995480 12.021384669 -1.464880276 
-10.091017345 12.000963774 -1.501778239 
0.625068914 16.317046499 -0.822451850 
0.602097741 16.255485144 -1.213902193 
-9.949552476 11.970607947 1.592390464 
-10.094447422 11.778357755 1.488329489 
0.624064114 16.333001511 -0.987659369 
-2.383408555 14.817428778 -6.432586346 
-7.536139655 13.257029278 4.778978022 
-8.838533439 13.986064946 2.760423631 
0.491651623 16.375450262 -0.943106624 
0.575197769 16.272355107 -1.469555424 
-9.902300478 11.876146019 2.242268299 
-10.040635511 11.838274306 1.853273102 
0.692875810 16.315548318 -0.808908223 
0.431179971 16.125280812 -2.134102925 
-10.021800555 11.739122315 2.097842297 
-10.109261703 11.805040074 1.573795180 
-0.670685399 17.344240329 -1.347711213 
-2.332985013 17.432533474 1.791940397 
-10.318085241 13.071559685 -0.056345704 
-10.281826503 11.723605074 -2.645512267 
-0.678888782 15.536536413 4.633280299 
-0.622746959 15.579790814 4.498650569 
-8.713184621 12.980914552 -3.771264938 
-8.675857743 12.951320673 -3.849303444 
-0.306806589 15.817087790 3.619764379 
-0.447088534 15.759512697 3.846374709 
-3.403058491 14.029025806 -4.976180069 
-5.213173657 14.086357512 -4.795726988 
-0.514643510 16.439063620 3.679206333 
-2.183267545 15.769432054 5.034944346 
-8.490592225 12.846312692 -4.108698657 
-7.132538381 14.055702208 -4.762103079 
-1.024446883 17.359080791 -0.910776408 
0.319021549 16.703531591 0.641008971 
-8.919877601 14.096375056 1.884949862 
-7.494311448 13.353269580 4.592947718 
-3.559051551 17.052338560 -3.743756419 
-2.426045628 15.962780616 -4.775463832 
-8.673625617 13.838726138 3.473709992 
-7.678499131 13.459380798 4.727412533 
-2.321149655 15.400124974 -5.416287596 
-2.022504280 15.519146834 -5.198462098 
-8.028859109 13.121216362 4.602274298 
-8.152580670 13.091855000 4.497498660 
-1.959789519 15.418913149 -5.464838877 
-1.920193561 15.011690562 -5.872184359 
-10.319333459 11.364887697 2.803779422 
-9.578184288 11.394729377 4.011707979 
0.438378470 16.449015729 1.029439095 
0.681344174 16.468516906 -0.549678995 
-10.241968482 11.565810512 -1.440575145 
-10.045376182 12.001742397 -1.624241589 
0.281891760 16.445850767 1.293411337 
0.420274890 16.431493533 1.113712105 
-10.116622408 11.995988638 -1.278248850 
-9.809944110 12.249730390 0.334284414 
-0.994084039 16.601843680 -3.232976146 
1.297112860 16.101013248 -0.174781474 
-9.937351130 12.520426780 -0.088652558 
-10.232014507 11.696421475 -1.170808301 
0.621317150 16.859561213 0.764530461 
0.302352330 16.978231455 0.398369858 
-8.757558903 14.289129584 0.099095938 
-9.423524122 12.597934848 -3.181442209 
0.226978357 16.144836835 -2.659685867 
0.180857250 16.141814084 -2.713949234 
-10.192234753 12.063597928 0.809827042 
-10.212312256 12.075982073 0.511013148 
0.257352315 16.125444428 -2.696599117 
1.629487703 15.450770595 -0.971071566 
-9.582506948 12.441650166 -1.331593358 
-8.741299816 14.109236014 -1.252720586 
0.189367062 16.486838442 2.058600537 
0.029365552 16.860420132 0.997072732 
-9.233063592 12.829269177 -2.834491331 
-9.969475692 12.658241319 -1.516946655 
0.434882598 16.329511061 -1.790597570 
0.299162475 16.298521085 -2.067113798 
-10.091949812 12.147714819 1.112790486 
-10.145636682 12.097816938 1.014316761 
-0.824611469 16.337321965 3.747948150 
-0.874074932 16.293883018 3.857092769 
-7.832510502 13.220907548 -4.590221255 
-8.014214493 13.174259363 -4.462039027 
-0.769882090 16.406630881 3.567721598 
-0.666677115 16.370869506 3.598356578 
-8.509781647 12.936517092 -4.189015132 
-8.692639326 12.879869120 -4.026833804 
-0.913893952 16.367713190 3.768194407 
-0.784972097 16.562380813 3.430098856 
-8.639535721 13.086057713 -3.802320680 
-8.846134694 13.022270249 -3.778335306 
-1.072560532 16.251369964 4.026665706 
-1.342951996 16.232032656 4.390433522 
-8.795718119 12.769357449 -4.030956637 
-9.004990418 12.742838688 -3.761380937 
-1.642505939 15.716005859 -5.159268616 
-1.999429170 15.478156213 -5.614108302 
-9.115051174 12.647159011 3.693472994 
-9.280511799 12.659055223 3.404357315 
-1.554415871 15.898622868 -4.757248909 
-0.937321456 15.802804465 -4.462305893 
-9.016998137 12.691907911 3.783983245 
-9.140122876 12.709751241 3.552936617 
-0.857724926 16.864317531 -3.015803624 
-1.075495348 16.204163795 -4.254941044 
-9.457089015 13.149827603 2.763782823 
-9.414914563 12.772860945 3.019724291 
-1.320182429 15.974421022 -4.562964040 
-1.567829950 15.676766907 -5.210857931 
-9.017542080 12.755445540 3.689377840 
-9.060731053 12.666034912 3.754837199 
0.797930977 15.806227519 1.989711670 
0.823737794 16.023581869 1.350761319 
-10.120913061 11.629844223 0.032224766 
-10.082570749 11.564169182 0.329993950 
-0.100231489 16.549451003 -0.040051115 
0.249126674 16.307221266 0.800321762 
-7.266232686 14.126594855 2.802210305 
-8.733776091 13.420011321 1.812086693 
0.891012362 16.112877760 1.362938788 
0.631592015 16.049012377 2.054593347 
-10.059473311 11.471570542 -1.763707927 
-10.044473812 11.475181713 -1.787442656 
0.867854759 16.007531553 1.328017079 
1.388214194 15.989399796 0.060628247 
-9.950060268 11.846051508 -1.906726553 
-10.083610288 11.702036347 -1.791721574 
-0.727966363 15.778063292 4.734170826 
-0.504002072 17.075692430 0.213562787 
-8.189799096 13.123438010 -3.479296580 
-8.868489301 14.156499838 -1.337883873 
0.697549198 16.104707394 -1.592420638 
0.622969286 15.899725939 -1.978754056 
-9.874371257 11.976997243 1.456773608 
-9.877734190 11.855694649 1.709442374 
0.494676402 15.790823414 -2.401516721 
-0.102378124 15.564470478 -3.403335385 
-9.699554735 11.986553252 2.367388035 
-9.948069726 11.882145159 1.598857540 
0.226142180 15.891021771 -2.833532787 
0.394580538 15.975589161 -2.428542172 
-9.988090515 12.016919061 1.036042278 
-9.713845182 11.990097330 2.599254828 
-1.351434070 15.904147296 4.726293373 
-1.486603716 15.712663406 5.044296501 
-7.192758838 13.509575450 -4.816002419 
-8.684238074 12.683638390 -3.885665469 
-1.053729765 16.155230252 4.290863213 
-1.423256157 15.923615484 4.755782488 
-7.638575385 13.471766954 -4.537397451 
-8.204894931 13.187219612 -4.268543308 
-0.964496186 16.202035034 4.085174723 
-1.640953916 15.910768998 4.820578019 
-8.217362218 13.020441802 -4.410080000 
-8.512583153 12.895113503 -4.224484799 
-1.281030011 15.977744394 4.628947462 
-1.507691113 15.925492473 4.759982885 
-8.055252612 13.109111917 -4.507545813 
-8.336047830 12.978490355 -4.352105086 
-1.107895778 15.591854380 -4.894738087 
-0.855078639 15.824138005 -4.340303876 
-7.161234603 13.144634882 4.913681317 
-8.020553727 12.755037435 4.543209404 
-1.406934399 15.711908235 -5.076479228 
-1.765225703 15.420379620 -5.650356233 
-7.957541706 13.068107855 4.568048844 
-8.105830822 12.983192711 4.492222760 
-2.029247342 15.558826210 -5.342909477 
-2.393600496 15.290297382 -5.839635919 
-8.355006977 12.855673086 4.308660147 
-8.480769262 12.788829629 4.230995105 
-1.908020221 15.395643217 -5.540453939 
-1.902174845 15.415838067 -5.507332025 
-8.430437089 12.694571028 4.356498738 
-8.188143194 12.883185426 4.405519575 
0.574405296 16.446575243 0.998083620 
0.548023292 16.460201740 1.004596913 
-10.195332805 12.046461224 -0.894812863 
-10.213794469 11.946086843 -0.757681402 
0.781389650 16.298175556 0.560619730 
0.734739994 16.491015809 -0.459191404 
-10.137842397 11.825088779 -1.078958580 
-10.224252544 11.933172627 -0.970131082 
0.254327560 15.974507366 2.660655392 
0.438481650 15.975205177 2.493628387 
-10.234442387 11.859487216 -0.356472353 
-10.231610306 11.834482214 -0.656033999 
0.460821696 16.304817616 1.598569444 
0.505379788 16.338083544 1.349681980 
-10.171642084 12.004441007 -0.646836362 
-10.192290021 11.966384208 -0.692744618 
0.497721356 16.423633261 2.494292205 
0.426158977 16.343924092 2.938106693 
-10.021558202 12.174717561 1.221335692 
-10.223620111 11.825524264 1.091770859 
-0.846404582 16.109529418 3.899553856 
-2.214222247 15.433974634 5.263392581 
-9.579477238 11.678133397 3.035262729 
-10.188781247 11.626245428 -1.624223721 
-2.891922278 14.808913938 -5.378958984 
-2.091453580 14.878542149 -5.115742975 
-8.773646513 13.139628424 4.040951025 
-9.095037103 12.608381574 3.944083381 
-0.306059200 16.651912075 3.304063192 
0.314751907 16.926355407 -1.301459550 
-8.040511490 13.969744928 3.189505940 
-9.704668182 12.794456433 1.059440523 
-0.246098735 15.373826573 4.380333747 
-0.200133979 15.341099372 4.436966127 
-7.987801347 11.769405695 -4.909303170 
-8.186986288 11.694747412 -4.761637918 
-2.047056634 16.513120344 3.471600631 
1.717167542 15.295975546 2.313351476 
-4.521918503 13.264644571 -5.654907796 
-8.077633908 11.897625309 -4.678263711 
-1.228266281 16.063649293 4.704907674 
-1.503839735 15.323138564 5.202920402 
-8.595604541 10.730950313 -4.753258558 
-7.978216009 12.975769209 -4.613406640 
0.077063421 16.682424697 2.447035222 
-0.086943955 16.707780447 2.393655178 
-7.993222562 12.217766330 -4.759322237 
-8.098175734 11.729053095 -4.843345534 
-1.103931271 16.234610343 -4.155850755 
-1.186831624 16.186084976 -4.276357455 
-9.089794889 12.929071630 3.470949621 
-9.216879182 12.865855552 3.360759475 
0.711862422 16.935678813 -2.096665550 
-1.997577804 15.341798406 -6.247806489 
-7.022858002 14.434751194 3.455882108 
-5.065580961 13.912553233 5.028089680 
-0.836533321 16.109014804 -4.012439172 
-1.539755574 15.748660622 -5.004389126 
-8.182290182 12.907824195 4.526889287 
-8.403257834 12.955133519 4.286541974 
-0.903536446 15.802651373 -4.661059184 
-1.639187364 15.366152751 -5.561396552 
-7.479936290 12.940371582 5.024036758 
-7.912763797 12.894462380 4.724624795 
0.612938534 16.536633577 -0.971366708 
0.767732065 16.461449376 -1.339379425 
-10.221221629 12.042167258 -0.664106455 
-10.252650712 12.015703242 -0.548726236 
0.690080415 16.505736227 -1.157052442 
0.700355552 16.509839213 -0.972467712 
-10.215052656 12.080543893 -0.319156979 
-10.128461938 12.187658592 0.064510415 
0.724944935 16.485602659 -1.076883365 
0.837384407 16.464370724 -0.779748493 
-10.234523550 12.004009635 -0.761811163 
-10.234343278 12.048538815 -0.453606056 
0.675109082 16.479998249 -1.516588061 
0.723068852 16.464555507 -1.460875108 
-10.259812370 11.999987687 -0.368656685 
-10.217709961 12.069380033 -0.411731218 
0.692245395 16.452808846 0.225854696 
0.637015547 16.477652584 0.413783890 
-10.159651098 12.007143979 0.953207258 
-10.145708921 11.964784772 1.171584957 
0.612984035 16.477956835 0.926822251 
0.632420382 16.474958055 0.831424343 
-10.101330600 12.113535187 0.749012336 
-10.100697572 12.093907832 0.900010270 
0.851214757 16.375801763 -0.316278363 
0.766093103 16.354096715 -0.791536181 
-10.037509605 11.975505258 1.683842184 
-10.101552244 12.010582868 1.242048969 
0.863421849 16.404693171 0.272716099 
0.717975917 16.440267919 0.056102972 
-10.169840389 12.022013170 0.582237541 
-10.189029227 12.008158951 0.358582512 
-2.037375937 15.267583775 5.777579798 
-2.077828847 15.206724094 5.882388873 
-7.028888317 13.350208328 -4.881481353 
-7.634522740 13.145674620 -4.642096936 
-1.842669584 15.283401218 5.671790562 
-2.891234854 14.244759206 6.861503711 
-8.038593461 15.003509374 -2.389809644 
-8.679636935 14.551411044 -2.062665570 
-1.579845042 15.659813313 5.100753424 
-1.451617756 15.799049849 4.817986692 
-7.322053413 13.302208558 -4.762348157 
-6.868136303 13.470228239 -4.906330422 
-1.793674225 15.483580292 5.427739028 
-2.007308365 15.421372761 5.546531683 
-7.353038787 13.265967544 -4.772681750 
-7.516117153 13.169417185 -4.728280851 
-1.302573529 15.863822085 -4.783273033 
-1.656926838 15.100118385 -5.726230363 
-8.820233073 12.827712544 3.882411088 
-7.931348388 12.391350075 4.909511572 
-1.335359273 15.854633288 -4.835204039 
-1.223048455 15.975128969 -4.596700791 
-8.792978406 12.829930732 3.933393377 
-8.270006123 13.031907838 4.330459716 
-1.514462766 15.819927521 -4.921460952 
-1.681098992 15.773870177 -5.067734263 
-8.816066086 12.897412639 3.830135086 
-8.628652862 12.961945669 4.006388131 
-1.785740591 15.637196244 -5.292111300 
-1.646634887 15.700879756 -5.130621310 
-8.793710253 12.912633059 3.836603567 
-8.891877836 12.857666620 3.759350564 
0.733576248 16.446961123 -0.052241208 
0.720661902 16.418546815 -1.416994165 
-10.201154907 11.989829042 -0.460099827 
-10.159191220 12.061594668 -0.392106516 
0.636770759 16.479548195 -0.053510907 
0.682565409 16.475583945 -0.236573489 
-10.196302092 11.998900374 -0.534000383 
-10.212018912 11.983850866 -0.599692621 
0.829286048 16.409382456 -0.106996167 
0.846247359 16.403840718 -0.282854507 
-10.185311679 12.025812770 -0.176673860 
-10.116485022 12.122472989 0.046576071 
0.798507769 16.436168667 -0.559135322 
0.923340029 16.372562306 -1.221457690 
-9.908025697 11.803129052 1.485662377 
-9.469928080 12.859658623 1.311526648 
0.447648195 16.254803918 -2.140031826 
0.306290840 16.335861745 -1.958424183 
-10.245492184 12.032569982 0.696237399 
-10.252947971 11.994040590 0.783403219 
0.520063060 16.349207594 -1.607488501 
0.646348143 16.412325125 -1.065625040 
-10.213502760 12.079032301 0.521431348 
-10.217350676 12.032892651 0.855755643 
0.320478125 16.189131255 -2.371719707 
0.496914368 16.712189241 0.659937243 
-10.188617872 12.037942425 0.737372341 
-9.144699827 13.062105949 -2.289623038 
0.554988789 16.403449347 -1.286247574 
0.502629764 16.399487155 -1.441239167 
-10.063022232 12.173504040 1.252900939 
-10.161321293 12.148362980 0.736199235 
-1.509647690 15.939242880 4.748030945 
-2.006525335 15.659504634 5.359291920 
-8.320554584 13.066100718 -4.257429881 
-8.306567949 13.121560008 -4.203387059 
-1.573702085 15.828844445 4.967367349 
-1.559168819 15.867666002 4.885619084 
-8.049286620 13.220638420 -4.368069079 
-8.018497516 13.255888620 -4.356875935 
-1.906184801 15.884032655 4.966706471 
-1.716485870 15.919718197 4.848276339 
-7.952660005 13.120943554 -4.578633116 
-7.778748341 13.273501339 -4.567870707 
-1.410637954 16.059615886 4.517629607 
-1.515724093 15.929258272 4.814711840 
-7.417932422 13.385624965 -4.743877803 
-7.771260362 13.238167078 -4.619791024 
-1.935316888 15.510825583 -5.513996963 
-2.335306003 15.292548671 -5.916777767 
-9.352896431 12.588357015 3.382072168 
-9.336147118 12.626899801 3.341379815 
-1.832408935 15.551392282 -5.397104869 
-1.688992804 15.631488919 -5.292107975 
-9.196317216 12.676031760 3.521221573 
-8.866095961 12.829274955 3.794617679 
-1.412828282 15.872051063 -4.798075150 
-1.222084222 16.035993578 -4.437059504 
-8.814019224 12.737948548 3.999009207 
-8.617156833 12.839998859 4.124378112 
-1.587554677 15.863410284 -4.844344459 
-1.735052446 15.722340746 -5.120692866 
-9.055191050 12.677883873 3.718299167 
-8.963712064 12.734114536 3.786412101 
1.050178003 16.358406359 -0.265153872 
0.850171978 16.386347006 0.465687187 
-10.034552671 12.003458624 -1.728642141 
-10.149925127 11.973152950 -1.225704297 
0.964718475 16.391347001 -0.606789177 
0.920829435 16.401397646 -0.467856981 
-10.058301275 11.866728394 -2.003367054 
-10.217632506 11.928201907 -1.014628126 
0.869314327 16.414026167 -0.240725953 
0.783303425 16.443210469 -0.297362296 
-10.106870683 12.045740392 -1.241387667 
-10.141597701 11.996676283 -1.262303954 
0.996712561 16.379575045 -0.592533803 
0.872549813 16.402264734 0.144000540 
-10.159179617 11.942575964 -1.349110565 
-10.270678009 11.899442418 -0.680305502 
0.797635742 16.346071415 -1.155631125 
0.522386243 16.433649413 -1.092958059 
-10.112251620 12.071536143 1.386544216 
-10.125345865 12.055330494 1.439913158 
0.453634113 16.390640267 -1.532575900 
0.400930299 16.337464664 -1.818372193 
-10.108445845 12.093624751 1.424442999 
-10.132458818 12.113561336 1.170803246 
0.741136516 16.461169226 -0.522939997 
0.473737527 16.469240464 -1.038286901 
-10.047430121 12.137549098 1.585087885 
-10.140668560 12.089018017 1.286713123 
0.453276073 16.513609675 -0.839904818 
0.497830070 16.427176542 -1.192356358 
-9.972210072 12.105712974 1.988508086 
-10.032146815 12.124431143 1.691579279 
-1.568894677 15.932547628 4.764101628 
-1.381882845 16.004683222 4.594554008 
-8.196416153 13.159800559 -4.282008798 
-7.967501341 13.264841675 -4.409739893 
-1.353701313 16.007549836 4.574722606 
-1.411147619 16.020093610 4.569812101 
-7.802647922 13.459272881 -4.325039724 
-8.107365942 13.200838463 -4.332998345 
-1.564193193 15.891589921 4.829797278 
-1.701181649 15.842227216 4.956948311 
-8.000673997 13.303518720 -4.310224207 
-8.413337209 13.085428629 -4.128628218 
-1.922204697 15.724093452 5.191887910 
-1.504201769 16.885122000 3.359432633 
-8.481955789 13.100334322 -4.028244458 
-8.712841517 13.789332319 -3.010668764 
-1.787320288 15.627597593 -5.336608155 
-1.738288378 15.660376214 -5.235228472 
-9.066645958 12.762135621 3.540493282 
-8.899199718 12.786836438 3.748788566 
-1.592923966 15.704838303 -5.129517058 
-1.622996277 15.684403687 -5.198193371 
-9.134036426 12.757338640 3.471057188 
-9.040608369 12.736051747 3.631318632 
-1.313075963 15.783690406 -4.926939124 
-1.539305582 15.705860559 -5.096826058 
-8.434913388 11.611107766 4.888013829 
-8.049194293 11.975482053 5.022672049 
-1.997152094 14.755386009 -6.312956957 
-0.746946792 16.576845004 -3.588086730 
-8.964972027 13.746549685 2.718644347 
-8.669166862 11.862712778 4.518489872 
0.630904137 16.509412972 0.403221962 
0.628418745 16.472000494 0.527030759 
-9.879196589 12.439522523 0.645018129 
-9.969027371 12.404099105 0.052852173 
0.505769571 16.547664232 0.118950915 
0.839381880 16.444327905 -0.196240039 
-10.013344546 12.275887876 0.468514804 
-10.059053261 12.252373888 0.313582254 
0.617793980 16.548909328 -0.564120336 
0.669613293 16.507563162 -1.146816358 
-10.213905552 12.027185247 -0.714985973 
-10.116366529 12.121535331 -1.084234982 
0.787902470 16.479962837 -0.175085728 
0.800059905 16.474062605 -0.095255295 
-10.194975174 12.061549523 -0.611335560 
-10.202618439 12.051024363 -0.703164986 
-0.577625593 17.130089042 -0.296318297 
-1.529363728 17.371973840 1.121614266 
-9.573274549 13.150989020 1.142347278 
-9.770185801 12.971641083 0.893192631 
0.896152133 16.299221474 0.177809503 
0.815039575 16.187098601 -1.120560725 
-9.711330450 12.431924641 -0.647980752 
-9.902806853 12.124362016 -0.390436919 
1.197967658 16.158259485 1.492765201 
0.692960816 16.366476684 1.338778773 
-10.039179524 11.963495319 -0.102170516 
-9.951781025 11.978039202 -0.469918827 
0.941931054 16.249517320 -0.330726411 
0.897714319 16.248514955 -0.526651653 
-10.118050150 11.824899152 0.667780497 
-10.112087689 11.774009785 0.735355522 
-1.008611621 15.793618095 4.720994445 
-1.352936463 15.599249546 5.221831719 
-8.264789144 12.765551224 -4.466825118 
-8.429774804 13.178559498 -4.049631673 
-1.408136569 15.810842663 4.814626889 
-1.428085392 15.868394847 4.716738617 
-7.136266456 13.231320935 -5.024528077 
-7.586361211 13.061784017 -4.806711073 
-1.712189264 15.436988600 5.576639943 
-1.726831092 15.353275142 5.683801731 
-7.793240160 12.976612181 -4.766063421 
-8.163694478 12.828914970 -4.539043151 
-1.403428464 16.118930762 4.695935308 
-1.651677902 16.013654287 4.879199804 
-8.897895252 12.063026333 -3.877628724 
-7.681998769 13.605551890 -3.879889849 
-1.796661677 15.711935299 -5.102910307 
-1.584175817 15.866254095 -4.835745455 
-8.243884192 13.058761054 4.285451842 
-7.732498918 13.295252658 4.562935842 
-2.269734566 15.496046830 -5.570858219 
-1.551951676 15.782230301 -4.937969812 
-8.566229260 12.933731517 4.128839450 
-8.369108999 12.979592033 4.281677101 
-2.499602941 15.199177175 -6.040790278 
-2.314629864 15.496820874 -5.608849353 
-8.750067156 12.859808701 3.960254951 
-8.537072471 12.980408168 4.113397642 
-0.858793418 17.024248858 -3.037114072 
-2.451770434 15.162783846 -6.083611631 
-8.970144399 12.890029937 3.629206832 
-9.094642455 14.480351888 0.858034035 
0.252523349 15.819800174 2.946816362 
0.117057881 15.797361584 3.103800234 
-9.998931689 11.502705247 -1.822677884 
-9.968305220 11.763473948 -1.964216695 
0.538476390 15.872378643 2.259643920 
0.639132157 15.877236992 2.136972354 
-9.898153126 11.803138944 -1.660990412 
-9.989630342 11.714069378 -1.437709083 
0.290447772 16.856644475 0.230363341 
0.533814029 16.793455100 -0.678335744 
-9.623446171 13.001870244 1.606536003 
-9.910098030 12.972702661 0.078637409 
0.218638617 17.236332119 0.450803852 
0.423001182 17.016760589 0.114327357 
-9.863022107 12.810081786 0.427713348 
-8.983616143 13.216780990 -4.147108589 
0.922516906 15.836201552 -1.886017196 
0.658198766 15.749189096 -2.542839612 
-10.102665653 11.659221807 0.839244870 
-9.936513532 11.551574992 2.332328087 
0.660998619 16.479664641 -0.843634099 
1.208416078 16.192536416 0.133081198 
-9.856213667 12.247743986 1.978713362 
-9.837923346 12.125373452 0.850443712 
-0.079116472 16.661361138 0.141790118 
-2.016339966 14.636958692 6.750652935 
-8.419475840 13.588381344 -2.701617616 
-9.611682399 10.969334531 -1.746642517 
1.491586086 15.900931678 -0.061540488 
1.188391768 15.603302845 -1.857114879 
-10.114967202 11.623025028 0.189814376 
-9.986111913 11.540481524 2.271076855 
-1.071534136 15.963452204 4.342853292 
-1.270552800 15.871621255 4.571646528 
-7.797668231 12.840332396 -4.828356270 
-7.797087166 12.876809516 -4.779580899 
-0.762299264 16.207265886 3.752475405 
-0.997506750 16.014932427 4.258429183 
-6.937764151 13.225372648 -5.089566501 
-7.205119790 13.220805953 -4.907700048 
-1.354563288 15.875056611 4.628840027 
-1.572375920 16.496059435 3.499193265 
-7.600240719 13.115789272 -4.770060446 
-8.079527339 14.018640731 -3.661783429 
-1.390277869 15.466940322 5.093019405 
-1.505688474 15.319085978 5.282041467 
-7.159460883 12.940114592 -5.005589270 
-7.465452928 12.727634270 -4.938586416 
-1.622716235 15.786349110 -4.946125214 
-2.205443839 15.554255855 -5.423085060 
-7.811320411 13.292216739 4.496296718 
-8.108636088 13.089280206 4.442907164 
-1.446062589 15.820669825 -4.810770636 
-2.001436480 15.621960881 -5.274303304 
-8.081104642 13.109376773 4.392683575 
-7.797392567 13.188056372 4.575435786 
-1.396951349 16.360976653 -4.206203742 
-1.675119402 17.161187758 -3.239560110 
-8.622610281 13.280787081 3.673371913 
-9.153033425 13.297185145 2.789163078 
-1.854691033 15.833045797 -4.950429831 
-1.957799051 15.612947878 -5.219250042 
-7.408618028 13.418927056 4.770365208 
-7.689132087 13.163889072 4.744765944 
0.760186809 16.343740328 0.533301079 
0.631249658 16.295727879 1.155548734 
-9.715817622 11.965008772 -2.536015020 
-7.655595196 12.293079441 -4.763883069 
0.593152191 16.372155941 0.805338180 
0.679913896 16.378832288 0.542823543 
-9.746138500 12.014330686 -2.435819748 
-9.919321661 11.954687513 -1.992577273 
0.943525126 15.922784108 1.483380473 
0.627657732 16.344208110 0.937543582 
-9.848217216 11.903098556 -2.344959382 
-10.036230593 11.760588184 -2.014564771 
0.747945631 16.401961925 0.031845762 
0.727567650 16.346908889 0.648717092 
-9.835041260 11.924945867 -2.298987292 
-9.929191647 11.895649625 -2.079979611 
0.706430773 16.485288696 -0.134044978 
0.610784159 16.504393334 -0.333559053 
-10.324058743 11.905276803 0.278035841 
-10.240685383 12.004630625 0.784115104 
0.738990026 16.503469989 0.083234919 
1.172749850 16.340775265 -0.041835659 
-10.226928108 12.015147370 0.835877252 
-10.400581326 11.716095834 1.118391966 
0.556604687 16.454601036 -0.921858142 
0.618436648 16.476966851 -0.616980420 
-10.372944093 11.828982636 0.599326859 
-10.252307890 12.004701906 0.542692174 
0.716628965 16.495968005 -0.008626975 
0.702927491 16.479094387 -0.153896841 
-10.510607716 11.636181242 0.421151723 
-10.257193268 12.010839274 0.270046229 
-1.161042996 15.975328831 4.561894853 
-1.298837210 16.041320551 4.495348662 
-9.705009518 12.606628353 -2.762277279 
-9.486645862 12.678721214 -3.057661886 
-0.789436007 15.827819719 4.753620230 
0.884321890 15.948178396 2.035361593 
-9.468083302 12.749296095 -3.009908211 
-9.298606154 12.819739643 -3.193542275 
-1.219887909 16.099960146 4.369184998 
-0.668365963 16.276223640 3.795511525 
-9.258378933 12.751520150 -3.349160860 
-8.845878148 12.916549812 -3.758978169 
-0.948651761 16.145475793 4.152167931 
-1.013151156 16.012076448 4.450999173 
-9.162968023 12.743808832 -3.549293795 
-9.216217965 12.752203199 -3.434651388 
-2.639290856 16.594107974 -5.052489381 
-1.909568473 17.124030505 -4.004154668 
-5.487113778 14.196354487 4.898461939 
-6.726617289 13.231442141 5.252611096 
-0.026618849 16.732411590 -1.502863552 
-1.965701864 14.634413730 -6.609135187 
-3.469557779 14.007114817 5.465537700 
-6.267550289 13.293561154 5.381989184 
-2.323270759 14.991926622 -6.080906837 
-2.499087840 14.865871293 -6.298868514 
-9.553408859 12.123241756 3.102752160 
-9.540755915 12.110929342 3.176504474 
-3.011056858 14.019096717 -6.871053088 
-2.970599471 13.996248239 -6.915375804 
-8.036871823 12.464439063 4.859876180 
-8.099432229 12.426797172 4.866724125 
0.484554736 16.267149674 -2.514578286 
0.556314622 16.160513141 -2.946731927 
-10.070726525 11.847368919 0.844611023 
-10.230652629 11.644326745 0.530237919 
-0.315160218 16.769510794 -0.114767771 
0.150220917 16.539397802 -0.564345014 
-10.601615991 11.017437657 -1.722207427 
-10.284114673 11.964940142 -0.119475653 
0.503270247 16.906702596 0.052138379 
0.850859637 16.709043935 0.435409594 
-9.610126239 13.783483871 -1.807718100 
-9.598069955 13.172648392 -3.097347214 
-0.226687369 16.706202454 0.875178922 
1.317446086 16.048883645 -1.851389312 
-10.404148123 11.712883432 -0.345404014 
-10.471971853 11.448562824 -0.022138644 
0.557824939 16.516997313 0.882042277 
0.588044280 16.478315251 1.372046669 
-10.176784940 12.054360276 0.559983808 
-10.197061057 12.029949673 0.639271538 
0.616884552 16.395500100 -1.184960039 
0.614424131 16.332199660 -1.372675101 
-10.257769925 11.956723659 0.355569459 
-10.162586669 12.127412969 0.330935121 
-0.600811342 17.167041775 0.699968613 
0.082273916 16.927466749 0.285251017 
-9.906619089 13.365422130 0.249499258 
-9.684939449 13.555383720 -0.178929548 
-0.068120541 16.804333502 -0.774866431 
-1.849850295 16.467662847 -3.660463027 
-9.898812011 13.501137521 0.892938806 
-9.131778771 13.758968240 2.595399466 
-1.026397174 15.790936566 4.923939073 
-1.843613889 15.646245449 5.265237944 
-8.818191778 12.932897297 -3.806092574 
-8.959320082 12.714778529 -3.903132053 
-1.572892379 15.869983335 4.951311495 
-1.905242278 15.760279942 5.207886483 
-8.363432962 13.068711902 -4.216750659 
-8.600382353 13.000278750 -4.022827602 
-1.266212035 16.107234722 4.347675027 
-2.952670337 14.997751102 5.787986002 
-9.170422539 13.532466691 -2.651381477 
-9.024024352 13.473496555 -3.252290155 
-2.815798054 15.427189665 5.374454724 
-3.237207128 14.968386500 5.752538883 
-6.570143974 13.478376796 -5.072135413 
-6.661596734 13.363873063 -5.061574041 
0.002196338 16.572615651 -1.544641110 
-2.517465272 15.368986648 -5.998170545 
-5.121785887 14.371036819 4.654758775 
-6.125297928 14.079476735 4.564854882 
-0.486443022 16.278503717 -4.095115853 
-0.718470446 16.132327379 -4.555083765 
-9.357347466 13.038658255 2.834129418 
-9.282605784 12.991501920 3.047948281 
-0.651110885 16.062822434 -4.463513971 
-0.476986996 15.973536086 -4.583493358 
-8.798803487 13.290461891 3.670409669 
-9.539975489 13.029205059 2.908427155 
-1.652925880 15.604566548 -5.156088442 
-2.186995932 15.448255903 -5.059057263 
-8.628626482 12.011394815 4.301201242 
-8.515170175 11.072275404 4.815380256 
0.594608163 16.488672368 -0.066101384 
0.725597777 16.458650930 -0.189447970 
-10.154194907 12.099502167 -0.620836956 
-10.112466695 12.031097122 -1.341000905 
0.581079818 16.302891324 -0.681283894 
-0.279732422 17.317041558 -0.325573005 
-8.867210618 12.010753401 -3.750664793 
-9.813869559 11.664178604 -1.024755953 
0.730689597 16.422228591 -0.130782956 
0.920363350 16.397101773 -0.257090033 
-10.098326219 12.124251098 -0.281316523 
-10.194162032 12.013079706 -0.704282361 
0.589041460 16.405749943 0.994484530 
0.652582944 16.413237924 0.792551764 
-10.157403115 12.116148592 -0.255278521 
-10.181230912 12.052629816 -0.287145262 
0.613391135 16.464056542 -0.184409371 
0.557194990 16.411453064 -0.913594080 
-10.061847380 12.026958037 1.436568041 
-10.129668687 11.997608510 1.212649996 
0.726076827 16.412080234 -0.114508559 
0.631209334 16.320130399 -0.792115920 
-10.193681494 11.923474875 0.974884240 
-10.131461221 11.925254846 0.712311658 
0.113412470 15.554675962 -3.071767736 
-0.092064926 15.660817144 -2.858749871 
-9.366865927 11.866376343 2.130961402 
-7.682099482 12.447444255 4.521841704 
0.362687174 16.015209287 -2.383455583 
-0.117380451 16.085620745 -2.432795670 
-9.468668435 12.131908230 2.635557368 
-9.584588775 12.059722564 2.461376394 
-0.800261648 16.107944847 3.995294396 
-2.781904181 15.465217515 5.333109891 
-7.567906798 13.874241938 -4.924554399 
-6.828584628 13.571504212 -5.373076656 
-2.878975729 15.644236509 5.875328863 
-1.353729053 16.042912566 4.485249342 
-9.449102809 12.789966148 -3.115813735 
-9.027692244 13.018778688 -3.535068038 
-2.202325518 14.585041157 6.686799485 
-4.110317199 14.168522790 6.820776894 
-8.847099266 12.949832287 -4.204858605 
-6.179071491 13.977738862 -5.457990493 
-4.566967186 14.932659630 5.791347654 
-3.347670619 15.611245549 5.383549058 
-7.752632827 13.605610148 -4.858190693 
-8.175577092 13.927818487 -3.911706930 
-2.608182100 15.163103251 -5.712221972 
-3.486619792 14.797816122 -6.154344497 
-6.833595906 13.372784786 5.244768545 
-6.546819205 13.161989890 5.595292256 
0.593079243 16.817133110 -1.296965177 
-0.752565509 16.424642743 2.827706205 
-7.943513312 14.737978991 2.199863187 
-9.429139474 13.157023583 2.676041038 
-1.521478648 15.714327052 -5.289457876 
-1.924340735 15.417077773 -5.375793161 
-9.060280210 12.985445604 3.535477143 
-8.970955534 13.168256492 3.447031675 
-1.879557476 15.616320891 -5.038610033 
-2.731220290 15.249326684 -5.435616307 
-8.418457715 13.109455789 4.104208091 
-9.184242000 12.754381197 3.401591145 
1.036774089 16.080370051 0.163826355 
1.280091740 15.890880358 0.794770128 
-9.521652434 11.957378745 -2.773734512 
-10.101291291 11.385029823 -1.385299683 
0.556488845 16.459740248 1.119787770 
0.327333069 16.496248392 1.502203124 
-9.811541525 12.184232821 -2.393247822 
-10.062081969 12.168630321 -1.618811740 
0.603038153 16.421724305 1.013633868 
0.320072506 16.395256773 1.600419118 
-9.489938818 12.195441964 -3.064469210 
-9.676655134 12.155968019 -2.683062064 
0.491113610 16.442645291 0.784854637 
0.468395341 16.422912431 1.030283975 
-9.769818308 12.115087709 -2.405682342 
-9.759302009 12.172733890 -2.311540043 
0.750908585 16.302116876 -0.494847335 
0.700671051 16.258126573 -0.956731388 
-10.082135337 11.839985932 1.400355970 
-10.151464896 11.876389071 0.683259553 
0.764681413 16.214335340 -1.340253479 
0.740720187 16.404934742 -0.699840095 
-9.696911762 11.845735597 2.832200699 
-10.044039158 11.889288704 1.671364247 
0.663116969 16.306600873 -1.039278093 
0.580863622 16.276089493 -1.332808040 
-10.070887272 11.916606038 1.464961720 
-10.226772028 11.875249525 0.242946361 
0.740209120 16.334829682 -0.451605341 
0.538999831 16.253737218 -1.380586915 
-10.207926807 11.757091884 1.165238038 
-10.128630247 11.892136908 1.136487852 
-1.786102942 16.161123357 4.716467735 
-2.196045377 15.522390871 5.534818299 
-8.746003483 13.038635752 -3.848429227 
-8.702173905 12.934985928 -3.860917714 
-1.282768364 15.915811178 4.784665024 
-1.533056526 15.922144812 5.188244328 
-10.689666396 11.309641026 -0.748246204 
-9.798098907 11.657742647 -3.018476407 
-2.098050373 15.515139458 5.560451892 
-1.595315139 15.736830673 5.075507236 
-8.806481053 12.674220801 -3.857718689 
-8.610745804 12.812011109 -3.979158992 
-1.633886065 15.502551413 5.342839254 
-1.744561446 15.583708177 5.181678301 
-8.820397488 12.606866849 -3.872227221 
-8.510142197 12.674382948 -4.207798811 
-3.382995022 15.822767558 5.087189315 
-4.049049529 15.055986749 5.816092632 
-9.677952330 13.655885880 -1.543535946 
-8.332597206 12.397268718 4.668145433 
-0.371878525 15.881858020 -4.298853196 
-0.576890729 15.739278663 -4.433991396 
-8.033374287 13.603419585 3.624474522 
-8.799210964 12.881243511 3.463017805 
-2.442123236 15.361254727 -5.479616463 
-2.629466120 15.319314307 -5.535128135 
-7.677792670 12.712747382 4.903032837 
-8.618834904 12.885537184 4.161419922 
-4.695723761 13.117391803 -6.898776095 
-5.387596797 12.962817367 -6.680959838 
-9.036635337 12.187623310 4.268180591 
-9.361128835 11.493947448 4.287259874 
0.681290478 16.354089721 -2.072984654 
0.790270514 16.436480838 -0.554632615 
-10.187290393 12.005089120 -0.690014590 
-10.150692162 11.982352658 -1.076105470 
0.627466722 16.487717136 -0.470211406 
0.725335207 16.448812287 0.116843640 
-10.170257534 12.028444229 -0.660366385 
-10.060182193 12.196080491 0.216870128 
-1.667628600 16.405171081 -4.157220145 
-0.701076459 16.047751372 -3.961641473 
-9.032794945 13.048557579 2.230325955 
-9.601591293 12.999283945 0.177586544 
-0.693054621 17.095189770 -0.795997153 
0.854248054 16.404845104 -0.475708893 
-10.074542319 12.190751425 0.072053201 
-10.081827235 12.163743583 0.114681701 
0.508123117 16.242560001 -2.100415885 
0.576017753 16.365002506 -1.429842558 
-10.148141560 12.165703692 0.004937609 
-10.177984939 12.120126273 0.192865228 
0.438052426 16.359099843 -1.666284635 
0.848449152 16.450018795 0.342432765 
-10.040386857 12.249313517 -0.463298880 
-9.682716862 12.117651113 -1.771877171 
-0.179249840 16.927450800 0.995673358 
0.049909652 16.901753147 0.603457871 
-9.418485691 13.121643438 -1.605716585 
-9.969459350 12.449884112 -1.206061185 
0.574691020 16.496001590 -0.577433492 
0.383588289 16.566370447 -0.457139089 
-9.894696870 12.442231211 -0.495818389 
-10.023888974 12.367309040 0.183971647 
-1.499694962 15.943675483 4.780942472 
-1.574783412 15.926106520 4.832374301 
-7.876231923 13.182122294 -4.587329292 
-8.360485782 13.022309443 -4.274386562 
-1.439026156 15.916578132 4.780531419 
-1.506720686 15.824411372 4.990896592 
-8.262242169 13.018852858 -4.390556258 
-7.677408841 12.776994106 -4.793134023 
-1.678696614 15.753746626 5.099015857 
-1.975684150 15.527920946 5.712530298 
-8.547931923 12.876018321 -4.219338597 
-8.389251551 13.153770276 -4.180986609 
-1.887735275 15.729960219 5.159167146 
-2.211697858 15.497176481 5.591978486 
-8.189172310 12.925560685 -4.560360561 
-8.132602893 13.057249992 -4.455857268 
-2.267715627 15.354918433 -5.840505546 
-2.384312525 15.314292777 -5.936922447 
-9.343590308 12.480157744 3.530517925 
-9.108746400 12.726107053 3.589410632 
-2.632247144 15.240750910 -6.066172468 
-2.243216813 15.430816910 -5.729381262 
-8.901840079 12.544354270 4.092358194 
-8.567855210 12.844587372 4.163869691 
-2.407677622 15.854976792 -5.858808643 
-1.789182376 15.689640882 -5.260813632 
-9.489845593 13.196814861 2.645147866 
-8.454315928 12.907855616 4.224301579 
-2.113146697 15.526719003 -5.540859008 
-1.984864935 15.441659024 -5.689702958 
-8.630970552 12.571502550 4.378102157 
-8.572896435 12.858365364 4.102816450 
0.644124569 16.478341514 -0.226094614 
0.099743518 16.688048340 0.253575380 
-10.139314020 12.054895488 -0.961607276 
-10.092684416 11.568612325 -0.486723527 
0.450518395 16.520366973 -1.155968923 
0.613501240 16.471862539 -1.255360778 
-10.174080203 12.047769668 -0.589144829 
-10.152316002 12.056528587 -0.770413265 
0.422695280 16.562731269 -0.117838053 
0.269893607 16.632098330 -0.078081618 
-10.114286828 12.134224521 -0.080918165 
-10.159291757 12.023019825 -0.800628789 
0.520418711 16.524621801 -0.516870877 
0.544340939 16.507070161 -0.025733698 
-9.965189216 12.252882992 0.724196760 
-10.106472148 12.208648081 -0.166620882 
0.559333848 16.503212029 0.995742149 
0.459015461 16.509438892 1.632994449 
-7.316241664 13.612336384 -3.965778919 
-9.306235570 13.289900762 -0.977874295 
0.602549406 16.431653472 -0.973043951 
0.714048134 16.409115957 -0.919849680 
-9.903890557 12.401155624 -0.826805917 
-9.505352566 12.739194792 -1.324136271 
0.918176411 16.439297095 0.519908018 
0.722124219 16.453992490 -0.616418594 
-10.018549694 12.275347576 -0.598269432 
-10.043319378 12.234679842 -0.474066573 
0.478417708 16.556771184 1.260742934 
0.447341929 16.363561063 -1.605587770 
-9.748596624 12.539680241 -1.093615162 
-9.348512374 12.436480542 3.506306037 
-1.205696509 15.957947782 4.670132444 
-1.067782633 15.778150243 4.920868291 
-8.193677681 12.882668724 -4.577356052 
-8.334077987 12.891705385 -4.436324438 
-1.447207118 15.792696202 4.989870354 
-1.988236752 15.534192948 5.536082847 
-8.412008421 12.858470244 -4.384061651 
-8.053842161 13.002971724 -4.576679903 
-0.982944195 16.050578175 4.444793630 
-1.127440839 17.218234820 1.456861196 
-9.660547933 12.503290675 -2.647670188 
-9.586713249 13.101863702 -2.221364089 
-0.242319649 17.196839739 1.600890385 
0.056933522 17.184759275 0.769608151 
-8.652535913 14.401452352 -2.198061017 
-10.279373687 12.186805938 -2.075187261 
-2.780335118 15.232205982 -5.980467027 
-3.188329067 14.815527784 -6.544755340 
-8.445083316 12.949851814 4.203515305 
-7.652680607 13.138705862 4.772401047 
-2.315660684 15.237306162 -5.954583936 
-2.411493876 15.135378525 -6.106493564 
-8.205484289 12.903177094 4.507225821 
-8.770646669 12.775910749 3.990406638 
-2.690767900 15.087614484 -6.225860647 
-2.728081199 15.099359303 -6.233750672 
-8.004640457 13.082886720 4.503310791 
-7.905216587 12.947117597 4.702167212 
-2.268417807 15.306416751 -5.846021939 
-1.808648286 15.382854968 -5.697782700 
-7.546969713 13.121910768 4.867372003 
-7.770739437 13.073741268 4.746119770 
0.552145440 16.368669034 -2.553650473 
0.471847357 16.475171908 -2.090569971 
-10.179387113 12.138795891 -0.366382445 
-9.929645979 12.394544963 0.653409935 
-0.270472718 15.997411387 -3.948977778 
0.506270429 16.428062311 -2.337988478 
-7.856866925 13.338601132 3.783354947 
-8.267951907 14.289013456 2.205191478 
0.341439917 16.480742695 -2.167490921 
0.592170633 16.357508384 1.412854824 
-10.197947876 12.020303150 -1.098867272 
-9.255074548 12.445941196 -3.710607015 
0.703815449 16.425031604 -1.877247554 
0.643583504 16.457282707 -1.820300467 
-10.210340935 12.067874331 -0.671862831 
-10.226748387 12.057299100 -0.197318672 
0.490864212 16.459772905 -0.775106840 
0.698806624 16.446537425 -0.187498118 
-9.970741812 12.262912749 -0.676166489 
-9.857171115 12.411796729 -0.546387936 
0.404173613 16.419120060 -1.191435204 
-0.078357016 16.733785278 -0.609998529 
-9.552337851 12.687635004 -1.193693113 
-9.659849145 12.629681267 -0.915126879 
0.296226578 16.572958034 -0.179029232 
0.426450666 16.525225652 -0.167197534 
-9.726087328 12.440781289 -1.117160280 
-9.668589729 12.620780565 -0.945845670 
0.466836746 16.501474323 -0.280449739 
0.481298121 16.501349503 -0.153384117 
-10.004570821 12.269804545 -0.390014447 
-10.123572575 12.136222771 -0.004162220 
-2.381776637 15.256333853 5.899632186 
-1.923123128 15.558401396 5.455840091 
-7.753415321 13.016405566 -4.806179023 
-7.612653991 13.133889380 -4.793596161 
-2.367771875 15.537873022 5.625963960 
-2.102761413 15.542061935 5.479659199 
-7.292626265 13.209833660 -4.990368956 
-7.545650954 13.296789889 -4.703498977 
-2.162856899 15.319417196 5.845404823 
-1.872147311 15.519379650 5.489088623 
-8.108466530 12.892789224 -4.590597675 
-7.754144661 13.139316044 -4.679207972 
-2.376604500 15.339781225 5.842631362 
-2.166172133 15.480445328 5.658536208 
-7.708232806 13.141717154 -4.703233617 
-7.650621920 13.205341054 -4.688438410 
-2.691093721 14.920314802 -6.473407919 
-2.485507130 15.165690217 -6.099926166 
-8.932693160 12.611104977 4.035455582 
-8.910278102 12.662788769 4.001899222 
-2.023710913 15.559088924 -5.600877700 
-1.655964197 15.589356956 -5.411530105 
-8.972752384 12.515601992 4.074974363 
-8.635674960 12.774799475 4.226659722 
-0.372311488 17.241429750 -1.239209021 
-0.031332126 17.190065338 -0.874591173 
-8.728161577 14.367844543 2.145001856 
-9.797382693 12.481588880 2.680607414 
-1.531761571 15.851156011 -4.956900020 
-2.164199628 15.352105148 -5.822418513 
-9.307196236 13.440716607 2.403160133 
-9.469344940 12.697908642 2.834433101 
0.885482059 16.433191965 0.040079141 
0.875765293 16.424480389 -0.458610802 
-10.184418313 12.072213819 -0.634095513 
-9.033138229 14.053104872 0.454927498 
0.657518196 16.485500273 0.303173108 
0.738608453 16.498356656 -0.495345015 
-10.160453854 12.127218582 -0.896468609 
-10.077053351 12.179338388 -1.139191577 
0.792296298 16.460713066 -1.158141224 
0.373381022 16.628175966 -0.095337715 
-10.173933805 12.125276941 -0.568398190 
-10.027579940 12.359835755 -0.205842087 
-0.299680887 16.873835123 -1.799108687 
-0.082252732 16.913208569 -0.751903145 
-9.357037460 13.144650754 1.668142712 
-9.929520662 12.448218954 1.441092748 
0.519111239 16.475049367 -0.474332815 
0.717607246 16.438939364 -0.241643703 
-9.932291284 12.275099877 -0.883567503 
-9.570728218 12.555074681 -1.427699449 
0.576848339 16.316196395 -1.440413216 
0.585336545 16.349514659 -1.270543719 
-10.045880742 12.183047669 -0.416295190 
-10.069892448 12.174948668 -0.314136429 
-1.748869749 17.282182541 -0.120663292 
0.596318828 16.850348053 0.210744919 
-10.009439437 12.230064483 -0.508650320 
-9.923834434 12.283274082 -0.712160512 
-0.388224416 16.709785261 1.265212106 
-0.419668399 16.814144575 1.102725088 
-8.765760842 13.239676043 -2.473423491 
-9.664727160 12.947077015 0.005822810 
-1.632906038 15.867812862 4.860365155 
-1.805814504 15.677037073 5.266785238 
-7.988531788 12.860664366 -4.734203036 
-7.761675022 13.133845565 -4.685035004 
-1.422238149 15.967611285 4.663464945 
-1.609099825 15.781582428 5.046142544 
-8.499693592 12.684892753 -4.423708538 
-7.992927300 13.038074236 -4.572269444 
-0.935933716 16.110039817 4.230595343 
-1.257946518 15.897161725 4.742396587 
-7.728567376 13.120323367 -4.719439164 
-7.510368514 13.263932922 -4.753528019 
-1.116598791 16.841455490 3.189134540 
-1.316290018 15.976499599 4.623291937 
-7.978304126 12.951854939 -4.665290535 
-8.010201633 13.114044549 -4.457972018 
-2.031712341 15.513825425 -5.596867848 
-2.062204373 15.550092225 -5.576884740 
-8.957131960 12.780830474 3.821546978 
-8.759968577 12.921748214 3.906529422 
-2.166685020 15.488144617 -5.663729958 
-2.464800528 15.315960272 -5.921387958 
-8.734798320 12.778081266 4.106409278 
-9.068436100 12.820912431 3.581165185 
-2.273479335 15.479792464 -5.607520846 
-1.915783527 15.579174137 -5.411934380 
-8.310399828 12.953042573 4.397112708 
-8.676903113 12.920029600 4.016635111 
-1.932323764 15.594488658 -5.439537071 
-2.332937674 15.468825524 -5.952041293 
-7.484123647 13.410419405 4.679524726 
-7.759289603 13.455453000 4.455595048 
0.786414612 16.211094365 1.281120792 
0.839551659 16.345642450 0.758902464 
-9.964140482 11.863956706 -2.001624013 
-9.990420002 11.907051061 -1.853798125 
0.761608312 16.230561445 1.030771740 
0.722907577 16.197327869 1.288170170 
-10.143404869 11.949986093 -0.366167074 
-10.168204334 11.860175884 -0.580266255 
0.841708463 16.325087321 0.338503049 
0.659651665 16.248445734 1.235877809 
-10.007988813 11.965904104 -1.539535384 
-10.116110476 11.755615057 -1.694489921 
0.709347274 16.379147836 0.212023023 
0.894070485 16.334294676 0.040742400 
-9.991492843 12.122368753 0.349688614 
-9.876982361 11.973241820 -2.111016359 
0.779830252 16.511780702 0.275577826 
0.572372693 16.504519331 -0.927902197 
-9.531266991 12.296100777 2.892403174 
-9.911211293 12.230891646 2.002255360 
1.055881213 16.072448695 -0.229428349 
1.370302329 15.893481974 -0.414119702 
-9.436869636 11.940808761 3.103618349 
-10.056961017 11.531123277 0.714983821 
0.441871589 16.433873331 -0.960263668 
0.393059081 16.424805742 -1.093040615 
-9.807299861 12.118315189 2.324097226 
-9.887676363 12.092082660 2.079507333 
0.390751321 16.422189018 -1.358203377 
0.149287654 16.253503365 -2.395620543 
-9.673755169 12.211718451 2.642066827 
-10.006014016 12.072713419 1.849328842 
-0.422919043 15.866435969 4.334925173 
-0.545212931 15.759664953 4.366370151 
-8.137063280 13.527283430 -3.633335613 
-8.780504939 12.883160931 -3.499820297 
0.334899561 16.893049417 -0.953845161 
-1.154522171 16.252658516 -3.735173373 
-9.654153604 13.660537535 1.692845517 
-8.685219938 14.172885523 -2.746434455 
-4.049628803 13.438293302 6.719487611 
-3.441435616 13.767088446 6.397574085 
-9.407454605 11.973140924 -3.999132882 
-9.450260376 11.454179615 -4.199002893 
-2.533134286 15.306838669 5.567757833 
-2.719748917 15.290314783 5.575009568 
-7.143504625 12.945342050 -5.130495438 
-8.281515468 12.067430126 -4.548610009 
-1.504720156 15.922478441 -4.882450350 
-1.400809933 15.911742544 -5.019235108 
-10.623949952 11.394038577 0.703015618 
-9.887178546 11.588868664 2.920082970 
-1.810916086 16.192763516 -4.661456605 
-1.196582864 16.172092020 -4.171754537 
-8.502010718 13.090177528 4.070381256 
-8.537937294 12.933586892 4.039466957 
-1.574992070 15.637211779 -5.079314018 
-1.594812215 15.608501878 -5.151841095 
-8.587713508 12.623071316 4.166211382 
-8.733348963 12.539859854 4.072812846 
-1.764251961 15.608989547 -5.382782735 
-1.795476970 15.639280232 -5.303848363 
-8.607739878 12.994433885 3.840370923 
-8.823801105 12.627465554 3.868978124 
0.523445223 16.392955388 1.021850154 
0.601008679 16.294123691 1.035985931 
-10.156075507 11.894583598 -0.271471053 
-10.045768951 11.992580004 -1.044654794 
0.494654483 16.449776967 0.700534189 
0.539818273 16.464227237 0.474048192 
-10.037052139 12.093461245 -1.385789599 
-10.084956437 11.947196680 -1.608011444 
0.432677166 16.136227554 1.756241131 
0.847648021 16.224952946 0.482990941 
-10.063603930 12.006463028 -1.206224812 
-9.335827278 12.191156973 -2.868511098 
-0.414849688 15.262890964 3.858378763 
-0.017770556 15.674593020 2.746873582 
-9.446323381 11.870355927 -1.473590104 
-6.139593594 13.484308416 -4.566822912 
0.731614543 16.127623214 1.549865417 
-0.217469832 17.311508828 0.617308985 
-8.973771194 11.940979914 3.679368572 
-9.639625460 11.692904796 1.708103013 
0.796466484 16.440791089 0.843627769 
0.825966341 16.441525546 0.629658356 
-10.037256571 12.121279951 1.384910506 
-10.038661286 12.037419405 1.701282904 
0.754326918 16.426970633 -0.318268243 
0.750150724 16.455084213 0.100261862 
-10.108113675 12.090614586 1.115457847 
-10.124258245 12.088528774 0.936961876 
0.786273757 16.394519226 0.795048594 
0.763329104 16.430254884 -0.228068308 
-10.078761794 12.074330983 0.998991143 
-10.226788321 11.986433944 0.623381831 
0.450588381 16.904896665 1.568861664 
-0.941164748 16.595442933 3.054313947 
-8.078202952 14.620484765 -2.299406166 
-9.398778570 13.187086896 -2.659233389 
-0.782715845 15.735746479 4.614821993 
-3.283646735 14.835375728 6.132037738 
-6.611768322 13.486476217 -5.311534827 
-6.414167679 13.242869066 -5.606924029 
-1.825360233 15.662368785 5.035524022 
-2.611990683 15.174991865 5.553323333 
-9.156910235 13.051528334 -3.077839783 
-9.261853363 12.744643400 -3.230830118 
-1.681599513 15.531811664 5.593892416 
-2.121000055 15.333938960 5.526509921 
-9.010739139 13.120608058 -3.458266529 
-8.895166486 13.229057363 -3.467781584 
-2.837360862 15.633785137 -5.872310230 
-1.617107327 15.860207936 -4.930536938 
-9.133492667 12.909234464 3.476190150 
-8.894967631 13.077629292 3.636044189 
-0.690552231 16.107817756 -3.959844529 
-2.604666648 15.586397946 -5.120294675 
-7.574777027 13.854797890 4.952494402 
-5.985198255 14.499911041 5.286925790 
-4.496903106 14.946836426 -5.797649866 
-3.499943113 15.561253938 -5.452591585 
-7.820521147 13.587711028 4.821349976 
-8.212214483 13.920429245 3.829359653 
-2.527186421 14.437993965 -6.889649185 
-3.974392874 14.172641350 -6.829639044 
-8.774280332 12.959250410 4.289141332 
-6.375389012 13.912765457 5.426080216 
0.747356830 16.502543895 -0.213419447 
0.688073507 16.514844919 -0.246767287 
-10.226831610 12.071682237 -0.543205355 
-10.224326671 12.049652209 -0.646999132 
0.306301711 16.284986742 2.109300659 
0.759763683 16.444698720 0.619832801 
-10.226686076 12.076642640 -0.147182647 
-10.261204957 12.039204256 -0.162347307 
0.863951134 16.459071897 -0.156283191 
0.996324836 16.416232284 -0.939144303 
-10.244626110 12.025414658 -0.228073473 
-10.221293613 12.073513151 -0.044400283 
0.887129215 16.459207552 -0.366284712 
0.960821673 16.423581968 -0.784418692 
-10.210582594 12.081085473 -0.364388568 
-10.247416831 12.015237292 -0.611023620 
-0.142502482 16.906061992 -0.901557923 
0.683691748 16.438333237 -0.242433058 
-10.118248122 12.099255572 0.757804817 
-10.050010021 12.177588075 0.897465091 
1.038630499 16.374465436 -0.924105317 
0.779080084 16.404799223 0.050253813 
-9.734591131 12.837290200 0.838398807 
-10.007732466 12.284416033 0.660198859 
0.585834315 16.390532425 -1.012020302 
0.531909434 16.436462829 -0.850142157 
-9.929508419 12.357968084 -0.286684978 
-10.060727690 12.208658262 0.312397381 
0.551640320 16.384681465 -1.104875322 
0.447547790 16.427678010 -1.005696241 
-10.099370953 12.158217427 0.320217709 
-10.199703512 12.010556886 0.488010995 
-1.154849500 15.936980679 4.583391871 
-1.657013199 15.649790119 5.247741245 
-7.110731091 13.479663229 -4.839027943 
-7.209254554 13.476849872 -4.753545378 
-0.951019856 16.097206636 4.234167163 
-1.270376006 15.947488083 4.592971624 
-7.301677299 13.367655082 -4.815083646 
-7.287325004 13.416054200 -4.769420769 
-1.726673821 15.628684692 5.290041837 
-1.736522392 15.672865762 5.236820886 
-7.409107979 13.286133670 -4.801223910 
-7.085498650 13.463334280 -4.889640021 
-1.684457765 15.648637929 5.279333494 
-2.066312336 15.433338992 5.683282188 
-7.349562548 13.340564025 -4.810458401 
-7.671086602 13.211241733 -4.671717349 
-1.635008867 15.865467390 -4.886983759 
-1.610275280 15.810329105 -5.029504211 
-8.910386381 12.902861842 3.703399887 
-8.668713883 13.007220660 3.893624260 
-1.666799337 15.873969097 -4.891294125 
-1.356269692 15.991021082 -4.606123513 
-8.830332555 12.930823729 3.800751112 
-8.618677870 12.990794395 3.987015743 
-1.734011286 15.784496224 -5.050275238 
-1.618443732 15.808702141 -4.995676185 
-8.843223991 12.873973052 3.838385487 
-9.117199252 12.788904329 3.548452791 
-1.814845288 15.736257425 -5.166268878 
-1.668435516 15.808166221 -5.016250322 
-9.070837278 12.739976894 3.676237794 
-8.926822214 12.855643399 3.732840584 
0.516178459 16.389489545 0.816042686 
0.477568405 16.555384987 0.226729492 
-10.030912945 12.156263665 -0.567510752 
-9.731635740 12.441693571 1.200123803 
0.290111814 16.492947882 1.112265668 
0.444009739 16.531314429 0.527613598 
-10.010948800 12.355474482 0.380427627 
-10.066658663 12.057007343 -1.614910199 
-1.965479416 16.167559033 4.126178020 
-0.218371013 17.235532775 0.663235159 
-9.972196620 13.411649998 -0.771672483 
-9.636561985 12.413999089 -2.756930094 
0.376178124 16.707863349 0.900218396 
-1.187434402 15.297066411 4.392220178 
-9.908339328 13.332284196 -0.889944933 
-9.710931947 13.196786625 -1.373011461 
-0.071616288 16.645315206 0.388921504 
0.662125250 16.087626674 -0.422724014 
-10.165061931 12.149161483 0.237031179 
-10.001192823 12.413338661 -0.555484861 
1.012530720 16.096927898 1.014523668 
1.134368983 16.089054692 0.082628397 
-10.320072773 11.633327056 0.569556927 
-10.309146618 11.653661567 0.580824964 
0.922182421 16.191631072 -0.109810706 
1.224074716 16.026241658 0.107751111 
-10.341118432 11.287203320 1.024251736 
-10.421681060 11.252156955 0.784852669 
0.649454874 15.920934933 -1.932489549 
-0.231516189 16.267746792 -2.543953555 
-9.459938604 11.797872360 3.221574741 
-9.295134298 12.250094921 3.383915230 
-0.907697092 15.329618030 5.513834975 
-3.358239356 14.303747655 7.042397943 
-8.996586059 12.582216572 -3.880132461 
-9.106165253 12.535263726 -4.037301305 
0.008463676 16.512754520 2.699118006 
-0.558004625 16.320710680 3.500201616 
-7.035983951 14.225972399 -5.144512687 
-8.274796898 13.663031310 -4.327279571 
-0.958211906 16.389941391 4.628730506 
-2.746333003 14.425133097 6.872114383 
-8.498388597 13.110853979 -4.401909212 
-8.728713590 12.709383284 -4.220211505 
-2.070694417 16.101910279 4.023309874 
-0.973549179 15.413642047 5.393686021 
-9.388335804 11.746815592 -4.048867354 
-6.848224051 13.442448469 -4.917425031 
-1.775897395 16.104169000 -4.976290995 
-1.464001025 15.711355425 -4.869392744 
-8.505473505 13.710234795 3.404202625 
-8.708790402 13.068817938 3.769431008 
-1.977841457 15.267987133 -5.330530058 
-2.676175028 15.375575180 -5.426437366 
-8.111720855 13.662336234 4.561613516 
-6.580773371 14.298713809 5.085337463 
-0.943916091 17.436215084 -0.971526030 
-1.195227846 17.287484037 -2.167529685 
-8.103495254 13.603791253 4.162055487 
-9.545077325 13.779593462 1.490426373 
-2.272949395 16.223686308 -4.786993050 
-1.622137391 16.878122701 -3.513014700 
-8.179593715 13.908027255 3.634788109 
-9.146722688 13.816133822 2.396965239 
1.007016321 16.123909498 -0.329049299 
1.030902104 16.110112302 -0.495967612 
-10.304823070 11.651002918 -0.775686086 
-10.365440157 11.581341841 -0.860740723 
-0.572028737 15.051552006 4.269246316 
-0.834501744 15.118771096 4.582527215 
-10.405291590 11.849376319 0.297774289 
-10.175323540 12.165617706 0.199885345 
0.453625409 15.870481219 2.332445191 
-0.173123197 16.317603073 2.325651952 
-9.611871865 11.673679630 -3.075940367 
-9.082660403 12.315419447 -3.729086943 
0.712268200 16.385479399 0.157725741 
1.264221065 16.012062474 -0.464896903 
-10.298096130 11.319206128 -1.234711061 
-10.410690886 11.254283071 -1.058851896 
0.273101956 16.538225359 -0.865898282 
0.497510313 16.501184877 -0.699763237 
-10.202255439 12.153834016 0.253539520 
-9.726637361 11.888894021 2.351934414 
0.558401312 16.437132223 -0.127833506 
0.514270220 16.542528879 -0.305468654 
-10.015879563 12.121636292 1.026037111 
-10.110774438 12.227000036 0.306427667 
0.537083604 16.735659771 0.021508367 
-0.965567773 15.327834526 -4.264609353 
-9.796353898 13.410819563 1.192245970 
-9.608163613 13.267326062 1.659385792 
-0.697334155 17.172972073 -1.598008347 
-0.270216155 17.194363747 -1.176921219 
-9.910637278 13.448973277 1.112101469 
-9.661568734 13.986182761 1.235291629 
-1.453780586 16.088708223 4.394763457 
-2.608067201 15.318450884 5.458376282 
-7.676767718 13.387754679 -4.829831454 
-6.921927663 13.875516367 -5.097075311 
-1.117967525 16.145350581 4.547464108 
-1.732459551 15.661391542 5.003082534 
-8.887835131 13.516529590 -3.188043539 
-8.398418473 13.157809366 -4.059762811 
-2.203994451 16.337621048 4.567133600 
-1.715261919 16.801629269 3.619261234 
-8.076559968 13.924784589 -3.722152166 
-8.668785271 13.696867155 -3.332291947 
-1.332701026 17.527591193 1.085643108 
-1.227935408 17.286492560 2.183231095 
-9.791434626 13.749766947 -0.075667523 
-9.581023682 13.757814056 -1.371949484 
-0.108235770 16.497212763 -2.849090295 
-0.942716110 16.259168488 -3.761358661 
-7.112430581 14.191394631 5.132664137 
-8.210020864 13.682965342 4.396347617 
-0.927987905 15.339195016 -5.546297383 
-3.604952407 14.208148712 -7.093702285 
-9.121148099 12.514313175 3.786370171 
-9.203771448 12.515025405 3.914747644 
-0.678126041 16.057418843 -3.809437393 
-1.176090623 15.327169989 -5.626549977 
-9.499363165 11.676304244 3.954529002 
-7.135115323 13.333824125 4.837909292 
-0.937937764 16.323106716 -4.816729972 
-2.812977044 14.360027701 -6.932127333 
-8.793562129 12.974549736 4.125978699 
-8.826197046 12.670428109 4.103877592 
1.723000133 15.647734323 -2.025515880 
0.771020781 16.413475825 -0.276557253 
-10.168122113 11.877301273 -0.825270009 
-10.033998224 12.262656216 -0.594201382 
0.894742677 16.393112264 -0.770927106 
0.733382518 16.450220927 -0.519103783 
-9.967478342 12.102542253 -1.696080741 
-9.877937671 12.149680032 -1.864501850 
0.822265504 16.403738631 -0.026740537 
0.764886722 16.441556641 -0.092360889 
-10.094753181 12.094566942 -0.994733655 
-10.047034636 12.136889349 -0.994391108 
0.696888393 16.463657246 -0.453593305 
0.644667028 16.465684274 0.112050523 
-10.051561867 12.156332024 -0.937720493 
-10.070570763 12.188988765 -0.482883800 
0.722249066 16.405807144 -0.959719103 
0.635565320 16.456345161 -0.853692311 
-10.280228196 11.963789817 -0.216157633 
-10.215473018 12.078391178 -0.044358941 
0.727364111 16.493643766 0.155020312 
0.750701257 16.498910253 0.402825520 
-10.199260743 12.103302719 -0.070512673 
-10.232157479 12.057549422 -0.091174222 
0.780991793 16.387103515 -0.918973016 
0.637681250 16.412278667 -1.138333270 
-10.114872859 12.153594244 -0.554188236 
-10.125835978 12.165929914 -0.337251956 
0.712447494 16.386588424 -1.036442923 
0.903736630 16.411811999 -0.402886757 
-10.193318068 12.115411848 -0.079787281 
-10.154021494 12.159106824 -0.104402396 
-1.611922128 15.960744618 4.731966724 
-1.747263698 15.823007280 5.015387552 
-8.539889940 12.974663938 -4.082225700 
-8.589031288 12.956436693 -4.062335751 
-1.641112321 15.891953923 4.852023645 
-1.642611910 15.820082760 4.969180717 
-9.041954382 12.839146926 -3.596121424 
-8.962200475 12.886466440 -3.655406615 
-1.525357294 15.995802945 4.678272510 
-1.524906512 15.919296947 4.776807965 
-8.931091695 12.765561861 -3.840244099 
-8.547365354 12.950670326 -4.094408826 
-1.467512707 15.935470613 4.697223616 
-1.309980770 16.027785921 4.524004484 
-8.406784176 13.089826753 -4.105437208 
-8.537983215 12.976956889 -4.088757252 
-2.340376592 15.355877033 -5.852457732 
-2.221492200 15.367118841 -5.791663490 
-8.040102464 13.058425668 4.491994443 
-8.171465474 12.992991945 4.430909408 
-2.318587071 15.283177064 -5.942494644 
-2.109924445 15.427012212 -5.694604232 
-7.818805896 13.184501025 4.555520816 
-8.130323544 13.053837571 4.397869918 
-2.245001933 15.304248508 -5.875569618 
-2.181774730 15.360868752 -5.800890780 
-8.022777026 13.095429439 4.477910052 
-7.876026663 13.175251830 4.535694867 
-2.320668174 15.290871884 -5.948156439 
-2.195316108 15.332248464 -5.855284977 
-8.153590077 13.055569061 4.396943787 
-7.755315725 13.160506767 4.664885957 
