1.786033619 18.527328701 -0.418778689 
1.937811567 18.466045415 -0.040725662 
-12.408140595 12.523258958 -1.510324912 
-12.367931850 12.658805043 -1.340673333 
1.770283802 18.525626516 -0.098785882 
1.772267207 18.528578614 -0.615318707 
-12.367443930 12.589997937 -1.658249068 
-12.303738828 12.597758865 -1.857641748 
1.733823624 18.541988019 -0.003250214 
1.771624319 18.525828076 0.055295619 
-12.362846325 12.675701550 -1.190577289 
-12.331250680 12.724780916 -1.382993363 
1.774983424 18.514829257 0.056366209 
1.698438887 18.524362559 0.412632220 
-12.455911291 12.644602732 -0.674738624 
-12.398088921 12.734831357 -0.560520644 
1.711684813 18.365202601 -1.296764193 
1.801406182 18.414121918 -0.754892024 
-12.412966542 12.662118438 0.335873844 
-12.439268370 12.626776622 -0.106766282 
1.885656758 18.443775419 0.103880307 
1.952525939 18.411471793 -0.174020238 
-12.496547340 12.525840504 0.567273767 
-12.496788198 12.549816405 0.024940135 
2.077919483 18.374164135 0.977249080 
2.018940704 18.409776340 0.664931899 
-12.417632686 12.658878757 0.357266034 
-12.469016011 12.521352072 0.551661268 
1.985781746 18.412080318 0.881085286 
2.012629104 18.414930504 0.472870981 
-12.396496007 12.694628466 0.320884003 
-12.392266476 12.700587616 0.385795755 
0.097915124 16.088847548 6.682339262 
-0.010113239 15.986634635 6.791560089 
-8.926964348 12.389054884 -6.600640708 
-8.895544171 12.358310621 -6.631529961 
-0.056447910 16.013285514 6.811944013 
-0.113375479 15.974879541 6.914459377 
-9.099118638 12.362782976 -6.454639369 
-9.459261890 12.166560373 -6.235193652 
-0.760187896 16.778464008 6.524946389 
-0.708393994 14.446184972 8.324908483 
-10.064120168 13.334431433 -5.023275266 
-9.253296577 11.863272703 -6.532969853 
0.298956308 16.188582851 6.419926694 
0.197720609 16.101120717 6.580872275 
-7.026532782 14.055057186 -6.824982368 
-8.621686614 12.417900422 -6.734335400 
-1.239933003 15.683333053 -7.600097506 
-1.156687370 15.701406612 -7.524824295 
-9.718523562 12.360154088 5.895865424 
-9.630121294 12.348788305 6.004016807 
-1.196616123 15.681870654 -7.606605652 
-1.287104087 15.591495012 -7.764492634 
-10.173924095 12.034967641 5.651760509 
-9.511147617 12.399417728 6.099453647 
-0.552256855 16.058267226 -7.023614679 
-0.021019162 17.438930938 -5.538830886 
-9.619853181 12.358677549 6.010303406 
-10.982995574 12.627677253 4.372566143 
-1.434916850 15.478990731 -7.880282252 
-1.100430083 15.664361069 -7.569451436 
-9.658561456 12.360332606 5.952714634 
-9.416459343 12.357590548 6.217042093 
1.831876071 18.501013591 -0.936591607 
1.700039378 18.536175032 -1.008212001 
-12.415235395 12.671419381 -0.757645590 
-12.489574015 12.515951148 -0.979636206 
1.788576649 18.506912454 0.104882582 
1.787584710 18.491642250 0.467971287 
-12.423174357 12.601824906 -1.190746554 
-12.454187884 12.592062843 -0.775491733 
1.872284681 18.424637184 0.707380458 
1.779171111 18.471571293 0.658240180 
-12.418821891 12.692148820 -0.689094986 
-12.448213028 12.652952007 -0.646853915 
1.936429498 18.394062638 0.703790833 
1.294819764 18.663269040 -1.878215784 
-12.469244187 12.467620592 -1.004866751 
-10.435787979 14.019168607 4.181888029 
1.659629760 18.473415104 -0.453828748 
1.670250086 18.481017336 -0.434745574 
-12.039617219 12.985426330 -1.614216978 
-12.289757033 12.753762929 -1.106122781 
1.756297726 18.406485072 -0.849871428 
1.827498872 18.447178641 -0.131310365 
-11.990707318 12.997804675 -1.844148498 
-12.060953988 12.983172414 -1.559272951 
2.143664937 18.282351093 1.655799529 
1.885267094 18.442703000 0.067629552 
-10.658882604 13.573744353 -3.876278137 
-11.144562074 13.955580882 -2.675896722 
1.881441097 18.407361238 -0.463379793 
0.765955189 18.821823650 1.377446594 
-11.940798594 13.009427054 -1.971178487 
-12.217508513 12.779899934 -1.283961796 
-1.047491803 15.725862412 7.463174429 
-0.770586312 15.840959147 7.237217117 
-9.737537596 12.010994817 -6.069481370 
-9.471688933 12.148109212 -6.261665530 
-0.221719418 16.137486915 6.726536614 
-0.012502795 16.085250363 6.700750823 
-9.587569033 11.978356881 -6.251607115 
-9.630679481 11.979174964 -6.224044804 
0.192942238 16.466341092 6.106422500 
0.288763393 16.464326574 6.101689202 
-9.423326491 12.108153973 -6.347155785 
-8.957771073 12.303981913 -6.622909380 
-0.241378623 16.026087929 6.941604795 
-0.031096662 16.186146939 6.607532148 
-9.292653854 12.091835161 -6.484816295 
-8.931835254 12.312980677 -6.653332420 
-1.277386667 15.550293493 -7.737549993 
-0.943645279 15.662664517 -7.567999811 
-9.718094599 12.232446986 5.994534838 
-9.554758872 12.303927200 6.122587146 
-0.980358995 15.876363695 -7.289947212 
-1.750553941 15.243028956 -8.136446044 
-9.476156002 12.375473176 6.137136201 
-9.735116598 12.179795621 6.002741956 
-1.494921645 15.437936875 -7.925281345 
-1.861354186 15.222154926 -8.211955682 
-8.996912282 12.431765385 6.538386161 
-9.153660889 12.445848129 6.389784608 
-1.438499648 15.546986173 -7.778933186 
-1.200256615 15.860161027 -7.431511719 
-9.397905757 12.257273276 6.304390282 
-9.131305722 12.469948409 6.392849277 
1.754677436 18.486139400 -1.119595958 
1.436628414 18.532998798 -1.812510388 
-12.109778433 12.999561854 1.174159869 
-12.315230126 12.814266978 -0.040637154 
1.670561953 18.505510315 -1.279077124 
1.768441501 18.502477195 -0.658691766 
-12.387269815 12.702408903 0.130528080 
-12.395733880 12.675092708 -0.327254936 
1.609803592 18.294610151 -3.021010552 
1.801319576 18.348618114 -2.305966499 
-12.400934728 12.622329829 -0.851347864 
-12.410950087 12.658258753 -0.109933555 
2.013314474 18.344825277 -1.789581644 
1.806022657 18.444883922 -1.343535513 
-12.340501434 12.557194958 -1.490967329 
-12.390327525 12.693566983 -0.316277114 
1.284766319 18.542669593 2.512512841 
1.495382154 18.472712619 2.533550224 
-12.430388776 12.729162489 -0.490757701 
-12.200117869 12.989148101 -1.070846071 
1.219569764 18.546133403 2.600646531 
1.558354032 18.526633160 1.993258843 
-12.456089200 12.709609197 -0.067727749 
-12.398091760 12.777346825 -0.598230791 
1.467556994 18.572604071 1.798968026 
1.431596665 18.430002044 2.865884645 
-12.281776069 12.914855769 -0.790410281 
-12.372123179 12.828680177 -0.537482528 
1.778882039 18.537342903 0.831309706 
1.675855375 18.563446507 0.986146556 
-12.487802908 12.646686596 -0.481616418 
-12.372134967 12.828288836 -0.462497970 
-0.316319882 15.771510151 7.125614435 
-0.662410842 15.750694570 7.279514643 
-9.960145734 12.008303918 -5.884646511 
-9.528223597 12.136184891 -6.245718693 
-0.511288017 15.659523528 7.369323721 
-0.073627445 15.418430283 7.191936424 
-9.683436849 12.090998259 -6.125352403 
-8.078568374 11.527148115 -7.314604813 
-0.918417794 15.619234626 7.517180794 
-0.586088982 15.789968515 7.238304487 
-9.625696249 12.043173048 -6.183271330 
-9.176646802 12.201412035 -6.512388690 
-0.255558679 15.997933891 6.890797780 
-0.390863164 15.963111555 6.997126641 
-9.482661256 12.108951642 -6.304339322 
-9.324285334 12.190058248 -6.403321206 
-1.933358243 14.741011900 -8.494595268 
-3.241160869 13.226565074 -9.285144069 
-9.828413078 14.827492705 4.164473085 
-10.661885942 14.525146499 3.186356422 
-1.889886322 14.749418877 -8.476278810 
-1.665938898 14.978833422 -8.212076932 
-7.592539152 12.646159026 7.154391828 
-8.582210510 12.065150543 6.860797901 
-2.535736804 14.561782879 -8.710909727 
-2.492721050 14.667220752 -8.589632459 
-8.733219283 12.241725219 6.685647306 
-8.761781137 12.321263430 6.628660511 
-2.157722467 14.762996438 -8.504639328 
-1.949375312 14.891408545 -8.368774996 
-8.650522008 12.298500241 6.715904039 
-8.475920967 12.298335251 6.864875847 
-1.721368499 17.411474911 -6.413808847 
-0.252187637 17.958450032 -4.925850788 
-12.056039969 13.298078804 2.066987563 
-9.542850238 14.162596240 5.859923078 
1.006834902 18.264715743 -4.153814267 
0.711560078 18.092306109 -4.910213637 
-12.380570901 12.807835052 0.229504701 
-12.415467666 12.687952210 0.469044720 
1.069162845 18.332525281 -4.542937894 
1.449607186 19.145606391 0.087399416 
-11.209646214 14.767569080 -0.834884198 
-11.890828512 13.709473709 -0.465888660 
1.010119317 17.686432417 3.817595912 
-1.194867794 16.656699545 6.434415925 
-11.118333700 13.924614457 -4.293901935 
-11.412541187 13.302241833 -4.231848107 
1.925329381 18.478001871 1.216724353 
1.652650420 18.486447960 1.839824639 
-12.392206841 12.750530110 0.567648646 
-12.470718393 12.592572552 0.590646433 
1.632520109 18.580438550 0.277936308 
1.669113318 18.550549266 -0.287830911 
-12.472708549 12.662009710 0.210388018 
-12.482587225 12.641328234 0.277536885 
0.635889373 19.048164227 1.149750284 
1.147179163 18.881360534 1.444393234 
-9.472974699 14.910007091 -4.476632302 
-12.254005268 13.613341429 0.484892147 
2.037007927 18.326521623 -0.185594618 
1.996979768 18.178807819 -1.440119570 
-12.324703105 12.449264941 1.494339622 
-12.406518207 12.441925766 1.067641200 
2.280701618 17.562619056 4.210238636 
-0.359046376 15.622029776 7.863880783 
-7.571021957 14.228715113 -5.918008516 
-5.792188880 13.338408230 -7.309434928 
0.135109864 15.156069720 7.139248807 
1.118096919 16.937456413 5.302663297 
-11.643858365 10.266833792 -4.091146694 
-10.815778866 11.912349042 -4.749453927 
0.085574855 15.743552962 6.974310482 
0.046469460 15.615215512 7.073004149 
-8.342177482 12.010532739 -7.041900872 
-9.926112701 12.327389284 -5.801470078 
-0.257590093 15.950901367 6.810917920 
0.039068219 16.088394988 6.638622857 
-8.010281267 12.646000237 -7.119292114 
-8.548162008 12.239724619 -6.892007025 
-0.748488877 16.966323020 -5.606477584 
3.442113485 14.938116120 -4.163889776 
-6.517634863 14.661014094 6.698100252 
-9.760051488 10.447276058 5.902508970 
0.730069080 14.988814973 -6.798289848 
0.628232185 14.794063351 -7.046376052 
-8.511363236 10.586747333 6.933235647 
-8.891357459 10.436972058 6.683520776 
1.880889849 17.141911347 -4.069716190 
0.874281313 16.633042978 -6.032287459 
-10.403865651 11.598004650 5.404470866 
-9.167514632 10.899799613 6.441216286 
-1.983775257 15.063377713 -8.549960275 
-0.222460502 15.842885280 -7.071965859 
-10.687502098 11.511018424 5.133945457 
-9.533410104 11.390035282 6.156774326 
2.055354596 18.265258141 0.715335146 
1.892377133 17.983479527 1.743546340 
-12.103323493 12.706757522 -0.699635311 
-12.202513607 12.488429231 -0.503632084 
-0.779219739 17.230365991 -6.972029429 
-0.159415611 18.974676826 -2.548775702 
-10.700635615 13.231300734 4.427711900 
-11.842114498 14.332462664 -0.539284450 
1.800469827 18.058325794 2.071739934 
2.256348960 18.075651241 1.002996915 
-11.846827145 12.692822469 -3.043856699 
-12.204204148 12.470551770 -2.144622971 
1.777225283 17.695027420 2.920491421 
2.139588222 17.818170693 1.968407988 
-11.992856166 12.514693238 -2.649574336 
-12.192478420 12.501363750 -1.799785986 
-1.145822640 19.115165662 -1.812335963 
2.650505812 17.976282691 0.046256398 
-8.907620924 15.579878429 -3.707537763 
-12.356846080 12.694989793 -0.063303547 
2.137091737 17.738511469 -2.196364682 
2.605033495 17.686758358 -0.696460845 
-12.531790637 11.601501559 1.267192536 
-12.438873999 12.149882013 0.143537462 
2.280422701 17.944805757 -1.215697294 
1.923674987 17.827422547 -2.602897661 
-12.275976164 12.501561531 -0.047379660 
-12.406765338 12.258587720 1.302418282 
1.654443481 17.946435434 -2.912369793 
1.732959611 17.953867628 -2.817664468 
-12.478342064 11.852438922 1.138705109 
-12.447871144 11.885229820 1.104262066 
-0.510311561 15.809196364 7.240905633 
-1.574339945 15.108431896 8.283909521 
-8.328427365 12.542929466 -6.964379575 
-7.580027087 12.623998637 -7.386860513 
-0.340230291 15.536595443 7.160870804 
-0.676169321 15.375849505 7.470997471 
-8.454155450 12.102981706 -6.890333194 
-9.059376206 11.945859783 -6.470830563 
-0.622212099 15.455122577 7.495219173 
-1.503017480 15.015837785 8.145096257 
-6.768729576 12.890552750 -7.486457240 
-6.358253288 13.386191289 -7.300195384 
-1.374851994 15.358958990 7.798733118 
-1.520725263 15.276293146 8.004459516 
-7.093160009 12.916580176 -7.361801965 
-7.659553199 12.695869986 -7.197260311 
0.096961310 16.440176893 -6.404813044 
-0.525338506 16.102655152 -7.009662198 
-9.492082911 12.418197257 6.212450710 
-9.087777813 12.555529435 6.427955441 
-0.126745218 15.968591960 -6.898623701 
-0.547289224 15.809218868 -7.135311495 
-8.214971746 12.684479453 6.940102501 
-8.942982624 12.297958415 6.607733392 
-0.654851010 15.995521184 -7.052155710 
-0.478900917 16.103693245 -6.862084143 
-9.108361789 12.310631583 6.545820953 
-9.162654321 12.328332371 6.467269001 
0.019420741 16.357226222 -6.394600844 
0.054275996 16.317855752 -6.431385272 
-9.493818959 12.243882569 6.221031677 
-9.074099145 12.423699519 6.480600338 
1.715355868 18.411694948 1.397982902 
1.989250743 18.095863941 2.365573114 
-12.367279537 12.841251104 0.288607159 
-12.416153204 12.730808692 -0.743851181 
0.371376515 19.367112800 0.179809068 
1.598826847 18.526941189 0.867293338 
-12.223805084 12.993694085 0.965476765 
-12.252262768 12.967797516 0.834579644 
1.073020662 18.321476529 2.948083695 
1.765334666 18.542338541 -0.622047208 
-12.560179982 12.493553590 -0.414778669 
-12.439191642 12.723213614 0.115756200 
1.633446442 18.591749859 -0.555865248 
1.619292362 18.570783699 -1.262282625 
-12.519426240 12.566557880 -0.441403962 
-12.512132317 12.593961056 -0.574307035 
-0.427291892 16.896885414 -6.667051229 
0.794040472 17.247020976 -5.089125052 
-12.276878546 12.623149994 1.270197094 
-12.324491130 12.477560588 1.483061190 
0.354829388 18.471958962 -3.472537818 
1.076135298 17.954385160 -3.613669832 
-12.723513845 12.286262588 0.644882326 
-9.842648677 12.708047414 5.716142400 
2.169152582 17.630027985 -3.010908727 
1.945811376 18.357577819 -0.311165307 
-12.375770862 12.528549400 0.922986052 
-12.336086105 12.656018860 0.444386957 
1.980022274 17.671391186 -3.056314894 
1.711609245 17.561735286 -3.670404817 
-12.387015475 12.426502470 1.238319602 
-12.450207828 12.447103117 0.421125238 
-0.056639528 17.199710216 5.040917431 
0.296634476 17.037223323 4.941857164 
-7.890414768 13.463514181 -6.718195755 
-6.188235759 13.631981291 -7.128812067 
-4.610599567 12.610248722 9.410279158 
-4.197309763 12.686238468 9.518954553 
-4.176006305 14.019093684 -7.223013384 
-4.762030478 13.585835594 -7.401978050 
-3.593598373 12.790926404 9.280800242 
-3.725617242 12.894958726 9.319932105 
-8.134012942 11.548804813 -7.311265597 
-8.308113426 11.679814282 -7.299301028 
-5.984460826 12.856801927 9.337416403 
-6.303341743 12.726943550 9.275732151 
-11.798964565 10.667148329 -3.026019664 
-11.810337259 10.640517270 -3.152554844 
-1.143974363 14.886507595 -7.653115885 
-2.138324128 14.185024069 -8.722450340 
-6.625354859 13.452256076 7.072733968 
-6.599284884 12.354097412 7.666991509 
0.558271679 17.206297401 -4.875731089 
0.285925798 16.376218871 -6.199525657 
-9.769878798 12.194400492 5.951683592 
-9.529102665 12.242925324 6.174142872 
1.112744707 16.913133737 -4.699768914 
-0.132943862 16.173602921 -6.649778395 
-10.502377333 12.285287292 5.156661592 
-11.333668119 12.003661150 3.899886255 
-0.177340857 16.130059217 -6.723168744 
-0.053709015 16.484914509 -6.471159132 
-9.928940967 12.125567428 5.837181401 
-10.181902042 12.095869874 5.567772355 
1.134181111 17.996317083 3.572567737 
1.139532145 17.949254385 3.686039874 
-12.153243694 12.836459190 -0.486716403 
-12.043483349 12.797875596 0.263238098 
1.334029342 17.085472478 4.734088635 
1.509302607 17.444073372 4.063133029 
-11.982241282 12.143063276 -3.039261349 
-12.000336861 12.068068908 -3.138622133 
0.179262503 19.113258561 -1.624183670 
1.686136881 18.333732935 -2.504343795 
-11.301191551 14.969362534 -0.171679785 
-12.243723928 12.573887291 -2.013938569 
1.357422344 18.708653582 -1.650500030 
1.323967158 18.587196168 -2.363007585 
-11.515958894 13.992188177 3.019192105 
-11.812988446 12.160816420 -3.272992047 
1.966584744 17.866731353 -2.423448686 
1.949569709 17.851686242 -2.490507509 
-12.386943484 12.256734745 0.621005364 
-12.340798323 12.315294702 -0.141155518 
1.575316473 17.879774672 3.682843487 
1.538683394 16.867190982 -5.853025812 
-12.204174597 12.322672965 1.230333905 
-12.437014345 10.536017667 1.263396170 
2.073117499 18.158838652 0.452210012 
1.862029545 18.405363154 1.409623311 
-12.287898347 12.400774973 -0.444691467 
-12.479778218 12.530197351 0.296714683 
-0.892412162 19.413940812 0.490207682 
0.809561806 18.689299747 -2.095463137 
-12.340356647 13.092773373 -0.305586217 
-12.436223083 12.562606497 0.648375809 
0.972394780 16.606037419 5.440280324 
1.111664176 16.507735794 5.516626765 
-8.299113663 12.329338655 -7.089572975 
-8.978299247 12.034603786 -6.746931383 
0.687212229 16.535040974 5.730906086 
0.072977489 16.243495915 6.396433327 
-8.692926217 12.340719452 -6.809175631 
-8.656892317 12.414488963 -6.791213618 
0.687944471 16.570513714 5.915453960 
1.091214474 17.110102323 5.436315491 
-9.427386938 12.317394421 -6.325371966 
-11.445799282 12.445946475 -3.529391326 
1.028031991 17.283742008 4.555230839 
1.057173525 17.019781749 5.032425767 
-10.281502241 12.217538436 -5.468451781 
-10.609368078 11.987186941 -5.190563347 
-0.282526225 15.845076374 -6.906947866 
-1.123600844 15.326181945 -7.774978758 
-8.803484012 12.041883606 6.776045167 
-8.754154543 12.163240442 6.727099060 
-0.017198981 16.015199458 -6.513327678 
-0.926497104 15.547913271 -7.413901172 
-9.648506835 11.826129302 6.132868841 
-9.721458078 11.644443024 6.190779159 
-3.484042659 15.094416752 -8.744138078 
-2.969014276 14.183845402 -8.807363326 
-4.787038216 14.235122426 7.345089608 
-7.644279370 13.392425581 6.772958966 
0.694652194 16.120100678 -5.777835489 
-4.741118101 15.315085108 -8.270537410 
-7.873189799 12.791932466 6.773473992 
-4.018300841 15.881332972 6.365797762 
1.302944649 18.858874340 1.099323784 
2.083168124 18.119319900 1.283139425 
-12.478607581 12.369722222 0.485581854 
-12.595507837 12.172072371 0.294547160 
-0.997574294 19.589376138 -1.450645179 
-1.445480262 19.574925975 -2.038618133 
-7.502802636 16.978535312 3.875650634 
-6.799967084 16.277253262 5.590611323 
2.210369595 18.333830091 0.403372336 
2.184736074 18.312359605 0.739502114 
-12.620641595 11.908644163 -0.942234203 
-11.991303003 12.819274510 -1.596762263 
1.985904087 18.203422200 1.610288157 
2.056346208 18.252434028 1.048709426 
-12.503512983 12.220641201 -1.654338703 
-12.376891357 12.377917849 -1.886999735 
-0.113463207 18.565948046 4.701871329 
0.550853056 18.882262976 1.714610280 
-10.009862838 15.212503179 -3.469445209 
-12.020131011 13.403209291 -1.310946476 
2.009476921 18.480197789 0.011786509 
1.928162658 18.294361414 -0.992389408 
-12.168626743 12.913065579 0.197227259 
-12.169018176 12.775703589 -0.542515963 
2.134991434 18.099786487 -1.150321399 
1.816339939 18.102229196 -1.887117237 
-12.019954303 12.862219239 -0.995698551 
-12.194508544 12.669216237 -0.486065866 
2.463036793 18.165445350 -0.841867586 
1.778105678 18.254698768 -1.777956822 
-12.101370888 12.973117847 -0.967954967 
-12.296429817 12.837448099 0.398013914 
-0.108746529 15.991630615 6.682690195 
-0.273724842 15.686132655 7.108916667 
-8.320162285 12.482507318 -6.876345740 
-8.787798898 12.278296188 -6.751062520 
0.689150358 16.293618082 6.008637182 
0.178726067 16.075101107 6.551052207 
-9.290773657 12.155502196 -6.354446313 
-9.442521835 12.075092811 -6.233340629 
-0.331411186 15.870287111 6.947727817 
-0.577813125 15.596066547 7.349577817 
-9.062522846 11.974822478 -6.600128345 
-9.730360491 11.796275321 -6.075667479 
0.096499058 15.861583589 6.728493700 
-0.027507890 15.659568024 7.017789378 
-8.893720602 12.022540927 -6.689782169 
-9.143549716 12.040411651 -6.452105611 
-0.357401243 15.260071568 -7.400338959 
-0.566693358 15.417928237 -7.370740798 
-7.495882953 12.165730584 7.410044647 
-8.726784351 11.826367945 6.838987320 
-1.350493125 15.036846190 -8.078570352 
-1.392078601 15.083903930 -8.077408854 
-7.188021835 12.607726463 7.414815554 
-7.759593485 12.421200528 7.233286959 
-1.154172014 15.327826491 -7.730299826 
-1.417063524 15.107613058 -8.027280056 
-8.404161975 12.110996412 7.007937147 
-8.608706971 12.123513834 6.840140521 
-1.296394298 14.861763141 -8.151076377 
-1.313041445 14.985349347 -8.025922247 
-8.374926225 12.024737187 7.046671774 
-8.145955828 12.108751238 7.134849205 
1.736595309 18.389193726 1.159956879 
1.907646171 18.434543097 0.269134130 
-12.178911943 12.905777589 1.357790786 
-12.217305404 12.955227771 0.879957034 
1.633769023 18.497382804 -1.615848948 
1.555560692 18.428368567 -2.386319429 
-12.115806691 12.972525843 1.308734927 
-12.355909725 12.754263704 0.416738354 
0.188596871 19.103186701 2.212709344 
-0.877953584 18.798284282 3.812620091 
-12.153069843 13.443552310 0.484317096 
-11.482807637 14.859604047 -1.091121459 
1.395504937 18.886377594 -0.953757199 
0.955342262 19.057106539 -0.983143124 
-11.594719579 14.652105476 1.491886886 
-11.239126474 14.942171096 1.787693657 
1.078874028 17.630149613 5.134370754 
0.956861241 18.656041335 1.644734749 
-13.068422975 11.225571609 0.988363329 
-11.364192049 14.304001098 1.779895843 
0.975182271 17.889653858 4.790547930 
0.853227243 17.931953603 4.767497995 
-12.446776347 12.157377337 -1.015083865 
-12.323428000 12.316083495 -1.650618172 
0.763928599 18.868150795 -0.402280584 
2.357136126 17.852735996 3.192962102 
-12.567032145 12.312193053 -0.433544253 
-12.471613725 12.147543677 -1.465278765 
2.722837755 18.269149613 0.064459481 
1.877737399 18.796168997 -0.472266537 
-11.426940364 15.284480541 0.800117515 
-11.946639368 14.008903696 2.615269641 
1.147622405 16.611480102 5.690176575 
0.867588615 16.395034383 6.298344966 
-9.266870956 13.064836887 -5.846359623 
-9.052613557 13.030414966 -6.058022820 
1.049638765 16.845007851 4.194939699 
-1.875767126 15.290781730 8.278048611 
-4.329105229 14.168281079 -7.110561456 
-7.702506403 13.383935998 -6.532660890 
-0.216828793 15.896534977 6.864931023 
-1.185127878 15.411718538 7.214873298 
-7.951697381 11.497326507 -7.219140522 
-8.138212363 10.254339243 -7.308849787 
0.561999362 16.048784992 6.821261117 
0.896483190 16.179514086 6.495437762 
-10.508478911 12.422713263 -5.289374762 
-10.505152066 12.513767794 -5.289081963 
-0.538287745 15.975032068 -7.162265788 
-0.526153875 15.998874807 -7.139435885 
-9.453755079 12.412214717 6.150550008 
-8.866048086 12.442871118 6.660468472 
-0.538348304 16.052295887 -7.047554443 
-0.606214469 15.365021940 -7.792593029 
-9.444978162 12.252811418 6.284477614 
-10.165302120 11.986539868 5.706501765 
-2.398392737 15.174398134 -7.844547360 
-2.733720569 14.588986521 -8.160010946 
-7.455769476 12.557101055 7.288500110 
-7.044395323 12.603885680 7.395341356 
-0.146352923 17.770683948 -5.237071883 
-1.594822905 14.948560547 -7.897808781 
-9.897545591 13.081532052 5.295519535 
-10.542150581 12.880805326 4.989993766 
2.017094400 18.413043671 -0.842129865 
2.504199972 18.257990280 -0.892891415 
-12.495132151 12.639522794 -0.001815876 
-12.428381886 12.740536589 -0.223067650 
0.510486358 19.334832575 -0.674654053 
1.827003108 18.501346123 -1.066606567 
-12.386740570 12.797641237 0.282076478 
-12.413129958 12.768197332 -0.027539041 
1.725101251 18.503805728 -1.652040157 
1.816592931 18.527348458 -0.435362600 
-12.556946011 12.506698785 -0.197828298 
-12.412300800 12.742174270 0.354895655 
1.679886773 18.569661954 -0.359156108 
2.089473787 18.407935253 -1.168244353 
-12.448398695 12.645025783 -0.724818349 
-12.495360596 12.552691493 -0.853049221 
2.229551153 17.827437434 -2.060901073 
1.673813777 18.478556287 0.094106376 
-12.341491713 12.558260061 1.134046310 
-12.308323976 12.690222009 0.701040046 
1.973495093 18.298618147 -0.973094636 
1.930756174 18.318458844 -0.773667031 
-12.233879157 12.599540224 1.638656558 
-10.560137288 12.796667405 4.763737348 
1.991794134 18.342789336 -0.375206440 
1.982359359 18.221492732 -1.502674830 
-12.350505710 12.590309379 0.793100533 
-12.378600678 12.548269682 0.673853834 
1.986106738 18.323394393 -0.717271961 
1.873066922 18.367063940 -0.614971257 
-12.380802768 12.388790109 1.460993094 
-12.428106550 12.367515946 1.211764466 
1.947143556 17.304936779 2.740710525 
-1.023521210 14.509119879 8.427121642 
-4.544404579 15.963579728 -6.840283665 
-7.505349768 12.693207464 -7.082630073 
0.592430877 17.424999179 5.129266842 
-0.595912265 18.159319716 5.483858344 
-5.217579182 14.050996584 -7.255208540 
-6.456170160 12.803892829 -7.644811165 
-2.819751972 13.370979282 9.046442544 
-2.403393018 13.611853016 8.850626382 
-7.634193841 12.023420869 -7.524992475 
-7.931071152 11.885427355 -7.343208883 
-0.726392022 15.192800163 7.772819288 
-2.325874604 14.542743767 8.630147821 
-10.505385124 11.213297465 -5.356818519 
-10.397714769 11.252231471 -5.452785145 
0.071975820 16.178911567 -6.569575121 
0.135963664 16.207644642 -6.546710337 
-9.814763168 11.934312303 5.767316752 
-11.226795507 10.668669281 3.908846289 
0.289523458 16.204629561 -6.411171487 
0.442790634 16.508315128 -5.974209822 
-10.313945667 12.039789533 5.471690629 
-10.112400057 12.021338540 5.706393521 
-0.123795074 15.968700320 -6.929893360 
-0.051771004 16.039351655 -6.804352778 
-11.519791765 11.653150567 3.883259860 
-10.800864045 11.750341120 5.010295612 
-0.257879863 16.077181092 -6.852192006 
-0.178117618 16.107766550 -6.765086405 
-10.706307867 11.876119110 5.068982216 
-10.503905651 12.030015245 5.222235441 
1.811197544 18.569105470 0.144468464 
2.519973650 18.117347746 -1.124631829 
-12.165971009 12.992830125 -1.408907919 
-11.898630192 12.970249371 0.274213550 
2.489937145 17.823022152 1.524542562 
2.419845541 17.785361986 1.818087054 
-12.395340623 11.931084545 -1.962493989 
-12.457312039 11.891337662 -1.684801692 
2.568066395 17.875125227 0.499553969 
3.045394079 17.529572524 0.616404690 
-12.532196368 11.871543691 -0.696916267 
-12.235827048 12.037934550 -2.542056456 
0.536244508 18.464014385 -3.355066435 
1.064698819 18.697377583 -0.837903866 
-9.898764034 14.882153554 3.928642848 
-12.306896462 11.074020004 1.013876639 
1.897409663 17.911249205 -2.273407797 
1.828074552 17.991641123 -2.048516222 
-11.683473348 12.853031832 -1.979152532 
-12.293288464 12.314334091 1.286315866 
1.547649451 17.840159259 -3.274235443 
1.542643661 17.870524184 -3.207631618 
-12.340398323 12.200497916 0.310736808 
-12.333231912 12.368176184 1.149972869 
1.596645429 18.774612611 -1.021908744 
1.249749759 19.147326936 0.128199094 
-11.846132164 13.678411746 -1.509841602 
-11.984932487 14.406311368 0.398412472 
1.199064026 18.943796355 0.351731997 
1.158691549 18.802919163 2.122060214 
-11.320584498 14.028731812 -2.905594378 
-12.068521718 13.505821596 -1.409580261 
-0.899614211 15.880710051 7.202129952 
-0.752067598 16.014699763 6.968231620 
-7.220105179 13.042964712 -7.216481242 
-7.311888762 12.823242481 -7.345087027 
-0.183771596 16.202179993 6.601230050 
-0.771502898 15.905656534 7.131212608 
-8.516003674 12.369506629 -6.928895285 
-7.697305645 12.772610589 -7.211892094 
-0.843459571 15.866192319 7.170900467 
-1.308901297 15.492410270 7.584727696 
-8.016462899 12.748336113 -7.041192151 
-8.119094002 12.532850104 -7.061784650 
0.669716245 17.038421267 5.277079522 
-0.039136867 18.278786027 4.352053616 
-8.985740056 12.786154989 -6.344880855 
-10.722366014 14.170091944 -4.002116912 
-0.393049941 15.782624329 -7.039002519 
-1.092646156 15.317882369 -7.735471112 
-9.651708391 11.742669730 6.192443527 
-9.012843456 11.981094679 6.618101113 
-1.364810723 15.148870534 -7.967477757 
-1.145451902 15.165828674 -7.911278224 
-9.752072116 11.680366921 6.147302433 
-9.552247738 11.744817342 6.292821152 
-0.821875543 15.056114260 -7.760393206 
-0.663091381 15.216562517 -7.424611879 
-8.076185283 12.046183500 7.075004515 
-8.177548742 11.915955074 7.038586840 
-1.028375027 15.440426994 -7.641858836 
-1.045184020 16.626050600 -6.393658093 
-8.167180773 12.359325152 7.047138015 
-9.298249440 13.664800492 5.757049095 
1.156145420 18.135189018 -4.047608666 
1.758294214 18.238033874 -2.668265147 
-12.377421141 12.266340769 -0.273101058 
-12.312373392 12.496820152 0.022081390 
0.195315887 19.366401291 -0.525293889 
-1.359377726 19.579600452 -2.134103349 
-11.733847724 14.174888882 -0.278484351 
-6.583623190 16.406666188 5.446493425 
1.968534359 18.102070670 -2.948525975 
2.111386952 18.170039484 -2.175909344 
-12.333559240 12.214780032 -1.185916940 
-12.352640108 12.428481053 -0.233100443 
1.324616336 18.048362778 -4.136934382 
1.458139594 18.119451172 -3.717724612 
-12.426443152 12.171958519 0.161087218 
-12.404991326 12.235756000 0.500777118 
1.802485738 18.518812461 0.246566982 
1.863053283 18.501831542 0.597961458 
-12.029369863 13.109367022 -1.659463300 
-11.802101450 13.298915573 -1.970696139 
1.792141190 18.531864728 0.015330301 
1.668313217 18.571057618 0.984244957 
-12.101120549 13.093004442 -1.336628414 
-12.188235260 12.964413598 -1.226711716 
1.554773777 18.595476189 1.042774067 
1.630505299 18.574609107 0.996519259 
-12.420824523 12.726877349 -0.676036595 
-12.550483173 12.438902238 -1.155552756 
1.746841239 18.534659973 0.106362630 
1.651450076 18.504259459 1.965557034 
-12.247799368 12.897765576 -1.029157099 
-12.167852987 13.052245182 -1.145100902 
-1.936168412 15.242799982 8.175245196 
-0.746426886 15.971959103 7.105038748 
-9.822057247 11.826035126 -6.118794787 
-9.166403070 12.134459043 -6.561783600 
-1.549061046 15.508707005 7.805217579 
-1.168229885 15.687031389 7.491113920 
-9.805623154 11.972634727 -5.988860318 
-9.327008490 12.181661446 -6.364127555 
0.830237137 17.875450247 4.481238097 
-1.723909114 14.982924389 8.225523058 
-9.505819965 12.160511578 -6.246675053 
-11.341674130 12.009790780 -3.930600667 
-1.985620991 15.321543287 8.054689578 
-1.895270184 15.295159857 8.003367349 
-9.209513780 12.293024815 -6.429714271 
-8.961025519 12.284086707 -6.624645545 
-3.160297833 14.171420680 -9.037649431 
-3.275638018 14.212672125 -9.020432648 
-9.084419731 11.996253523 6.630310587 
-9.083587165 12.065790173 6.588572797 
-1.922113203 14.836864860 -8.532785799 
-1.875581754 14.802371371 -8.571462688 
-9.066941106 11.894255632 6.622851466 
-9.667952417 12.366049321 6.048310521 
-0.498729176 16.196325849 -7.137617007 
-0.400212499 16.302516596 -6.766726679 
-10.063522026 10.880181499 5.643196913 
-10.247177954 11.023094466 6.093479754 
-2.136140572 14.516369731 -8.761144011 
-1.801940803 14.753213310 -8.501720918 
-9.408354322 11.840260363 6.404659773 
-9.077783324 12.022066198 6.585131297 
1.846635843 18.537221725 -0.086039249 
1.752954654 18.340137265 0.991617980 
-12.091287177 12.955851260 0.431453824 
-11.924239947 13.046110977 1.531577809 
0.318335530 17.162555135 -6.829789925 
0.653099191 18.943440161 -1.206228379 
-11.372365302 12.247560985 4.055370685 
-11.881401198 13.423914240 1.739307068 
2.161125995 18.256626029 0.774927684 
2.047498570 18.301626087 0.731150454 
-12.347786450 12.753031561 -0.570770655 
-12.357868708 12.689091096 -1.114202814 
2.249732899 18.079378730 0.922797187 
2.201452389 18.112620192 0.905690685 
-12.315612593 12.632135370 -0.335770885 
-12.239568329 12.592201285 -1.577449108 
-1.215950860 19.592229062 1.876748386 
-1.516497134 19.533942460 2.475082493 
-8.443815906 16.792368445 -3.236826856 
-6.811660091 16.366492378 -5.417501950 
1.288992929 18.906466121 -0.683773519 
1.372817162 18.739246685 -0.273424371 
-12.317309009 13.267809461 1.539209476 
-11.567360654 14.140371636 -1.611079963 
2.139543541 18.196460495 -1.232887759 
2.034294496 18.161911244 -1.706286756 
-12.339432736 12.561105475 -0.056955964 
-12.475929050 12.321910271 1.248141181 
1.734029899 18.203358141 -2.480833699 
1.911864095 18.256700670 -1.882946353 
-12.278975893 12.556648708 1.659364171 
-12.261275765 12.460702975 1.972399216 
-1.380754731 15.064379986 8.023377136 
-0.951061306 15.269210015 7.721085126 
-7.548029644 12.504807077 -7.299601628 
-6.833072030 12.750128528 -7.505932058 
-1.274310419 14.948926423 8.000486613 
-0.549374889 15.238376294 7.530583118 
-6.933786496 12.435641446 -7.523669808 
-9.293197045 11.694563616 -6.422393511 
-0.705598407 15.464682282 7.375722042 
-1.225512590 15.060106353 7.927489598 
-6.535813296 12.666453653 -7.642828436 
-7.193044226 12.491716214 -7.447939756 
-0.888784465 15.406482852 7.573087837 
-1.741120568 15.238418070 7.917029036 
-7.795003159 12.444534173 -7.194325809 
-7.177392598 12.758730535 -7.326151297 
0.495285863 16.181177605 -6.341548312 
1.328100963 16.441452652 -5.414501227 
-9.326711883 12.067261249 6.356423703 
-8.928139212 12.095472244 6.666985599 
0.075901300 16.014923707 -6.597488714 
-0.315676599 15.700128127 -7.125177604 
-8.819045005 12.228681156 6.639115040 
-9.077311345 12.042497790 6.612261730 
0.534884008 16.080229498 -6.229331398 
-1.328059481 15.245634443 -7.825111603 
-8.770488788 12.196319848 6.680295665 
-9.416008570 11.779009628 6.380704283 
-0.556503696 15.595993832 -7.298374189 
-0.378456043 15.728802702 -7.103136181 
-9.221174005 11.994078380 6.449654894 
-8.957098073 12.157667913 6.579183778 
1.789446486 18.526897249 -0.484742381 
2.706487351 17.759688916 -0.950214553 
-12.397382281 12.766123714 -0.027300624 
-12.460717619 11.781533054 -0.638721727 
1.468952312 18.690766277 0.158941792 
1.591919146 18.628943130 0.812862565 
-12.309589456 13.044519276 0.213248054 
-12.235885377 13.123916652 0.940079053 
1.677052640 18.570156105 -1.420595788 
1.555231394 18.642415401 -0.552171559 
-12.248542316 13.008985422 0.965358572 
-12.352684973 12.908781442 0.581952955 
1.900770680 18.486359660 -1.050371682 
1.714791027 18.431896929 -2.241674226 
-12.418028501 12.707874278 -0.843512375 
-12.429482401 12.675962466 -0.893518274 
1.836313198 18.391299530 -0.126767957 
1.873939318 18.331876373 -0.640553043 
-12.304661816 12.580630780 1.013591049 
-12.455269173 12.329392628 0.870177317 
1.823470225 18.428155363 -0.321655971 
-1.395264516 16.684222975 -7.780454862 
-9.817816312 13.980384621 5.501478902 
-10.949836297 15.238991225 2.231172124 
1.639007413 18.490292900 -0.263300332 
1.815781496 18.381404466 -0.956315258 
-12.310962054 12.444742029 1.884581024 
-12.418367695 12.426530599 1.349935573 
1.890527332 18.394649973 -0.102711877 
1.760081958 18.225902766 -1.854398262 
-12.433733037 12.260812058 1.686873674 
-12.464664761 12.389827843 0.967173201 
1.589758580 18.419897070 -1.257182651 
-0.669972202 18.662001760 3.206392108 
-12.526216337 12.343707467 -0.692094211 
-11.732599657 10.675376248 -4.264761043 
0.539087244 15.291653613 6.789068464 
0.644163499 15.358360802 6.628454737 
-9.718408853 12.258119049 -5.939863919 
-9.641006236 12.224897801 -6.035090782 
1.240656176 15.760806476 5.562768691 
1.024510760 15.673181990 5.846141350 
-2.163839628 13.656525973 -7.090812320 
-4.851089862 13.670207761 -7.235604115 
0.998114345 16.872154429 5.508644040 
-1.477263038 15.897328537 7.360400395 
-9.291638731 12.001438613 -6.317691761 
-7.645572208 13.805627092 -7.121678855 
0.967937802 18.440071340 -1.960670556 
2.719475812 17.390352433 0.458344912 
-10.568126182 13.721859264 3.726790462 
-8.007217796 12.724039049 6.933292397 
-2.817367671 17.925274416 -5.966555604 
-1.581116083 16.055081245 -7.129172015 
-9.902120895 13.323352232 5.591322207 
-8.168608299 12.879989354 7.113488010 
-1.753280019 15.159380336 -7.843125820 
-1.318520127 15.332098381 -7.594253702 
-8.610748466 12.436692521 6.939333515 
-8.813070802 12.384300899 6.806702810 
-1.441773432 15.216711640 -7.898616222 
-1.517727288 14.596337623 -8.303492725 
-11.634423708 10.167393770 4.523597555 
-10.424032050 10.295296525 6.057337103 
1.585012703 18.553827593 0.391588684 
1.666376049 18.472571786 -1.600283086 
-12.581332304 12.064681667 -0.777343280 
-12.380888996 12.616425716 -1.095909026 
1.432967352 18.567825913 0.739434801 
1.578350743 18.534042624 0.509625389 
-12.413650525 12.633965637 -0.629262449 
-11.729786069 13.107219897 1.682442451 
-1.017806608 18.400039247 -4.925748873 
2.551774768 18.001687963 -1.077201093 
-12.040510548 13.355526681 0.834803998 
-12.552587572 12.206787686 -0.615432038 
1.595457752 18.997704665 0.001369596 
1.135609543 19.135719783 -0.474127022 
-10.213001298 15.860690159 1.378928401 
-11.748344748 13.422273184 -2.888135246 
1.578899823 18.199256788 -2.592707402 
1.527108837 18.207230996 -2.657560784 
-12.420363511 12.749701603 -0.039547455 
-12.385789316 12.771017125 -0.426471346 
1.619793844 18.175816621 -2.639697626 
3.268593207 17.279711658 -0.480210748 
-11.232653644 13.391736289 -2.847486548 
-9.869573837 15.636707486 -2.796940522 
0.756447649 18.369402959 3.575399963 
0.661270135 18.890523122 2.271521170 
-10.535857191 13.997350882 -4.595098796 
-11.656905451 13.705160373 -3.001209246 
1.713550942 18.411931123 -1.399144757 
1.583314177 18.396516408 -1.762186596 
-12.356425042 12.842304615 0.361180460 
-12.401259679 12.779793430 0.232889539 
0.596133034 16.633428018 5.752517311 
0.508989004 16.566708451 5.887996438 
-8.354950825 12.620002804 -6.926356725 
-8.640321042 12.540593075 -6.763198224 
0.709084423 16.751639924 5.515436775 
0.811877040 16.681246183 5.554991059 
-9.324091082 12.196380241 -6.409843331 
-9.608512997 12.107183469 -6.195918135 
0.494847599 16.701035903 5.770344938 
0.730011427 17.009126730 5.323651091 
-9.686944033 12.320649067 -5.905888332 
-9.916040646 12.270582194 -5.869555870 
0.239701325 16.501938729 6.115407158 
-0.227159335 16.487432376 6.592763858 
-9.703041561 11.966530704 -6.196579489 
-10.062115894 11.909719153 -5.838313594 
-0.831324575 15.698197991 -7.483932940 
-1.419288146 15.337244915 -8.001850033 
-10.190895441 11.855087784 5.754982489 
-10.496515237 11.831951542 5.376941556 
-0.567777760 15.959822702 -7.032867964 
0.243396654 15.738510371 -6.663392811 
-10.047246701 11.915872756 5.877867671 
-10.283427842 11.895440845 5.583008512 
0.742567588 17.450540214 -4.827769523 
0.133846541 16.442399151 -6.403968914 
-10.934904936 12.382890658 4.610878851 
-10.774368297 11.917185998 4.904678525 
-0.232676726 16.062656660 -6.796377421 
-0.765025410 15.619685737 -7.543886854 
-10.099247777 11.985086678 5.759643881 
-10.102726856 11.876704682 5.841321254 
2.237799021 17.773316672 1.830246234 
2.219552100 17.992214227 0.838429832 
-12.232486894 12.192674880 1.176023061 
-12.146314538 12.125487659 1.559752749 
0.756400242 18.651157119 -1.031987790 
1.360647726 18.399130405 0.066800483 
-7.937618318 15.741428171 4.556548927 
-10.100969787 14.733052370 3.413347835 
2.240470283 18.117012112 0.899944212 
2.005236490 18.073701220 1.803857890 
-12.426652109 11.904799867 -1.250084625 
-12.416522282 11.904003891 -1.291892291 
2.236920186 17.998575378 0.891721924 
2.724819676 17.894091088 -0.723264464 
-12.291296900 12.403753534 -1.419102414 
-12.425630739 12.220942659 -1.264920339 
-0.810151837 17.250964663 6.677970161 
0.177281875 19.131339446 1.311555472 
-9.081202168 14.320887718 -5.401656424 
-10.016131605 15.622791499 -2.898248665 
2.029209241 18.177909364 -1.404286176 
2.043064578 17.915460256 -1.886789233 
-12.156503668 12.629688748 0.781563816 
-12.202480845 12.440000513 1.126489641 
1.938525054 17.800096664 -2.457783499 
1.294022332 17.563827396 -3.830450211 
-12.077852137 12.576460608 2.025657779 
-12.258795510 12.490027448 0.960074224 
1.622072754 17.923766211 -2.927556559 
1.784561013 18.012896724 -2.379293915 
-12.197027618 12.696288331 0.172384581 
-12.108910682 12.537734293 2.367216199 
-0.262733296 15.954161692 6.915371388 
-0.531605568 15.652196929 7.295807194 
-7.515632393 12.971407928 -7.179131162 
-9.560538101 11.864720249 -6.065384680 
0.123850083 16.382000188 6.437429494 
-0.436474022 16.028262933 7.005094166 
-8.130808554 13.016512666 -6.903511203 
-8.950058947 12.597309775 -6.536068711 
0.314916948 16.430150336 6.176455439 
-0.686435506 15.995223287 7.088574878 
-8.885193085 12.359304585 -6.685557428 
-9.307619627 12.179805970 -6.441601206 
-0.199500994 16.076192925 6.832424994 
-0.495555147 16.006748645 6.996566412 
-8.672014071 12.463605906 -6.795640346 
-9.064994429 12.280960641 -6.591524767 
-0.143730310 15.507581767 -7.139443407 
0.322809773 15.881932986 -6.477815243 
-7.362366475 12.583768148 7.280800389 
-8.561751210 12.058695387 6.819043602 
-0.505318726 15.693308024 -7.365646352 
-1.136221618 15.246438365 -8.022372916 
-8.530642068 12.442085085 6.877141281 
-8.738477330 12.318644645 6.775114118 
-1.308763066 15.462608717 -7.697456776 
-1.940109219 15.055478923 -8.250075864 
-9.090645005 12.117674890 6.541101286 
-9.267170644 12.022741812 6.436661964 
-1.260708728 15.202514539 -7.905911810 
-1.239115001 15.232789991 -7.869259917 
-9.130045855 11.925185600 6.585495393 
-8.846771593 12.160622799 6.663093404 
1.722122674 18.529767001 0.366942826 
1.687567958 18.547934372 0.372785385 
-12.418895775 12.746056862 -0.112483997 
-12.459973462 12.645839110 0.107120912 
2.020916271 18.296540652 -0.128648421 
1.729948121 18.501080645 -1.505137675 
-12.438462281 12.367756935 -0.434568222 
-12.496135705 12.569743766 -0.226015893 
1.628270176 18.027852086 2.635655011 
1.827497231 18.018458668 2.399655008 
-12.419912147 12.516069352 0.590077220 
-12.465865116 12.469973508 0.188225972 
1.724899869 18.401890743 1.192262994 
1.746687756 18.431698894 0.863288562 
-12.399791250 12.685740992 0.209187722 
-12.431511750 12.632588949 0.146788692 
1.014679155 18.289069972 4.048518273 
0.862191121 18.165970122 4.567267946 
-12.285959918 12.902775082 0.510447127 
-12.503562630 12.450885309 0.331811718 
-0.904492122 17.701260037 5.752543299 
-2.810175438 16.766193196 7.221986386 
-12.039673308 12.071087106 3.002545641 
-12.044260534 12.405608896 -3.107667418 
-2.001497037 16.662952104 -6.687601651 
-1.032821386 16.700281049 -6.325192188 
-11.115043648 13.903748836 4.367956947 
-11.487775038 13.226581481 4.232950571 
-0.223724137 18.517291417 4.928758261 
1.327333380 19.127088069 -0.861202372 
-10.213683811 15.166584170 3.164867150 
-11.869579810 13.743991989 0.291957161 
1.012408698 15.071010019 6.501111626 
1.036679099 15.018019347 6.567181350 
-8.145781615 10.739539367 -7.163515032 
-8.440261369 10.628351160 -6.990056663 
-0.656751099 17.025224887 5.471467201 
3.470076839 14.974536558 4.041192337 
-3.463571716 12.749864956 -7.839467023 
-8.433270534 10.829063185 -6.893179379 
-0.159516287 16.281679849 6.865194333 
-0.742766694 15.051375607 7.560494976 
-8.700064230 9.514387123 -6.909430309 
-8.573820883 12.366983379 -6.884302836 
1.932996245 17.143584989 4.044876037 
1.768651640 17.202925675 3.980788654 
-8.297682624 11.320088216 -7.057163353 
-8.278737639 10.655926310 -7.078741351 
0.166818403 16.461434416 -6.261657204 
0.036563575 16.386821024 -6.412354594 
-10.297197053 12.125941792 5.471200982 
-10.472100610 12.036925506 5.320105924 
2.765619813 17.602566937 -3.304006611 
-1.526769438 15.125049165 -8.683096068 
-7.631820869 14.213396496 5.861938660 
-4.598309723 13.660554348 7.412212609 
0.503585528 16.348271634 -6.021713134 
-0.611591045 15.690412482 -7.329115840 
-8.864605769 12.245686750 6.760741594 
-9.167315973 12.203506298 6.549638285 
0.227508375 15.765050520 -6.886174573 
-0.919473231 15.122312987 -7.949599476 
-7.644710498 12.195283958 7.395452301 
-8.326798875 12.114765509 7.054023195 
1.488711199 18.532336083 -2.170156692 
1.632263573 18.413067816 -2.615730157 
-12.423807728 12.750275144 0.249047347 
-12.437820854 12.725273468 0.404255787 
1.556036023 18.480909518 -2.396034323 
1.600528107 18.497337084 -2.166088752 
-12.353127893 12.826812617 0.708925137 
-12.176209213 12.997009426 1.219874958 
1.620690139 18.462078197 -2.291619746 
1.805726941 18.452705886 -1.917531555 
-12.455778490 12.692497855 0.120868393 
-12.401010541 12.773959543 0.527305928 
1.484644444 18.426642742 -2.835347675 
1.555464251 18.410860101 -2.765983980 
-12.415520799 12.718483042 0.642218644 
-12.374970118 12.807472624 0.582171019 
1.720216592 18.483747296 1.229499624 
1.619341331 18.505286643 1.468406267 
-12.407075230 12.687551836 0.129969562 
-12.429678843 12.616445212 0.428783069 
1.508394468 18.473546183 2.112383862 
1.545939955 18.476630558 1.992282175 
-12.304151530 12.844234022 -0.146676484 
-12.329660141 12.806332295 0.055015952 
2.004052369 18.410947630 0.532195708 
1.969583789 18.411322964 -0.077735316 
-12.383460961 12.589555291 1.127629754 
-12.389965227 12.670372485 0.523572191 
1.925335006 18.416051683 1.280602798 
1.777209332 18.478037607 1.011975643 
-12.356959352 12.735664658 -0.364419149 
-12.341287138 12.733626968 -0.656344947 
-1.505758467 14.960715410 8.188095147 
-1.596462685 14.867763788 8.299193221 
-7.193480573 12.769192479 -7.294981281 
-8.063054311 12.480045419 -7.000364736 
-1.245426557 14.979104478 8.066968057 
-2.978041044 13.418053978 9.201344530 
-9.663642985 14.904169329 -4.281874357 
-10.490754525 14.283151788 -3.756461060 
-0.716308260 15.560729214 7.431060303 
-0.464347082 15.780035976 7.100827876 
-7.607869630 12.714382874 -7.162420871 
-6.969335249 12.946980170 -7.335508400 
-1.089500644 15.290521629 7.804939429 
-1.375138463 15.203619125 7.942128528 
-7.644348774 12.663748836 -7.168305157 
-7.871698058 12.526121928 -7.104576006 
-0.285750948 15.858497781 -7.053259318 
-1.060291405 14.679231565 -8.091107172 
-9.790097467 12.009768439 6.021351156 
-8.237159567 11.502064211 7.199504412 
-0.341104754 15.843868932 -7.114810207 
-0.124369620 16.033619765 -6.827221345 
-9.736168634 12.019885637 6.087167670 
-8.969446109 12.317413938 6.608099441 
-0.566472449 15.798408815 -7.220158046 
-0.814385700 15.732802503 -7.398440120 
-9.821640366 12.097577113 5.959637057 
-9.532164074 12.201852731 6.195197217 
-1.015969866 15.517878367 -7.653836645 
-0.793623806 15.612943992 -7.464699578 
-9.790997693 12.120240236 5.972903379 
-9.932461004 12.038156366 5.863914980 
1.804767595 18.462239635 -0.961692453 
1.588689334 18.349771547 -2.662139839 
-12.370848191 12.677652639 0.459988492 
-12.309566411 12.777440424 0.554235154 
1.681160988 18.506424505 -0.968698904 
1.709811516 18.489066955 -1.199823545 
-12.377351440 12.685303677 0.361278860 
-12.404732989 12.661720539 0.275276832 
1.919507193 18.410227030 -1.019493644 
1.917421663 18.393047483 -1.236806380 
-12.303536040 12.745778325 0.837817934 
-12.181135981 12.886384441 1.129328348 
1.811529956 18.418346471 -1.596617865 
1.873731448 18.298677931 -2.415512252 
-11.745118830 12.539262597 2.909520897 
-11.134040159 13.952549586 2.731760133 
1.770844969 18.307483641 -1.879592564 
1.572707481 18.414154739 -1.629213377 
-12.446170750 12.697012516 -0.165657390 
-12.470306309 12.636668493 -0.050911688 
1.789164410 18.405424223 -1.170647415 
1.866498704 18.452917399 -0.458266337 
-12.379033331 12.768199175 -0.408636842 
-12.440554792 12.682178287 0.041985304 
1.656809550 18.240451255 -2.203643041 
1.365688567 18.638988016 1.857396369 
-12.396891476 12.701840495 -0.113368022 
-10.434624203 14.186567708 -4.015096806 
1.786418785 18.456244688 -0.747815926 
1.740704443 18.461531424 -0.946210762 
-12.330557252 12.843155330 0.575523619 
-12.357208319 12.847962536 -0.115890227 
-0.490403801 16.029339003 6.982036624 
-1.289832052 15.603423929 7.710572864 
-9.089453035 12.384814716 -6.490346713 
-9.110247774 12.447656202 -6.423429649 
-0.641024232 15.854589755 7.239649404 
-0.600645178 15.912397019 7.150358222 
-8.732188701 12.590425682 -6.644503259 
-8.708525415 12.631740681 -6.632795390 
-1.021090095 15.964712160 7.257704741 
-0.759373335 16.010690795 7.109216854 
-8.498055685 12.491341030 -6.890313916 
-8.302732926 12.687049138 -6.894842110 
-0.300777584 16.219682515 6.704190818 
-0.525365720 16.011157418 7.061678359 
-7.774431378 12.849268868 -7.115341301 
-8.266614723 12.642929415 -6.954551188 
-1.296607746 15.382641702 -7.880945722 
-1.933081593 15.062088367 -8.326582475 
-10.566863778 11.733940066 5.340418041 
-10.571743468 11.778831886 5.288345161 
-1.128820447 15.436098944 -7.750183109 
-0.940678733 15.557018772 -7.631354469 
-10.349991701 11.860063250 5.529988782 
-9.889909740 12.069105412 5.893292899 
-0.435027993 15.927679964 -7.052827299 
-0.095421112 16.185278173 -6.615203693 
-9.721947247 11.986615849 6.152458609 
-9.458448900 12.121856795 6.315125682 
-0.646850202 15.923300862 -7.114607282 
-0.920493616 15.706961537 -7.438759417 
-10.114217078 11.876260148 5.783083314 
-9.989324427 11.953453222 5.876510638 
2.174496159 18.330599628 -1.215180574 
2.026944923 18.409730051 -0.297436707 
-12.370126466 12.602910571 -1.240477692 
-12.432605560 12.598953785 -0.560329163 
2.016919860 18.355040863 -1.650207235 
1.983239835 18.376488595 -1.479062951 
-12.428102766 12.404214239 -1.620204374 
-12.476854010 12.555928849 -0.280217836 
1.952956702 18.408542510 -1.194250547 
1.833764169 18.444078573 -1.272719680 
-12.384008958 12.693054571 -0.575936977 
-12.426778040 12.626202482 -0.606481355 
2.057228826 18.341276874 -1.634015155 
2.009502824 18.412515604 -0.705044674 
-12.459500203 12.551053398 -0.724478196 
-12.487218984 12.544598113 0.167664912 
2.075636500 18.369361143 -0.594553000 
1.730090497 18.490624609 -0.503912197 
-12.405024899 12.690754818 0.760243130 
-12.425369738 12.668115356 0.829341594 
1.699403547 18.458047443 -1.074039160 
1.677463639 18.406388564 -1.456941747 
-12.402455245 12.714501042 0.811831385 
-12.392104876 12.758039445 0.462197860 
1.907740274 18.489022369 0.236700959 
1.654267677 18.536449678 -0.422807788 
-12.356019190 12.760484183 1.028396815 
-12.417901639 12.722723100 0.618358103 
1.597595308 18.580242640 -0.162145986 
1.712396857 18.488700697 -0.632206178 
-12.321412677 12.685639736 1.574005556 
-12.352393296 12.738823038 1.164147971 
-0.562068084 16.030327563 7.003547969 
-0.290891520 16.135173465 6.793312960 
-8.948127903 12.509209624 -6.530750634 
-8.616820078 12.660634492 -6.703316639 
-0.254269390 16.139109294 6.767646087 
-0.312819282 16.160930479 6.763790771 
-8.489875105 12.892142767 -6.614680517 
-8.825826915 12.566366109 -6.596281322 
-0.580970423 15.963179421 7.081215449 
-0.783179775 15.890811905 7.235937611 
-8.721796475 12.688627263 -6.578818930 
-9.276157420 12.395678088 -6.324493859 
-1.121461377 15.712386264 7.516472902 
-0.097773234 17.582942993 5.249611209 
-9.401044445 12.402083281 -6.199648474 
-10.051878091 13.293549414 -5.006473754 
-1.060189404 15.566442110 -7.681941856 
-0.964592056 15.615252106 -7.566978775 
-10.209300800 11.949386740 5.565103371 
-9.941281327 11.996541054 5.835772853 
-0.761422843 15.682941066 -7.439612691 
-0.823162878 15.651009380 -7.519331196 
-10.313767207 11.946923199 5.472143086 
-10.140209575 11.931355258 5.681207430 
-0.372678815 15.792443432 -7.197031706 
-0.687385262 15.679951534 -7.401361435 
-8.704386833 10.638550765 7.132980545 
-8.249518323 11.114511093 7.316142276 
-1.671151751 14.248792828 -8.696192755 
0.644405628 17.074250530 -5.532359982 
-10.501631303 13.215305885 4.566810035 
-9.231622395 10.910322697 6.710481945 
1.731902233 18.577633556 -0.433404277 
1.756755952 18.543645524 -0.263670515 
-11.757461699 13.366138200 1.988024392 
-11.991550168 13.273726745 1.213051587 
1.533450577 18.618926662 -0.799486659 
1.913648427 18.462309558 -1.177003509 
-11.962726509 13.139849196 1.750905437 
-12.049240431 13.095071971 1.545629142 
1.580933215 18.554553678 -1.646747588 
1.542966675 18.485353816 -2.378272902 
-12.430252467 12.723221444 0.175028795 
-12.377869341 12.817192830 -0.315791602 
1.845109622 18.504093191 -1.162150025 
1.871803454 18.502708095 -1.056259759 
-12.392956883 12.773711489 0.310532363 
-12.415521331 12.754750476 0.189319275 
-0.011118596 19.401108899 0.578425507 
-1.506659605 19.553962326 2.357549979 
-11.687553626 14.219804818 0.344263897 
-11.871102267 13.996944336 -0.000222438 
2.031882061 18.291485553 1.146973516 
2.126430314 18.220714275 -0.534633989 
-11.582441710 13.357955257 -2.004101492 
-11.887962717 12.923689364 -1.663144249 
2.225728838 18.031844843 2.769745842 
1.579425293 18.316606550 2.606332875 
-12.108100431 12.691463469 -1.280549109 
-11.934771283 12.732302480 -1.772959530 
2.168072110 18.255364722 0.487823831 
2.138747247 18.266316283 0.237304781 
-12.350824282 12.445567936 -0.241997097 
-12.359007331 12.367857467 -0.159354410 
0.047267912 15.768244319 6.960461481 
-0.520843675 15.474266179 7.550292773 
-8.889820179 11.983235201 -6.752044782 
-9.333364545 12.543780922 -6.286097167 
-0.418839587 15.810748418 7.097605174 
-0.399825553 15.904848855 6.982222692 
-7.227680398 12.688260580 -7.449932815 
-7.890573795 12.448953707 -7.185188640 
-1.064843207 15.235721827 7.957194082 
-1.129039690 15.094454210 8.084705087 
-8.161288733 12.336818526 -7.133708799 
-8.710447029 12.114790625 -6.846462956 
-0.342446744 16.275856575 6.949787459 
-0.664870921 16.115655744 7.170480227 
-9.703625109 11.032583370 -6.001436219 
-8.487330699 12.979358358 -6.158378725 
-0.923874248 15.648287886 -7.429600185 
-0.595317200 15.886800826 -7.118111573 
-8.979708877 12.332294558 6.548185252 
-8.240361323 12.685262956 6.920783824 
-1.674909364 15.332260125 -7.980462827 
-0.604667007 15.749159151 -7.237773904 
-9.405908821 12.192324592 6.350649758 
-9.111938381 12.257588679 6.543401179 
-2.144918480 14.872717215 -8.481317287 
-1.745468754 15.336444298 -8.024704818 
-9.689582218 12.068921737 6.123602986 
-9.388211007 12.249447986 6.334359595 
0.658060049 17.759941454 -4.886866501 
-2.090524093 14.821826439 -8.512821664 
-10.089135144 12.082599986 5.699411391 
-11.175681942 14.110643373 2.186811049 
1.664441572 17.863366924 3.050180016 
1.514786472 17.845929279 3.262625713 
-12.402756684 11.928665568 -1.360442109 
-12.356526578 12.286122251 -1.522456208 
1.943595219 17.929905742 2.128926799 
2.053471226 17.925246080 1.969201598 
-12.270696358 12.388805859 -1.155718114 
-12.345610861 12.286918604 -0.845450765 
1.198885768 18.940533973 -0.719347178 
1.370948537 18.793056234 -1.842150056 
-11.160070155 14.138327757 3.159767659 
-11.788387480 13.978235505 1.296560980 
1.027711778 19.401249503 -0.427014805 
1.316128134 19.129912110 -0.808113892 
-11.678822662 13.811760884 1.778254527 
-11.335612765 13.954842010 -4.326617065 
2.397705490 17.808257770 -1.657246607 
2.139752334 17.729550018 -2.523358781 
-12.316977580 12.246115957 -0.089395669 
-12.350049737 11.979612681 2.016462943 
1.827028110 18.569926667 -0.180087756 
2.445401538 18.145717317 1.046371747 
-12.162846011 12.973511901 1.448207774 
-12.010615484 12.879550373 -0.085205388 
0.757321582 18.746453268 1.202315746 
-2.798083106 15.802421423 8.805452421 
-9.360965332 15.021952329 -4.494338190 
-11.384582782 11.323373429 -3.461837376 
2.854916074 17.810786729 0.690360325 
2.742265913 17.508153078 -1.666433620 
-12.301130001 12.205319522 -0.734465968 
-12.379433422 11.979560104 2.008575516 
0.120648939 16.050682288 6.511757619 
-0.175707282 15.912508210 6.792730496 
-8.130166963 12.162342329 -7.186165772 
-8.165882536 12.192823432 -7.130909919 
0.672932750 16.410856028 5.766541447 
0.252083791 16.108857054 6.400228816 
-6.929023645 12.670334650 -7.505875871 
-7.383466654 12.626899068 -7.308192653 
-0.256911565 15.913896754 6.847448167 
-0.230933655 17.022623836 5.500990459 
-7.976670606 12.469807497 -7.129192384 
-9.175638865 13.686275767 -5.847816782 
-0.527795768 15.306268449 7.395114529 
-0.743560677 15.089338578 7.613579194 
-7.259580121 12.307545630 -7.384943605 
-7.664667593 12.029698369 -7.293474416 
-0.683320425 15.766694215 -7.236765877 
-1.537405711 15.426519919 -7.804168495 
-8.390812274 12.662676802 6.820870635 
-8.749142576 12.404382539 6.735274864 
-0.450247431 15.818333111 -7.081979714 
-1.251015901 15.528241341 -7.637095222 
-8.726119604 12.432944825 6.692201719 
-8.301130589 12.556940676 6.920869696 
-0.188295093 16.667391069 -6.351889011 
-0.361267520 18.031940257 -5.164475838 
-9.685195787 12.598860214 5.810320853 
-10.650448376 12.548269816 4.623650010 
-0.904263438 15.850930123 -7.228234006 
-1.114155472 15.497505954 -7.535301615 
-7.793887148 12.833045180 7.137345633 
-8.147384710 12.471363851 7.070249781 
1.942475923 18.379849310 -0.241490609 
1.880251321 18.354130920 0.564271819 
-12.133166653 12.483923593 -2.321441605 
-9.955732322 12.726872461 -5.585204413 
1.771350501 18.436722571 0.104485252 
1.840159774 18.426292511 -0.233964568 
-12.152542290 12.562185817 -2.180824705 
-12.296475957 12.517700213 -1.567114555 
2.420984129 17.858680376 0.979103741 
1.832731041 18.406493565 0.274406974 
-12.256927266 12.421263167 -2.059779326 
-12.431009003 12.259900651 -1.608869334 
1.843757971 18.424490081 -0.889442066 
1.917045141 18.390510062 -0.095064965 
-12.238972557 12.453811255 -1.996246783 
-12.318571344 12.434171598 -1.694706937 
1.787969209 18.528504126 0.760938479 
1.700396775 18.562780695 0.510977496 
-12.477745862 12.592445902 -0.738240378 
-12.465322520 12.685416020 -0.070907186 
1.791685624 18.528511916 1.042430846 
2.387146648 18.303601080 0.812019971 
-12.457636308 12.692093014 -0.001330952 
-12.699048606 12.274996688 0.387234002 
1.721678398 18.535602263 -0.249915946 
1.751692154 18.544551875 0.144894094 
-12.588653480 12.468665133 -0.309217921 
-12.438485880 12.702153940 -0.393473024 
1.783073604 18.528977971 0.921364092 
1.794250799 18.518017547 0.733211597 
-12.716261941 12.224264393 -0.539042201 
-12.393751766 12.730943499 -0.758968839 
-0.048726007 16.044468774 6.775356222 
-0.174934942 16.162245439 6.699996675 
-11.187806858 11.665189386 -4.509515460 
-10.855931791 11.770941029 -4.911948052 
0.335713691 15.839126785 6.957291783 
2.789145560 15.999958241 3.631294887 
-10.864374410 11.860451079 -4.853171077 
-10.622257022 11.960921849 -5.102767005 
-0.049218674 16.254412464 6.548047985 
0.741234493 16.511061262 5.820357954 
-10.503558763 11.883046577 -5.306479317 
-9.899749417 12.126550979 -5.857166333 
0.330728783 16.310518889 6.266437132 
0.160815114 16.094872150 6.630794766 
-10.313940370 11.900247587 -5.575498084 
-10.421197081 11.895549716 -5.423709309 
-2.106733951 17.130255853 -7.395650444 
-0.916378016 17.994361821 -6.078586402 
-5.085091756 13.997366068 7.323105658 
-6.671825355 12.690951177 7.658541027 
2.019726714 17.288208195 -2.769604658 
-1.787937552 14.025768899 -9.003028338 
-2.184738986 13.737107055 7.550560946 
-5.924427398 12.792129533 7.784979478 
-2.101884328 14.660358145 -8.498710124 
-2.402400371 14.476341504 -8.716664736 
-10.835216631 11.061927761 4.925505186 
-10.789496397 11.055422370 5.025519158 
-3.203601457 13.183147414 -9.181402930 
-3.177181081 13.147036460 -9.220412654 
-8.425107111 11.664067711 7.159439745 
-8.479783856 11.629405058 7.168826802 
1.077223351 18.090046951 -4.090232754 
1.095924569 17.929410320 -4.601333143 
-12.048299372 12.583900223 2.148583260 
-12.297328734 12.297705899 1.736986702 
0.434754292 18.903521039 -1.135471639 
1.010319573 18.583120776 -1.677586458 
-12.985168379 11.278503919 -1.266586907 
-12.415034320 12.668616515 0.861369004 
1.428410587 19.028190225 -0.723604562 
1.949158726 18.797851135 -0.187707662 
-11.509355564 15.102007660 -1.043011412 
-11.820967229 14.134614508 -2.870666636 
0.709938245 18.872022412 0.253832215 
2.279498521 17.863578816 -3.253577014 
-12.588018566 12.315668416 0.593690563 
-12.642156768 11.985647490 0.990126189 
1.489567041 18.501963588 2.022777022 
1.455071472 18.423772340 2.626101441 
-12.373798768 12.729052089 -0.348470254 
-12.409863654 12.692337986 -0.239424708 
1.842839848 18.446786764 -0.609876222 
1.882738426 18.375120084 -0.870973068 
-12.404930761 12.619345608 -0.631770063 
-12.291053605 12.846283291 -0.661111614 
-0.115394726 19.299974093 1.865143512 
0.864248475 19.047809611 1.311985000 
-11.813815857 14.516397358 -0.828618691 
-11.469347927 14.818092498 -1.358328275 
0.904659336 18.940345949 -0.072789042 
-0.963519640 18.762493257 -3.954823260 
-11.887920253 14.662297647 -0.029384945 
-11.317589379 14.873250326 2.270743998 
-0.056709346 15.740405506 7.209410595 
-1.056223556 15.598470863 7.581330672 
-9.815335617 12.184105258 -5.952821283 
-9.903984481 11.924755832 -6.059293149 
-0.635007577 15.931001552 7.215891322 
-1.107624108 15.773425506 7.526571806 
-9.165826342 12.396365152 -6.433579916 
-9.526175529 12.292291736 -6.178554696 
-0.055700533 16.327418641 6.474748619 
-2.490448231 14.643749843 8.178287959 
-10.675379884 12.929272789 -4.497926642 
-10.320019554 12.864556120 -5.277122317 
-2.297014924 15.223714293 7.792383230 
-2.987726131 14.531237782 8.179644290 
-6.601635083 12.932697486 -7.484757618 
-6.769354328 12.719973669 -7.446641306 
2.047914300 17.018754809 -2.872254038 
-2.135900402 15.128730844 -8.436832541 
-4.683238857 14.141369882 7.084750365 
-6.171960092 13.704331562 7.015625516 
0.898826080 16.501212367 -6.139865180 
0.510560378 16.275728386 -6.704174300 
-10.791930812 12.249977891 4.697703497 
-10.619006562 12.208342244 4.985278267 
0.572113913 16.187724914 -6.613343105 
0.740829535 16.040428041 -6.737465829 
-9.871056194 12.689029313 5.820327862 
-10.996453878 12.296205911 4.773912444 
-0.854150261 15.550427153 -7.466966763 
-1.370170991 15.285223636 -7.390138417 
-9.268552381 11.065135568 6.466727498 
-8.712299691 9.980855220 6.998740870 
1.711507684 18.467616765 -0.920197121 
1.857539798 18.414878499 -1.071981772 
-12.355015304 12.719427091 0.196843368 
-12.410350842 12.579514053 -0.781660255 
1.676939397 18.241265464 -1.666544005 
0.320609114 19.413016997 -1.383597030 
-11.236241920 12.359292250 -4.209813397 
-12.116180626 12.074258784 -0.350565932 
1.871915436 18.396311854 -1.009405738 
2.087681827 18.339859028 -1.160994732 
-12.256934493 12.786514699 0.654210611 
-12.429423264 12.606242591 0.076521046 
1.824519261 18.437137668 0.429652515 
1.874562212 18.433842641 0.167101033 
-12.297768314 12.799304309 0.704779150 
-12.333383740 12.710367047 0.661164281 
1.673808748 18.535060784 0.683973573 
1.710375593 18.509150102 -0.254151658 
-12.373726696 12.693375947 0.813760509 
-12.416447349 12.672582067 0.512036508 
1.888747461 18.397469205 0.662022397 
1.884016747 18.330894578 -0.193666856 
-12.469002459 12.487838402 0.344377989 
-12.376728480 12.512086673 -0.062742876 
1.614538028 17.456560056 -3.371927941 
1.354213985 17.612533727 -3.052941683 
-11.722464727 12.337712255 1.675456842 
-9.870839399 12.898112771 5.481484219 
1.739850484 18.012815686 -2.367738923 
1.170051285 18.139059417 -2.437550063 
-11.835189208 12.656232347 2.620068962 
-11.952744185 12.572535140 2.391778380 
0.460619641 16.420914564 6.027903474 
-2.316982837 15.360303061 7.740085591 
-8.079123985 13.561944389 -7.293684815 
-6.953523324 13.227887624 -7.769401907 
-2.580284611 15.711547603 8.290975685 
-0.285990407 16.287610207 6.664696434 
-10.834084986 12.063323221 -4.972315152 
-10.233742886 12.440646417 -5.544171554 
-2.109738952 14.115962227 9.065680344 
-4.700822743 13.526589621 9.092335766 
-9.852316284 12.480466576 -6.332225036 
-5.962398623 13.809747527 -7.877167395 
-4.784789608 14.705849841 8.203519243 
-3.037975922 15.670530620 7.803629430 
-8.478304211 13.186815337 -7.140231082 
-9.462302299 13.505540737 -5.936618380 
-2.158848418 14.893011740 -8.130054020 
-3.466596782 14.388263300 -8.579734113 
-6.982287159 12.896632867 7.631639913 
-6.382649829 12.696074361 7.977803873 
2.832231918 17.484397737 -2.003799183 
1.477412923 17.110719005 3.573644600 
-9.262056855 14.698005009 4.249492104 
-10.943477920 12.441042099 4.465136073 
-0.685331390 15.743470099 -7.589290231 
-1.166242387 15.283869973 -7.706809328 
-10.279939856 12.289616223 5.548436804 
-10.229593882 12.504072874 5.450904065 
-1.021246544 15.496783503 -7.380760529 
-2.143519534 14.989925370 -7.848474767 
-9.266283799 12.428264074 6.353489691 
-10.373174252 11.846275421 5.401369122 
2.392953968 17.973492282 -0.601914854 
2.768512910 17.764625920 0.203988742 
-11.951223259 12.385735201 -2.669315839 
-12.484863141 11.719639045 -0.802947398 
1.724163369 18.585377379 0.479518774 
1.488904484 18.652375751 0.964152025 
-12.218882239 12.824530392 -2.104703817 
-12.399677249 12.861874707 -1.036370938 
1.767555595 18.544825748 0.359888695 
1.504712604 18.554342332 1.123615485 
-11.922492339 12.803431200 -3.046457834 
-12.098187692 12.783748743 -2.503135177 
1.609233818 18.574820744 0.080915382 
1.615161000 18.562740103 0.398517895 
-12.179476530 12.756357197 -2.129022336 
-12.157206803 12.839398877 -1.998708409 
1.949955352 18.351711373 0.289426007 
1.962653901 18.318540942 -0.309110286 
-12.424190610 12.424926131 0.748443846 
-12.392332944 12.521062633 -0.222643110 
2.059962243 18.287842806 -0.798510703 
1.912883020 18.483666914 0.064206978 
-12.149277833 12.337895108 2.709821370 
-12.403923598 12.490025173 1.083935285 
1.870835278 18.400582111 -0.400451297 
1.814895436 18.380739861 -0.784453774 
-12.397667489 12.560105078 0.813625864 
-12.371458905 12.602234247 -0.817059700 
1.896944304 18.400474845 0.355570472 
1.790197081 18.354573741 -0.853486027 
-12.514765204 12.359003714 0.407069462 
-12.419156342 12.540505651 0.368383281 
-0.819338866 16.386978933 7.008901352 
-1.574149491 15.391058633 7.944709013 
-9.761155511 12.342233551 -6.012213390 
-9.685262643 12.175503473 -6.017584409 
-0.249172372 16.067781706 7.007221854 
-0.667919650 16.076804853 7.481553275 
-12.457580025 9.932808635 -1.831334897 
-11.018930542 10.508293950 -4.849225736 
-1.533668912 15.388704487 7.985088613 
-0.765844960 15.717481091 7.425750547 
-9.768788450 11.857624791 -6.006292477 
-9.509549800 12.045342694 -6.173280022 
-0.884160206 15.348965652 7.717290023 
-0.942056780 15.488948295 7.542087726 
-9.777092178 11.759094862 -6.012174560 
-9.271697553 11.884453152 -6.445670111 
-1.945696111 16.398496127 7.055122184 
-2.979412983 15.236050567 8.074592193 
-12.034802132 12.949012970 -1.074496137 
-8.863325671 11.434487171 6.873565463 
0.954467659 15.879525663 -6.362335993 
0.700156494 15.680848027 -6.515975303 
-9.123247986 13.023152948 5.712214680 
-9.988596150 12.077150391 5.415002006 
-1.919210581 15.105966507 -7.914663040 
-2.152891970 15.052291823 -7.978703746 
-8.047069922 11.873718019 7.202429716 
-9.497569182 12.081856771 6.363564176 
-5.299947735 11.837532462 -8.933263919 
-6.124535348 11.647392455 -8.647704791 
-9.857541921 11.325540676 6.429603470 
-10.091426871 10.446814283 6.404398700 
1.450458935 18.232916212 -3.460436582 
1.810371501 18.421685735 -1.590417477 
-12.399118510 12.676505995 0.149759994 
-12.418419600 12.615900735 -0.374525694 
1.619059912 18.491382901 -1.489705476 
1.824469678 18.472902624 -0.742974040 
-12.373749631 12.706687498 0.186735699 
-12.087525554 12.984357758 1.349779334 
-2.103444577 18.058756982 -5.984994068 
-0.743187033 17.699016885 -5.821652319 
-10.323349248 14.263886708 3.914317107 
-11.455895348 14.066464385 1.358480502 
-0.279943058 19.260930881 -1.950950145 
1.907482930 18.383633096 -1.482996798 
-12.135792418 12.973408831 1.164748858 
-12.137842434 12.940283336 1.221773942 
1.851215430 18.283522072 -1.843733467 
1.845189543 18.409807389 -0.955635152 
-12.215291745 12.920047078 -1.095135366 
-12.286824935 12.837659519 -0.837384284 
1.706983516 18.416880265 -1.263784457 
1.931928837 18.416829661 1.323750919 
-12.000615429 13.056191723 -1.706256266 
-11.327610667 12.917290894 -3.375766312 
0.352199805 18.950951177 2.340939586 
0.743843611 18.957896647 1.796869425 
-11.005524758 14.335808227 -3.103468515 
-11.777571893 13.386814451 -2.613890951 
1.716997070 18.538077732 0.166936428 
1.459296581 18.625822601 0.334379246 
-11.813057870 13.318697451 -1.765584576 
-12.099862992 13.166668490 -0.862590967 
-0.495318757 16.045529216 7.022519864 
-0.599395444 16.024344431 7.085948701 
-8.418466699 12.577659618 -6.908834762 
-9.137986597 12.342650641 -6.505058622 
-0.426305058 15.996728592 7.020961660 
-0.582138070 15.855101161 7.266865307 
-8.969109122 12.346365881 -6.648710422 
-7.966011357 11.957874402 -7.153844630 
-0.790962769 15.711886685 7.405358682 
-1.383789245 15.366007567 8.103764423 
-9.352759770 12.104302356 -6.428234864 
-9.222443630 12.475498891 -6.401125469 
-1.071992979 15.729666273 7.476540791 
-1.620336016 15.367439156 7.977948537 
-8.780337196 12.245901837 -6.850192999 
-8.792061092 12.397915884 -6.727614965 
-1.808136492 15.161791701 -8.247907884 
-1.992681933 15.108231246 -8.352553801 
-10.493533573 11.635158435 5.522025596 
-10.240151428 11.932829973 5.623062137 
-2.325980600 14.998625199 -8.495949021 
-1.738389094 15.277846583 -8.132744814 
-9.765228223 11.764165177 6.251629557 
-9.389103571 12.141961180 6.366745897 
-1.952205436 15.881005327 -8.306500681 
-1.011157015 15.608654764 -7.618476928 
-11.028775430 12.457799200 4.456743977 
-9.205956626 12.172886924 6.472357771 
-1.510648168 15.426070410 -7.921945709 
-1.423427677 15.283672852 -8.077829534 
-9.331074408 11.829043997 6.604817096 
-9.431731980 12.144169815 6.286707508 
1.671685390 18.496589215 -1.178813854 
1.013221558 18.800711706 -0.544824314 
-12.383790776 12.728920847 -0.205259381 
-12.322981131 12.075341354 0.333796424 
1.284279942 18.499841860 -2.356716217 
1.471788239 18.430574138 -2.475312910 
-12.364557517 12.748586053 0.295856301 
-12.369467962 12.744919333 0.052466227 
1.399344426 18.613330425 -1.063983421 
1.196846222 18.706056402 -1.030813306 
-12.206826829 12.892873336 0.965929935 
-12.382600495 12.695401968 0.007883700 
1.464317780 18.547448620 -1.572344097 
1.579511457 18.541598101 -0.923373314 
-11.870950444 13.108694411 2.026470571 
-12.200552523 12.986392383 0.859267513 
1.460206562 18.467440917 2.178184122 
1.194754780 18.356952295 3.032005967 
-7.847689888 14.985371807 -5.903046378 
-10.833278853 14.545784439 -2.461610400 
1.808273721 18.480517453 -0.339392003 
1.932169694 18.452184673 -0.269183495 
-11.751405817 13.294116778 -2.189074873 
-11.152755485 13.769741034 -2.835123507 
1.982491779 18.399223013 1.557984502 
1.895622146 18.487143594 0.127701102 
-11.936307294 13.115149303 -1.898045431 
-11.992409783 13.043079558 -1.736195047 
1.304574992 18.511621820 2.504572037 
1.726617885 18.419575573 -1.109006262 
-11.499696385 13.498708615 -2.539099500 
-11.776757279 12.964204086 3.510185986 
-0.129924391 16.038712823 6.885481766 
-0.072467623 15.742616028 7.173627998 
-8.769879642 12.178344471 -6.867259989 
-8.992635711 12.180786730 -6.705858143 
-0.511951460 15.785745474 7.270329213 
-1.339745977 15.401257079 7.910624105 
-9.116090414 12.132079177 -6.631462677 
-8.624760227 12.334149583 -6.870162866 
0.243673580 16.214783793 6.542555733 
0.818082324 18.140778772 2.694123340 
-11.160930497 11.469885379 -4.335346369 
-11.207903134 12.163662147 -3.855541447 
1.753201630 17.981835235 2.823617994 
2.226266859 17.970376376 1.638148147 
-10.172101936 14.117905978 -4.115316010 
-11.881251326 11.060356977 -3.556173498 
-2.461648818 14.975563056 -8.416109650 
-3.186646720 14.366113398 -8.968269506 
-9.235343584 12.278175757 6.429104222 
-8.033989194 12.574718555 7.130045967 
-1.914107601 14.974940223 -8.367120487 
-2.091979741 14.824226312 -8.524403683 
-8.798763327 12.247938096 6.800564286 
-9.683842011 12.026502662 6.148777602 
-2.468468514 14.752541648 -8.658245236 
-2.519676828 14.775749397 -8.667313693 
-8.584549493 12.464275884 6.811747324 
-8.352711390 12.297767173 7.033783203 
-1.816862773 15.071633009 -8.257810005 
-1.229628897 15.164397032 -8.085467777 
-7.836061664 12.559770105 7.245350996 
-8.178534852 12.495233736 7.096061310 
1.209317693 18.196848528 -4.060194399 
1.170416673 18.358143439 -3.509813040 
-12.318423967 12.858762589 0.618341051 
-11.820751709 13.274518820 1.968591026 
-0.107179498 17.565698393 -5.809346883 
1.121987553 18.206254053 -3.877845245 
-8.592102019 14.622685783 5.717047539 
-9.092243517 15.837961161 3.885213518 
0.993351345 18.367664140 -3.609895531 
1.877737100 18.395460519 0.862691023 
-12.462952549 12.654539990 -0.358986352 
-11.685426018 12.956024399 -3.810155647 
1.495802799 18.312168531 -3.249464536 
1.425430315 18.351797452 -3.182912902 
-12.407086986 12.735866451 0.204629146 
-12.342464212 12.761992328 0.840854979 
1.622378364 18.538033005 -0.078499746 
1.797419765 18.481383477 0.667918108 
-11.887079459 13.120323125 -1.963656139 
-11.767590100 13.308043130 -1.819136413 
1.579115049 18.508607410 -0.629227892 
0.829414785 18.880919248 0.108873906 
-11.251383897 13.711545433 -2.644670235 
-11.454392841 13.613424437 -2.282150100 
1.287827920 18.651832314 0.700765523 
1.456459035 18.586897861 0.697522217 
-11.490860849 13.384271376 -2.549091150 
-11.455566431 13.602993834 -2.321224260 
1.526264358 18.562906768 0.548833150 
1.526303910 18.555898031 0.712759909 
-11.980708098 13.109366436 -1.593993162 
-12.201464283 12.903937220 -1.073015965 
-1.965870169 14.995253386 8.317870058 
-1.259907346 15.451979194 7.827459247 
-8.115085016 12.418133247 -7.163683390 
-7.963595782 12.555796933 -7.160985407 
-1.841070648 15.439259171 8.032663728 
-1.474436382 15.436444004 7.860010410 
-7.461582733 12.705808549 -7.386000244 
-7.937351447 12.768723229 -7.072957278 
-1.698721081 15.104431987 8.246306228 
-1.218588776 15.402994682 7.852381101 
-8.643294774 12.221558292 -6.899880685 
-8.200008999 12.548563610 -7.027343744 
-1.948897882 15.133352393 8.257992520 
-1.628631059 15.344992437 8.056820634 
-8.119505135 12.555239019 -7.060268928 
-8.066799945 12.635471886 -7.047174534 
-2.540495695 14.492658016 -8.890910516 
-2.136038654 14.856568252 -8.516312325 
-9.844025976 11.787937871 6.172133554 
-9.837949879 11.845712265 6.138260277 
-1.403431301 15.441692266 -7.982654662 
-0.904411389 15.475274424 -7.751778274 
-9.859818097 11.674167058 6.209952248 
-9.437195035 12.012174064 6.432614513 
1.672683012 18.082830470 -2.336483145 
2.118913501 17.984400458 -1.784030348 
-10.290125340 14.064211232 4.025875355 
-11.216333423 11.472068450 4.411907765 
-0.537956033 15.930866669 -7.175287375 
-1.648098121 15.131539374 -8.217278906 
-10.990297670 12.762917630 4.047788384 
-10.936493618 11.731680138 4.586547467 
2.026148588 18.421209928 -0.847222816 
1.956337653 18.383416338 -1.466448065 
-12.378126943 12.741693362 0.246186206 
-10.406580092 15.517937495 1.856480696 
1.783455291 18.508203925 -0.513427636 
1.765313872 18.474060807 -1.523587265 
-12.386233355 12.793779769 -0.102175499 
-12.330134596 12.841557876 -0.427357332 
1.725338452 18.400917337 -2.356624375 
1.350871902 18.671356123 -1.046478313 
-12.350877313 12.821783392 0.338917304 
-12.112312937 13.155645502 0.831242427 
0.053011434 18.823500033 -3.301405733 
0.560713583 18.967010244 -1.977910676 
-10.913204976 14.374021113 3.186593549 
-11.679405737 13.403172512 2.910425114 
1.624828359 18.531727149 0.287741644 
1.835559148 18.466042243 0.579372703 
-11.801317608 13.140413828 -2.222926997 
-11.243046123 13.544935879 -2.931054571 
1.834745748 18.377648314 -0.978980082 
1.819953696 18.411783337 -0.751443946 
-12.035916705 12.982537853 -1.608054815 
-12.082975640 12.969923664 -1.480209108 
-1.450944327 19.539041807 0.889027123 
1.450977865 18.952173728 1.207730209 
-11.976075166 13.050527338 -1.728503791 
-11.828933776 13.138166523 -2.007232443 
0.147093122 18.743273687 2.596828100 
0.100918159 18.866869694 2.413703507 
-9.918580465 14.536397665 -4.200830449 
-11.584959788 13.974846018 -1.100047392 
-0.700309451 15.943609807 7.136212496 
-1.055954295 15.652088266 7.605537184 
-8.432494964 12.215791235 -7.060780734 
-8.204681213 12.565266270 -7.030638819 
-0.400778518 16.102719085 6.892107268 
-0.744448325 15.808589530 7.344331451 
-9.168676483 11.977073474 -6.672210564 
-8.530299429 12.433592601 -6.888606081 
0.282151864 16.302015963 6.359117846 
-0.246301879 15.971834738 6.983477158 
-8.146168367 12.544982878 -7.070062988 
-7.861974520 12.739105357 -7.126388034 
0.409229631 17.450905333 5.060380218 
-0.246760214 16.048359239 6.862963623 
-8.466384060 12.328023485 -6.987712119 
-8.583423988 12.456470235 -6.782351105 
-1.412321353 15.387458947 -7.970876806 
-1.444505879 15.444812785 -7.953924800 
-9.999346744 11.993120984 5.905679547 
-9.762025365 12.178313161 6.022779215 
-1.595274241 15.353104105 -8.050309082 
-2.039714234 15.101425895 -8.331208618 
-9.619007464 12.014324739 6.269695306 
-10.235038342 12.022595645 5.588475834 
-1.690093737 15.353999272 -7.988080367 
-1.202970009 15.487738287 -7.760652754 
-9.012921525 12.261137170 6.650116878 
-9.615814610 12.183728360 6.167428022 
-1.205277692 15.470053062 -7.799413343 
-1.881811805 15.289189029 -8.372257881 
-7.887518082 12.845029031 7.053227858 
-8.344487680 12.893509131 6.784345292 
2.082767964 18.279703403 0.723271008 
2.051177085 18.411307819 0.022501368 
-12.358630911 12.436463356 -1.542723640 
-12.369057104 12.495978052 -1.334077929 
2.041947531 18.288382684 0.413751149 
2.036781751 18.257079637 0.748759460 
-12.324815846 12.649269971 0.635825052 
-12.392608141 12.505270266 0.364402836 
2.003248322 18.375400073 -0.500328281 
1.919752329 18.333249660 0.668102559 
-12.344033996 12.606589015 -0.916385760 
-12.489359430 12.315779653 -1.136601259 
1.805797398 18.447825209 -0.666281601 
2.011993650 18.373386036 -0.878945222 
-11.973862475 12.970217971 1.616045624 
-12.267640674 12.582747317 -1.703948014 
1.789885866 18.563129900 1.306386669 
1.712720906 18.623366745 -0.222786330 
-11.955444152 12.931880102 2.808103431 
-12.282453478 12.914708721 1.559368334 
2.425172964 17.963701180 0.517852102 
2.837414772 17.746737847 0.286777033 
-11.871320170 12.342428240 3.148635001 
-12.344915753 11.958997934 -0.133403331 
1.571586030 18.576164818 -0.304910220 
1.533231554 18.573255970 -0.478067620 
-12.211283645 12.765857125 2.016598523 
-12.274668924 12.752410034 1.680326081 
1.556558983 18.573168809 -0.804226410 
1.404643402 18.413423345 -2.183239262 
-12.087703151 12.860987350 2.435488461 
-12.370065669 12.742021003 1.344094242 
0.891009233 15.859553764 6.406120823 
0.757112400 15.709496904 6.433439640 
-9.233096961 12.929892446 -5.712553052 
-9.946544480 12.084881559 -5.468409232 
2.707969216 17.651933079 -1.201263471 
0.910818997 16.855987062 -5.018524163 
-12.023651375 12.945530206 1.307085149 
-10.033164309 13.942627057 -4.794130626 
-4.385597764 12.268989521 8.878730231 
-3.491482156 12.723160168 8.644591287 
-10.348290486 11.038747640 -6.081329554 
-10.216902666 10.388159507 -6.294987642 
-2.070777732 15.023976287 8.011902455 
-2.275599884 15.013464061 8.023546132 
-7.298170772 12.191291600 -7.484629045 
-8.803065562 11.011831729 -6.728075708 
-0.537741290 16.086936675 -7.133951245 
-0.464708914 16.062743321 -7.282762075 
-12.413919890 10.028498396 1.763746533 
-11.134350578 10.418196068 4.719568139 
-0.832771291 16.439873911 -6.947121635 
0.051505968 16.385656986 -6.319169920 
-9.370520863 12.430931634 6.307194301 
-9.411422483 12.188585306 6.247723776 
-0.713170290 15.561012607 -7.419875691 
-0.764697955 15.517030050 -7.503017781 
-9.369814016 11.817079819 6.391340798 
-9.571638558 11.702497420 6.265657365 
-1.079589703 15.517715303 -7.777814397 
-1.084313203 15.569647760 -7.692138013 
-9.600901229 12.270535526 6.007122807 
-9.778844391 11.796803979 6.015490482 
1.751362380 18.422331088 0.507566430 
1.875124953 18.315811145 0.510906157 
-12.366617456 12.476173477 0.545333830 
-12.329985681 12.577659261 -0.387517861 
1.604621172 18.550809005 -0.022544658 
1.624253087 18.554796212 -0.315927348 
-12.333718471 12.785024925 -0.741758698 
-12.423567098 12.574299661 -1.046654378 
1.764872020 18.152205588 1.532494757 
2.125193060 18.193936326 -0.138785863 
-12.340830552 12.593532855 -0.610990241 
-11.700029048 12.719341382 -2.944249883 
1.039840445 17.126591286 4.490740152 
1.436316231 17.622964078 2.902768140 
-11.731148799 12.375441724 -0.771010597 
-8.018077077 14.279707724 -5.903127290 
1.800612752 17.957822322 2.749444945 
0.346869923 19.386182102 1.736471849 
-11.352097646 12.274154532 4.101417344 
-12.011527003 12.060865855 1.312465376 
1.850959360 18.357268993 1.899016102 
1.918086158 18.365453551 1.628257729 
-12.331551089 12.697268686 0.835856713 
-12.369676637 12.564839101 1.274591330 
1.939327436 18.423087178 0.442559857 
1.873330556 18.438264112 0.980507950 
-12.376347114 12.706840777 0.447841792 
-12.370028480 12.715970237 0.206156803 
1.858297718 18.323500858 1.844389669 
1.955843054 18.412108183 0.552430875 
-12.347870528 12.673516154 0.316936385 
-12.451174450 12.580548618 -0.187737313 
2.619722479 17.625743382 2.416951910 
0.672703323 17.103810388 4.829730962 
-9.395320546 14.536851113 -4.349844941 
-10.916847802 12.476926246 -4.446634163 
0.271295076 15.742705109 6.816126816 
-3.203321857 14.433613551 8.558883777 
-6.664793739 13.058933298 -7.711269229 
-6.213473402 12.799999655 -7.990842392 
-1.013688127 15.597329736 7.397407037 
-2.088954081 14.859383061 7.974755639 
-10.492352122 12.232774282 -5.022068608 
-10.535611651 11.801836743 -5.162012774 
-0.976848577 15.462576034 7.937162208 
-1.446349553 15.164756627 7.881140353 
-10.268406026 12.461717925 -5.460003050 
-10.138807886 12.583094239 -5.487282270 
-2.533844099 15.690735985 -8.288016280 
-0.747038815 16.003062452 -7.205630476 
-10.353704696 12.244099227 5.465584067 
-10.045969208 12.526067092 5.683808147 
0.584486939 16.408936865 -5.988250709 
-1.999770093 15.548426075 -7.498145297 
-8.049586007 13.551763714 7.330568220 
-5.938960423 14.402631467 7.725019034 
-4.702188463 14.720715222 -8.210872639 
-3.257288302 15.597892742 -7.880958455 
-8.587494325 13.157894072 7.087124799 
-9.544454682 13.484613002 5.821239559 
-2.579651795 13.906984742 -9.257486671 
-4.521994912 13.529390114 -9.110134569 
-9.728218478 12.502692748 6.442655556 
-6.242434025 13.721461795 7.849123521 
1.815644827 18.496020157 -1.170609903 
1.745971433 18.507611583 -1.205243313 
-12.410696792 12.768354280 0.385931129 
-12.427527801 12.730788436 0.246506428 
1.603509199 18.362980387 1.846470605 
1.956214524 18.463462639 -0.098057957 
-12.338924311 12.787336162 0.896375952 
-12.380221157 12.731387004 0.868938535 
1.978435490 18.435192076 -1.083091339 
2.033874145 18.330571909 -2.057647814 
-12.371931612 12.702946586 0.784354745 
-12.308794941 12.782290464 1.031596214 
1.977431296 18.421322826 -1.347025439 
2.019244744 18.349893685 -1.860444699 
-12.358798580 12.768316273 0.604440849 
-12.443899306 12.669847887 0.278800640 
0.683564850 19.157938245 -0.212072136 
1.798019575 18.472387798 0.582863628 
-12.326688934 12.791318867 -0.062378282 
-12.271035105 12.885210898 0.122644887 
2.329762378 18.395078742 -0.322860138 
1.888222895 18.414689070 0.911097911 
-11.859554378 13.751153345 0.060448073 
-12.175157227 13.048264373 -0.198265508 
1.785621796 18.451634420 -0.415592119 
1.695784219 18.497091383 -0.205526425 
-11.915538751 13.197345661 -1.446319151 
-12.186174931 12.958447269 -0.642078690 
1.755999326 18.451960159 -0.533306114 
1.615701776 18.502994140 -0.406096965 
-12.233809721 12.896685508 -0.636536367 
-12.381394716 12.693422326 -0.405091355 
-0.076508476 16.041153190 6.789839660 
-0.883408330 15.610140675 7.576866781 
-7.344275205 13.036200936 -7.239194178 
-7.509331596 13.014026131 -7.146533657 
0.267842634 16.283042778 6.366261004 
-0.210201797 16.063677407 6.810106868 
-7.594843107 12.889660316 -7.200220732 
-7.598558923 12.944853922 -7.155345715 
-0.981596236 15.580748459 7.627462786 
-0.977876104 15.658536401 7.566338912 
-7.729779181 12.770280375 -7.179216634 
-7.273119434 13.045051390 -7.291723900 
-0.937981875 15.618387380 7.611964184 
-1.532241872 15.299196945 8.068428892 
-7.647777307 12.863041251 -7.194128671 
-8.118278109 12.665065943 -7.020237158 
-0.678055865 15.941654265 -7.143835913 
-0.709204664 15.845907719 -7.311923109 
-10.021972119 12.134992315 5.752357846 
-9.673131894 12.285001107 6.012857892 
-0.709996685 15.963940600 -7.143547610 
-0.268993792 16.129199747 -6.799778744 
-9.887037626 12.177270950 5.890226222 
-9.575277170 12.270624363 6.131036479 
-0.843934208 15.822264231 -7.331048016 
-0.698099223 15.850107887 -7.266640366 
-9.882224474 12.114696304 5.926116802 
-10.301295619 11.978054587 5.541447184 
-0.984612097 15.743317286 -7.473489613 
-0.766066271 15.845219625 -7.299362583 
-10.190361463 11.930586855 5.703924524 
-10.023606033 12.079198854 5.783576860 
1.753556326 18.393634002 0.246001559 
1.567303406 18.588034720 -0.569722114 
-12.226599043 12.784002316 0.241802114 
-11.521517457 13.309615907 2.605921817 
1.482624801 18.524351030 0.608702153 
1.592936402 18.537026675 -0.151940046 
-11.985936688 13.168130890 1.591955201 
-12.373478655 12.587873837 -1.172474094 
-1.017672749 18.408331596 4.648124194 
0.565254428 19.432720704 -0.167879530 
-11.974940575 14.520081872 0.169456648 
-12.026235859 13.028663074 -2.669090678 
1.440633694 18.844307959 0.193849545 
0.047664507 17.292848056 5.249081500 
-11.954182451 14.449410868 -0.012879278 
-11.853854685 14.248262260 -0.648430514 
0.733681037 18.746922111 1.462623038 
2.010977143 17.987946969 0.157356207 
-12.300102617 12.926299142 -0.744625327 
-11.970137146 13.313922780 -1.753291088 
2.078673558 17.999683856 2.192971690 
2.354097572 18.036334147 1.014461227 
-12.572935168 12.210876514 -0.265222362 
-12.561815412 12.236194913 -0.252253580 
2.123806403 18.187234421 0.705271021 
2.502410826 17.953684946 0.974286252 
-12.670004066 11.689861613 0.339656092 
-12.729315820 11.670523615 0.035950784 
2.096676594 17.896118401 -1.788523245 
1.025923500 18.434092338 -2.338391481 
-11.886270610 12.185852862 3.294041754 
-11.661030792 12.807347745 3.521761617 
-0.091264713 15.160910836 7.787977788 
-3.729324604 13.705179013 9.374551487 
-10.024532025 11.806710731 -5.934222940 
-10.095386957 11.824646240 -6.138712793 
1.528506250 17.059074415 4.470910769 
0.655368957 16.742911097 5.527905949 
-7.565631880 14.111642444 -7.494094187 
-9.452566053 13.281556112 -6.385705985 
0.265798580 16.701947513 6.784278791 
-2.829809448 13.750576392 9.249235393 
-9.430528083 12.513497123 -6.568217535 
-9.665924293 12.049540057 -6.346173005 
-0.817255024 16.354163385 6.170575366 
-0.105850409 15.247868260 7.683990933 
-10.226434611 10.778111099 -6.123960479 
-6.999502565 12.896254045 -7.330451030 
-0.876985084 16.406395309 -7.211426585 
-0.444332160 15.751702549 -7.083219464 
-9.721641735 13.303672955 5.467635310 
-9.784702932 12.403663209 5.856239946 
-1.329988014 15.082589464 -7.661760359 
-2.149791997 15.295134355 -7.791020926 
-8.923948049 13.277009634 6.812458765 
-6.840672579 14.140657289 7.487491848 
1.009064091 18.537561634 -1.989810283 
0.521786354 18.217696625 -3.717373567 
-8.987534665 13.034408826 6.403967001 
-11.547336789 13.153299170 2.832490756 
-1.431729272 16.526314880 -7.073327723 
-0.284781118 17.547531539 -5.484012494 
-9.266086939 13.464384922 5.791425732 
-10.734203804 13.304437801 4.232187909 
2.167169917 18.074543246 -1.326892139 
2.175424926 18.047147318 -1.537807684 
-12.583769541 12.218297585 -0.008433603 
-12.659790082 12.125770421 -0.121613301 
0.839559870 16.773675687 5.166898588 
0.506651139 16.938042080 5.497035904 
-12.485913669 12.577608574 1.417687433 
-12.242420899 12.968099073 1.293007280 
1.894769722 17.854410866 2.319347869 
1.063513536 18.488016769 2.044683059 
-12.047169981 12.030338488 -3.086607468 
-11.435223022 12.864163890 -4.034293849 
1.809113572 18.438619600 -0.660708757 
2.506601053 17.918813850 -1.425048840 
-12.649223192 11.717898087 -0.627537476 
-12.750702234 11.655741351 -0.408074029 
1.423968758 18.572095063 -0.287915652 
1.679840707 18.504361893 -0.074355570 
-12.332391811 12.859253316 -0.748291346 
-12.097155222 12.356767995 2.221841478 
1.717401338 18.419021049 0.646699332 
1.623533370 18.572754163 0.467896951 
-12.277326114 12.708344800 0.384397214 
-12.257694218 12.934578241 -0.609942153 
1.502833294 18.820689024 0.979350152 
0.315336595 17.311748092 -5.077986609 
-11.880011205 14.527897060 0.408525178 
-11.780670340 14.322054297 1.032719876 
0.122923214 19.450830221 -1.079188941 
0.584179310 19.414436915 -0.486823085 
-11.970630020 14.540413120 0.281580321 
-11.623243974 15.245663393 0.396283390 
-0.288293076 16.302628428 6.541389263 
-2.086056048 15.200808730 7.823155846 
-8.285667260 12.889476117 -7.120385829 
-7.216536883 13.581688384 -7.479627662 
0.016109445 16.440223590 6.674891708 
-0.786035523 15.689147774 7.250065049 
-10.248276206 13.034462080 -5.141874501 
-9.298449179 12.550665610 -6.244746577 
-1.268845253 16.718305161 6.800761848 
-0.412720678 17.427430970 5.632123021 
-9.124894906 13.471169379 -5.902143016 
-9.876538489 13.204301959 -5.408685684 
0.546468563 18.706862654 2.231234644 
0.481243068 18.219253894 3.740509589 
-12.061800882 13.079133930 -0.804315403 
-11.616500212 13.112561419 -2.652900120 
1.366752936 17.035749630 -4.660809302 
0.146179212 16.655908970 -5.864541626 
-7.652984063 14.073423605 7.479738248 
-9.338394252 13.317778132 6.485166622 
-0.108309927 15.175899108 -7.819089873 
-4.061525753 13.574968161 -9.401044124 
-10.195858597 11.717138858 5.807131604 
-10.253071914 11.787253529 5.980846258 
0.734135500 16.215373448 -5.814406574 
-0.417925855 15.120900125 -7.953847561 
-10.377770521 10.683741531 6.001390979 
-7.407336148 12.743047018 7.229427770 
0.228143939 16.587740210 -7.010998815 
-2.933213733 13.649589547 -9.301801913 
-9.907663954 12.298450731 6.178192218 
-9.818999951 11.989212365 6.195608939 
2.922596127 17.349438996 -3.382788890 
1.844564962 18.415730144 -1.198513027 
-12.420751801 12.504894809 -0.026988286 
-12.194922847 13.023709570 0.284214384 
1.921972224 18.349001012 -1.840388083 
1.750153453 18.442519162 -1.538518168 
-12.294100465 12.730905000 -1.202130018 
-12.223013252 12.792729472 -1.411334017 
1.941298170 18.403648957 -0.897674677 
1.851576672 18.448856650 -0.992391327 
-12.342891288 12.770545782 -0.258295350 
-12.288733699 12.821638979 -0.258404139 
1.714633481 18.459239144 -1.452555037 
1.731476958 18.492543868 -0.730919056 
-12.284346851 12.850151881 -0.183689471 
-12.225762127 12.925885382 0.430322686 
1.957213489 18.438516676 -0.334701139 
1.828870465 18.502456868 -0.186253272 
-12.331760484 12.642337092 -1.356960472 
-12.286137232 12.785006325 -1.139440906 
1.800587452 18.497409147 1.103126741 
1.792694376 18.484035314 1.414869647 
-12.263010452 12.829857302 -1.177767924 
-12.297199640 12.767915308 -1.201983312 
2.032002502 18.402793988 -0.298515910 
1.877622220 18.451874192 -0.570299067 
-12.070117144 12.928467384 -1.813811318 
-12.125331519 12.928722356 -1.532568208 
1.965351417 18.411763079 -0.450128204 
2.111011224 18.401083639 0.364936170 
-12.252769247 12.845764990 -1.192256452 
-12.204721229 12.904181982 -1.226123442 
-0.596088776 16.089163183 6.965755184 
-0.851262905 15.877954074 7.298299089 
-9.448453279 12.263017467 -6.239473628 
-9.500856817 12.239365220 -6.223371252 
-0.667463921 15.987660699 7.099209724 
-0.719253281 15.862432004 7.245365511 
-10.212110147 12.055113337 -5.595509165 
-10.095578074 12.115237454 -5.686242144 
-0.480223572 16.143686284 6.893956079 
-0.514189328 16.018994575 7.011211768 
-9.966304148 11.976199127 -5.919351120 
-9.447769662 12.230119048 -6.256694219 
-0.422914368 16.042011380 6.915864812 
-0.184270664 16.183608933 6.698144464 
-9.289298763 12.410347979 -6.287089993 
-9.439917910 12.261668516 -6.253888634 
-1.930624204 15.190685086 -8.259865465 
-1.755346616 15.193794750 -8.195034543 
-8.646079342 12.452688886 6.788255225 
-8.824019716 12.355247009 6.708653595 
-1.933450255 15.076115934 -8.351919338 
-1.591157781 15.286786922 -8.085181404 
-8.355117939 12.611564577 6.880424581 
-8.798576940 12.423338870 6.674880104 
-1.803770153 15.101664130 -8.278740628 
-1.715060538 15.185908263 -8.199634478 
-8.633463332 12.504933757 6.774414090 
-8.432972822 12.614406703 6.852711364 
-1.941865242 15.088541048 -8.357802401 
-1.755839298 15.144623455 -8.257477297 
-8.825233967 12.447453299 6.671938285 
-8.219763577 12.613535166 7.005224064 
