-0.351743449 15.556048152 0.236126659 
-0.270032849 15.515115270 0.461682518 
-8.720709732 12.026710052 -1.537291128 
-8.690722905 12.105265674 -1.439161243 
-0.387074741 15.544516624 0.440312026 
-0.346111017 15.560422168 0.118160410 
-8.682173448 12.069623476 -1.618507897 
-8.621184779 12.085298619 -1.732294772 
-0.418137188 15.549323099 0.502396522 
-0.396244709 15.538593255 0.532986138 
-8.688510552 12.113022455 -1.358208036 
-8.656690466 12.146374242 -1.477197621 
-0.396823578 15.532008352 0.531958067 
-0.475803858 15.523443838 0.755333628 
-8.801372993 12.070957074 -1.081479943 
-8.755465371 12.126093065 -1.019168343 
-0.574447559 15.427873284 -1.318663110 
-0.471273611 15.477033659 -0.993021177 
-8.776052264 12.115453744 0.916828413 
-8.839335970 12.076962088 0.664166930 
-0.347411730 15.520918579 -0.470297491 
-0.318376997 15.499071177 -0.632970336 
-8.835793789 12.034452644 1.046406558 
-8.877701772 12.030367048 0.739414227 
-0.135552802 15.516057465 0.087702243 
-0.202251291 15.524615980 -0.112237610 
-8.779330896 12.113906502 0.927110140 
-8.810398455 12.035753515 1.041733550 
-0.209447668 15.530777746 0.018535022 
-0.221519763 15.521769433 -0.241581550 
-8.763457430 12.135305605 0.908904800 
-8.755229526 12.140616601 0.950898630 
-1.710744986 15.240423616 3.541160814 
-1.769305364 15.189522044 3.608520762 
-7.301585686 12.955534365 -3.301483097 
-7.301556590 12.934865814 -3.317963052 
-1.800203934 15.200063680 3.624064972 
-1.809734072 15.183140064 3.696164757 
-7.378093779 12.950171308 -3.206371729 
-7.581648230 12.844635522 -3.091341578 
-2.380482399 15.510101327 3.426123875 
-1.776161143 14.467088786 4.759115830 
-7.555760500 13.569249201 -2.277308846 
-7.574173694 12.623209403 -3.302981319 
-1.632293877 15.286374427 3.366713499 
-1.660400173 15.246252193 3.470403087 
-6.019978056 13.919438473 -3.229096233 
-7.123300662 12.980214268 -3.374005015 
-2.420562636 15.008201932 -4.134109875 
-2.382808252 15.015933107 -4.079010551 
-7.652508878 12.946760103 2.859360607 
-7.624974511 12.933011555 2.924221793 
-2.381069276 15.011767568 -4.140686247 
-2.385069964 14.974116346 -4.259431999 
-7.966460337 12.743260154 2.742929575 
-7.568254422 12.957204930 2.975363049 
-2.075134952 15.198617618 -3.737747096 
-1.974851088 15.829511225 -2.809285560 
-7.620170653 12.936627237 2.926524898 
-8.155609444 13.090980953 1.996867665 
-2.458802472 14.914848609 -4.345912070 
-2.319149767 15.005261641 -4.114979258 
-7.625683233 12.945647058 2.892443241 
-7.546233602 12.925468704 3.048251249 
-0.268979373 15.557559811 -0.072333185 
-0.360188546 15.574187457 -0.111509861 
-8.762410178 12.094463192 -1.121964748 
-8.818244441 12.003867015 -1.238719912 
-0.385713352 15.528839925 0.575868543 
-0.409305061 15.510168418 0.797334826 
-8.750033784 12.063922716 -1.360917450 
-8.795686098 12.045532538 -1.133398894 
-0.368891556 15.467474304 0.933501408 
-0.429971310 15.493006820 0.910575342 
-8.769572999 12.102991522 -1.084518838 
-8.798172127 12.075933825 -1.056726751 
-0.325852199 15.452397197 0.923027160 
-0.487168980 15.716491903 -0.522550374 
-8.792571001 11.981352430 -1.247448074 
-7.946902099 12.748035089 1.744875050 
-0.555933084 15.512915564 -0.813043280 
-0.542664231 15.519032666 -0.807360964 
-8.692680228 12.243519292 -0.172937648 
-8.830043196 12.116558188 0.101819538 
-0.510109942 15.469207092 -1.045678118 
-0.405351355 15.515896561 -0.614578630 
-8.686716813 12.242930650 -0.312556131 
-8.699900214 12.245219216 -0.149638784 
-0.033561465 15.486035203 0.532983047 
-0.346163588 15.519572290 -0.500641800 
-7.993582769 12.549907577 -1.522844983 
-8.174944178 12.800531765 -0.781114075 
-0.390653386 15.484911850 -0.815650550 
-0.943231546 15.731949566 0.244529603 
-8.669662973 12.244767283 -0.380942573 
-8.785804146 12.133872343 -0.013535468 
-2.352626182 15.033349849 4.054325737 
-2.218624241 15.092153165 3.898192240 
-7.755140336 12.754685708 -3.009337892 
-7.609020982 12.825009361 -3.114623625 
-1.949219049 15.243174270 3.559156966 
-1.787482958 15.232815081 3.547305962 
-7.720502720 12.718407107 -3.119111153 
-7.744575610 12.713841909 -3.104256800 
-1.798833843 15.394960294 3.156690934 
-1.718796482 15.401983603 3.157973938 
-7.612046666 12.789192369 -3.173500443 
-7.350134134 12.898869444 -3.324937670 
-1.882998962 15.199742216 3.712752005 
-1.827522122 15.273105349 3.484075046 
-7.578134158 12.764756870 -3.255582344 
-7.350531520 12.897071624 -3.339897879 
-2.390835672 14.954077798 -4.238976173 
-2.190232613 15.018117318 -4.123801100 
-7.709642911 12.859569828 2.926064223 
-7.621878014 12.896381984 2.999753098 
-2.326309759 15.101084233 -3.910363869 
-2.596525352 14.802524704 -4.541557409 
-7.562653022 12.941967486 3.000111466 
-7.734106933 12.826451453 2.935929077 
-2.484623468 14.896954944 -4.382092273 
-2.646850122 14.788714568 -4.603352232 
-7.359767904 12.952294732 3.238534699 
-7.412603682 12.970888994 3.146729812 
-2.507684612 14.943171237 -4.268944182 
-2.441107466 15.085965609 -4.012000346 
-7.591792612 12.851398336 3.109243080 
-7.394699772 12.985302180 3.145762808 
-0.348695438 15.551619456 -0.127831689 
-0.507145976 15.591003122 -0.555136849 
-8.676511539 12.252643156 -0.118308623 
-8.702552860 12.185890213 -0.795986203 
-0.394191096 15.565053816 -0.226396884 
-0.378471017 15.547386911 0.163274853 
-8.783348666 12.108406251 -0.691342126 
-8.746894960 12.109469931 -0.947276684 
-0.255349651 15.501619192 -1.366623855 
-0.202004842 15.513043502 -0.903826614 
-8.714366697 12.095205613 -1.238997081 
-8.780545247 12.089859141 -0.827357508 
-0.099855709 15.502545011 -0.575869570 
-0.296406448 15.535999353 -0.277979110 
-8.628499244 12.079491730 -1.588325768 
-8.744060811 12.119838414 -0.942478158 
-0.498520250 15.591578557 1.053510219 
-0.349909577 15.557944159 1.079362071 
-8.867680442 12.062057078 0.442933526 
-8.741563060 12.204235642 0.126897099 
-0.533920413 15.595029860 1.106088584 
-0.360332825 15.573210618 0.723277680 
-8.846531205 12.064805784 0.684606194 
-8.852478854 12.086401367 0.384832914 
-0.446889250 15.589835420 0.593833783 
-0.362144860 15.542061367 1.297963404 
-8.774384790 12.168098450 0.282543049 
-8.823190962 12.121504750 0.420595945 
-0.314157761 15.549670521 -0.009360023 
-0.375418117 15.565621556 0.081770824 
-8.916320261 12.009624651 0.439511216 
-8.813769545 12.124585495 0.461655017 
-1.865224648 15.105187488 3.783434894 
-2.088367224 15.079320364 3.883844740 
-7.892167820 12.740228768 -2.851407816 
-7.676171402 12.801484247 -3.061150617 
-1.926346591 15.052669604 3.956235572 
-1.640540336 14.957989843 3.835116101 
-7.755242964 12.779451609 -2.991331471 
-7.133624263 12.403992031 -3.810604290 
-2.197171899 15.014940171 4.050621575 
-2.040397187 15.100468341 3.858409229 
-7.737866946 12.753781702 -3.030152509 
-7.510247780 12.832128524 -3.220653146 
-1.893281524 15.201038635 3.620049137 
-1.965492429 15.180277958 3.692212874 
-7.672627060 12.781624630 -3.097681129 
-7.580592562 12.825594448 -3.152562534 
-2.643932833 14.591432500 -4.822354702 
-3.156002200 13.874732595 -5.601897909 
-7.016195095 14.423092441 1.714699203 
-7.469784366 14.244908390 1.240103351 
-2.620287852 14.597843241 -4.808009999 
-2.572508259 14.705578264 -4.590236439 
-6.553831760 13.153667893 3.593160362 
-7.186453828 12.802277414 3.465822784 
-2.991357861 14.486171995 -4.996258873 
-3.026543300 14.532703345 -4.886810502 
-7.197984795 12.914731516 3.338232479 
-7.185943302 12.967438438 3.294691613 
-2.803346063 14.591705148 -4.821586729 
-2.717615785 14.655535110 -4.712832704 
-7.142583568 12.949885751 3.351630639 
-7.093176407 12.929882324 3.443598268 
-1.969924101 15.078845832 -3.536211043 
-1.178659507 15.368479722 -2.432771044 
-8.838159953 12.314304703 0.483424652 
-7.547731048 12.759538156 3.060857063 
-0.438053490 15.537150004 -2.038881301 
-0.546475518 15.454762904 -2.572705286 
-8.797887506 12.155110162 -0.627993852 
-8.851294950 12.074368121 -0.489068801 
-0.244111712 15.596659008 -2.357383462 
-0.446424811 15.955866565 0.431427555 
-7.758672507 13.393492000 -1.255169189 
-8.326420203 12.716728985 -1.036746029 
-1.123049466 14.952492104 2.490511940 
-2.641839085 14.261380649 4.003467392 
-7.686167767 12.942694531 -3.153872601 
-7.908477039 12.559592757 -3.122127343 
-0.198988425 15.574748024 0.181880617 
-0.350386892 15.595210937 0.572479747 
-8.726100915 12.176426756 1.029113272 
-8.796511955 12.080763529 1.049300673 
-0.487912467 15.598125268 -0.406410301 
-0.505865657 15.564270830 -0.753111859 
-8.849456377 12.093025208 0.858879005 
-8.852386671 12.082191577 0.897471641 
-0.991332008 15.828099290 0.079893086 
-0.650512681 15.770472614 0.376222794 
-7.324273700 13.318668937 -1.913502995 
-8.743047839 12.620144075 1.199189366 
-0.287202346 15.438807551 -0.666995277 
-0.400886282 15.309365497 -1.412433023 
-8.611090239 12.034770328 1.584205779 
-8.703198827 12.003452897 1.338459810 
-0.527514609 15.965240459 2.327265760 
-1.744728547 15.011305404 4.428673046 
-6.187041482 14.062410673 -2.436168033 
-5.422123514 13.487508960 -3.612801617 
-1.442492080 14.850510814 3.737548572 
-1.281108157 15.680391905 2.693468666 
-9.053801483 11.769068169 -1.897042983 
-8.212946665 12.746286017 -2.188214520 
-1.689390931 15.088533541 3.733650112 
-1.666593984 15.017310523 3.777303878 
-7.157891708 12.769786650 -3.569148996 
-7.784465976 12.890438928 -2.834932290 
-1.957235926 15.140543813 3.610072996 
-1.774874246 15.249166437 3.451233404 
-6.807161369 13.077177075 -3.632791301 
-7.151478383 12.881775001 -3.463900976 
-2.718538647 15.532901047 -2.761700393 
0.577369212 14.803917492 -1.759955602 
-5.590598015 14.316862052 3.084750274 
-7.927824964 11.929707640 2.994295069 
-1.230555510 14.788304195 -3.615334451 
-1.222071042 14.700082384 -3.793246700 
-7.421550376 11.919177104 3.609059441 
-7.623635944 11.839687924 3.452645022 
-0.878043206 15.765881517 -1.940350875 
-1.295666967 15.529300126 -3.183785125 
-8.133547105 12.520481814 2.576122149 
-7.622158302 12.156251855 3.270641959 
-2.630899715 14.698920804 -4.915536127 
-1.803722642 15.098926835 -3.797558126 
-8.289508533 12.479547621 2.424210602 
-7.789457288 12.413405597 3.039116070 
-0.234215193 15.316230622 0.649509162 
-0.465170969 15.123987884 1.313735625 
-8.459544675 12.092266893 -1.212702065 
-8.556841021 11.963392323 -1.087532737 
-1.305078701 14.999930305 -4.064425669 
-1.429463512 15.893197940 -0.934732307 
-8.135414193 12.286561119 1.930375149 
-8.370101124 13.050600336 -0.973500293 
-0.524668737 15.176558187 1.619467669 
-0.150734302 15.226941582 0.944926548 
-8.208218479 12.156036638 -2.423072378 
-8.510364355 11.992502778 -1.953736950 
-0.574379690 14.944519354 1.988798383 
-0.297709794 15.041060161 1.414454934 
-8.311314393 12.033683108 -2.239156468 
-8.491651477 11.997919282 -1.782824287 
-2.602537224 15.683040437 -1.718960742 
0.151129896 15.239396447 -0.231911426 
-6.842054265 13.683395987 -1.241853875 
-8.751186089 12.067055394 0.740681883 
-0.364218723 15.034277833 -1.752619346 
-0.007524494 15.045636539 -0.862277923 
-8.829245435 11.511663721 1.367412591 
-8.785974471 11.799470016 0.770453027 
-0.208735228 15.181653378 -1.204684326 
-0.515917021 15.076119179 -2.046461134 
-8.701317279 11.992886027 0.847008531 
-8.713031722 11.890230095 1.543009153 
-0.698789746 15.138056761 -2.256587178 
-0.634632228 15.148808579 -2.200384040 
-8.769922465 11.652121851 1.405051356 
-8.741277842 11.673687421 1.386524026 
-2.052742347 15.083724074 3.928849612 
-2.480841291 14.745106223 4.689278698 
-6.978221789 13.042112746 -3.529102315 
-6.678775850 13.047920904 -3.797860029 
-1.932280740 14.972926755 3.855015941 
-2.087480043 14.884371597 4.075119049 
-7.108841919 12.795371722 -3.501215434 
-7.388015534 12.722724512 -3.250649881 
-2.033417732 14.943196519 4.087770921 
-2.470498013 14.715477645 4.562277605 
-6.167180980 13.240699430 -3.828711270 
-5.806051292 13.560340372 -3.621981282 
-2.528152868 14.863773152 4.289562201 
-2.539518774 14.831372330 4.447733007 
-6.320995675 13.259384670 -3.732865077 
-6.623589577 13.142406961 -3.645769486 
-1.680228824 15.374051070 -3.310210826 
-1.996375893 15.205426253 -3.708005709 
-7.627802989 12.892758898 3.023415029 
-7.381959461 12.987549644 3.145889773 
-1.789928956 15.204729919 -3.668683980 
-2.060616192 15.114510843 -3.817015894 
-6.933234911 13.124042438 3.483631831 
-7.346506588 12.912506040 3.312147656 
-2.143115805 15.172413605 -3.743274368 
-2.068567283 15.225175169 -3.615198617 
-7.463073232 12.872689059 3.256090721 
-7.466293082 12.894519678 3.204725094 
-1.797400988 15.348534786 -3.302969263 
-1.755187948 15.333378597 -3.328006515 
-7.638821977 12.836755766 3.044847392 
-7.407176579 12.936010985 3.188908158 
-0.522373626 15.436619519 1.323540794 
-0.362080555 15.253151689 1.861749789 
-8.793764708 12.144505069 -0.545551573 
-8.754514027 12.110610051 -1.124464076 
-1.202135921 16.019250364 0.671776909 
-0.568435029 15.491947786 1.050497437 
-8.752067635 12.214189218 -0.170735415 
-8.758585767 12.203902026 -0.242475850 
-1.031958236 15.330135999 2.258217081 
-0.340753917 15.551742283 0.130847300 
-8.899784213 11.954087821 -0.929495741 
-8.837763709 12.078470083 -0.638177495 
-0.437939535 15.572675155 0.181319642 
-0.387182886 15.583513510 -0.263786430 
-8.862734054 11.999452558 -0.951570489 
-8.849265373 12.020186288 -1.024844750 
-2.127823938 14.468502385 -4.407079551 
-1.335570629 14.723652764 -3.394142679 
-8.578149089 12.128889993 1.462047697 
-8.614520466 12.047819881 1.572208606 
-1.572487235 15.403259316 -2.609316391 
-1.137769092 15.123904032 -2.624445735 
-9.053238031 11.871178946 1.104865010 
-6.665578739 12.366080326 3.774341921 
-0.396475868 14.983813266 -2.356966190 
-0.356445552 15.446956515 -0.741708289 
-8.684831466 12.058043091 1.264705832 
-8.681472786 12.119445557 1.004853503 
-0.549367278 14.999826732 -2.376714995 
-0.759482549 14.916377656 -2.723717032 
-8.680222248 12.007918869 1.434138009 
-8.785609683 11.990887066 0.983849063 
-2.296920717 15.682500914 2.449536842 
-2.054748853 15.620290498 2.405865566 
-6.603318518 13.614083294 -3.216570358 
-5.730047983 13.698325139 -3.426877846 
-3.940616450 13.474820286 5.844957947 
-3.660836982 13.517440226 5.923970079 
-4.591225834 13.934467007 -3.517964544 
-4.994978230 13.670691095 -3.681230135 
-3.368134654 13.599128280 5.647718279 
-3.427998839 13.625517823 5.677187934 
-7.115904908 12.454547812 -3.840258294 
-7.216539678 12.493876348 -3.830219600 
-4.726889630 13.456687784 5.900490019 
-4.913964243 13.380376715 5.899389372 
-8.744441815 12.087598398 -1.431254291 
-8.787168391 12.057559975 -1.496315130 
-2.326293853 14.624796102 -4.124762007 
-2.675006902 14.275914191 -5.021562119 
-5.929096170 13.531079307 3.412699439 
-6.101592899 12.932560015 4.007738925 
-1.708646802 15.705689610 -2.332845899 
-1.656924618 15.371059063 -3.174458116 
-7.736541673 12.848131906 2.890601205 
-7.632311498 12.863177589 3.019154777 
-1.311239258 15.594957278 -2.207368630 
-1.862366964 15.269431526 -3.467820795 
-7.981081025 12.919246901 2.497822920 
-8.327055715 12.807057224 1.864369218 
-1.872637942 15.249794594 -3.515767533 
-1.771596793 15.380372471 -3.363148094 
-7.830733132 12.806988046 2.825651653 
-7.936594587 12.801972183 2.670694425 
-1.086140658 15.132903916 2.662891073 
-1.085818923 15.105634547 2.723660562 
-8.531390859 12.214183394 -1.171353322 
-8.497789489 12.178578878 -0.755940507 
-1.012070654 14.599412042 3.223148235 
-0.854643141 14.818516723 2.858021950 
-8.306640649 11.897014548 -2.447475535 
-8.330430798 11.851792480 -2.498672525 
-1.252344742 15.898005562 -0.372667489 
-0.258095020 15.498774072 -1.036709816 
-7.937294224 13.452414937 -0.753161862 
-8.538841562 12.084256710 -1.819308198 
-0.502591026 15.736357223 -0.480896246 
-0.445072487 15.686705398 -0.904362085 
-8.548814983 12.760350797 1.194128900 
-8.169777237 11.913014409 -2.694975614 
-0.437407778 15.043094555 -1.871959038 
-0.452296338 15.032265758 -1.907235818 
-8.685266198 11.817028941 1.025886229 
-8.700423807 11.831766052 0.615329006 
-0.275588844 15.298746646 1.764336881 
-0.775401467 14.518734149 -4.110729967 
-8.480963530 11.899939461 1.373986677 
-8.731841820 10.908246829 1.370893223 
-0.282453044 15.381944441 -0.196440683 
-0.267555982 15.562804055 0.327151003 
-8.710610245 11.997719633 0.404340906 
-8.841270208 12.058207994 0.864820762 
-2.112559245 15.939991081 -0.221420867 
-1.106274997 15.490106327 -1.689531908 
-8.761356313 12.246602111 0.422575311 
-8.750279325 11.974645686 0.990239729 
-1.296960416 15.493974426 2.684767584 
-1.155542449 15.460806267 2.733781314 
-7.116483219 12.851329497 -3.582157129 
-7.486999568 12.691897988 -3.382973787 
-1.456478301 15.459014661 2.867134707 
-1.774635729 15.309992170 3.286211584 
-7.252104222 12.897826190 -3.407768860 
-7.207871302 12.946445844 -3.389192379 
-1.427764583 15.432691365 3.099048293 
-1.215911966 15.683372438 2.871699917 
-7.558645623 12.867052329 -3.178176511 
-8.362211543 13.028327805 -1.499938196 
-1.422125258 15.791242805 2.156559001 
-1.294556356 15.685023394 2.448656094 
-8.002033651 12.864885313 -2.575475768 
-8.197132911 12.733356020 -2.430938785 
-1.996577510 15.127481396 -3.663319281 
-2.342071773 14.878241697 -4.269221176 
-7.328534306 12.771430305 3.420689121 
-7.246276668 12.860121066 3.378991072 
-1.913042437 15.193955584 -3.400673326 
-2.334548095 14.960936931 -4.004692399 
-7.709759298 12.676008750 3.054461863 
-7.829238307 12.545357161 3.097561319 
-3.557275992 14.701216436 -5.065474430 
-3.285866804 14.265034065 -5.095588886 
-4.877318760 14.027249262 3.596612694 
-6.267858298 13.600540790 3.318135699 
-1.543749453 15.247469056 -2.954770501 
-4.408482884 14.705637994 -4.614293685 
-6.593367025 13.222241503 3.327651985 
-4.270228244 14.858680177 2.796079203 
-0.698693003 15.685917728 1.259657512 
-0.355107707 15.260907602 1.367894581 
-8.892899601 11.903256701 -0.538083240 
-8.975455888 11.778464410 -0.633952875 
-1.941566606 16.155364482 -0.252300493 
-2.192194775 16.165661698 -0.635607453 
-6.129691718 14.492875725 1.401459157 
-5.791955704 14.088518741 2.695543188 
-0.123956971 15.408277061 0.767850019 
-0.164798938 15.386293446 0.980949514 
-8.892271248 11.636979955 -1.347269360 
-8.275719554 12.285092122 -1.654959098 
-0.382732058 15.285767050 1.499305262 
-0.303942289 15.327906344 1.156355997 
-8.763102325 11.840183332 -1.753841713 
-8.640871340 11.946764030 -1.889940205 
-1.040235734 15.741609646 2.465785077 
-1.042802171 15.798025455 0.387236353 
-7.653552659 13.465653109 -1.192293847 
-8.712011605 12.430855103 0.135521890 
-0.170903308 15.438718591 -0.321013341 
-0.345721153 15.302722924 -1.004551774 
-8.570566794 12.149077810 0.965903774 
-8.649558489 12.046376073 0.554741203 
-0.239582543 15.187423017 -1.039678877 
-0.495833325 15.162020602 -1.510565541 
-8.567276282 12.092845472 0.276390494 
-8.652168626 11.989859711 0.573432009 
0.065047301 15.272640222 -0.957659955 
-0.491111592 15.265950064 -1.552864073 
-8.664075655 12.144805976 0.308591212 
-8.665797050 12.114659240 1.050883406 
-1.897759889 15.229997095 3.468181181 
-1.875788188 15.095329577 3.771000147 
-7.009148141 13.052910611 -3.402195988 
-7.293934843 12.923516848 -3.373173892 
-1.405036183 15.391903257 3.024646665 
-1.659950221 15.276123128 3.375529729 
-7.571405905 12.839583210 -3.086642140 
-7.636597408 12.803234030 -3.022189999 
-1.963447576 15.162551189 3.638183846 
-2.010057774 15.040436323 3.920380902 
-7.498003899 12.726966882 -3.267228734 
-7.818655814 12.648349537 -2.954775934 
-1.696603784 15.185179835 3.498078527 
-1.694024191 15.096785884 3.698919229 
-7.399530496 12.770173298 -3.325780273 
-7.477575548 12.804346348 -3.173731691 
-1.885566567 14.907827046 -3.986033853 
-2.064763725 14.963107411 -3.955521821 
-6.709776128 12.850510975 3.800731568 
-7.340130608 12.673112307 3.451592602 
-2.418473280 14.773272935 -4.487151836 
-2.450591520 14.792844544 -4.485115181 
-6.429281462 13.131423797 3.773398155 
-6.744686204 13.026375484 3.667681775 
-2.397738659 14.905027011 -4.209109079 
-2.474643349 14.803143040 -4.433845153 
-7.141322410 12.834811020 3.543264702 
-7.200433761 12.864351946 3.435120966 
-2.318765444 14.703893824 -4.539267910 
-2.391942601 14.754743346 -4.434356470 
-7.148922131 12.784145309 3.577560172 
-7.014608004 12.836658678 3.626854286 
-0.509932904 15.425508778 1.203583960 
-0.323054973 15.485513696 0.663523234 
-8.770566648 12.166666474 0.063702297 
-8.739020600 12.215402862 -0.212354036 
-0.388726926 15.555891010 -0.527988908 
-0.372540616 15.537204513 -1.026275338 
-8.684151123 12.222918886 0.047892809 
-8.781155829 12.118208609 -0.444513482 
-1.489763516 15.790477589 1.808845313 
-2.306063367 15.520773852 2.730347148 
-8.671412496 12.529749219 -0.427132025 
-8.066119211 13.391835528 -1.431451358 
-0.490265567 15.795716774 -0.044258650 
-0.791071203 15.878825717 -0.067441694 
-8.471018863 13.166010292 0.084285141 
-8.223316277 13.347221086 0.252210647 
-0.482337055 15.157465782 2.805064384 
-0.882919657 15.639366890 0.422461909 
-9.369590900 11.232079054 1.228089272 
-7.806321903 13.158909599 1.727726933 
-0.461219053 15.319106954 2.485743968 
-0.552115530 15.339864859 2.468029994 
-8.892273836 11.753405290 0.075008487 
-8.873591031 11.822051906 -0.298635293 
-1.139308187 15.710054349 -0.783322166 
0.270635188 15.253240832 1.487710397 
-8.984091034 11.867215446 0.444670839 
-9.006293800 11.736320055 -0.180381153 
0.293740170 15.478948623 -0.124239235 
-0.234090645 15.753480226 -0.633321782 
-8.250020407 13.567960360 1.621543811 
-8.410339025 12.926200511 2.482554425 
-1.168142163 15.518432306 2.966818006 
-1.242651181 15.420273711 3.370991195 
-7.311953167 13.380122871 -2.675097792 
-7.237958039 13.349267033 -2.805255894 
-1.652637569 15.563400415 1.954212254 
-2.732687291 14.849464580 4.667000172 
-4.635811763 14.020971962 -3.388353459 
-6.358396137 13.625684145 -3.052166678 
-1.883994996 15.120524040 3.641982080 
-2.621403063 14.872179208 3.809456248 
-7.000262447 12.390897246 -3.740263276 
-7.409869509 11.575237064 -3.912269023 
-1.307931710 15.241378944 3.689759781 
-1.135669715 15.308311698 3.484284835 
-8.084039140 12.976158918 -2.501462824 
-8.085010601 13.016008790 -2.486033845 
-2.018654687 15.162304361 -3.852378493 
-2.015344260 15.172913715 -3.837106406 
-7.541539005 12.959470598 3.012141959 
-7.312717662 12.941476897 3.321429191 
-2.071282438 15.209253811 -3.741305062 
-1.826321289 14.916825562 -4.284328134 
-7.626882286 12.852789747 3.070343223 
-7.999251742 12.715410728 2.744730109 
-3.144890368 14.776252424 -4.201688441 
-3.200757153 14.513103450 -4.451376646 
-6.501930590 13.062265377 3.713261035 
-6.242464786 13.131485859 3.787216817 
-2.084491950 15.956448440 -2.623903162 
-2.612391128 14.652925811 -4.327528685 
-7.656067494 13.344585511 2.336823240 
-8.009179808 13.259527202 2.265827529 
-0.172855761 15.502334891 -0.071495221 
0.199693762 15.437225729 -0.121091282 
-8.875348689 12.030604498 -0.704669245 
-8.798204840 12.102177646 -0.834219575 
-1.034637766 16.032897990 0.121871308 
-0.263875248 15.542224308 -0.156699244 
-8.806059281 12.120218287 -0.551741945 
-8.799497858 12.112754325 -0.722239036 
-0.277536883 15.561188630 -0.521563138 
-0.320066033 15.540199554 0.249043305 
-8.912016443 11.957374272 -0.811095449 
-8.836133259 12.084056549 -0.510057765 
-0.426502829 15.554382133 0.300424966 
-0.066772258 15.503918493 -0.231270588 
-8.777289236 12.061877930 -1.113150971 
-8.812762701 12.008428862 -1.179821156 
-0.298288941 15.134759280 -1.650474269 
-0.519410022 15.513576901 -0.505754853 
-8.642141548 12.080689135 1.374899637 
-8.636692098 12.146945727 1.140600979 
-0.375956353 15.395620429 -1.139984313 
-0.402152107 15.407489672 -1.018189399 
-8.525754452 12.124459366 1.658265808 
-7.109212354 12.379788525 3.389465698 
-0.323971414 15.436274245 -0.778362516 
-0.398318785 15.339943923 -1.449733406 
-8.668105125 12.088916136 1.189779416 
-8.700519150 12.060687865 1.122382389 
-0.348599091 15.417710775 -0.987884152 
-0.427335246 15.437919287 -0.929558663 
-8.665698259 11.988108064 1.553517445 
-8.716987785 11.966895453 1.413738654 
-1.052333308 15.790269467 1.119048848 
-1.972736058 14.504715648 4.814875086 
-4.407864768 15.008411637 -3.237539210 
-6.457597983 13.191037091 -3.528570244 
-1.631130832 15.827335943 2.605347459 
-2.305567544 16.115447208 2.884718428 
-5.180396176 13.899979390 -3.532495356 
-5.997383491 13.201977011 -3.966233311 
-2.967278401 13.885669537 5.359208798 
-2.783815233 14.011652742 5.166074268 
-6.785702013 12.711645645 -3.961597707 
-6.921532141 12.651126420 -3.837269768 
-1.877571727 14.784887523 4.263759275 
-2.751690495 14.428128713 4.940679146 
-8.199753055 12.331938804 -2.648228274 
-8.133639966 12.357831294 -2.703675458 
-1.725411266 15.284120073 -3.418386568 
-1.673306205 15.301308942 -3.405662382 
-7.700637865 12.708266380 2.794843252 
-8.432430951 12.077481734 1.861902012 
-1.600180655 15.303860834 -3.316403317 
-1.595175363 15.434906215 -3.032350366 
-8.014343448 12.770833835 2.618499433 
-7.936396389 12.752351061 2.757775194 
-1.769915991 15.190531207 -3.667894135 
-1.751105404 15.222577537 -3.578638817 
-8.605414115 12.591042846 1.744197375 
-8.302517396 12.611095579 2.368069440 
-1.899701921 15.227382420 -3.604873166 
-1.862902380 15.243382553 -3.543294275 
-8.221417632 12.684615236 2.397235730 
-8.082620501 12.778605860 2.476448154 
-0.391554023 15.578751566 0.611386485 
0.144159836 15.368473628 -0.221363844 
-8.499876803 12.326983268 -1.690808199 
-8.372564033 12.284820076 -0.772716466 
-0.073206689 15.115238305 1.338597566 
-0.140254637 15.083808215 1.521096445 
-8.669207455 11.726391527 -1.889060900 
-8.730218753 11.693059242 -1.740912678 
0.031397852 15.156695218 0.731119310 
0.334929546 14.973197977 0.738810346 
-8.842838266 11.663266413 -1.032619322 
-8.551289184 11.806591613 -2.142424488 
-0.968789562 15.605056484 -1.466400402 
-0.868674688 15.653997724 0.165797296 
-7.636073079 13.273917747 1.420791939 
-8.752534901 11.249570483 -0.163081222 
-0.491403182 15.062782356 -1.780224626 
-0.534575232 15.107376254 -1.649843208 
-8.387684913 12.101236458 -0.354845213 
-8.570220266 11.872525161 1.395408736 
-0.732778504 15.012419202 -2.370613558 
-0.734314151 15.030513946 -2.335614733 
-8.668579047 11.795090698 0.908087412 
-8.627888522 11.901819137 1.384810820 
-0.491273902 15.682190181 -1.204920472 
-0.556192478 15.930233927 -0.454038605 
-8.591050913 12.597468691 -0.027230156 
-8.591200230 13.039009589 1.156839419 
-0.666159238 15.805737002 -0.403191014 
-0.533635201 15.780232623 0.749479031 
-8.398880100 12.761027728 -0.969328310 
-8.757538758 12.502902491 -0.042059312 
-2.303958240 15.113653202 3.820671378 
-2.276705392 15.171068453 3.658326118 
-6.369259658 13.311466540 -3.584592691 
-6.517590587 13.150894187 -3.705513605 
-1.922097776 15.285521234 3.423529062 
-2.220319260 15.133753649 3.774755235 
-7.187604499 12.901411106 -3.477018925 
-6.707630809 13.134101686 -3.626661323 
-2.286879755 15.121221506 3.812147282 
-2.508823510 14.945495377 4.094837403 
-6.832836091 13.157020223 -3.526836390 
-6.923373242 13.043455999 -3.564438844 
-1.563329803 15.682569795 2.599600126 
-2.116633790 16.167737227 2.059950141 
-7.284132926 13.181777162 -3.036682961 
-7.853348815 13.917595208 -1.602651734 
-2.045774407 15.100458577 -3.753939301 
-2.344444319 14.875036142 -4.238769575 
-7.770109031 12.620298458 3.082364495 
-7.418615017 12.753003431 3.325439480 
-2.452059807 14.782390655 -4.410636109 
-2.299962068 14.802010512 -4.375151666 
-7.829851066 12.571499929 3.070085647 
-7.722047436 12.607754726 3.151784335 
-2.108124719 14.752765801 -4.275382998 
-2.123129275 14.813335956 -4.018928968 
-6.915117790 12.781445975 3.609827041 
-6.980104940 12.703332045 3.597082496 
-2.340454072 14.927861071 -4.179967933 
-2.666803373 15.367983134 -3.278973010 
-6.925269477 12.977101764 3.576772550 
-7.117852668 13.697812103 2.733236299 
-0.483816378 15.423081388 -2.049666188 
-0.231984096 15.450661458 -1.149461929 
-8.699179966 11.896941347 -0.888399684 
-8.673822720 12.019169964 -0.735270909 
-1.273414963 16.004535171 0.269949293 
-2.105990381 16.182130117 -0.703514002 
-8.243436756 12.972686960 -0.966875661 
-5.650849294 14.163796988 2.567945037 
-0.063012262 15.387149179 -1.354823423 
-0.045777636 15.403782949 -0.858593649 
-8.605442241 11.897688687 -1.397875043 
-8.689431468 11.984960400 -0.887140722 
-0.360195467 15.380666907 -2.116895596 
-0.320924141 15.409359718 -1.839499851 
-8.787905425 11.821408540 -0.664882055 
-8.808610866 11.843817657 -0.477546279 
-0.358288938 15.519900580 -0.361118989 
-0.284673668 15.523867517 -0.144354478 
-8.678181305 12.258472217 -0.217974987 
-8.543719519 12.365119326 -0.375063113 
-0.375560254 15.522887732 -0.512245585 
-0.384770658 15.570543262 0.082202245 
-8.692372343 12.262671548 -0.023059704 
-8.747695470 12.185171521 0.033088477 
-0.465174763 15.579499490 0.117887006 
-0.414998656 15.569321882 0.093855462 
-8.874504390 12.055484353 0.327618365 
-9.047529935 11.856143860 0.035873259 
-0.407472274 15.521358264 -0.452410184 
-0.301949899 15.565143144 0.708610715 
-8.778854358 12.165475331 0.137382340 
-8.721229380 12.241497759 0.077627145 
-2.727398083 14.806922332 4.539861149 
-2.216290261 15.158272125 3.757334538 
-7.888922362 12.616349314 -3.008721844 
-7.523380903 12.783218464 -3.258898788 
-2.591197208 14.931911024 4.253823987 
-2.416845477 15.021081059 4.022634224 
-7.793424681 12.736780247 -2.928145720 
-7.545740541 12.837958591 -3.135127317 
-1.503246195 16.042581865 2.177625301 
-2.559515248 14.693996187 4.592429783 
-7.649224874 12.817025699 -3.059762736 
-8.436130936 12.863431538 -1.721543145 
-2.802927643 14.835703072 4.431414380 
-2.791362016 14.823726324 4.396774073 
-7.477344609 12.893901158 -3.162930402 
-7.370365793 12.886461967 -3.287091599 
-3.268329294 14.276021953 -5.294492929 
-3.339874184 14.292097288 -5.275954915 
-7.472849690 12.731086123 3.329905769 
-7.443560673 12.780221614 3.297624398 
-2.602228521 14.625097573 -4.867403193 
-2.547406431 14.613557859 -4.902511187 
-7.437611291 12.702110921 3.342555802 
-7.591046252 12.975376951 2.986957354 
-2.069755262 15.288279192 -3.854695019 
-2.135710542 15.323264831 -3.588859842 
-8.044508488 12.141199771 2.745711735 
-8.313632201 12.098434757 3.070564976 
-2.654188579 14.477501033 -5.051832139 
-2.528135770 14.595717755 -4.830549887 
-7.656596979 12.648335621 3.203432536 
-7.454839555 12.754266280 3.299412251 
-0.283484257 15.465159609 0.290005550 
-0.475905119 15.314564498 0.986923706 
-8.571370836 12.158732461 -0.615366491 
-8.568834525 12.194646786 0.068644734 
-0.609376063 14.943912388 -3.999874232 
-1.006795586 15.820207604 -0.063489234 
-8.536928528 11.700913666 1.716377912 
-8.655399110 12.433507535 0.127534935 
-0.163406063 15.305168245 0.910233983 
-0.244102860 15.325787944 0.893330468 
-8.693845439 12.070611570 -1.131689898 
-8.666452591 12.049296867 -1.424409715 
-0.147776699 15.183781278 0.883648966 
-0.178308365 15.202330096 0.887351774 
-8.664427057 11.999114735 -0.967706802 
-8.525987061 12.013452908 -1.659234495 
-2.020110615 16.179402082 0.522821385 
-2.175926598 16.169519729 0.926666583 
-6.616296318 14.401508100 -0.972292493 
-5.783171063 14.143374411 -2.555842166 
-0.679508033 15.724065431 -1.010688893 
-0.669488477 15.619138832 -0.756009391 
-8.674638508 12.452163476 1.671072766 
-8.425436398 12.851213496 -0.028241131 
-0.254648528 15.297769290 -1.264499127 
-0.355494235 15.263255929 -1.553676388 
-8.741121107 11.989442586 0.876078314 
-8.752200167 11.890100244 1.552427445 
-0.576933297 15.268307685 -2.049629150 
-0.425409048 15.317334994 -1.687495258 
-8.554221499 12.052615999 1.779349699 
-8.528208905 12.007353399 1.934043250 
-2.464757739 14.780905153 4.438053588 
-2.250099720 14.886554883 4.217033220 
-6.631506848 13.072183251 -3.701379413 
-6.258956500 13.197828876 -3.820876765 
-2.370483124 14.737438820 4.413102299 
-1.976093517 14.888852633 4.072803698 
-6.377769674 13.009402510 -3.852625632 
-7.598600304 12.622259857 -3.200043614 
-2.174841771 14.979728522 3.951785655 
-2.358947036 14.790155808 4.355505689 
-6.165147165 13.130004300 -3.933058492 
-6.481155012 13.052802595 -3.801747372 
-2.242204984 14.950173596 4.096642427 
-2.782156739 14.835383112 4.328289935 
-6.761775086 13.037073496 -3.629787278 
-6.377046110 13.228731462 -3.684338210 
-1.457554275 15.342090921 -3.245557208 
-1.019063238 15.477357848 -2.645847600 
-7.609757558 12.786130116 3.094751000 
-7.430748351 12.786195810 3.292912465 
-1.770516959 15.250536857 -3.416173696 
-1.902345088 15.100390619 -3.781120023 
-7.288347158 12.914337401 3.277350297 
-7.476578506 12.791304817 3.305940839 
-1.494070819 15.293148588 -3.168141231 
-2.421891260 14.865925116 -4.251907853 
-7.277052910 12.887428516 3.303617938 
-7.699531716 12.632405980 3.150399353 
-2.015942068 15.037451081 -3.881039386 
-1.947685967 15.101839685 -3.747094606 
-7.550157952 12.750810118 3.170200352 
-7.382147170 12.848473515 3.238496253 
-0.355421967 15.519352053 0.229346068 
0.166085764 15.128880870 -0.215749326 
-8.759055291 12.112076768 -0.726569968 
-8.744217310 11.624789479 -0.995439563 
-0.607446165 15.593778100 0.663142099 
-0.555913575 15.550179954 1.060514515 
-8.724281605 12.265114757 -0.621255747 
-8.748869855 12.287649708 -0.197679454 
-0.325859121 15.574843788 -0.341083535 
-0.493475174 15.582643482 0.214834826 
-8.757759352 12.210641721 -0.185977994 
-8.799186386 12.161259446 -0.399264373 
-0.219025546 15.516345900 -0.133961138 
-0.245919539 15.514358792 -0.900952232 
-8.722894192 12.093806098 -1.195726114 
-8.730047071 12.076526655 -1.223036697 
-0.431631087 15.436877115 -0.611304736 
-0.445877437 15.390151073 -0.916546174 
-8.593383206 12.080649396 1.301831174 
-8.737128530 11.921153188 1.218480096 
-0.425001927 15.447457694 -0.756574707 
-2.670256499 14.289638999 -5.177053678 
-6.624468226 13.085688512 3.742095536 
-7.533985049 13.659043704 2.392980353 
-0.549090152 15.474551793 -0.734676263 
-0.463306129 15.402707699 -1.147958895 
-8.582662055 11.997218437 1.816015206 
-8.694936708 11.965507484 1.520446977 
-0.368083224 15.436567685 -0.611086359 
-0.574138021 15.289319544 -1.656886944 
-8.696130357 11.884312035 1.699716824 
-8.750398003 11.938061226 1.303575466 
-1.456083210 16.222299649 -1.111286859 
-2.883714074 16.219619954 1.398390235 
-8.942618735 12.907712888 0.005323825 
-9.057918813 11.862324954 -1.999045351 
-1.447263321 14.947371729 3.633564702 
-1.411914484 14.979016296 3.522331242 
-7.680167972 12.868721179 -2.848567185 
-7.657258048 12.844176321 -2.910109576 
-1.206032736 15.142300425 2.799890979 
-1.314378598 15.098124011 2.982393454 
-3.539652300 13.768832444 -3.615862325 
-4.866319419 13.787770878 -3.482327384 
-1.285206287 15.583687132 2.900996677 
-2.548369147 15.037640369 3.915245837 
-7.522541862 12.808499609 -3.107285037 
-6.432221312 13.686970563 -3.623915504 
-1.795437266 16.214840593 -0.734639082 
-0.664538166 15.759636555 0.361257715 
-7.714828296 13.745446814 1.285645849 
-6.706035238 13.175562086 3.460224773 
-3.752896921 15.957252828 -2.907543319 
-2.811136990 15.184853798 -3.686966430 
-7.636673281 13.522343639 2.600676142 
-6.900132440 13.241238516 3.593738886 
-2.677664279 14.784409341 -4.219518187 
-2.445232421 14.877167123 -4.037599228 
-7.180877202 12.982701115 3.506807923 
-7.269789143 12.961597199 3.428884030 
-2.332343329 14.800000673 -4.276772475 
-2.279434980 14.505124324 -4.627931285 
-9.112128937 11.543051785 2.136536441 
-8.554765684 11.565509067 3.085617715 
-0.590215407 15.540159723 0.806414777 
-0.374226273 15.570540228 -0.448530343 
-8.880592423 11.741334708 -1.219693569 
-8.689830081 12.109976749 -1.336838577 
-0.729105237 15.532716232 1.015995817 
-0.608796188 15.527914598 0.874911120 
-8.746080456 12.105210042 -1.075373605 
-8.449814441 12.285459877 0.048080784 
-1.687083879 15.646332021 -2.498254464 
0.155331048 15.313442528 -0.152139043 
-8.550850580 12.527476423 -0.131392401 
-8.872706012 11.868156996 -0.956732993 
-0.340059161 15.867732648 0.608233802 
-0.626841826 15.946557721 0.327490533 
-7.474813438 13.880937307 -0.253913434 
-8.107779368 12.571198537 -2.731499006 
-0.675526508 15.286169470 -2.045891649 
-0.716117989 15.283273767 -2.090794350 
-8.807759806 12.104919126 0.685888015 
-8.824321365 12.110582053 0.459685681 
-0.647262962 15.273630551 -2.076001758 
0.459077087 14.786292925 -0.626509336 
-8.299816936 12.434942307 -0.810214993 
-7.579449880 13.675963175 -0.628804935 
-0.735211419 15.545316017 1.621324025 
-0.866276441 15.817194141 0.787337743 
-8.043292662 12.695419956 -2.126200978 
-8.642343166 12.548194334 -1.114986705 
-0.531030032 15.426061501 -1.362948089 
-0.645460942 15.399971845 -1.584155387 
-8.714760133 12.175942375 0.919194144 
-8.766183998 12.133799960 0.841748099 
-1.525729311 15.488314210 2.899326291 
-1.560854341 15.456340990 2.985958182 
-7.041619741 13.044687628 -3.461031803 
-7.177928505 13.009409763 -3.364326446 
-1.488440714 15.538639448 2.754347778 
-1.395030570 15.517357179 2.777976471 
-7.572325672 12.825169590 -3.167745647 
-7.710611032 12.781862819 -3.047021254 
-1.600978312 15.509156238 2.918998113 
-1.493056462 15.655116161 2.652301019 
-7.619976255 12.966582031 -2.864748054 
-7.823086922 12.893612072 -2.846523249 
-1.726254999 15.419828215 3.124107585 
-1.915020316 15.399618355 3.435102335 
-7.809648157 12.692297189 -3.052973613 
-7.961113830 12.672937539 -2.845553588 
-2.183267726 15.033887464 -4.076586573 
-2.441180629 14.857151360 -4.452608224 
-8.025098023 12.641996329 2.832942285 
-8.137878871 12.654889305 2.614563932 
-2.147831332 15.161872571 -3.737749263 
-1.633702730 15.121937608 -3.468593734 
-7.945678812 12.677322547 2.900077617 
-8.024825686 12.694942641 2.723918541 
-1.616629729 15.891465671 -2.373145510 
-1.767295603 15.398564743 -3.357755100 
-8.247608074 13.032461099 2.086277208 
-8.220303645 12.755485395 2.307850524 
-1.957283520 15.223264216 -3.580666060 
-2.110631397 15.010065029 -4.118916604 
-7.929066258 12.730660476 2.827046162 
-7.983508589 12.655470964 2.877751360 
-0.279107584 15.063889177 1.529009220 
-0.284892987 15.237475396 1.064124772 
-8.755036752 11.830395707 -0.122373683 
-8.728946291 11.780474961 0.106016492 
-1.093671787 15.579445032 0.014784773 
-0.797772226 15.405230019 0.655471137 
-6.368397038 13.757469831 1.807535988 
-7.511856954 13.218864814 1.179983878 
-0.188015184 15.298702925 1.046826703 
-0.405446086 15.244093512 1.603296000 
-8.717576848 11.689909474 -1.483083456 
-8.705111403 11.692736770 -1.494031999 
-0.225701891 15.214025971 1.011096465 
0.238057921 15.217697550 -0.027096587 
-8.600367751 11.987561462 -1.615049253 
-8.731743555 11.867070049 -1.523375642 
-1.377191980 15.001628462 3.785544177 
-1.308664075 15.948758611 0.138517431 
-7.186827098 12.923508561 -2.542448696 
-7.705779936 13.687961776 -0.745089916 
-0.275748043 15.259429430 -1.074779577 
-0.352117571 15.097297833 -1.400550247 
-8.502125513 12.045446183 1.253175165 
-8.518424370 11.948918995 1.440192009 
-0.448049953 15.018525271 -1.734594717 
-0.921640670 14.844492616 -2.542860652 
-8.380680122 12.051728839 1.935517314 
-8.582479843 11.965454075 1.356984141 
-0.665913825 15.085693605 -2.136996035 
-0.537309908 15.149982729 -1.812706487 
-8.602907250 12.067259681 0.945369338 
-8.422280141 12.040399081 2.090370766 
-1.898945141 15.187747106 3.671553122 
-1.980256005 15.050088962 3.929375661 
-6.548967845 13.282706491 -3.607758670 
-7.696357960 12.644835513 -2.907432243 
-1.652989328 15.350012189 3.331287879 
-1.941904325 15.174950055 3.707471998 
-6.885743534 13.215625047 -3.398850858 
-7.328670769 12.999328401 -3.207597715 
-1.612874238 15.392579423 3.161716323 
-2.141302416 15.166699626 3.760128440 
-7.360457218 12.879789499 -3.326292571 
-7.594428679 12.781584197 -3.188774516 
-1.841656146 15.230405332 3.602160096 
-2.031144251 15.185853741 3.708360872 
-7.231926703 12.955094082 -3.400398328 
-7.456881471 12.851628237 -3.285139554 
-1.774989952 14.971225513 -3.848031364 
-1.612333511 15.140237722 -3.400242670 
-6.468565325 13.072548262 3.713566301 
-7.152319692 12.767841158 3.461104129 
-2.001661347 15.037749622 -4.017970162 
-2.247197993 14.824328057 -4.492269131 
-7.092219838 12.987925854 3.484818711 
-7.210831465 12.923329570 3.431948751 
-2.518684094 14.911742271 -4.215577657 
-2.766951915 14.714192677 -4.632209707 
-7.411524055 12.823962921 3.289845825 
-7.513550051 12.770776355 3.234312226 
-2.390639180 14.804917640 -4.379967554 
-2.389714450 14.819318280 -4.351887191 
-7.493859281 12.698504409 3.331074231 
-7.276774334 12.853857815 3.358045127 
-0.471840219 15.550829215 0.799397231 
-0.494682352 15.560269575 0.806112819 
-8.810264684 12.145108532 -0.804845604 
-8.828445999 12.022204960 -0.645842089 
-0.312942501 15.452617043 0.441792911 
-0.323727730 15.593939525 -0.360510189 
-8.767933487 11.989882870 -0.926939432 
-8.844852353 12.055264723 -0.839547745 
-0.735576578 15.185113822 2.085383905 
-0.575493527 15.187994352 1.958190049 
-8.851352440 12.000240248 -0.394895144 
-8.848598109 11.976768060 -0.616691584 
-0.567659679 15.443645342 1.231730460 
-0.534087518 15.469157553 1.035949458 
-8.786736143 12.118349068 -0.587205794 
-8.808591821 12.087275868 -0.620330526 
-0.445968902 15.548285736 1.961699825 
-0.489994357 15.489288846 2.329091543 
-8.641866321 12.246763874 1.046700998 
-8.845380459 11.962465081 0.948021027 
-1.507192275 15.237815710 3.041181583 
-2.587392888 14.702987540 4.142145544 
-8.347203622 11.840616693 2.410490566 
-8.872858277 11.771644358 -1.195223193 
-3.200840674 14.220061140 -4.162553918 
-2.536835309 14.291655504 -3.942212684 
-7.693736198 12.929002957 3.188376812 
-7.980568236 12.509495707 3.115552495 
-1.061815512 15.715306944 2.602109820 
-0.580214547 15.926021437 -0.931279479 
-6.827527482 13.696873848 2.565689081 
-8.320186324 12.735144496 0.923080822 
-1.088367874 14.831669793 3.411509397 
-1.039012110 14.810887879 3.458622808 
-7.239202685 11.993735647 -3.755029323 
-7.390454264 11.936934273 -3.643635429 
-2.680573577 15.557522643 2.683314164 
0.571999349 14.818491741 1.678727375 
-4.485877349 13.170756669 -4.264928865 
-7.239498800 12.115138817 -3.586208288 
-1.816170947 15.313217889 3.693121711 
-1.975931730 14.743708263 4.028083311 
-7.845495771 11.141165917 -3.652482050 
-7.154202867 12.891663764 -3.494466932 
-0.834971307 15.770964296 1.924081535 
-0.989961406 15.781872843 1.880444843 
-7.203773914 12.312104830 -3.617046273 
-7.336229970 11.970171218 -3.700517657 
-1.732723424 15.411737373 -3.226847049 
-1.796222799 15.375105871 -3.324243551 
-8.000599785 12.817278665 2.612621824 
-8.105507014 12.767816944 2.529585319 
-0.277566060 15.990558123 -1.846190866 
-2.335272737 14.739403445 -5.040099827 
-6.193755936 14.063162602 2.401130071 
-4.754308176 13.673997685 3.696726582 
-1.570635240 15.344217253 -3.109755320 
-2.064372024 15.054596129 -3.918068343 
-7.317219964 12.843101437 3.437736981 
-7.477892221 12.854023839 3.251904836 
-1.600000788 15.106299324 -3.676639008 
-2.125194744 14.769071471 -4.403556423 
-6.822839700 12.850284043 3.798825447 
-7.136606298 12.814418777 3.570723339 
-0.389286798 15.581171045 -0.836556169 
-0.246785660 15.530197483 -1.142192507 
-8.833515332 12.085024070 -0.577072686 
-8.863574136 12.062799952 -0.490647382 
-0.317342085 15.561003347 -0.989424896 
-0.311366778 15.563871661 -0.842366031 
-8.824435366 12.115909007 -0.318949050 
-8.741230318 12.203511584 -0.038014635 
-0.290799420 15.546878865 -0.927907938 
-0.194037977 15.535223287 -0.691704837 
-8.848728395 12.055003969 -0.652874243 
-8.844391444 12.089645889 -0.417456982 
-0.324886580 15.541886252 -1.281309323 
-0.284669950 15.531937555 -1.237205086 
-8.869797819 12.051261718 -0.355791602 
-8.827432070 12.107896975 -0.387535220 
-0.367807814 15.552291503 0.198257690 
-0.414502230 15.569246726 0.346364100 
-8.776704482 12.106488670 0.839451938 
-8.769276959 12.074914213 1.003050160 
-0.427485628 15.570365959 0.755353233 
-0.412259734 15.568974870 0.677969191 
-8.713681477 12.194817290 0.692087026 
-8.715393585 12.178969855 0.804412799 
-0.225529337 15.499773990 -0.224982646 
-0.299187177 15.479682415 -0.602997331 
-8.682875610 12.084449566 1.387414530 
-8.726600223 12.112845411 1.057524627 
-0.212230144 15.523079505 0.242256055 
-0.345334478 15.543294819 0.064538974 
-8.782250988 12.119638014 0.562373894 
-8.801785082 12.107234600 0.390589296 
-2.462215930 14.705547955 4.577575842 
-2.483086772 14.661943877 4.667725192 
-6.350182271 13.214593605 -3.674155638 
-6.826966545 13.051486934 -3.512831009 
-2.309226959 14.722057665 4.486982430 
-3.035982080 13.971521827 5.503353535 
-6.925602628 14.464088240 -1.755139198 
-7.467058518 14.110538226 -1.544906330 
-2.141899369 14.993589250 4.016423519 
-2.060497880 15.094058805 3.784744203 
-6.583063933 13.171423090 -3.590639805 
-6.222672879 13.304626896 -3.684775601 
-2.290972226 14.864179285 4.285466112 
-2.465195077 14.812768436 4.382159935 
-6.611091704 13.143007124 -3.601987409 
-6.741368354 13.068173784 -3.576907296 
-1.862003037 15.141388355 -3.734067064 
-2.078011479 14.589968942 -4.501783217 
-7.806936794 12.744527736 2.932639790 
-7.187357399 12.406765730 3.733150990 
-1.882781195 15.134668070 -3.778032133 
-1.809408860 15.222545875 -3.584200665 
-7.791415335 12.743301208 2.971496389 
-7.379044870 12.902441545 3.269674317 
-2.032420738 15.104187091 -3.846783753 
-2.162429819 15.067489220 -3.970111002 
-7.793205029 12.798746108 2.892391859 
-7.649479170 12.848253087 3.024760301 
-2.228786069 14.968517745 -4.155271193 
-2.127037928 15.016898453 -4.018297649 
-7.773423806 12.812300707 2.896215049 
-7.852047193 12.769700653 2.839290195 
-0.330953887 15.555561512 -0.058525064 
-0.320832947 15.539048119 -1.153113879 
-8.817200726 12.099945524 -0.463276081 
-8.774309424 12.158269940 -0.415230609 
-0.417820914 15.576352908 -0.054644808 
-0.374239486 15.575603197 -0.201916263 
-8.812286692 12.107584788 -0.518447121 
-8.828374210 12.093965847 -0.566478906 
-0.246792682 15.532466494 -0.105471662 
-0.231347462 15.529987037 -0.246051587 
-8.802547921 12.127655511 -0.250392199 
-8.737312600 12.205941447 -0.087029820 
-0.267642507 15.551847502 -0.465206997 
-0.143617630 15.510243085 -1.007093964 
-8.611554239 11.967550248 1.024036599 
-8.173621895 12.798603760 0.821886590 
-0.499741194 15.373821278 -1.636139108 
-0.636890865 15.427408783 -1.497239751 
-8.861535019 12.074410184 0.594357788 
-8.871083251 12.043173030 0.659870469 
-0.455855072 15.443241043 -1.214908375 
-0.355422867 15.492797648 -0.786441148 
-8.826573897 12.112334576 0.467374659 
-8.836648726 12.075274717 0.717441157 
-0.608778813 15.321373598 -1.814767923 
-0.442378980 15.702558329 0.513633169 
-8.805232942 12.085233228 0.627720680 
-7.948708658 12.848918441 -1.620290528 
-0.432847581 15.484012011 -0.961393133 
-0.474848965 15.479902523 -1.085986551 
-8.694337838 12.192470500 1.018506921 
-8.777233175 12.170244353 0.626948698 
-2.043690730 15.187406038 3.709765389 
-2.407973477 14.976895364 4.218307476 
-7.416245320 12.924711050 -3.212761968 
-7.392807559 12.971531732 -3.168586355 
-2.075725840 15.108432515 3.891520171 
-2.072485188 15.135934393 3.822440906 
-7.190015643 13.049023757 -3.290340519 
-7.158613523 13.078322035 -3.280633116 
-2.366050931 15.135365663 3.891455648 
-2.213497396 15.166752455 3.792739009 
-7.147808007 12.964027084 -3.457629252 
-6.992042041 13.086996518 -3.438782341 
-1.978082559 15.274838756 3.522479113 
-2.038886052 15.181574316 3.768087394 
-6.711852794 13.176374403 -3.566260647 
-6.993963970 13.058110581 -3.482741106 
-2.399853375 14.881276647 -4.366639736 
-2.692871032 14.716123249 -4.705216875 
-8.205652779 12.595712162 2.599404893 
-8.182383571 12.628368979 2.568576961 
-2.326174850 14.911812288 -4.267302670 
-2.206252228 14.974051059 -4.183520125 
-8.074755559 12.666665729 2.702537042 
-7.801726843 12.791015969 2.903623591 
-2.019791473 15.149280509 -3.779194303 
-1.886379755 15.270079843 -3.488123756 
-7.790709941 12.712409670 3.060860069 
-7.626462527 12.794521240 3.152653594 
-2.170466220 15.137282735 -3.813941075 
-2.269322952 15.033868082 -4.039492470 
-7.970248460 12.668461819 2.851797472 
-7.894817566 12.712082098 2.900437526 
-0.042620955 15.500548434 -0.245296138 
-0.223969123 15.512821363 0.347275892 
-8.684208112 12.111112486 -1.419539506 
-8.777723484 12.086611066 -1.040737861 
-0.115686319 15.522914114 -0.512360623 
-0.157782321 15.528383596 -0.398842012 
-8.727697036 11.998823050 -1.626089515 
-8.840267595 12.048152321 -0.879705185 
-0.206621220 15.535001619 -0.216951569 
-0.283754727 15.554176783 -0.254892486 
-8.733536411 12.144641125 -1.055664558 
-8.770041281 12.103594707 -1.067953221 
-0.087485369 15.515399435 -0.501465591 
-0.204621859 15.526225304 0.092248511 
-8.791711317 12.060005900 -1.132908720 
-8.887964249 12.024318114 -0.627251462 
-0.215339484 15.447882824 -0.844508131 
-0.466355711 15.502191509 -0.802445819 
-8.749327503 12.106712747 1.121130621 
-8.764681564 12.091813183 1.162586325 
-0.516770924 15.470643159 -1.156476745 
-0.554836452 15.430064423 -1.379189809 
-8.747149193 12.122047130 1.150694715 
-8.759477255 12.138683029 0.962471022 
-0.275756573 15.530544993 -0.349045450 
-0.509978497 15.527157280 -0.764504515 
-8.694131960 12.157444115 1.273056223 
-8.772480812 12.118195784 1.048399542 
-0.530407697 15.559791485 -0.610702308 
-0.486490110 15.496715746 -0.883898922 
-8.644303298 12.129388624 1.582157475 
-8.683648329 12.146961848 1.358667197 
-2.094394336 15.180574393 3.720763300 
-1.946932098 15.238055063 3.582925470 
-7.306461974 13.001183775 -3.226696011 
-7.127200472 13.081962996 -3.318253365 
-1.922868903 15.241041773 3.565510918 
-1.975486400 15.248070195 3.561970161 
-6.959822310 13.243862279 -3.241791843 
-7.234940042 13.033899233 -3.264540313 
-2.083213725 15.152639433 3.773862749 
-2.188763836 15.113844307 3.878999844 
-7.133564701 13.118248294 -3.240389222 
-7.473150138 12.943929474 -3.115364597 
-2.355470482 15.025272528 4.071810926 
-2.102944785 15.874381050 2.618038409 
-7.519063733 12.956928221 -3.036727649 
-7.638056314 13.494504036 -2.181676353 
-2.291644922 14.967657826 -4.222973427 
-2.260870657 14.991813299 -4.135162414 
-7.954583964 12.742893091 2.706916181 
-7.827331654 12.762009786 2.864253171 
-2.146588707 15.027853743 -4.050152272 
-2.163372559 15.013225194 -4.108565188 
-8.007634365 12.736633539 2.657516245 
-7.943964886 12.719419749 2.777719913 
-1.921548051 15.092339335 -3.886635162 
-2.103602318 15.029797501 -4.022109794 
-7.645352738 11.834161683 3.765195032 
-7.303481640 12.129454794 3.859594528 
-2.372167698 14.338599805 -5.041259494 
-1.502568122 15.682360221 -2.843160486 
-7.766960324 13.510347323 2.055788494 
-7.754816444 12.041722975 3.487397634 
-0.378746181 15.562255298 0.263514220 
-0.384779422 15.533723694 0.358267756 
-8.514154012 12.407172055 0.377267508 
-8.582083229 12.380813914 -0.057749690 
-0.496222701 15.585346706 0.043187890 
-0.199635280 15.519735932 -0.225429525 
-8.638393863 12.276139162 0.255281235 
-8.677946466 12.256351858 0.144707952 
-0.387620775 15.589342039 -0.514000362 
-0.337967281 15.562241921 -0.981290222 
-8.826943532 12.075714756 -0.617364661 
-8.737900144 12.152037607 -0.898376028 
-0.241769521 15.544612687 -0.204100258 
-0.230576856 15.540721390 -0.141979210 
-8.806348324 12.103888304 -0.536936899 
-8.815342452 12.094730691 -0.607185939 
-1.415421493 16.019568616 -0.250899618 
-2.186192302 16.175504188 0.848845115 
-8.196669191 13.003908018 1.003964749 
-8.386639320 12.848796091 0.810253986 
-0.198585717 15.440864360 0.177134380 
-0.265697674 15.353810613 -0.851248282 
-8.359302342 12.454165226 -0.320282772 
-8.536203866 12.212430751 -0.145743705 
0.091774829 15.347923340 1.258873351 
-0.358762384 15.489578455 1.093188123 
-8.663018057 12.082839436 0.062172703 
-8.591145408 12.095552587 -0.205582133 
-0.158606105 15.405614386 -0.222971677 
-0.196964857 15.402824925 -0.380959180 
-8.735823218 11.974845048 0.624544436 
-8.731657568 11.934856258 0.677081824 
-1.675961720 15.108023563 3.711150445 
-1.924545559 14.961386105 4.125694946 
-7.346455826 12.747678213 -3.420706656 
-7.400672047 13.075154843 -3.117857788 
-2.015767099 15.100633357 3.784058490 
-2.044231377 15.139796568 3.704231462 
-6.484614566 13.099731653 -3.802121040 
-6.831667253 12.974571895 -3.641272259 
-2.198456983 14.836861903 4.419733201 
-2.191355875 14.774160744 4.506968305 
-7.002951804 12.902442141 -3.623242407 
-7.291920425 12.788892931 -3.455490885 
-2.009174034 15.324909606 3.726942559 
-2.218842553 15.242079179 3.869670895 
-7.868310671 12.214122120 -2.952243132 
-6.748650621 13.422971709 -2.864114185 
-2.272300607 15.019147471 -3.993688669 
-2.110633621 15.133292169 -3.776507585 
-7.343081627 12.931337910 3.232209435 
-6.941225611 13.111167686 3.433167317 
-2.618933762 14.852259037 -4.387675794 
-2.070148450 15.075153758 -3.857180152 
-7.612310206 12.820967382 3.122153300 
-7.458450810 12.859034362 3.236410601 
-2.751480822 14.638350488 -4.792193604 
-2.650980706 14.851499221 -4.422877249 
-7.753274198 12.766477921 2.993843185 
-7.580697913 12.859524943 3.110041476 
-1.564970026 15.991644727 -2.428897873 
-2.703427627 14.614028979 -4.829820161 
-7.902836685 12.793746260 2.741764021 
-7.823410168 14.036473934 0.506398481 
-0.644843170 15.032252720 2.234028744 
-0.758702263 15.012679970 2.361788680 
-8.670739212 11.663344693 -1.444037930 
-8.638881494 11.860834329 -1.568195950 
-0.451609448 15.077627860 1.693537290 
-0.364701628 15.084337959 1.592961976 
-8.554297062 11.915247236 -1.323121968 
-8.634317234 11.843971147 -1.156674099 
-0.629119451 15.816011193 0.171792481 
-0.404407908 15.773102536 -0.574252651 
-8.334751596 12.813305049 1.120682737 
-8.541326268 12.788522790 -0.076106660 
-0.590609448 16.115434549 0.302702079 
-0.452001937 15.942092369 0.003366891 
-8.503109754 12.669844540 0.175322855 
-7.870387589 12.958971788 -3.355032774 
-0.157546278 15.096152285 -1.420119562 
-0.371893024 15.026395625 -1.953110590 
-8.725679807 11.846423646 0.845714349 
-8.625590725 11.759091750 1.920688382 
-0.380271296 15.580704991 -0.633350530 
0.080139777 15.379828517 0.167997154 
-8.493905049 12.317929726 1.710497503 
-8.451567878 12.231036281 0.868024522 
-1.065642528 15.684473809 0.058302306 
-2.289734230 14.196731072 5.459883104 
-7.391704156 13.332786137 -1.799919205 
-8.378703998 11.342199005 -1.222781451 
0.319598279 15.161436454 0.030341876 
0.064755435 14.928601989 -1.397238946 
-8.745463143 11.831812207 0.255132810 
-8.674942210 11.754163871 1.870466477 
-1.785380283 15.225039971 3.405937863 
-1.942076212 15.153504207 3.588765990 
-7.015878534 12.807937436 -3.679146857 
-7.000594218 12.840893246 -3.640416796 
-1.547087345 15.408703030 2.927700351 
-1.717718508 15.266174017 3.334040474 
-6.338840041 13.108383508 -3.839819523 
-6.519208266 13.111399703 -3.702870230 
-2.009268709 15.155851617 3.634213402 
-2.260401115 15.562980480 2.734191980 
-6.821404108 13.033988689 -3.620146483 
-7.042477079 13.716472738 -2.788709591 
-2.018606517 14.869868344 4.006901870 
-2.100887388 14.760128498 4.157565794 
-6.485765378 12.919588855 -3.790085219 
-6.734492892 12.753719058 -3.756748855 
-2.112805317 15.078980531 -3.854269165 
-2.564530341 14.899132624 -4.250652540 
-7.008097731 13.104062052 3.377178456 
-7.267479210 12.937330781 3.346390863 
-1.988397653 15.104658097 -3.749386781 
-2.423267958 14.948600900 -4.133150853 
-7.223783991 12.964197286 3.307382660 
-7.006857766 13.023832512 3.443330017 
-1.978301466 15.500101308 -3.281720306 
-2.205147818 16.069095260 -2.562050314 
-7.606285357 13.102305726 2.741044819 
-7.972750619 13.125505431 2.073945765 
-2.309919515 15.113213956 -3.852115033 
-2.371522047 14.959161306 -4.064549354 
-6.722327783 13.197842884 3.582111266 
-6.958967637 13.003147755 3.572802262 
-0.315725354 15.472140245 0.400725295 
-0.425911945 15.431062129 0.891960342 
-8.426980941 12.080238367 -2.025094514 
-6.729543449 12.372227429 -3.729915882 
-0.463857000 15.486978112 0.621332280 
-0.386011762 15.495042165 0.410659427 
-8.446700180 12.119029947 -1.950414081 
-8.585307314 12.072472184 -1.616047130 
-0.161657850 15.152387623 1.138146441 
-0.431457136 15.467492008 0.726639201 
-8.543335119 12.028595000 -1.879557451 
-8.709006529 11.913977570 -1.627591844 
-0.324381716 15.516355157 0.006404333 
-0.343566240 15.473173717 0.493398958 
-8.525708662 12.048520565 -1.846015146 
-8.603163375 12.024967120 -1.680274805 
-0.317873954 15.548105558 -0.047544273 
-0.400398934 15.557551567 -0.207058649 
-8.934961884 11.976133566 0.279924463 
-8.855690321 12.056019965 0.665882923 
-0.282901801 15.560792904 0.127100468 
0.106103178 15.457225962 0.065053444 
-8.843140303 12.062797886 0.703299535 
-9.029361415 11.814725946 0.908277531 
-0.443632350 15.520032228 -0.675105442 
-0.391594970 15.538523161 -0.432319496 
-8.986856986 11.911993871 0.519035686 
-8.863606323 12.056814577 0.484090957 
-0.305513523 15.554727300 0.055835102 
-0.320610406 15.542107839 -0.059509743 
-9.125518255 11.751514876 0.375729322 
-8.867188206 12.060999547 0.280734344 
-1.758193946 15.223626648 3.555004232 
-1.886741571 15.264931253 3.502085022 
-8.487822664 12.569759230 -2.090094302 
-8.313874092 12.628577369 -2.311185812 
-1.452983839 15.116330460 3.759872604 
-0.173663684 15.240205316 1.471686925 
-8.289386729 12.683867703 -2.274103545 
-8.149468654 12.741934995 -2.413408143 
-1.827689916 15.308354256 3.400240796 
-1.384946647 15.450271647 2.935609282 
-8.136136651 12.685610587 -2.529784547 
-7.806338610 12.815888718 -2.839976879 
-1.607208586 15.349539297 3.220509073 
-1.640232118 15.254727212 3.466905680 
-8.075195664 12.674414696 -2.684873179 
-8.107924929 12.684742627 -2.596517389 
-2.951192062 15.647234193 -4.085654244 
-2.383678185 16.047528525 -3.266662149 
-5.113649776 13.874154817 3.598542509 
-6.144741881 13.125028701 3.994063293 
-0.981485240 15.792101139 -1.133951128 
-2.277290363 14.256871098 -5.306605389 
-3.610103374 13.740255769 4.107861574 
-5.837460072 13.153587066 4.065783259 
-2.648603981 14.490042447 -4.827590028 
-2.766629550 14.396269245 -5.019596689 
-8.353566977 12.258448094 2.412815044 
-8.352748351 12.245782143 2.466219427 
-3.136350796 13.788532392 -5.505234731 
-3.091563177 13.773933722 -5.547736499 
-7.215505030 12.516408757 3.738960090 
-7.279771670 12.481117807 3.744670582 
-0.484864841 15.411977342 -1.999675269 
-0.399242808 15.338171312 -2.357715047 
-8.711666150 11.976166844 0.576219323 
-8.861986514 11.811669496 0.345209692 
-1.258463036 15.749017041 -0.056019626 
-0.861644438 15.593925105 -0.436296701 
-9.280819239 11.281385514 -1.388546715 
-8.900616157 12.067783099 -0.178526901 
-0.451013091 15.903951190 -0.051121952 
-0.145814891 15.766634111 0.223044348 
-8.257899255 13.476620079 -1.747042686 
-8.303748646 13.010560487 -2.624593112 
-1.174688103 15.709861830 0.691282177 
0.219991004 15.258110069 -1.525352017 
-9.023300219 11.859097185 -0.350669883 
-9.099262445 11.649130048 -0.083408388 
-0.451917850 15.566899534 0.780044850 
-0.418680193 15.539463595 1.177816587 
-8.789820182 12.104042530 0.481849158 
-8.811604926 12.083588087 0.539599189 
-0.385803162 15.480366940 -0.889527846 
-0.386653804 15.432447744 -1.029218865 
-8.870228102 12.019533027 0.352405898 
-8.773777731 12.157786682 0.332156743 
-1.407244412 16.040646205 0.570972748 
-0.833364775 15.880223652 0.276097269 
-8.539875546 13.110117393 0.290204816 
-8.329422788 13.287541503 -0.018805778 
-0.972980801 15.772767757 -0.564068759 
-2.367784506 15.494882078 -2.812107151 
-8.540988346 13.213394499 0.793281910 
-7.878043864 13.432260502 2.089937044 
-1.605333653 15.100257735 3.864477436 
-2.288848031 14.970602015 4.137011524 
-7.790192478 12.830164582 -2.874926278 
-7.940978913 12.648694585 -2.958062313 
-2.078520769 15.137865275 3.884837029 
-2.341784667 15.050472936 4.096730311 
-7.446505925 12.928596777 -3.182869383 
-7.628486266 12.875008342 -3.038576769 
-1.850661254 15.298422202 3.381642106 
-3.166671529 14.470436015 4.520002954 
-8.026138785 13.274648517 -1.907026663 
-7.926374939 13.242997999 -2.430590832 
-3.091201941 14.800918308 4.162604495 
-3.390558796 14.465173874 4.464039141 
-6.014800680 13.274954860 -3.812880258 
-6.074773565 13.203050400 -3.810280832 
-1.004781927 15.684678520 -1.178939561 
-2.843822043 14.772657452 -4.784241342 
-4.791364934 14.015271854 3.350566776 
-5.548251884 13.795052604 3.330922005 
-1.253749990 15.469148871 -3.263509199 
-1.425792085 15.357328200 -3.641603961 
-8.158113157 12.941733639 2.135992661 
-8.115276875 12.901725783 2.296847866 
-1.359852955 15.300997981 -3.541076406 
-1.201279193 15.241929616 -3.648684297 
-7.749186665 13.116700272 2.774973039 
-8.342322735 12.901812679 2.213941476 
-2.190696243 14.948092112 -4.057334436 
-2.693879871 14.813627803 -3.929899144 
-7.691912251 12.160881217 3.286420574 
-7.750024332 11.410315030 3.705601604 
-0.423472255 15.549666744 -0.128596789 
-0.304529340 15.531854331 -0.230734277 
-8.771371942 12.140926495 -0.528443542 
-8.753766283 12.083509444 -1.069965256 
-0.475452871 15.404776652 -0.639364871 
-1.047245242 16.162622890 -0.253952896 
-7.781141337 12.088293761 -2.890831134 
-8.451899197 11.850244362 -0.841640579 
-0.312707726 15.509047977 -0.189981801 
-0.134130050 15.496303601 -0.300985592 
-8.711450750 12.174908550 -0.261356870 
-8.814435157 12.076563693 -0.569806694 
-0.415788831 15.490694179 0.714278601 
-0.363168670 15.498172924 0.555394898 
-8.770301646 12.156543478 -0.255788844 
-8.794700806 12.106272333 -0.279807007 
-0.442755704 15.558621941 -0.140448913 
-0.490480935 15.516418560 -0.718009778 
-8.692361323 12.128661057 1.210090156 
-8.752562898 12.102960856 1.040331840 
-0.349424488 15.539471410 -0.053116539 
-0.440167963 15.463940463 -0.581895488 
-8.823911231 12.058743230 0.808861281 
-8.753931646 12.068113275 0.622004451 
-0.858618113 14.895530938 -2.333641144 
-1.071789040 14.951445920 -2.180818725 
-8.024307941 12.082252530 1.856230156 
-6.797710191 12.506562728 3.455900907 
-0.647501524 15.237415928 -1.839636689 
-1.089941340 15.266691874 -1.881267605 
-8.197954217 12.251070018 2.095368199 
-8.300764521 12.192261933 1.956427054 
-1.533073661 15.322277734 3.119507190 
-3.009947549 14.813172620 4.127595557 
-6.840063845 13.524588235 -3.794975447 
-6.211708903 13.354988850 -4.150332532 
-3.142867387 14.938226988 4.711061699 
-2.010382902 15.262732498 3.543351368 
-8.264666304 12.733501084 -2.397474020 
-7.925872354 12.917064191 -2.700746232 
-2.468112766 14.193698985 5.383247887 
-3.972416500 13.860155332 5.475135076 
-7.827882655 12.829354179 -3.273384334 
-5.737315061 13.660469957 -4.181712668 
-4.546231083 14.372165688 4.522727644 
-3.596151356 14.900439286 4.217976827 
-6.865129192 13.389708266 -3.814420062 
-7.083267845 13.660499349 -3.099544624 
-2.895340175 14.585942605 -4.479680003 
-3.553742911 14.306647400 -4.855903944 
-6.240247941 13.163178692 4.007752174 
-6.100779024 12.977995200 4.294200499 
-0.395367890 15.850098337 -1.175713749 
-1.576363836 15.513415579 2.179423323 
-6.918825771 14.230706938 1.414485890 
-8.245132789 12.996486633 1.968378744 
-1.983494107 15.008552118 -4.186960950 
-2.350416121 14.783854761 -4.215293179 
-7.978580896 12.837253903 2.677325284 
-7.885816368 12.986653395 2.599298080 
-2.354366288 14.948512290 -3.913297477 
-3.067690672 14.650127395 -4.225104939 
-7.458053242 12.973230489 3.107106500 
-8.087712110 12.698305565 2.545286424 
-0.045991649 15.229056637 -0.016240455 
0.165347768 15.113054653 0.505650687 
-8.270805850 12.022761549 -2.169249866 
-8.760573090 11.590198755 -1.079063568 
-0.446645968 15.534394167 0.845430651 
-0.638912904 15.556204996 1.154879427 
-8.513899063 12.209785517 -1.889618637 
-8.707148346 12.197003800 -1.300229893 
-0.413864030 15.506551894 0.759468854 
-0.657893039 15.478158715 1.227715587 
-8.261113527 12.223250949 -2.412055605 
-8.402560347 12.194118417 -2.124600741 
-0.527888378 15.518873768 0.575698932 
-0.543598919 15.504271569 0.770493376 
-8.469777409 12.169023549 -1.912903456 
-8.450462749 12.217217675 -1.841830535 
-0.323231779 15.430138203 -0.346253277 
-0.362133259 15.395188523 -0.709278671 
-8.718431332 11.972954805 1.158665120 
-8.767509527 12.000934052 0.614692416 
-0.292435175 15.365041977 -1.025748341 
-0.308808554 15.507678625 -0.524148031 
-8.436384573 11.969165193 2.254957809 
-8.687676343 12.006210293 1.381315459 
-0.392513931 15.430639623 -0.801649333 
-0.462720979 15.404568335 -1.033684782 
-8.703164975 12.030581471 1.231953816 
-8.841170022 11.992374633 0.309620222 
-0.330049001 15.453583844 -0.327401793 
-0.501565580 15.385556346 -1.063053535 
-8.833493420 11.899148898 0.997929950 
-8.750773839 12.010081218 0.978712788 
-2.292192276 15.331880149 3.721091872 
-2.610085131 14.866496161 4.379455654 
-7.701253883 12.925523904 -2.936710765 
-7.662915999 12.860649943 -2.938467271 
-1.927747162 15.162080434 3.812147963 
-2.097225679 15.165311387 4.169181803 
-9.335219108 11.585196127 -0.581169712 
-8.606163686 11.863456014 -2.329964748 
-2.518933401 14.862837188 4.405666950 
-2.137493467 15.033925266 4.003888552 
-7.751411704 12.661168584 -2.950149235 
-7.587017359 12.770038885 -3.037236695 
-2.150643189 14.863675924 4.219811110 
-2.270320356 14.913899910 4.081141035 
-7.767855113 12.606761678 -2.961823686 
-7.539176876 12.655464696 -3.211008897 
-3.579690659 15.033866237 3.958194698 
-4.055802584 14.466578569 4.555744575 
-8.318372451 13.383811610 -1.431710313 
-7.534659470 12.406644585 3.527984349 
-1.082749589 15.186829310 -3.327817762 
-1.271672666 15.080533943 -3.427651241 
-7.061649639 13.385166817 2.658842625 
-7.744395953 12.809652948 2.564633046 
-2.774475709 14.752893565 -4.272271227 
-2.933764767 14.716138802 -4.317786560 
-6.943432960 12.669195437 3.721209332 
-7.635375887 12.801286722 3.179528584 
-4.378340388 13.120909563 -5.541966822 
-4.961343709 12.988707774 -5.354664831 
-8.061156425 12.193098235 3.277736304 
-8.391137999 11.639590117 3.301236434 
-0.336334528 15.494155171 -1.680983860 
-0.276001943 15.551684197 -0.459131318 
-8.803718848 12.112699712 -0.635581512 
-8.775102128 12.096695475 -0.925565647 
-0.422929313 15.583679071 -0.383232774 
-0.338518884 15.557130052 0.079414982 
-8.786300425 12.132150710 -0.615396810 
-8.685799693 12.264914658 0.033467932 
-2.178144550 15.488492783 -3.242561962 
-1.404143523 15.235708333 -3.077432017 
-7.885933874 12.915454020 1.460578214 
-8.243341954 12.902473918 -0.087633692 
-1.516689148 15.990954557 -0.602666508 
-0.221777866 15.530782219 -0.396763719 
-8.694416634 12.260808016 -0.068125891 
-8.703128079 12.239135682 -0.036236266 
-0.444778134 15.365491047 -1.600250573 
-0.408466894 15.454932661 -1.070108661 
-8.761617808 12.182599377 0.085724621 
-8.790272100 12.146032930 0.224006188 
-0.526940815 15.446865387 -1.262569205 
-0.185886233 15.524590085 0.344993541 
-8.666110858 12.250451882 -0.263678355 
-8.397230830 12.142973355 -1.252546044 
-1.040970778 15.866002682 0.737071631 
-0.846965090 15.847219241 0.469761800 
-8.115378100 12.947784824 -1.151770009 
-8.618979716 12.400571182 -0.878244935 
-0.426101444 15.550417885 -0.399071832 
-0.598032717 15.595213259 -0.312154021 
-8.524118427 12.407620270 -0.272438974 
-8.635865030 12.345731567 0.225415064 
-2.025691945 15.192089939 3.738207078 
-2.086484977 15.176753965 3.781086115 
-7.080990546 13.010995746 -3.461181833 
-7.454652929 12.887535380 -3.230213235 
-1.974523056 15.174392426 3.735664005 
-2.009133870 15.108353154 3.912274205 
-7.385335032 12.883662130 -3.321536395 
-6.943271990 12.750144029 -3.610633549 
-2.163719855 15.062453636 3.994627828 
-2.325279189 14.898012113 4.523792879 
-7.614884204 12.785405820 -3.192210291 
-7.469218475 12.996973514 -3.151105271 
-2.328026970 15.028561324 4.044416041 
-2.555565451 14.856090774 4.408497564 
-7.358133992 12.804077651 -3.453635100 
-7.282072047 12.915916062 -3.367109419 
-2.649655605 14.761994200 -4.643902707 
-2.734207242 14.730625996 -4.726372001 
-8.220959925 12.509440116 2.714451092 
-8.000848061 12.708734017 2.751977770 
-2.933465583 14.669775858 -4.836085711 
-2.639460452 14.815141036 -4.549055793 
-7.893459693 12.556966443 3.137863519 
-7.588981530 12.801061224 3.179946418 
-2.732490736 15.126386154 -4.719400462 
-2.298385804 15.019347357 -4.153147861 
-8.265489843 13.062750471 1.998931247 
-7.501771382 12.854245640 3.211853726 
-2.553149273 14.886445933 -4.389654318 
-2.420976264 14.832714004 -4.519993466 
-7.692960312 12.578061106 3.354565925 
-7.579705693 12.817646391 3.133385290 
-0.411868499 15.577275708 -0.190529384 
-0.880805334 15.707939490 0.217973758 
-8.758929748 12.152210132 -0.838684775 
-8.721356757 11.773439527 -0.475163199 
-0.567892981 15.604610141 -0.923882524 
-0.418968123 15.575171116 -1.010651382 
-8.788423868 12.145124752 -0.560122847 
-8.768373062 12.153598171 -0.696982080 
-0.606994605 15.630428092 -0.093601257 
-0.738854619 15.676763939 -0.052355400 
-8.731609363 12.215960437 -0.184334181 
-8.776626236 12.128434837 -0.722313086 
-0.516730246 15.604476059 -0.419075695 
-0.501265365 15.593410064 -0.029062283 
-8.613025016 12.306267231 0.409960035 
-8.721504345 12.271971988 -0.252821106 
-0.445524485 15.554947794 0.850592690 
-0.492332578 15.561533341 1.287038818 
-6.492279554 13.309025007 -2.892119946 
-8.015518256 13.066254470 -0.512077504 
-0.397296989 15.503991396 -0.710764179 
-0.298491369 15.492087559 -0.666399476 
-8.547459788 12.370605525 -0.527487209 
-8.195007563 12.642491840 -0.872576320 
-0.121089497 15.518308174 0.492818824 
-0.292897057 15.524458133 -0.427829790 
-8.650041729 12.270396556 -0.357895893 
-8.670572001 12.238338064 -0.263221581 
-0.502401494 15.593294076 1.062841461 
-0.507085558 15.429494391 -1.214154538 
-8.412430661 12.480490993 -0.716301381 
-8.156461460 12.333287378 2.792604565 
-1.779748693 15.211004403 3.648739566 
-1.630070540 15.088973798 3.853344324 
-7.363812873 12.772676288 -3.467898725 
-7.464589650 12.780627017 -3.357366080 
-1.961209580 15.087553006 3.908378054 
-2.368410476 14.890334912 4.364696284 
-7.524121443 12.755350493 -3.319779235 
-7.238295469 12.871624619 -3.459794057 
-1.601654437 15.283749584 3.467667237 
-1.877102038 16.108037710 1.081589824 
-8.434014924 12.502118387 -1.990178358 
-8.362497324 12.990216616 -1.566075709 
-1.062431110 16.144272739 1.207842814 
-0.840092679 16.141272650 0.565925408 
-7.561657547 13.951259866 -1.463346022 
-9.021254479 12.230415312 -1.484908494 
-3.074973444 14.656170241 -4.750019836 
-3.346140032 14.349544777 -5.244962783 
-7.481193764 12.883953234 3.206015034 
-6.874173941 13.032865134 3.627318330 
-2.676269247 14.677952373 -4.734905027 
-2.737969205 14.603654221 -4.865121185 
-7.322508126 12.843604409 3.436552016 
-7.748197406 12.746627800 3.050323836 
-2.959937708 14.560452410 -4.968386043 
-2.990143462 14.567634237 -4.976930951 
-7.135204516 12.991594720 3.423718546 
-7.088372425 12.883579902 3.579733188 
-2.648279406 14.727303053 -4.641086180 
-2.262827481 14.797024239 -4.521967773 
-6.807474238 13.016869487 3.695783296 
-6.977416635 12.979223444 3.610208512 
-0.404739403 15.457172152 -2.125800396 
-0.487749462 15.533714035 -1.740436439 
-8.790394088 12.160679679 -0.351809426 
-8.564007814 12.368243061 0.397366411 
-1.031382939 15.170665167 -3.135668576 
-0.416410754 15.508964887 -1.861142153 
-6.930483822 13.093766914 2.780460446 
-7.245414273 13.789127686 1.413164251 
-0.605066516 15.534402426 -1.794611871 
-0.380584766 15.428835637 1.055576430 
-8.822921384 12.064866236 -0.903580863 
-8.094167850 12.337851250 -2.947847962 
-0.291241562 15.503310735 -1.575904352 
-0.343462145 15.525795551 -1.524205873 
-8.825139712 12.102187723 -0.579078601 
-8.838586265 12.094582903 -0.224745592 
-0.549157384 15.553615910 -0.606586891 
-0.364267632 15.553226317 -0.136735749 
-8.615368121 12.313836943 -0.375175092 
-8.498099368 12.435736239 -0.258079287 
-0.623909139 15.521101601 -0.933891850 
-1.036096128 15.735664189 -0.506558287 
-8.245411608 12.650843921 -0.724775625 
-8.324432516 12.609086639 -0.532575886 
-0.725072288 15.631175200 -0.146420108 
-0.610320248 15.601388166 -0.129669072 
-8.407596114 12.454539108 -0.679973157 
-8.335529938 12.599752240 -0.555373752 
-0.575148454 15.585026514 -0.216689034 
-0.562850600 15.585811070 -0.116740040 
-8.635743599 12.321173331 -0.158495766 
-8.742343211 12.216013039 0.118497476 
-2.740358420 14.687994950 4.682793448 
-2.395912003 14.914774462 4.318593435 
-6.977354344 12.932970526 -3.656832611 
-6.845680602 13.029950080 -3.639515716 
-2.757731750 14.885663670 4.462582146 
-2.549999639 14.895715341 4.333784487 
-6.613177626 13.084100135 -3.785692329 
-6.767731033 13.157421638 -3.561169314 
-2.555482517 14.740974886 4.645290004 
-2.348028808 14.890124841 4.345999320 
-7.248843338 12.838054564 -3.499908421 
-6.944819466 13.035389530 -3.554399299 
-2.738957740 14.748054316 4.638941748 
-2.579097160 14.853401414 4.489650413 
-6.913674066 13.036802124 -3.567918677 
-6.857343642 13.088681195 -3.553578691 
-2.848268300 14.434975990 -5.180994864 
-2.728644070 14.615045608 -4.847537285 
-7.945105592 12.557524496 3.059136050 
-7.916002168 12.601232335 3.032316578 
-2.389268781 14.907356994 -4.429394324 
-2.094296810 14.938975575 -4.264780888 
-7.991712415 12.479865173 3.091622243 
-7.698966992 12.688399125 3.203326299 
-1.195089608 16.168234211 -0.913177132 
-0.918456928 16.142142526 -0.651130245 
-7.621039824 13.925059527 1.430286707 
-8.622911418 12.466243436 1.936574642 
-2.039583058 15.126903126 -3.887937388 
-2.487251023 14.756847953 -4.609159668 
-8.083094320 13.230239624 1.782894498 
-8.268008170 12.653870355 2.133613755 
-0.151366299 15.513085710 -0.039716753 
-0.164272421 15.505266283 -0.443914134 
-8.798857206 12.109223146 -0.550367719 
-7.782715765 13.637186520 0.017994096 
-0.355106781 15.544280727 0.176508958 
-0.280665460 15.556541288 -0.464028837 
-8.779963781 12.148898647 -0.749423774 
-8.703678878 12.194322089 -0.936479812 
-0.227927235 15.531106014 -1.001116923 
-0.603033872 15.641193489 -0.125797167 
-8.786926808 12.151027493 -0.502898341 
-8.639062839 12.340877363 -0.237846427 
-1.118104951 15.828752342 -1.381757873 
-0.964834486 15.850901695 -0.587966085 
-8.063945549 12.967184629 1.187847096 
-8.594028893 12.397402037 1.056696203 
-0.527266875 15.568454339 -0.368346677 
-0.347271892 15.550079519 -0.178806372 
-8.590336412 12.322013681 -0.529476610 
-8.281262616 12.544874762 -0.912050193 
-0.464179598 15.453413958 -1.123851882 
-0.459490775 15.478180056 -0.991956684 
-8.678925840 12.253547685 -0.184012451 
-8.697863012 12.246110655 -0.111006637 
-2.457494538 16.085473485 -0.165244900 
-0.377749690 15.858662201 0.179813211 
-8.645619310 12.290675448 -0.255557167 
-8.572690500 12.332764769 -0.395378116 
-1.291979808 15.699352965 0.953625715 
-1.306748166 15.780506175 0.819932962 
-7.674691028 13.060940551 -1.634351743 
-8.293992850 12.863272976 0.201998916 
-2.210384416 15.139075521 3.828403103 
-2.314360923 15.001593585 4.165148636 
-7.172301628 12.810035511 -3.611572377 
-6.957685923 13.028425830 -3.557732446 
-2.042055030 15.216762296 3.673546756 
-2.168693964 15.081736305 3.985280238 
-7.579001671 12.668102286 -3.384603905 
-7.142742534 12.952512505 -3.477693828 
-1.647726833 15.333606909 3.325336374 
-1.888903026 15.174067866 3.738227249 
-6.934112790 13.019220168 -3.584694003 
-6.751951761 13.133039901 -3.597505855 
-1.835380169 15.859876034 2.515132976 
-1.948715951 15.235096980 3.630589409 
-7.145974003 12.884123916 -3.555721801 
-7.142754418 13.018421530 -3.374483326 
-2.397550335 14.874698819 -4.419374645 
-2.424462749 14.899517243 -4.404484809 
-7.927681312 12.696576206 2.892749500 
-7.756683259 12.810710668 2.952792801 
-2.504659870 14.852699783 -4.475937912 
-2.732695602 14.721375804 -4.695167421 
-7.771263358 12.690883954 3.109703688 
-7.993614156 12.733773133 2.706269611 
-2.608888602 14.842084815 -4.420513411 
-2.321319592 14.923204037 -4.256922066 
-7.433781461 12.830138137 3.326566835 
-7.698222598 12.808108351 3.037390828 
-2.347722412 14.943140704 -4.283521063 
-2.606429986 14.846799526 -4.739544485 
-6.755364865 13.208590104 3.512681546 
-6.964638775 13.235738509 3.336779393 
-0.273952637 15.362422192 0.976427561 
-0.222100133 15.466341875 0.566275150 
-8.627576206 11.988181540 -1.632531689 
-8.644360605 12.020624451 -1.517847343 
-0.305523186 15.377688963 0.767029681 
-0.334682745 15.351763884 0.968582913 
-8.756389890 12.060176155 -0.375964258 
-8.783351267 11.987141790 -0.538211561 
-0.235580920 15.449916813 0.234241117 
-0.392696816 15.385833892 0.943458158 
-8.644057908 12.072230681 -1.282768100 
-8.764952211 11.898494458 -1.392158011 
-0.356326389 15.485901349 0.145420510 
-0.187949305 15.459216505 0.001398831 
-8.621760133 12.193278883 0.110884804 
-8.546016706 12.078058132 -1.716431343 
-0.254357068 15.579864220 0.269556334 
-0.431286574 15.568672883 -0.693602583 
-8.286667101 12.300235402 2.268912612 
-8.580697631 12.248172729 1.593200571 
-0.027222489 15.224392899 -0.036089852 
0.238809803 15.116761210 -0.195362325 
-8.228804488 12.002298341 2.417606777 
-8.685086021 11.717233031 0.585585065 
-0.570928613 15.511335995 -0.718593276 
-0.613034365 15.502718410 -0.823042994 
-8.500648021 12.170200361 1.849247460 
-8.561154166 12.151144460 1.664244481 
-0.600773197 15.500232758 -1.036676034 
-0.782090659 15.371077351 -1.856849548 
-8.393597942 12.237685461 2.096949533 
-8.661900525 12.127288893 1.492884366 
-1.126373425 15.173708124 3.356928626 
-1.248611461 15.096472131 3.368926596 
-7.157190556 13.322682766 -2.672983416 
-7.735352835 12.809741200 -2.590248864 
-0.552617625 15.901815355 -0.547304991 
-1.774091471 15.400610504 -2.826535852 
-8.298419885 13.388707395 1.541074993 
-7.621589221 13.745667877 -1.961917867 
-3.895298163 13.368575000 5.336342690 
-3.450573353 13.618021246 5.012213199 
-8.372251154 12.018775104 -3.072266354 
-8.462223544 11.608993559 -3.232300201 
-2.838830164 14.712800440 4.346306891 
-3.006510932 14.692258232 4.350994838 
-6.525731194 12.850651545 -3.886386890 
-7.440752168 12.168634164 -3.443348561 
-2.112069959 15.160746335 -3.892066342 
-2.001050935 15.158825461 -4.018164191 
-9.265629626 11.657800636 0.548910687 
-8.684208370 11.807101491 2.255023711 
-2.316835075 15.353525950 -3.674371397 
-1.864764074 15.354996941 -3.265020622 
-7.517380014 12.966023628 3.095393550 
-7.542381843 12.859183782 3.069987098 
-2.130522034 14.958597146 -3.998839474 
-2.138371030 14.937653961 -4.060507750 
-7.606282611 12.613844777 3.179656640 
-7.725367868 12.547872684 3.113348878 
-2.247365406 14.940799982 -4.261795072 
-2.285636024 14.959894804 -4.192699029 
-7.557219858 12.913684832 2.931420484 
-7.769779483 12.624468499 2.960157300 
-0.523776696 15.518366167 0.777034501 
-0.463755181 15.443509898 0.774281951 
-8.777982313 12.046994974 -0.248110845 
-8.675123503 12.124243052 -0.869901863 
-0.549385350 15.541970046 0.549456770 
-0.508940755 15.554960174 0.371288815 
-8.663959209 12.183081769 -1.176400447 
-8.724566260 12.062659801 -1.337177716 
-0.613544833 15.325073787 1.345829455 
-0.258639296 15.403479895 0.332029552 
-8.694264838 12.125296939 -1.024535040 
-8.088788722 12.299144156 -2.273381261 
-1.275888716 14.668381822 2.947197361 
-1.011421146 14.963280092 2.091916745 
-8.080475121 12.086496869 -1.364135375 
-5.519085561 13.323237457 -3.336480310 
-0.348995271 15.280291434 1.354185564 
-0.986368436 16.162384445 0.494102296 
-7.873899760 12.031137380 2.838588346 
-8.313392843 11.875128551 1.346699978 
-0.237544977 15.521108649 0.759307356 
-0.211200882 15.522403153 0.587577878 
-8.679535139 12.158521604 1.106469264 
-8.700005119 12.087283640 1.344141256 
-0.277559954 15.510604153 -0.173686792 
-0.283595916 15.531205366 0.158212372 
-8.737238351 12.134725742 0.904940795 
-8.747382590 12.134023418 0.770270365 
-0.263217975 15.488799311 0.728777041 
-0.272852225 15.516992869 -0.094531718 
-8.706661839 12.133294136 0.798689670 
-8.845366048 12.053681718 0.510262353 
-0.503449163 15.915002654 1.379252609 
-1.685622941 15.666763899 2.338459410 
-7.046763570 14.136283510 -1.508105366 
-8.214578750 13.022529693 -1.952758358 
-1.399736594 15.051775748 3.576577757 
-3.386742582 14.339278216 4.837683549 
-6.069035417 13.250755926 -4.056129545 
-5.990791752 13.043417668 -4.300532143 
-2.309291767 14.973988541 3.927962454 
-2.935685304 14.605483098 4.325230484 
-8.017395258 12.935010112 -2.286452586 
-8.131548355 12.699183692 -2.418639699 
-2.091617212 14.874544631 4.441888824 
-2.504378631 14.718775383 4.341651684 
-7.922174334 12.945475359 -2.614030562 
-7.819418375 13.035774185 -2.610692991 
-3.106537825 14.932560354 -4.706249982 
-2.194928116 15.126663026 -3.903274113 
-8.014940122 12.828057507 2.661207593 
-7.817661781 12.963801793 2.771788784 
-1.436795474 15.326678765 -3.091341757 
-2.893644172 14.900761301 -3.946848201 
-6.861353373 13.503639147 3.814219285 
-5.551447648 14.030076471 4.054855297 
-4.485403690 14.386078353 -4.528990965 
-3.714532578 14.860834709 -4.273995576 
-6.915947975 13.375590226 3.791689181 
-7.103315868 13.657450482 3.038674246 
-2.715627392 14.079112844 -5.563338939 
-3.861929293 13.866250587 -5.481283243 
-7.777466470 12.834562213 3.334411594 
-5.890419237 13.608427200 4.162465769 
-0.272259457 15.560148009 -0.237324809 
-0.325506056 15.566429549 -0.265435523 
-8.838408775 12.106311734 -0.480785574 
-8.837469973 12.089724439 -0.558958006 
-0.632169490 15.389342520 1.612448061 
-0.255302651 15.517965658 0.423658166 
-8.838359018 12.108792758 -0.181898208 
-8.873250977 12.076781292 -0.191078817 
-0.167247094 15.530912260 -0.200088242 
-0.043729742 15.502957988 -0.836776749 
-8.857114047 12.067438609 -0.247508028 
-8.834799356 12.105377212 -0.111332811 
-0.145361553 15.531504935 -0.369245375 
-0.078350846 15.506403149 -0.714292566 
-8.822468489 12.112932121 -0.347829821 
-8.861432546 12.059133224 -0.531548506 
-1.046061219 15.865693263 -0.707009481 
-0.379376367 15.546303931 -0.178955465 
-8.733849978 12.189328987 0.696827935 
-8.666642446 12.254118940 0.802490320 
-0.012096134 15.506094228 -0.650488720 
-0.297043971 15.528122850 0.064601276 
-8.349761443 12.783847492 0.773168869 
-8.620688024 12.341108938 0.637989076 
-0.463043741 15.507828973 -0.789473143 
-0.512227660 15.540114606 -0.665842089 
-8.559217993 12.395525161 -0.068417532 
-8.675552657 12.278419768 0.365192085 
-0.493165459 15.501931179 -0.863500369 
-0.589182017 15.529725284 -0.788520939 
-8.713966864 12.236507115 0.366991325 
-8.815261381 12.116506898 0.483933212 
-1.814432929 15.204016447 3.605126126 
-2.186812655 14.987848737 4.147893615 
-6.419490958 13.305174261 -3.647369879 
-6.485628684 13.305529511 -3.580426878 
-1.662517837 15.323085121 3.325992086 
-1.915750234 15.205991466 3.611463991 
-6.579057276 13.215827395 -3.639257768 
-6.557262153 13.255920880 -3.599146279 
-2.242782025 14.970833035 4.181344859 
-2.256293862 15.001369959 4.138515297 
-6.668660843 13.152890755 -3.633736498 
-6.415946148 13.287547733 -3.686567834 
-2.204072469 14.986817407 4.175248766 
-2.489238096 14.824341577 4.509828068 
-6.622455487 13.192725371 -3.637026451 
-6.870689501 13.093392739 -3.543130620 
-2.138180896 15.132630584 -3.820275221 
-2.095949601 15.096082644 -3.942083602 
-7.865578333 12.799988794 2.794347077 
-7.673471575 12.882852459 2.933124464 
-2.166480863 15.137308817 -3.826031228 
-1.919480590 15.229228826 -3.590965420 
-7.806773917 12.819592736 2.868088567 
-7.641467503 12.867637863 3.007857212 
-2.208538037 15.073297627 -3.956567102 
-2.110724131 15.093993331 -3.911916719 
-7.826567069 12.773902720 2.897917656 
-8.036427904 12.707789390 2.679939403 
-2.263890253 15.036997230 -4.053900193 
-2.151592493 15.092035704 -3.928814120 
-8.013403260 12.667333678 2.779048644 
-7.886418436 12.761687472 2.818151545 
-0.504244364 15.485978747 0.565386832 
-0.525876690 15.603613657 0.116444036 
-8.648784077 12.213527015 -0.482855094 
-8.398978715 12.427206841 0.815586867 
-0.691483791 15.545097539 0.853569321 
-0.557120767 15.579075437 0.387659310 
-8.633045720 12.335421117 0.207867923 
-8.711176662 12.109477749 -1.315853767 
-2.462615341 15.282979380 3.176257898 
-1.013727434 16.109146275 0.483725874 
-8.612993586 13.132379764 -0.683546883 
-8.391877106 12.368573217 -2.140841184 
-0.574938041 15.720780474 0.663600066 
-1.822115985 14.665777686 3.330169826 
-8.541870382 13.099137988 -0.773068918 
-8.348985541 13.014325838 -1.158077686 
-1.045937473 15.656673232 0.302746085 
-0.457473365 15.285913970 -0.274950371 
-8.776516053 12.212557647 0.272804670 
-8.627343193 12.425454348 -0.341085763 
-0.104266503 15.292282375 0.822680174 
-0.002295711 15.289365170 0.078198603 
-8.943067438 11.809745033 0.507218871 
-8.931760357 11.825555953 0.515032088 
-0.190365232 15.361761364 -0.051651017 
0.075299843 15.245688992 0.138961969 
-8.985222320 11.540726638 0.863815795 
-9.061762789 11.509592190 0.670919491 
-0.391177875 15.155724967 -1.423263498 
-1.128949898 15.365813737 -1.981468956 
-8.240149265 11.956609056 2.576598909 
-8.073588425 12.319251352 2.730237729 
-1.436149888 14.762507742 4.364357558 
-3.362025734 13.971077828 5.695328876 
-7.983862552 12.534603257 -2.933947982 
-8.055032786 12.533916127 -3.132593259 
-0.816368670 15.639057520 2.006102517 
-1.259448115 15.496771341 2.633334685 
-6.278520243 13.861265893 -4.043397843 
-7.229343996 13.431537159 -3.446910392 
-1.591031939 15.528082332 3.739992614 
-2.901019316 14.090612726 5.530833432 
-7.497290997 13.004137434 -3.447575067 
-7.720241159 12.684754720 -3.268656950 
-2.674702165 15.258632215 3.097078657 
-1.591234757 14.824739566 4.297612280 
-8.374543525 11.905355355 -3.114075207 
-6.188340997 13.292669677 -3.701599716 
-2.232296423 15.280699829 -3.958527809 
-2.015932443 15.007668202 -3.808210686 
-7.468603257 13.408894231 2.534692483 
-7.689381398 12.922249549 2.839262327 
-2.369140219 14.686933604 -4.133206299 
-2.960294813 14.743558635 -4.225185655 
-7.247509951 13.364277217 3.519119927 
-6.002235739 13.876423234 3.898371019 
-1.690860384 16.285274094 -0.753611120 
-1.876777370 16.176209832 -1.683344049 
-7.187606051 13.359065391 3.144896326 
-8.239666364 13.495191711 1.104672527 
-2.664348096 15.380440615 -3.755166228 
-2.196997038 15.867963595 -2.750109657 
-7.203607378 13.596250436 2.697126887 
-7.965686368 13.516050094 1.727056209 
-0.118618178 15.310717299 -0.273235628 
-0.095896493 15.301381198 -0.408049859 
-8.930395372 11.822723614 -0.662851603 
-8.994168036 11.762570086 -0.726116395 
-1.362230947 14.507985673 3.270392035 
-1.548621672 14.555302659 3.535642172 
-9.027052731 11.960163855 0.151640119 
-8.792376931 12.226898202 0.071134800 
-0.553049429 15.113926535 1.748025246 
-1.085786105 15.403798972 1.808650776 
-8.378742634 11.852670523 -2.461584852 
-7.917778973 12.367777288 -2.977605647 
-0.360689823 15.504453287 0.108930958 
0.112598346 15.235990446 -0.428213496 
-8.948177839 11.567323591 -1.022454169 
-9.057751073 11.509672482 -0.877247621 
-0.713899259 15.580235841 -0.668319633 
-0.508321367 15.559261704 -0.525125398 
-8.813390475 12.168286837 0.251699514 
-8.428492394 12.033808024 1.886938480 
-0.475674731 15.520795197 -0.019989830 
-0.492313124 15.596211557 -0.178638947 
-8.646318013 12.183561114 0.823183734 
-8.723771475 12.251482922 0.283790604 
-0.438295217 15.745269831 0.076329839 
-1.629927530 14.695463788 -3.221528131 
-8.440256437 13.164307724 1.004180489 
-8.260813027 13.072214438 1.375288416 
-1.433918362 16.056721055 -1.218513603 
-1.052506611 16.079800639 -0.895446522 
-8.561098031 13.162772187 0.939208564 
-8.343045913 13.580658470 1.058094193 
-2.027376225 15.291189082 3.413290061 
-2.898367696 14.704665332 4.249069745 
-6.888862502 13.170584841 -3.709584802 
-6.308460190 13.547554377 -3.897686132 
-1.702787814 15.326718533 3.593314052 
-2.241701378 14.963326488 3.917173175 
-7.785613356 13.252700581 -2.389555898 
-7.456615802 12.988419386 -3.054713777 
-2.627405041 15.462446162 3.575781596 
-2.280031269 15.807302441 2.828174838 
-7.114606324 13.613879708 -2.769002448 
-7.632901401 13.416393686 -2.451076861 
-2.018296064 16.340732024 0.851254038 
-1.905217726 16.174101507 1.695666267 
-8.431193812 13.469886535 -0.005713087 
-8.265598397 13.479838541 -1.016741793 
-0.911933452 15.625392308 -2.129306691 
-1.580487152 15.442578932 -2.840229317 
-6.347724822 13.831353607 4.035080419 
-7.185636767 13.444999982 3.493325282 
-1.457185981 14.769225731 -4.398344187 
-3.558803504 13.895651603 -5.742591843 
-8.086316803 12.479021506 2.864072802 
-8.127949917 12.518701460 3.039523920 
-1.484130551 15.301532414 -2.966740358 
-1.741891634 14.756480292 -4.493399769 
-8.467395073 11.847351593 3.042254063 
-6.414757117 13.207444897 3.654244746 
-1.554317929 15.482021535 -3.897101461 
-2.948005418 14.041499672 -5.584482770 
-7.714782021 12.903203494 3.256988839 
-7.795514149 12.654412952 3.176149282 
0.543068816 14.967615286 -1.746137347 
-0.302409133 15.533962528 -0.243938362 
-8.788092809 12.013631376 -0.731753666 
-8.646873553 12.322761883 -0.585418524 
-0.180045855 15.524030726 -0.639166982 
-0.328430635 15.559657144 -0.429120850 
-8.613659915 12.193991612 -1.398787719 
-8.532111552 12.232012718 -1.525708634 
-0.254323422 15.527523438 -0.042256010 
-0.302752214 15.553966430 -0.089642974 
-8.714696261 12.186358142 -0.866235506 
-8.666509448 12.223807599 -0.871072660 
-0.361652547 15.569051825 -0.372260777 
-0.413152963 15.567630275 0.079549462 
-8.669653811 12.237916725 -0.826034172 
-8.683984477 12.262342205 -0.493716278 
-0.287137936 15.488936681 -0.696052394 
-0.366177842 15.523426040 -0.617515340 
-8.899120099 12.014173372 -0.092073124 
-8.830622101 12.107837489 0.042871641 
-0.293934647 15.552510341 0.191928897 
-0.270232974 15.557121949 0.390181439 
-8.814334859 12.129746348 0.024123241 
-8.847773422 12.091089307 0.005854613 
-0.233710772 15.476347718 -0.658094258 
-0.358103901 15.491522849 -0.841417571 
-8.743811013 12.169250625 -0.336409929 
-8.747589356 12.180521744 -0.171331292 
-0.294233145 15.473721360 -0.752579143 
-0.128814666 15.497752359 -0.243968884 
-8.808554396 12.138462344 0.017601791 
-8.769508054 12.175280348 -0.000651438 
-2.133471560 15.199324083 3.694094244 
-2.220600297 15.099875537 3.928644292 
-7.586057441 12.856351006 -3.080590189 
-7.628863877 12.838812151 -3.066026185 
-2.147224913 15.151070361 3.792572709 
-2.134773283 15.100630298 3.887899975 
-7.973829176 12.749344744 -2.714307771 
-7.909485953 12.786286462 -2.755687608 
-2.061907441 15.227842516 3.653318425 
-2.052832854 15.173847094 3.730896870 
-7.908366560 12.688203357 -2.903963334 
-7.592365596 12.836979838 -3.092929543 
-2.011059181 15.186452050 3.661795248 
-1.888913987 15.256717624 3.524788410 
-7.468378532 12.948793775 -3.092018523 
-7.583813153 12.857168105 -3.087061560 
-2.701401898 14.762029469 -4.650869621 
-2.611383335 14.771959714 -4.599021274 
-7.164169779 12.972099398 3.418176642 
-7.272046806 12.920174935 3.375297807 
-2.673527623 14.711062658 -4.728438401 
-2.524806820 14.818627322 -4.517619724 
-6.978421357 13.074059394 3.455442468 
-7.226331951 12.970886556 3.346731682 
-2.625353840 14.726559094 -4.671564881 
-2.573604890 14.770268852 -4.607100933 
-7.147118229 13.001114563 3.404867828 
-7.027574374 13.064415267 3.442614879 
-2.673507640 14.717485810 -4.734196677 
-2.577563653 14.749487560 -4.654611623 
-7.249679107 12.968857500 3.346899545 
-6.946627306 13.050198182 3.542022745 
