1.397531650 24.518986847 -0.961175419 
1.734375666 24.467421579 -0.075364608 
-16.441351365 16.632705824 -2.626249837 
-16.402518473 16.952754314 -2.031673714 
1.371017865 24.534016336 -0.381126311 
1.313749778 24.524045150 -1.032247144 
-16.281542387 16.697985175 -2.942538358 
-16.299780074 16.798664919 -2.960174471 
0.997208921 24.659600759 -0.110162602 
0.919684604 24.643885284 -0.050925305 
-16.323607317 17.039359210 -2.094114136 
-16.170743172 17.440760476 -1.978323523 
1.401234272 24.547711367 0.259100532 
1.095002511 24.587181001 0.817365921 
-16.436113788 17.087100782 -1.207643766 
-16.304100864 17.333927876 -1.067031833 
6.524193068 20.229010705 1.440937262 
6.255347153 20.441620163 2.621605015 
-16.547031971 10.723954252 -3.638589506 
-16.389351209 10.889480766 -4.303590371 
6.010243145 20.115086032 4.237355436 
6.021643175 20.345565949 3.902720576 
-16.637190134 10.359173712 -3.384174311 
-16.272127949 10.395662441 -4.361874023 
5.620223941 19.766627900 5.880707492 
5.639290133 19.927398311 5.455007494 
-16.571300117 10.915790794 -3.713192995 
-16.659843530 10.255613422 -3.173437980 
5.635578048 19.758019301 5.713866957 
5.934435826 19.694565504 5.152992428 
-16.546196726 11.052028798 -3.775961265 
-16.492958763 11.038203989 -3.859314775 
5.548818699 14.421482826 9.164970216 
5.371386359 14.239484585 9.339195635 
-11.763271444 7.869197679 -9.530506445 
-11.510011408 7.708926500 -9.600074282 
5.310684347 14.325582807 9.370013409 
5.206690250 14.222461425 9.560167545 
-12.263559546 7.904820880 -9.061087005 
-12.625974013 7.348713603 -8.423868408 
4.640651972 16.018440760 9.452801647 
3.659524737 11.895910120 11.675351267 
-14.556080959 9.496927088 -6.421858201 
-10.990445411 6.520586831 -9.531186925 
5.995766862 14.707914236 8.503231867 
5.794562257 14.630003204 8.876885203 
-10.224395738 9.254101028 -4.193408915 
-11.057220959 7.535615865 -9.717679249 
-3.863872268 15.528494735 -13.196652635 
-3.350713880 15.377677755 -13.239529991 
-9.477824347 12.861613355 11.862403926 
-9.226969731 13.373119013 11.932665901 
-3.802772150 15.659992557 -13.172373923 
-4.205817293 15.570313263 -13.210207210 
-10.496561029 12.356337604 11.469403093 
-9.095005304 13.449473637 11.965291650 
-2.397915983 16.550977087 -12.758801553 
-0.615549804 16.180780965 -11.805733573 
-8.964425364 13.036372153 12.050911854 
-9.589734539 9.486710719 7.331526057 
-4.165064285 15.160577950 -13.374019866 
-3.407325953 15.214790546 -13.267889086 
-9.324668934 13.123606054 11.913030900 
-8.556726324 13.721507051 12.117991257 
3.900986440 22.131560650 0.099251403 
3.737219845 22.243154063 -0.085828931 
-16.244225958 13.793521094 -2.315854869 
-16.266973315 13.569952896 -2.674842094 
3.756612400 22.095060795 1.502358214 
3.662558480 22.070727332 2.044007828 
-16.185918161 13.758480843 -2.948203642 
-16.334314362 13.679651223 -2.290463947 
3.696357351 21.953483294 2.459066141 
3.609556007 22.038921955 2.335481600 
-16.279735338 13.955226709 -2.225647504 
-16.320850017 13.932900275 -2.174822468 
3.785529626 21.795780333 2.573578011 
-1.002281919 21.037545912 0.547546275 
-16.163531471 13.534910695 -2.906472078 
-10.936589562 17.406220766 1.081950585 
5.511358357 20.294267827 -0.253980854 
5.513657146 20.319348727 -0.210852889 
-15.731381084 11.671593374 -3.401637317 
-16.073353901 11.283698100 -2.601378044 
5.664674975 20.172736522 -0.854672330 
5.733815712 20.198868735 0.298321760 
-15.643554892 11.753927806 -3.910847561 
-15.820148714 11.756557934 -3.368686689 
6.025338041 19.673678699 2.960068402 
5.907709451 20.005503854 0.732041889 
-12.611120440 10.651206002 -6.281072205 
-13.311727223 10.773139463 -4.355104079 
5.881971676 20.005760033 -0.190682880 
4.140270921 18.178994097 2.395459077 
-15.583135820 11.818895384 -3.980026730 
-15.986808511 11.336694367 -2.754928142 
1.765151747 17.401705701 10.226293949 
2.192574375 17.563244591 9.819805846 
-13.443151307 10.712689556 -8.000074429 
-13.096357611 11.017801075 -8.339861576 
3.009695724 17.977577657 8.927720674 
3.270987168 17.840199330 8.920661776 
-13.130318958 10.496294242 -8.484595604 
-13.193541602 10.696686222 -8.423617014 
3.620152814 18.471407111 7.855654620 
3.769545735 18.459397404 7.770573858 
-12.915071539 10.847946094 -8.687371355 
-12.266528877 11.177383620 -9.245882845 
2.884125465 17.847402039 9.252658258 
3.281890867 18.079081318 8.621303118 
-12.754093977 10.924973929 -8.831225113 
-12.332128286 11.249766448 -9.130705354 
-1.680375792 17.594127772 -11.536353057 
-1.150520048 17.772972220 -11.319334442 
-11.753652637 13.760610149 9.469192722 
-11.488541220 13.878397712 9.651341154 
-1.174161275 18.111681292 -11.012490468 
-2.368133586 16.927481992 -12.158864069 
-11.419357066 13.828144474 9.716672884 
-11.795552977 13.467889487 9.597809668 
-1.956765661 17.328105733 -11.840877754 
-2.538254091 16.988372042 -12.163657953 
-10.561187382 13.947098496 10.333662013 
-10.869256744 13.887596424 10.120793742 
-1.862329000 17.542940462 -11.625212644 
-1.637143951 18.231390936 -11.023298048 
-11.225643548 13.649976884 9.981926281 
-10.825913860 14.038518889 10.062843981 
2.854521415 15.878588378 -6.143454679 
2.067199205 15.889602167 -6.831739339 
-10.691260301 10.652004520 6.179560262 
-11.647210556 9.956606877 4.936823392 
2.687832148 15.858578198 -6.301809518 
3.138872845 15.975138482 -5.668057356 
-11.664720892 10.014968128 5.137718865 
-11.987443711 9.921153363 4.656666739 
1.560365111 15.340831123 -7.920724948 
2.205744130 15.547590458 -7.305608334 
-12.280511334 9.616166437 4.060167168 
-11.845620653 9.942546831 4.885553956 
2.718687250 15.640294682 -6.805457673 
2.742552265 15.928645302 -6.402139216 
-12.704225794 9.512355039 3.357893206 
-11.952896629 9.884783603 4.666860608 
-2.789833863 21.964761323 0.277966633 
-2.521949298 22.008133563 0.346453260 
-11.996765298 18.221016050 0.792065911 
-11.673043376 18.424418699 0.687556782 
-2.847596677 21.956124802 0.267592150 
-2.570411367 22.020421238 -0.004406835 
-11.908610601 18.226634191 1.151286222 
-11.879712028 18.258552898 0.912572647 
-2.710448321 22.053008233 -0.183848047 
-2.478874518 22.046600315 0.572807016 
-11.739658179 18.389114639 0.842122538 
-11.815819778 18.329543225 0.967957884 
-2.504050913 22.097785796 -0.723752498 
-2.601373488 22.087888828 -0.601595793 
-12.083174146 18.179857616 0.863752960 
-11.816896735 18.332959082 1.001027084 
-5.237910515 14.216245915 9.644047897 
-5.611217742 14.126960367 9.715123539 
-5.861879762 14.060974927 -9.387116635 
-5.194235563 14.297973124 -9.394413213 
-5.572991007 14.158239843 9.699593375 
-4.767278455 13.710332196 8.716324620 
-5.456906335 14.150059082 -9.455982156 
-3.466353499 13.044054173 -7.937325828 
-6.016123897 14.024837000 9.707228289 
-5.527701511 14.196534704 9.726846418 
-5.335894693 14.099689620 -9.377444142 
-4.688651315 14.390002680 -9.312838681 
-4.955663695 14.395522915 9.793285613 
-5.226054687 14.423710375 9.784544575 
-5.108671066 14.301790491 -9.333163646 
-4.899215759 14.405195088 -9.373084888 
2.537624109 11.352156627 -7.851024478 
-0.184888106 9.924240315 -7.594260207 
-8.833087149 10.465684667 1.092410926 
-9.353939639 9.861844208 0.446331210 
2.657404448 11.401254265 -7.727717175 
2.970532940 11.736893390 -7.296936252 
-8.983199334 7.144517462 5.791203011 
-9.579565196 6.628961369 5.058685813 
2.109006135 11.268147458 -8.242804372 
2.291592272 11.501195661 -7.990188454 
-9.730142221 6.781740010 5.193915394 
-9.860529608 6.857025546 5.087676858 
2.439592391 11.440461358 -7.982191180 
2.666961254 11.615588128 -7.717180362 
-9.783911412 6.815083750 5.166720240 
-9.512386004 6.781629750 5.512868122 
-5.180316030 14.313321965 -7.882866735 
-3.231861053 15.054866156 -7.470399731 
-9.118692325 12.844639271 5.686984731 
-4.998617614 14.356169028 7.607494839 
-1.183147423 13.574334455 -7.405835585 
-1.808506859 13.296987783 -7.736084926 
-9.343530033 10.285900788 4.896939924 
-9.221007635 10.221160785 5.066447595 
-1.456488842 13.627401520 -7.233509577 
2.496227292 15.792109608 -4.762930662 
-8.688716050 12.249014868 4.129382688 
-8.718263405 11.527233970 3.948422636 
4.015652881 17.665470934 1.439090545 
2.539711702 16.753587411 5.241119449 
-13.592922717 14.875466419 -0.995799366 
-13.683402496 14.651573861 -0.895407748 
-0.434706918 20.898639463 3.849259213 
-0.998777753 20.763056437 4.470288484 
-12.819263311 15.986748648 -2.268524015 
-12.925577705 15.774055663 -2.366416987 
-2.732353590 21.171951727 1.443463313 
-2.567678040 21.200999104 1.129461741 
-11.324051827 17.543644749 -1.095529553 
-11.362252223 17.507700811 -1.082366104 
-4.324233282 19.788021337 -2.683431888 
-3.401876339 19.875241073 -2.790517283 
-13.264004393 14.348790716 -1.143063661 
-11.784599206 16.430779939 5.311525076 
-0.125939058 21.271165801 1.451252086 
0.157433140 21.263809880 0.387346498 
-13.040915549 15.978807578 -0.263587209 
-13.042382306 16.031038826 -0.653257712 
2.463100810 15.625227449 7.765108565 
-4.220427130 16.405718395 10.322428255 
-4.933037499 11.587913848 -8.294906709 
-2.365652666 14.683046807 -8.807990831 
0.869354851 11.415328250 8.772134837 
1.713628503 14.298585084 8.105473470 
-7.705668693 7.472049199 -5.588103678 
-6.737682829 11.700077712 -7.002581939 
1.130486100 11.233878837 6.894221600 
2.215977437 12.223635503 6.245834987 
-5.682475497 16.948088841 -6.294495664 
-7.594668877 17.650923901 -6.222364974 
-3.642886169 18.331071620 8.012196500 
-3.839880455 18.081502639 8.512500315 
-7.129678480 16.791550994 -7.934733403 
-6.301639763 15.684168420 -9.459263011 
1.560573313 13.629852692 -1.529222115 
3.796572654 10.196212199 -0.223875161 
-7.867258060 10.030911412 3.535736224 
-8.280849816 6.276023523 1.568541112 
2.508440949 11.103489152 -2.566063078 
2.469551768 10.955986229 -2.801659618 
-7.148050752 6.614135163 2.612429449 
-7.293210454 6.558928784 2.357922222 
2.411766694 12.840447881 -0.932989876 
2.145780022 12.666619696 -2.689608024 
-8.285916919 7.513252162 1.908808782 
-8.602979077 6.563667931 1.782114779 
2.112355122 15.315654811 -8.012178201 
3.582483421 16.330772344 -5.305732752 
-8.531666056 7.980108027 1.663330215 
-8.745466914 6.960757130 4.213087415 
-1.262443384 17.538739023 3.196023024 
-1.777293273 17.440897915 3.695789373 
-9.687246455 14.464453873 -3.602078745 
-9.870726951 14.408582844 -3.375421581 
-2.028503221 19.563958536 -4.064983825 
-3.338902737 20.299114540 -0.752898438 
-10.712213995 16.150299559 1.726315977 
-9.385150776 15.995388819 -3.089111261 
-2.073687267 17.586170942 3.869486936 
-1.423380222 17.783631532 3.203711651 
-8.619034740 15.057874133 -4.581099890 
-9.237471613 14.798187599 -4.169172334 
-2.298582602 16.696993724 4.494725566 
-1.771419782 16.959243021 3.959997853 
-8.638935311 14.526595557 -4.732083383 
-9.113100320 14.424335591 -4.300999338 
0.792631533 14.546271728 -0.160399564 
4.006799860 14.091588102 2.317409722 
-6.270942893 11.054665374 -4.511789038 
-10.319122396 7.880738393 -0.531471027 
3.888934249 14.743600577 0.504171548 
3.638542148 13.514066761 1.607870806 
-11.694632238 8.709351292 -1.626262323 
-10.467412048 8.051378199 -1.911452799 
3.122247705 14.351141046 0.965467609 
3.122186666 14.385788067 -0.344298618 
-10.048607218 9.414942487 -1.984817721 
-10.479979070 9.066362252 -0.773742633 
2.870029325 14.371785191 -0.942845310 
2.918769983 14.354972269 -0.849515964 
-10.263436598 8.268127902 -0.831840202 
-10.227399896 8.304970727 -0.859283943 
1.609559593 14.911664774 3.853096144 
1.127577461 14.398458668 5.268589461 
-9.460402632 10.349703103 -3.693995178 
-9.018884998 10.268467436 -4.343910329 
2.338025959 14.087009364 4.493014639 
2.130656940 13.803051697 5.083231111 
-9.459790595 9.148366036 -4.332747678 
-9.753915564 8.983872046 -3.863243602 
1.735116880 14.529940498 4.132409540 
1.261116505 14.227945987 5.065024085 
-8.500677555 10.355513715 -4.598263238 
-8.280306503 10.835504980 -4.542992303 
1.164437657 14.713948409 4.366791148 
1.146277817 14.630733006 4.680763759 
-8.796635771 10.552091648 -4.193908540 
-9.130592028 10.429719829 -3.836645476 
-3.888410652 16.423517212 -6.063668973 
-4.466950713 16.118287157 -6.285869187 
-6.668790177 15.213453131 5.711902681 
-6.249952091 15.308437507 5.776396424 
-4.115897670 15.612512828 -7.321608524 
-4.517087225 15.413793665 -7.369020650 
-5.059045390 15.182251232 6.815992384 
-5.864053789 14.832488179 6.863317039 
-4.745950960 15.826568464 -6.506467853 
-4.586121669 15.899459485 -6.454728614 
-6.140613350 15.166500058 6.038798919 
-6.153780422 15.141390256 6.038409164 
-4.168411249 16.301778798 -5.980235926 
-4.135562808 16.291821449 -5.997123351 
-6.554184684 15.223418634 5.647907041 
-6.156357397 15.363815928 5.678644446 
-2.845474602 18.033534785 2.298061633 
-2.659908506 17.908152032 2.686874758 
-9.986681672 17.872712168 -2.454323342 
-9.736251848 17.868177830 -2.401997304 
-3.728121090 18.494689661 1.574681199 
-3.966993366 20.232365987 2.228750329 
-10.100081201 17.889143941 -2.320180751 
-10.052965834 17.898065906 -2.299255155 
-3.468006003 17.789901718 2.751447393 
-3.523617861 20.512065779 1.994567856 
-10.221492706 17.784349549 -2.791178382 
-10.118852570 17.854712853 -2.572860072 
-3.682981609 20.435297439 2.003076615 
-3.461344216 20.566989256 1.790913977 
-10.075263838 17.811958352 -2.819514138 
-10.024202588 17.872587742 -2.789218450 
1.603891098 13.783127965 -3.738784452 
2.135672089 14.710692677 -1.316482893 
-10.559569958 8.519090966 -3.140923955 
-10.614246322 8.681001102 -2.991900490 
1.687733405 15.384955618 -0.606278962 
2.019815763 14.855041725 -0.579027953 
-10.272468637 9.733750172 -1.753027150 
-7.970815210 8.093400658 3.065768678 
2.523945578 13.374792459 -1.016192209 
2.999685793 14.238272726 4.101775335 
-10.413322092 8.631923959 -3.492695668 
-10.155150141 8.835249797 -3.956083169 
2.380940083 13.626245394 -0.807427981 
2.276295832 13.573796664 -1.331949016 
-10.543707542 8.792882207 -3.260627281 
-10.146105844 9.008109280 -3.996248888 
1.051321822 16.355191702 -0.203337949 
2.191648071 15.189033761 -0.191177484 
-10.139746368 9.518502995 -2.994178409 
-9.029450637 9.034960654 -4.358687851 
-0.686304906 9.662927401 6.964943342 
-0.414535758 9.628257926 6.940476504 
-5.371386566 8.888550133 -5.178797823 
-5.687995288 8.466321922 -5.129370133 
0.341072975 9.870672746 6.409442826 
0.267202699 9.998433539 6.557289662 
-7.997357581 6.903196433 -3.698854015 
-8.141530534 6.978638381 -3.787627365 
-2.522390667 9.834173106 7.795411236 
-2.774167468 9.721359373 7.814208879 
-8.994343250 6.975458996 0.162422217 
-9.053740611 6.934949459 0.054806313 
-5.933820979 14.645366668 -6.100682790 
-6.211905382 14.962512262 -6.306436704 
-2.978565482 15.863762325 4.757670028 
-3.742823472 15.804475394 5.601517368 
-3.297155931 15.050865529 -5.471089712 
-5.180040357 14.653865942 -7.962170073 
-4.673567823 14.639803802 7.579647140 
-4.405403030 14.800428301 7.538738254 
-2.875962684 14.783329060 -5.360687305 
-5.649778971 14.370071567 -7.976012514 
-6.142148300 13.568822888 5.513795206 
-7.142305813 13.188092071 5.231587413 
-5.732904821 14.370140891 -7.961842671 
-4.157368153 14.623032590 -5.916085281 
-4.861610499 14.718972111 7.616702714 
-5.187559485 14.525867445 7.638353707 
2.764944911 14.076079533 3.114304503 
2.732501903 13.984168406 3.243826876 
-10.380989074 7.904436884 2.097453643 
-9.936075321 7.917158560 2.280834379 
3.387709409 12.659721134 3.116258206 
3.493172403 13.429118324 2.667022514 
-10.507527045 8.007366932 -1.694392999 
-10.497747532 7.934761022 -1.795433779 
1.459770100 18.790414901 -4.468631529 
2.639744488 12.562396633 -5.262305604 
-12.466781132 13.622691338 2.271524285 
-13.948012351 13.813163517 1.691435026 
2.450199726 16.618214179 -5.133444807 
2.410506788 16.169333128 -5.418454760 
-11.500537564 11.546669702 5.547948358 
-11.829059388 9.339676286 -5.382822240 
-0.972836591 16.085125914 -5.594193612 
-1.010280222 16.049461715 -5.622739292 
-9.999443269 12.492037244 4.663229238 
-10.370635498 12.371938187 4.124474238 
2.814281155 19.736056894 1.315540807 
-0.011061238 18.597102649 -7.900554116 
-9.423795072 12.858454339 4.610750461 
-11.391159238 10.050857753 5.247473471 
3.468378118 18.087587544 -2.500223480 
0.570963467 21.534259700 0.216161963 
-13.414060141 11.294504208 2.414508538 
-13.583060568 15.687155737 1.539547185 
-1.808140809 17.789735904 -3.955160303 
-1.590042303 16.494659480 -5.720743781 
-10.480422203 13.368251430 4.135559257 
-10.113102371 13.141419319 4.781329648 
-3.199386314 18.027407797 5.158829979 
-3.027256645 18.008364616 5.203816903 
-6.832072455 16.232195168 -5.719516659 
-7.402507120 15.982144953 -5.675303793 
-3.913777581 17.689129570 5.951726287 
-4.548860447 17.418409201 6.190687234 
-6.417311450 16.439417728 -6.088004574 
-6.347701754 16.501896108 -6.057201502 
-0.634207540 19.533199756 6.245970347 
-0.358242798 19.015697389 7.587806898 
-10.620116633 15.337389024 -6.572001346 
-11.533722907 13.854844211 -6.230040482 
-3.453804924 18.479992020 4.840053613 
-3.366644489 18.380416798 5.006444226 
-8.131604708 16.302488891 -5.124906764 
-8.527227056 16.115644468 -4.966445988 
1.721048840 16.403876432 -3.110084865 
1.452958246 16.055785713 -4.357752817 
-10.803300377 10.791709245 3.147748652 
-10.751454208 10.988587244 3.081045208 
2.292945331 16.144118005 -2.487563064 
1.978054091 15.858581686 -3.835504548 
-11.269673034 10.196603750 2.048075477 
-11.333865946 9.986030546 2.106533150 
0.550437440 15.505891115 -7.269197698 
1.533939756 13.473639693 -6.901410671 
-8.899691934 11.581395843 2.978192980 
-10.214563554 11.700408603 2.551314632 
3.984562557 12.890132654 -4.020049146 
0.586996821 13.855329874 -7.555473771 
-8.671764673 8.272526151 5.868772320 
-7.388830018 11.418744773 6.397147812 
2.341099233 13.954299477 -1.068245072 
1.708491019 13.314850443 0.144305909 
-8.776601808 9.299377189 1.071169423 
-8.862439267 9.140371151 0.953295594 
0.055162002 14.479677386 -3.233362765 
-0.272773186 14.279635656 -3.331910484 
-5.388336476 11.668060058 3.868698512 
-4.920700848 10.994358356 4.566138780 
2.061785098 13.114703299 -0.873686837 
2.073893853 13.122562371 -0.618074852 
-8.669630557 8.505955453 0.183218872 
-8.921986202 9.723740897 0.039665396 
2.013624532 13.079548128 -0.081990223 
1.997741944 13.096659619 -0.524954851 
-8.753724302 8.490237493 -0.261521344 
-8.720171322 8.593474349 -0.412844012 
-3.197793836 19.281915558 1.889223843 
-3.452498936 19.371211446 0.198904973 
-8.244518353 17.836027897 -0.806977441 
-9.248996266 16.612928240 0.919793846 
-1.704576905 16.811248703 -2.527506851 
-2.181154858 16.709194979 -2.989857944 
-8.633794054 14.257975315 3.171111511 
-8.934606636 14.130042372 2.782714946 
-2.043354421 16.321274111 -3.215410541 
-2.477510052 16.207509335 -3.575217509 
-8.863659426 13.889263877 2.725761426 
-8.824085598 13.829340568 3.000454373 
-1.811438553 16.823560119 -2.871847024 
-2.585585884 16.636850859 -3.368408842 
-8.934690586 14.254950890 2.566982098 
-8.535003273 14.397420613 3.146017782 
-4.775665394 15.499415193 5.121696224 
-5.095008399 14.901470352 5.977899532 
-4.959754545 15.332554756 -4.656564005 
-4.800503681 15.063489132 -5.490974607 
-3.805245578 15.747346183 5.072241684 
-4.245942669 15.583218555 5.171004160 
-5.897429822 14.884093176 -4.841389071 
-5.981174205 14.837027296 -4.794484837 
-4.795972148 15.501754134 5.027500088 
-4.919024591 15.392051710 5.139666488 
-5.739113977 14.978905063 -4.663236092 
-6.196060994 14.822614507 -4.616353900 
-4.450038726 15.418830979 5.180838309 
-4.512726316 15.341748972 5.267079517 
-5.498794599 14.909425005 -4.840534923 
-5.617703687 14.886441786 -4.816658185 
1.272359122 13.989122584 -2.788045600 
1.087019180 14.138162192 -2.747222592 
-8.420571781 9.883125576 2.997425962 
-8.906765546 9.810737953 2.182685108 
0.596771959 14.134719020 -3.798061118 
0.563859917 14.190963345 -3.781556518 
-8.191894532 10.570420025 3.189395859 
-8.468568133 10.496061000 2.885972286 
0.615283150 14.404052917 -3.138650718 
0.585171525 14.271550804 -3.518827732 
-8.818371294 10.320962287 2.357544334 
-8.874192545 10.403587168 2.149038613 
0.736454438 13.960922164 -3.763958793 
0.661211762 14.064627163 -3.607635567 
-8.735999898 10.157073283 2.506180117 
-8.635029733 10.207536337 2.620324962 
-3.245287987 20.547379089 4.065340079 
-2.755872610 20.749200507 3.542335903 
-11.353792150 17.215205332 -2.969364322 
-11.083142700 17.349623436 -3.290666158 
-3.327523384 20.396852729 0.930202585 
-3.172293804 20.444871757 0.514717184 
-9.996324991 17.704202335 -1.464897614 
-10.004582083 17.663270385 -1.790546265 
-5.909335325 18.600359008 4.669167208 
-7.429679682 17.955200335 4.293611693 
-11.920467323 18.224294398 -3.492283068 
-7.045788509 18.445385505 -4.414934373 
-3.932969975 20.590855129 1.395764714 
-3.581089370 20.266704724 3.518051187 
-8.788456467 18.915823063 -2.113027559 
-9.653322656 17.928289895 -3.840066344 
0.516001858 11.750255343 7.611879266 
1.940201816 13.247000241 4.992401732 
-12.448614029 6.593162496 -3.058470343 
-10.307737720 8.862302385 -1.477252552 
1.384764758 11.877115945 7.158998700 
1.283889422 11.944017942 7.186830990 
-9.607553108 7.443698333 -4.247616360 
-9.315948802 7.678895009 -4.897673015 
3.816755301 16.790316681 4.687308454 
4.439186913 11.992864670 5.400109356 
-11.445739433 7.442694947 -4.286500829 
-10.908177133 7.230938056 -5.193104333 
5.643776657 15.157195944 4.239975753 
4.825911483 15.894236450 3.863720451 
-11.471413111 12.199440347 -4.200328017 
-13.287991176 10.679461064 -2.090031613 
4.172204986 14.052262607 0.669958516 
4.248033715 13.952584096 1.452068031 
-10.975940799 8.833664161 -1.366697215 
-10.890007958 8.749797510 -1.665864964 
3.150354424 13.896323228 -1.097013004 
3.023014242 13.372824547 4.688279092 
-8.169286082 9.427879401 -5.105632614 
-10.353840398 9.145396234 -2.509384791 
5.429144560 13.862960851 4.712063370 
3.130766783 15.491586467 2.639999193 
-9.753248084 5.530510324 -5.446542290 
-8.693085181 4.170202768 -5.132527827 
4.702481284 13.591192234 2.623993286 
4.807839782 13.504845189 2.315183154 
-11.825508883 8.077100942 -0.885880538 
-11.725154314 8.156167646 -0.915029968 
-6.413584877 15.256205808 -8.872417554 
-6.385226876 15.275261254 -8.881884359 
-4.869078446 15.832245355 8.420255601 
-4.182147520 16.125259582 8.265844913 
-7.011566204 16.539219976 -6.978351599 
-6.954558558 16.527731149 -7.017129282 
-5.349780235 17.300227212 6.437999345 
-6.095957467 16.982121035 6.554332709 
-8.793850376 15.160441229 -6.703743609 
-9.054962710 14.835147520 -6.676847882 
-2.672579883 16.753177486 6.996795060 
-2.180579235 16.736712178 7.017532682 
-3.486172851 14.514963170 -7.880911847 
-6.197451953 11.801059517 -8.134254533 
-4.902684416 13.627879890 7.567845959 
-5.646153101 16.656126207 6.862132172 
-2.182798009 18.254435301 1.191793394 
-1.696502975 18.247581100 1.105488566 
-10.454250741 17.850537823 -3.191905926 
-10.104092850 17.967953248 -3.013583835 
-3.431950678 18.587063380 1.168618386 
-3.257555565 20.652368623 1.972276258 
-10.435051369 17.864708556 -3.279892591 
-10.306241032 17.911786731 -3.354034180 
-3.182170304 20.691739751 1.624378711 
-3.455312497 20.671587106 2.391958791 
-10.575108551 17.846622037 -3.170194940 
-10.518843323 17.863080602 -3.093624964 
-3.576025861 20.639767338 2.652434549 
-2.741233408 20.962154322 2.252990037 
-10.142574424 17.966590316 -3.496228846 
-10.192774741 17.947310775 -3.396530098 
2.231753981 14.496232068 1.327091385 
2.925204064 14.089965427 4.431639694 
-10.760062508 8.128544244 -3.202166200 
-10.560652156 8.312781244 -3.645594615 
4.021337820 13.896582637 3.228023361 
3.875916745 13.902588757 3.460056230 
-10.993438754 7.763106378 -2.502851650 
-8.475964103 8.213348789 2.234178690 
3.684083945 13.925810943 3.942998278 
4.241135718 13.970282193 2.729600950 
-10.585148292 8.260889097 -3.572765327 
-10.470730311 8.360527281 -3.707814275 
3.719690946 13.981581276 3.590503348 
3.710469002 14.008992955 3.701674794 
-10.840212973 7.990001912 -2.885289807 
-10.745389039 7.969768406 -3.099058868 
2.343063455 14.258994881 -0.996883005 
3.857137724 11.667169348 5.246442486 
-6.962746061 12.133970698 -5.036320101 
-10.042839996 7.703845619 -3.613016631 
2.132917687 13.778043282 1.895087915 
1.700202694 15.024955003 2.843107872 
-6.071319393 8.904859641 -5.068676516 
-6.873066573 7.922243776 -4.703932799 
0.823069509 10.269215092 6.008563778 
1.062507425 10.432839797 5.683320603 
-7.799891293 7.234500606 -4.145720157 
-7.930994510 7.169314078 -3.849356666 
1.497489360 11.849696465 4.997895448 
0.427201331 11.390991774 6.057366120 
-8.949069603 7.136532011 -1.862372420 
-8.920813410 7.167650692 -1.941007275 
-6.057965246 15.352900284 -8.200991688 
-6.000158754 15.414081759 -8.220157009 
-5.826437352 14.823094940 5.580844951 
-8.168354797 14.336138796 5.216164834 
-5.857592972 15.567220489 -8.258481759 
-5.470475120 15.583230719 -8.181387962 
-5.577565931 15.588591825 7.908318534 
-5.358332370 15.754968914 7.894901304 
-6.367204272 15.265687490 -8.330470347 
-6.291905956 15.378044889 -8.268682608 
-7.646278584 14.764707399 7.929594805 
-6.444992346 15.464423676 8.017160880 
-6.488707616 15.279623002 -8.211159360 
-6.409745665 15.378915649 -8.206311189 
-6.259681713 15.546913773 7.952489329 
-5.900430264 15.563387014 7.958940209 
3.904474179 13.443667952 -2.622880926 
4.058808718 12.685891336 -3.211029683 
-10.811245372 7.982683386 1.360824066 
-9.818863469 8.052451435 2.295194017 
4.085393124 13.611971126 0.065988133 
4.038838696 13.584355899 0.386694069 
-10.665734136 7.846334333 -0.634066990 
-10.668034922 7.824877342 -0.368569773 
4.440958408 14.008587905 -1.650627960 
4.925098305 13.363715666 -2.134220204 
-11.811241998 8.096326182 1.198731499 
-12.044565753 7.964502255 0.397581338 
2.350409400 14.281157200 -3.688379829 
2.949782359 14.606136891 -1.015886501 
-8.850235269 10.650632662 4.392239392 
-8.867570622 5.849007321 1.729703577 
-0.966093186 16.085216317 -5.515490081 
-0.939987442 16.195625475 -5.365560982 
-10.914622590 12.300754816 2.652024593 
-9.548522039 12.629973388 5.124273240 
-2.229432210 16.830264097 -5.910503701 
-2.205822425 16.869498938 -5.866197652 
-10.431266021 13.397894458 4.272807709 
-9.994854471 13.799390905 4.863146154 
-3.998663389 20.286920215 -3.132611617 
-3.006998597 19.948856863 -2.995509437 
-9.926419411 17.890142734 2.547424833 
-9.488154204 17.437448831 3.967693243 
-3.053941585 20.758823535 -3.381676263 
-3.014058506 20.872025829 -1.914197648 
-11.098791684 17.680508084 1.886199253 
-10.578488886 18.196305299 2.209879646 
-4.917053908 17.390833983 5.887097399 
-4.840190929 17.440731331 5.806986124 
-5.708606065 16.824138880 -5.426501122 
-5.937599953 16.649955343 -5.577198800 
-4.816445541 17.348844955 6.250841999 
-5.355321963 17.098199671 6.409664614 
-6.315572118 16.492988680 -6.061223888 
-5.542874999 16.834065389 -5.944365086 
-5.879515785 16.244722124 7.270834024 
-6.411837980 15.773653202 7.464663529 
-4.785865973 16.583716515 -6.681970772 
-4.847494677 16.407332327 -6.895937870 
-3.830383357 18.280770007 5.172848198 
-5.843686742 18.708011940 4.758583219 
-6.916546546 16.822125508 -5.254530896 
-6.469389740 18.706791752 -3.720186225 
1.650176270 16.409383100 -3.219692339 
1.424363663 16.099099569 -4.227728547 
-11.194209933 10.730636662 2.198008740 
-10.890738924 10.861608011 2.848350159 
1.906006262 15.557007263 -4.620690729 
2.067873226 15.534211383 -4.497426778 
-11.346966355 10.015524676 2.040756814 
-11.260218454 10.046429563 2.251817578 
2.912172210 14.311198120 -4.775924318 
3.059962113 14.221042647 -4.265022416 
-10.211289560 8.975154433 4.015176198 
-10.151030759 8.575954768 3.912081295 
3.407258135 15.889551181 -4.161704539 
3.245055176 14.674471600 -2.782418254 
-11.655835022 9.582523099 3.603890776 
-11.220391719 9.461566009 2.217777577 
2.915598722 12.592772884 -6.253220913 
3.663995580 12.764058457 -4.639653026 
-9.971158289 6.935656119 1.502065073 
-10.104980219 7.082656460 1.881009181 
1.097948725 14.411434194 -2.669736165 
-0.227537471 14.280212950 -3.415316998 
-8.970105480 9.182197245 1.604063914 
-4.741177609 11.111191669 4.468186245 
3.663392709 12.504718106 -4.824410431 
4.019745274 12.667695592 -3.921765708 
-10.074276083 6.865871326 0.419510963 
-10.186364495 7.019990498 1.429712562 
3.007271268 12.499164874 -6.198637253 
3.179721667 12.555282534 -5.802924905 
-9.878236363 6.907915391 1.811977873 
-9.897718878 6.961682816 2.124315585 
-1.960877530 19.569474157 -4.535167357 
-1.631178588 19.575373131 -4.329021887 
-11.614777890 15.514608860 3.798375498 
-11.589689491 15.576296778 3.572004127 
-1.990136612 19.486041797 -4.712257197 
-1.510430802 19.936429002 -4.149742079 
-11.616220771 16.155163769 4.118350646 
-11.329262731 15.585823252 4.115722343 
-1.441909947 19.707624500 -4.091602132 
-1.422307524 19.750507825 -4.118584498 
-11.110388014 15.753154145 4.506719843 
-11.748976802 15.514216262 4.134169505 
-1.773576231 19.276421515 -4.679559135 
-0.928958031 20.300867559 -3.433839063 
-12.956130549 18.497188464 2.375747985 
-11.337197278 15.975317601 4.217830673 
-7.720791417 17.005847025 7.122503653 
-6.648677942 17.446041131 6.892092313 
-7.359212599 17.299979401 -6.897267509 
-6.568548860 17.516530506 -6.756667136 
-7.593715853 16.958622757 7.160583781 
-7.152939772 17.221469607 7.128041428 
-6.967164426 17.157056307 -8.469686587 
-6.400491680 17.580562805 -6.922382235 
-4.854612035 18.908773070 6.725420670 
-7.908869241 13.504270996 9.678772522 
-6.431908699 17.507030625 -6.655518327 
-8.009822872 12.052193009 -7.180671794 
-7.770083088 17.001017179 7.004044794 
-7.899571040 17.025980275 7.484722916 
-6.150198691 17.622940966 -6.670312177 
-6.030880306 17.706072481 -6.933397867 
2.412855002 14.680422610 -6.875087847 
2.321963986 14.662057548 -6.831597982 
-11.894076013 8.964693131 2.143592929 
-11.899164630 9.124826583 2.085315306 
4.249430294 12.452030586 -8.172280641 
4.350965892 12.535036656 -8.079149783 
-9.808005669 6.824814715 4.467847968 
-10.031818480 7.513179032 4.331633370 
3.986877568 13.500440694 -5.117192506 
4.083486503 13.589209539 -4.407352209 
-9.683942329 5.909939843 3.600536499 
-10.662839663 5.795628332 3.228782565 
3.422924646 14.500697872 -6.002398461 
3.447367991 14.863525137 -5.369597385 
-12.219012442 6.384629483 4.016351351 
-11.827340035 6.397733524 4.497903109 
-1.795771423 16.821666431 2.521471608 
-2.293321859 16.644244331 3.022341537 
-8.803863479 14.223329201 -2.855492180 
-8.985450401 14.291635684 -2.197422084 
-1.995809946 18.866286672 -3.770211584 
-3.408441516 19.372443411 0.068551819 
-10.257096814 15.397970344 1.343825574 
-9.251789164 16.608813165 -0.750936841 
-2.022274597 16.764134844 2.899151701 
-2.113149522 16.782503783 2.878694266 
-8.520645180 14.379223330 -3.194442197 
-8.363578729 14.416971059 -3.402803130 
-1.875769301 16.315919441 3.115645015 
-1.928313679 16.360065099 3.093019488 
-8.516613862 13.988527101 -3.275392224 
-8.053003831 14.102702332 -3.829940661 
-0.188780689 14.395249435 3.497714979 
-0.388368622 14.197955821 3.635789556 
-6.219199203 11.488771021 -3.626177797 
-4.928126043 11.069386857 -4.467676322 
2.265306353 13.894969186 1.354244612 
2.212302762 13.254504377 1.204099998 
-10.371428181 9.699377742 -1.300740412 
-8.416871370 10.241345291 -3.790486110 
2.064912620 13.026017758 0.354385812 
2.044688145 13.021897393 -0.010583880 
-8.451689012 8.801933196 -0.931264486 
-8.691317529 8.584165608 -0.030817189 
1.957850032 13.100716832 -0.754092902 
2.008411660 13.118801406 -0.279699430 
-8.639485879 8.825899409 0.296344523 
-8.628451892 8.757486789 0.526223954 
0.546749664 14.167710799 3.721323060 
0.708688251 14.277802138 3.315366322 
-8.376477145 10.530098879 -3.012604539 
-8.052273711 10.641000081 -3.361692688 
0.921527181 13.894318002 3.556378960 
1.192506665 13.989389342 2.931267915 
-8.157352255 10.038020857 -3.246212028 
-9.083331727 9.852310418 -1.694549133 
0.780205899 14.339854572 2.803595490 
0.683974816 14.110248840 3.479599182 
-7.910307426 10.427680520 -3.488561858 
-8.216335790 10.401987955 -3.114204690 
0.731350690 14.429211584 2.931449515 
0.290031651 14.438945444 3.394210239 
-8.564714514 10.537136932 -2.635054195 
-8.282219765 10.733947553 -2.884968403 
-3.944358503 15.706901430 -5.180003864 
-3.275639893 15.937484832 -4.815003681 
-5.934403618 14.820931969 4.860124255 
-5.650135359 14.880529758 4.861703683 
-4.618425145 15.551935804 -5.110933794 
-5.151296467 14.922083402 -5.955323952 
-5.336712295 15.166229189 4.732707529 
-5.071595863 14.869747843 5.585363777 
-4.112772595 15.570334604 -5.046355770 
-5.457327418 15.012282791 -5.343835972 
-5.346874723 15.015311204 4.782262619 
-5.924999118 14.737325728 4.849028899 
-4.918635194 15.399490347 -5.107931739 
-4.809004348 15.448986483 -5.079974964 
-5.823717736 14.982043169 4.619649914 
-5.591211816 15.081142768 4.614156830 
-2.020053223 17.909738169 2.008446887 
-1.406155997 20.012518788 -2.310301427 
-9.257914861 15.047908694 -2.451484376 
-10.989008917 16.195094023 0.366871900 
-2.315546164 18.379693460 2.131594380 
-2.360666811 18.355165784 2.416984652 
-9.605021859 15.378042833 -2.135443760 
-9.763276785 15.421473390 -1.669869065 
-1.956141431 18.154111175 1.373592818 
-2.310703852 18.074206755 1.870097019 
-9.402054412 15.172037221 -1.925221138 
-9.367020078 15.156385945 -2.100530152 
-1.747795807 17.985057230 1.693941394 
-1.524707724 18.083954685 0.987983228 
-9.055636609 15.044710477 -2.901378085 
-9.047241962 15.036536926 -2.921949355 
1.455190643 14.635427344 2.863851451 
1.645983864 14.561240747 2.348073769 
-9.559713558 10.081382790 -2.056551204 
-9.514976263 9.856859827 -2.042966766 
1.608657411 14.792825957 2.343388385 
0.984864956 13.919275584 -5.182095050 
-7.370193973 9.254499702 2.711903196 
-9.049967754 11.874218336 -0.379328204 
1.158410353 14.877729529 2.874078075 
1.532375335 14.886003025 2.327435719 
-9.813618173 10.039020289 -1.427167933 
-9.713381681 10.109847474 -1.863013271 
1.390545723 14.685458530 2.821603381 
1.831002834 14.745419373 1.385683658 
-9.756148331 9.818234240 -1.371458666 
-9.602714435 10.014972314 -1.971567070 
-0.652457348 14.375781265 -4.952036918 
-0.304410543 15.764317576 -1.878580122 
-13.331783373 8.312829804 1.628650322 
-12.679361968 6.795552385 -0.760866723 
1.229468949 13.794070711 1.745179363 
1.226361157 13.813169119 1.589886164 
-9.608449592 9.901030158 0.115629174 
-9.603398553 9.863265648 0.017391870 
1.165016720 13.975864076 0.418220130 
1.143975546 13.972956066 0.682947128 
-5.836647328 10.182754157 -4.312671839 
-7.890233504 10.865320729 -2.648473801 
2.864485860 16.042252288 1.399939919 
1.896471734 14.943417934 7.961879151 
-8.002583738 7.232901460 -3.358489582 
-9.853081847 11.236006072 -7.752804066 
-2.932082143 15.946236578 -5.269858419 
-0.616578253 16.425756813 -3.703051805 
-5.320402311 15.155085154 4.619931154 
-3.888373009 15.106810514 5.055801859 
-6.391616336 15.332183870 -5.520772352 
-5.570080985 14.304739338 -6.212294998 
-5.762647761 14.752009939 5.686098138 
-4.383150896 14.828165302 5.914740537 
-5.910857433 14.103120329 -6.044919969 
-5.570090319 14.247908904 -6.047817234 
-4.718247461 14.663815664 5.811892734 
-4.888897968 14.616877358 5.815054105 
-7.299709239 13.962821923 -6.414190726 
-7.163945459 14.001908938 -6.112622134 
-7.349659749 11.563363471 7.521467725 
-5.757080169 12.043229085 8.121068437 
5.728493410 18.491128907 1.128739941 
5.723000194 19.138905551 -2.555711208 
-11.766969832 8.160711051 -1.769509163 
-15.647644853 10.027860990 -1.551148492 
5.514702151 18.535233589 1.491868115 
5.687198417 18.703132851 0.995745850 
-15.700214277 10.092085886 -0.757487749 
-12.046473359 9.411871763 -0.245143493 
1.928766601 15.880242642 -6.311986810 
6.301617800 16.226969888 -1.956607530 
-14.035512160 9.813182284 1.939101744 
-14.868483756 8.615193118 -0.093958344 
4.843543733 16.403937631 0.604112236 
4.386175230 16.560196625 -0.050155756 
-11.903610973 12.092262917 0.575371946 
-11.592715223 9.413837793 -4.613648358 
2.407469764 20.963699389 -5.695411483 
2.252876794 20.757493273 -5.930308051 
-15.639862272 13.229611958 2.584498274 
-15.941539909 13.662989463 1.637466222 
2.417313662 20.806189289 -5.775530080 
3.447101847 15.064091775 -4.162922788 
-13.304665049 13.879868009 -0.127284993 
-11.762220749 17.089466889 0.483679315 
3.288882169 20.536064097 1.078740225 
2.335361537 21.408713859 -0.670795139 
-14.287359904 13.792743611 -2.622995675 
-15.129416456 14.141181310 -0.650376730 
2.943353283 20.923069167 -4.518863634 
2.683462456 20.718235556 -5.072648844 
-15.389324159 13.263843746 3.220396126 
-15.497546218 13.258955179 3.008051859 
0.385764589 20.014723084 8.211485208 
0.291258921 19.848818281 8.489704531 
-9.736242560 15.117460065 -10.031667445 
-10.088393572 15.006338135 -9.879956240 
0.585177923 20.027400824 8.058438182 
0.747561573 19.959671276 8.076510242 
-11.202563048 14.944467587 -8.888365381 
-11.530100811 14.984506422 -8.497091157 
-0.906275862 20.236840199 7.485656307 
-0.284308500 20.476328128 7.452379820 
-10.952249436 16.010327349 -7.595002164 
-11.300786659 15.603777069 -8.092608481 
-0.196322271 19.966456147 8.436236028 
-3.188479159 19.233410977 5.564349945 
-11.805502504 14.892274091 -8.379181501 
-12.189492417 14.532634272 -8.327407885 
2.418182729 17.778728531 -9.233742836 
1.642839822 17.194200712 -10.271702358 
-14.268311969 10.770977699 6.535680727 
-14.632765166 10.890090590 5.790727624 
2.415409150 18.639659965 -8.047378836 
1.186765680 18.795799407 -4.017980408 
-14.047930222 10.906802349 6.745280571 
-14.353642692 11.127580130 5.992484304 
1.803113568 20.338602258 -1.486215790 
3.312055473 19.106010494 -5.662809455 
-13.868989157 13.530074845 1.366255459 
-14.708550990 11.630345382 3.144358603 
2.714099271 18.937983985 -7.542210641 
2.459242876 17.732443052 -9.256858958 
-14.191307954 11.040422266 6.473604572 
-14.172499543 10.899690976 6.602134243 
3.878450080 14.754507658 -0.900302884 
2.775813743 14.108842107 -0.516518238 
-9.635390183 9.123658079 2.149318705 
-9.434367461 9.100298680 2.459020890 
1.603264859 13.559383055 -2.100010586 
2.092839816 13.082231009 -1.071838191 
-5.216919940 11.165780254 4.795053033 
-7.574898194 10.031523612 3.961507439 
2.969924751 14.330948175 -0.943893847 
2.935215851 14.377388826 -0.108438829 
-10.237823472 8.320705737 0.745339957 
-10.245651763 8.305967486 0.698937342 
3.014883981 14.380003197 -1.283554314 
3.054675821 14.107436887 -2.724467108 
-10.423959709 9.179909657 0.675374912 
-10.466561786 9.033097899 0.802009608 
-1.563901191 19.656315500 3.307145679 
-3.198541382 20.250296351 -0.046196369 
-9.810948935 16.884316308 -2.376642179 
-9.125245385 17.981521514 -0.223581461 
-1.487043870 17.435066881 -3.580556052 
-1.693988201 17.459917809 -3.726570814 
-9.708074784 14.426437539 3.638516468 
-9.661721187 14.400560990 3.798068735 
-2.083373948 16.907938170 -4.198786505 
-2.923899425 16.493806574 -4.903163973 
-8.905463020 14.438707272 4.491541564 
-9.488263138 14.278191638 3.890294776 
-2.431553624 17.436307674 -4.275600051 
-2.181814047 17.562979951 -3.973914617 
-9.878675955 14.630904281 3.205092564 
-9.063677837 14.836234422 4.330453966 
-4.263401420 15.586001333 7.277960675 
-4.534272292 15.391342815 7.346868023 
-4.381725520 15.455629357 -6.668009709 
-8.162618849 15.870307518 -4.611119272 
-3.864192866 16.371329774 6.094189166 
-4.387867962 16.051902898 6.328417743 
-5.451799531 15.726487706 -5.658977440 
-6.146169417 15.361152254 -5.773055460 
-3.904532583 16.408172488 5.875074055 
-4.815374416 15.997245815 6.170564470 
-6.041823795 15.345860544 -5.740092187 
-6.422580342 15.187158037 -5.736809730 
-4.327720757 15.973005929 6.442413669 
-4.608578507 15.862299015 6.486397721 
-5.733672316 15.293786948 -6.051452604 
-6.098569852 15.137228005 -6.061839863 
2.479811862 14.016829313 -4.437548622 
2.723045801 14.175860214 -3.765184500 
-8.697414970 9.502254726 5.062652259 
-9.405290691 9.007466883 4.362241639 
1.652304766 14.803425443 -3.996198889 
1.388091109 14.471291309 -4.871768180 
-9.564380144 10.277330281 3.544613660 
-9.669043578 10.200281532 3.369432762 
1.174155255 14.796893344 -4.225093398 
0.899419246 14.494303977 -5.042776187 
-9.868996102 10.102605553 2.800836213 
-9.968513351 10.062870591 2.656247451 
1.361490582 14.403183475 -4.696506529 
1.364886428 14.429771876 -4.639010554 
-9.864832345 9.749806204 3.046477944 
-9.718437833 9.961908560 3.158780059 
-2.449700701 21.208279869 -1.133224880 
-2.487894479 21.209275220 -1.137999729 
-11.189629974 17.648249772 1.088684031 
-9.969237539 16.895416109 -0.045897809 
-0.227736891 21.468839008 -0.454158369 
-0.806437569 20.863918468 -4.137540461 
-13.075234116 16.200145371 -0.092594139 
-12.828828292 15.811947634 2.672947931 
0.037337614 21.208219118 0.787155480 
0.217177826 21.215915508 0.550149807 
-12.661939989 16.234968328 2.060182227 
-12.822165610 16.176677539 1.729161905 
0.619523877 20.653789935 -2.548573305 
0.488182203 20.628104741 -2.861347233 
-12.360306094 15.406979294 3.794316812 
-12.436869126 15.329632367 3.749707406 
-1.106712112 13.609204692 7.365223816 
-1.505515043 13.417331391 7.601153689 
-9.719551699 10.188501265 -4.327851432 
-9.741323209 9.797390233 -4.443089590 
-4.178811991 14.703578779 7.762158834 
-6.065009632 13.608341500 8.344610397 
-9.565364326 9.744982246 -1.107305934 
-11.566249859 8.529029017 -5.793780171 
1.675244679 17.073877303 -5.746501472 
2.675372497 16.780235405 -5.060922236 
-13.641581361 14.819606482 1.104635750 
-13.775626786 14.553099429 0.895590557 
-2.726490803 13.701619843 7.395627531 
2.789969174 15.912907453 3.977494450 
-9.334912817 12.245484289 -2.136768330 
-8.632685184 11.565847238 -4.084281321 
2.589934445 11.120299705 2.251075075 
2.609843480 11.069643741 2.317321154 
-7.019136228 6.673886433 -2.864470158 
-7.125842859 6.635177594 -2.676409169 
1.581684339 13.653437097 1.385237577 
3.787182579 10.215363795 0.117205128 
-4.676753613 7.437353458 -4.978235926 
-7.780240312 6.336802527 -2.650538458 
3.591712680 16.225990888 5.238753459 
-0.686261837 11.255075158 9.844906024 
-7.126031969 4.928595069 -2.878907085 
-11.824594987 10.127662323 -5.324492070 
2.444532920 12.862888695 0.889787027 
2.322158381 12.889873842 0.862262558 
-6.874622379 6.657983205 -3.390493020 
-7.739510343 6.314277538 -2.732350028 
-5.470100183 14.623871510 -7.937368094 
-5.630983576 14.523784211 -7.944666641 
-5.135413570 14.736126251 7.603935825 
-5.381575146 14.658731373 7.605649155 
3.391069110 15.786649572 -6.882837692 
-5.698361334 15.813181058 -10.476431355 
-5.036275871 11.537993335 8.258498869 
-0.933788187 14.916165899 8.375706802 
-2.728429527 18.739843497 -7.544614355 
-4.670195024 17.572792360 -8.931547392 
-8.191250706 16.379179455 7.797220579 
-7.736980311 16.387224223 8.286090321 
1.215739616 11.224339805 -6.830119200 
1.317499667 11.735635906 -7.262640776 
-5.157500966 17.128755452 6.216061826 
-5.506622549 17.040317011 6.262606188 
-2.643723064 21.994271041 -0.255490551 
-2.318950505 22.052848536 -0.610225046 
-11.868088573 18.283135476 -1.185763983 
-11.905482100 18.247996338 -1.087694283 
-2.492564577 22.011891064 -0.404322682 
-2.485836713 22.033286367 -0.266291748 
-11.865337990 18.319838506 -0.880520424 
-11.672039640 18.409009748 -0.653608885 
-2.394615500 22.084610919 -0.375829439 
-2.259834701 22.101721916 -0.003472832 
-12.010631712 18.303695889 -1.235459824 
-11.888380774 18.297117023 -0.994867641 
-2.443123756 22.032961145 -0.759876581 
-2.376831686 22.039835134 -0.649876926 
-11.978911106 18.251810891 -0.995790459 
-11.832626963 18.328457962 -1.119739652 
2.701182687 15.959961799 6.256539015 
2.477072146 15.894130958 6.491414813 
-11.818675652 9.765024921 -4.855534682 
-12.095291247 9.779256540 -4.568577257 
2.028157472 15.615954793 7.079283979 
2.063654004 15.753448225 6.977938081 
-11.549350774 10.073719706 -5.163505103 
-11.704040950 9.977459396 -4.944063148 
3.405492278 16.019880364 5.544348343 
3.731191629 16.185580401 4.891369607 
-12.497998955 9.591969478 -3.765089410 
-12.139322806 9.837819376 -4.461695048 
2.840435558 15.946158289 6.331424546 
2.841236972 16.101490712 6.052845941 
-11.452826268 10.030038542 -5.383519812 
-11.260597960 10.145213149 -5.669699845 
3.067754360 11.690006284 7.125282286 
2.986660940 11.575637327 7.277712892 
-8.565399825 7.237020601 -6.166518339 
-9.286890861 6.983690903 -5.608937361 
3.140923783 11.605262820 6.946970863 
-0.001953774 10.066357937 7.464662098 
-8.793805843 10.540803033 -1.211640707 
-9.095200700 9.763672510 -0.874391770 
3.816567156 12.315600411 6.196722549 
4.072180126 12.565214743 5.764522369 
-8.828666445 7.154596009 -6.182472871 
-8.262272296 7.388982028 -6.567923023 
3.471737813 12.031946782 6.678306986 
3.281990234 12.009483100 6.877146457 
-8.896094897 7.111995379 -6.088325326 
-9.084170073 7.001075900 -5.847190610 
-5.222443927 14.399253328 -9.730133097 
-5.989913808 12.990368051 -8.659053902 
-5.575875122 14.058862314 9.300863102 
-3.618904836 12.992476689 7.998442505 
-5.221734848 14.313281039 -9.796628307 
-4.774627166 14.474857281 -9.869219416 
-5.474885787 14.113792540 9.289856427 
-4.386041718 14.601882114 9.236285053 
-5.366220213 14.120440386 -9.807820317 
-5.759242047 14.080873141 -9.806180652 
-5.672956866 14.034028704 9.411014995 
-5.192099470 14.373811075 9.375865555 
-6.122371708 13.870929237 -9.722364161 
-5.770092923 13.942520022 -9.728094348 
-5.604080129 14.192505063 9.386960907 
-5.828162364 13.990277339 9.348262353 
5.632521159 20.174181389 -2.069788452 
5.098138831 20.013056508 -4.601116067 
-16.284488589 11.177438965 1.479754638 
-16.232380305 11.359918145 1.649805974 
5.463368671 20.263896497 -2.008836565 
5.460745211 20.236036022 -2.367755004 
-16.272733729 11.155201379 1.289122800 
-16.318762130 11.148517356 1.157070042 
5.783902449 20.004437473 -2.000989913 
5.745846592 19.992680169 -2.271400292 
-16.148785439 11.252835795 2.136217151 
-16.024060582 11.575778611 2.557647261 
5.557430234 20.094181624 -3.012180410 
5.538492857 19.794719896 -4.239835716 
-13.861569681 9.219060469 4.549767081 
-13.284328602 10.770326786 4.421519351 
3.409723616 21.632114558 -4.075887170 
3.193069525 21.872300443 -3.669136260 
-16.486986406 13.881698557 0.896463918 
-16.482359929 13.724777150 1.102950367 
3.537325690 21.802917858 -3.120496371 
3.819310170 21.938535768 -2.008600516 
-16.393800114 13.881486266 0.625944434 
-16.380438340 13.777533311 1.325100613 
3.164512402 21.477849964 -4.590469110 
-0.995627841 21.042939833 -0.497773386 
-16.321335851 13.838390554 1.274097229 
-11.180424087 17.435475745 -1.240524594 
3.676867407 21.997885683 -2.370455043 
3.539388463 21.995757952 -2.695228748 
-16.174841005 14.264834226 2.133854658 
-16.372231784 14.205917285 1.008236524 
-0.364451609 18.309437585 10.667189950 
-1.711685026 17.670573229 11.534267412 
-10.747994525 13.848200692 -10.239096428 
-10.860388237 13.859977390 -10.120264614 
-0.584423870 18.030222339 10.951971281 
-0.627636514 18.169070404 10.837828385 
-10.241738018 14.275471064 -10.313389781 
-10.221303815 14.358608858 -10.273856736 
-1.317780185 18.375742603 10.825088711 
-0.861821142 18.390646917 10.715106231 
-9.701274888 13.886327111 -10.892496536 
-9.540149265 14.301650129 -10.736416124 
-0.096883669 18.652849610 10.284183363 
-0.470988758 18.293806001 10.756630938 
-8.534240182 14.284472303 -11.271614679 
-9.398265789 14.283194205 -10.861985961 
1.491138514 16.363917347 -11.252992074 
0.420475683 16.153125569 -11.847292616 
-14.512483714 10.503516013 6.683281311 
-14.533241716 10.583384681 6.605181745 
1.792498487 16.774020277 -10.713099436 
1.974218289 17.080607843 -10.420285679 
-14.225330664 10.769152173 7.021469238 
-13.642000888 10.998315020 7.707249854 
2.844272471 17.620865390 -9.378039875 
3.284040887 18.054977315 -8.605437846 
-13.343067365 10.876237520 8.218601885 
-12.995800166 11.064343775 8.548669086 
2.564443075 17.605794357 -9.569611201 
2.111444298 17.277436974 -10.162009989 
-13.858100587 10.668019645 7.624614301 
-13.723934092 10.787343435 7.764787046 
5.963625658 19.393787533 -5.956476308 
6.083300871 19.703145435 -4.818929735 
-16.947639139 10.542771645 2.037328101 
-16.763716433 10.820802636 3.150255917 
5.254155863 19.497724407 -6.848082680 
5.453153082 19.592128823 -6.421450046 
-17.104312170 10.071262905 1.216470333 
-16.710059542 11.007394712 3.656316424 
5.491579891 19.572648039 -6.160155165 
5.290133728 19.614499293 -6.325600380 
-16.633123729 11.108598857 3.475252178 
-16.673310383 10.850401673 3.411081270 
5.562233363 19.329919560 -6.627031681 
5.631069625 19.856605640 -5.522753484 
-16.758399026 10.630250578 3.123056982 
-16.281682576 10.926233425 4.703060409 
2.190561170 24.150785258 -1.396074823 
1.411500354 24.464285179 -0.873882940 
-16.513131555 16.842476619 1.299683271 
-16.460415515 16.980430550 1.444789604 
1.265799568 24.463973067 -1.759254832 
1.290654870 24.347729697 -2.272395665 
-16.520074397 16.966859255 0.948324798 
-16.407345635 17.203865521 0.284027251 
1.109388641 24.613555263 -0.097223928 
0.966143394 24.586383641 -0.863397923 
-16.359126257 17.256926396 1.343760454 
-16.404840839 17.220864275 0.994845535 
0.635637178 24.705121249 -0.221033106 
0.925733823 24.600585014 -0.790154821 
-16.439242801 16.884739843 2.158891370 
-16.166475253 17.517192313 1.630500102 
-2.142883968 16.054623254 12.875057298 
-1.670260515 15.898566237 12.747794081 
-7.789287443 13.836423850 -12.340556672 
-7.259146598 14.263006901 -12.381840721 
-1.510805371 16.008859254 12.739934100 
-1.703296173 16.140078576 12.726364731 
-7.326453261 14.296801011 -12.315077927 
-7.478246456 13.771472087 -12.423422652 
-2.307444898 15.701232361 12.968146590 
-2.634161577 15.724797620 13.055915966 
-7.599166729 14.165170808 -12.300589968 
-8.431290962 13.537376439 -12.215951976 
-3.612674063 14.915846418 13.221139534 
-0.293026550 16.385226060 11.499440141 
-8.920055621 13.732388732 -11.978705217 
-8.691636769 12.685918728 -11.276288961 
3.526490506 14.336889660 -11.246156152 
3.846885315 14.213793339 -10.946619097 
-13.585031038 6.850261633 6.897256406 
-13.105327508 6.862706815 7.464743795 
3.901413031 14.160512543 -10.917215603 
3.874534109 14.150083317 -11.005802514 
-13.925304620 7.198373458 6.936959711 
-13.335423269 6.870011676 7.336786879 
4.749773204 14.270122322 -10.199937541 
4.329222054 14.042365531 -10.566418777 
-8.698964255 4.246987718 8.620903329 
-8.206317380 4.914732104 9.430927587 
2.521778557 11.346036694 -12.298132813 
4.546900261 15.703806157 -9.711258472 
-15.033837473 9.302134380 5.682953090 
-10.426924384 4.992843264 9.016902502 
-1.923488447 20.046039943 4.507393298 
-1.955416156 19.589614675 4.554872701 
-11.605083928 15.890932451 -3.596610852 
-11.363493844 16.024228377 -4.218969940 
-1.584312154 19.697420187 4.269235852 
-1.190749454 19.613774962 3.919870379 
-11.547592463 15.527288968 -3.740546008 
-11.483683994 15.742744695 -3.901080573 
-1.839528939 22.869572361 1.981482006 
-0.644950221 20.244968224 3.088625005 
-10.729736815 15.868079804 -4.793669166 
-10.367115434 16.181251848 -5.080868189 
-1.155025854 20.111304210 4.029185017 
-1.312915464 19.828561550 4.036648449 
-10.815766273 15.831700335 -4.716225334 
-10.775666684 15.894968918 -4.808087115 
0.940068117 14.442184309 2.696586323 
-0.351640927 14.236507179 3.545029898 
-8.948916237 9.234996918 -1.570636064 
-8.964869356 8.958983117 -1.598879851 
4.173683302 12.935403361 2.819981545 
4.428411163 12.873730375 1.248898220 
-9.637603524 7.930379220 -4.062653462 
-9.539600350 7.584516188 -3.571280242 
3.912598825 12.467433576 4.454445397 
3.610621486 12.861103593 4.807891956 
-9.721220230 7.346695524 -3.197191563 
-9.382795503 7.476369500 -3.520221639 
4.353439352 12.882033543 2.204582252 
4.393631587 12.898424204 2.142139428 
-10.095190169 7.076104626 -1.977914181 
-10.040539389 7.036490906 -1.742561386 
5.882617727 13.494844890 4.810037510 
5.555144484 13.447362248 5.785631166 
-9.717842558 6.887193793 -4.655874791 
-9.874825717 7.645068206 -4.638740487 
3.555239347 15.744729244 2.566866371 
3.474439292 15.864711002 2.376996986 
-11.024891744 9.301447545 -4.132217242 
-10.639841564 6.524453659 -5.904734339 
5.082297902 13.124672967 6.752204116 
3.734154544 15.192017042 4.466100741 
-11.900511045 7.446219316 -4.992665144 
-11.668137971 6.504761996 -4.886666034 
4.075105848 13.539269976 4.863580895 
3.893239108 13.387110647 5.093694432 
-9.473209737 6.032004631 -4.046707516 
-10.086504552 8.016122127 -4.342606320 
-7.085387192 17.261109374 -8.354522017 
-6.623850989 17.481362709 -7.388823844 
-5.996960283 17.850274436 7.258773574 
-5.319400589 18.017329456 6.531696671 
-7.574124282 17.017017118 -7.239452817 
-6.527644183 17.569027601 -7.491620770 
-6.610773759 17.498083667 6.405526327 
-6.419227533 17.593374571 6.569996730 
-8.101254638 16.825916058 -7.595135409 
-7.630142320 16.972960590 -7.150493598 
-6.827928757 17.419702951 6.710530074 
-6.484147568 17.524125692 6.371569698 
-5.148505668 18.777859990 -6.843117604 
-8.397335807 13.394621754 -9.473812280 
-7.130762010 17.315366051 6.376666775 
-8.290999896 15.338291322 6.487337129 
-2.039695287 16.872323679 5.809206189 
-2.223943944 16.825510884 5.902734629 
-9.987886595 13.390408923 -4.932235386 
-9.824329875 13.846291794 -5.073965796 
-0.864707395 16.132091073 5.425669593 
-0.720774145 16.180505469 5.318711047 
-9.592513217 12.684319797 -5.036243976 
-9.825975034 12.534483659 -4.839195528 
-2.872697117 20.807688759 3.169064254 
-2.946266997 20.867784404 2.030818130 
-11.106399377 17.698749222 -1.700707534 
-9.938432389 18.470747275 -2.393908353 
-3.152229793 20.164480733 2.821490652 
-2.682068482 20.053744796 2.594974927 
-9.952359582 17.916567508 -2.408811584 
-8.067889694 18.382051192 -4.741183654 
4.001468974 13.594785438 -0.239637591 
3.884648888 13.575385237 -1.099851966 
-10.360988729 8.255546050 -1.406536876 
-10.653917082 7.890587744 0.674168212 
3.932336106 13.435765780 2.575223471 
4.038583645 12.726666525 3.143430054 
-10.838369236 7.981312158 -1.347000295 
-9.967538582 7.960933027 -2.153356474 
2.728094217 14.641373097 1.487472141 
-1.377050107 11.474588399 8.446157385 
-8.229293445 10.820164682 -4.998951630 
-7.758398198 6.116600372 -3.488130978 
4.406719082 13.771515467 2.800447858 
4.947090725 13.473476103 1.035679972 
-11.328564748 8.589991731 -2.928417036 
-11.978294226 7.996586281 -1.041177403 
2.477207216 16.089077142 2.437669752 
2.344310698 16.036412113 2.835985567 
-10.590393970 10.154386229 -3.741747402 
-10.598252471 10.248893647 -3.635564007 
1.939571107 16.729475620 1.548662210 
1.915923121 16.550085225 2.334915856 
-9.752914471 11.136421861 -4.536445176 
-10.015395081 11.253108627 -4.112732027 
3.642860871 16.242190211 2.767803914 
3.535863054 14.843958754 1.549897459 
-11.529531533 9.581201420 -3.800764807 
-11.159868643 9.497754559 -2.238923378 
3.026119766 14.542238128 4.209329314 
3.067327342 14.063687604 4.554684572 
-9.693455907 9.122188250 -4.684390319 
-9.833609760 8.600534254 -4.390339597 
-5.223175526 17.035437736 -6.510575972 
-5.981372113 16.744246312 -6.608756215 
-6.026928121 16.737175036 5.910734647 
-6.450768278 16.514561582 5.983314643 
-4.448137423 17.383953606 -5.970600767 
-5.135573362 17.139085931 -6.154502377 
-7.014378033 16.379124601 5.423522629 
-6.679499496 16.447826369 5.513693651 
-4.628793810 17.946185262 -5.634822619 
-6.182225461 18.505355359 -5.004190095 
-7.460308967 16.652396508 5.142443074 
-8.223713164 16.590793345 4.598656989 
-5.929229682 16.234004663 -7.278301995 
-6.193118199 15.847783367 -7.491755406 
-4.579878228 16.677798945 6.617404040 
-4.908638674 16.381252243 6.888892312 
3.142668689 13.923102844 -4.578319750 
3.355473297 14.093018838 -3.791907355 
-11.064656140 7.375904454 1.580694991 
-8.031639594 8.124414573 -2.989572170 
3.153536513 14.147818611 -4.311606740 
3.057579682 14.009535134 -4.583655408 
-11.137923471 7.552267996 1.821044818 
-10.850994106 7.919013469 2.654773413 
2.438793729 13.421479123 -0.685667553 
3.479739376 14.017429579 -4.075261421 
-11.074348755 7.614395074 2.067510507 
-10.916911730 7.791782430 2.687439325 
2.691763520 13.892983001 -5.193109431 
3.217166720 13.985301457 -4.459473397 
-11.072374435 7.716817620 2.194505226 
-10.966305577 7.824576498 2.566363904 
-3.157833673 20.793462473 -2.788957991 
-3.526709772 20.659542583 -2.498412466 
-10.937506927 17.678862278 2.972709523 
-10.418295555 17.867707523 3.158567450 
-3.292114743 20.664085155 -2.068556516 
-1.840102032 18.246105155 -1.147897333 
-10.184533418 17.887411710 2.743032605 
-10.679524954 17.745955331 2.866595066 
-3.712825235 20.581727975 -2.904400882 
-3.534346138 20.667961827 -2.802623996 
-10.908312523 17.696246989 3.130750948 
-10.589338671 17.848447430 3.025182710 
-3.298063449 20.736665267 -2.226917379 
-3.295878433 20.814332900 -2.389100044 
-11.498576396 17.633724763 2.776090746 
-10.717704738 17.804759721 2.865030411 
-6.305554443 15.414713339 8.188441624 
-6.334367470 15.266593928 8.179338143 
-7.134930008 15.296814788 -8.024600076 
-6.552493092 15.485516645 -8.033385379 
-4.421494990 15.600813439 6.136310998 
-1.973662036 17.027718931 4.526593391 
-6.433921793 15.283962305 -7.961235403 
-5.983134377 15.263317917 -7.889237927 
-6.192517847 15.444623270 8.185307696 
-5.254471188 15.981009064 8.194601023 
-5.935531682 15.519353093 -8.020091128 
-5.049031873 15.805400181 -7.900810705 
-5.692784504 15.400104975 8.174078437 
-6.052147824 15.543877209 8.324509685 
-5.721755973 15.754018577 -7.985985565 
-5.908064788 15.768249336 -7.998088852 
0.848031686 14.465040593 -4.963625195 
1.565906600 14.890237791 -3.575350801 
-5.999143719 8.866774703 5.125470831 
-7.002124397 7.828843202 4.679933979 
2.412829337 14.243609588 0.963286201 
3.483290755 11.342046056 -6.299048404 
-5.380739685 8.418826305 6.795990663 
-9.095464177 7.476662401 5.426384072 
0.577993168 11.486729059 -5.889989910 
0.374820695 11.334207448 -6.162321210 
-9.006569078 7.062693356 1.458067548 
-9.016564305 7.051487470 1.551547298 
0.588960859 10.152766558 -6.266978597 
0.621200413 10.126716657 -6.302078228 
-8.181935274 7.007637794 3.596672519 
-8.214094957 6.969680635 3.610034514 
1.766701766 12.176207733 -6.637833561 
1.552065233 11.933845812 -7.010638350 
-8.916925980 7.971729296 5.305995919 
-9.223392941 7.678078124 4.929877365 
2.109500447 13.453504712 -4.162785230 
1.958039526 13.149520408 -5.001939411 
-12.516790949 6.577652181 2.725783918 
-10.746981822 9.150525418 5.546584950 
4.015640478 15.850569751 -5.057228924 
4.485304996 15.799278619 -4.714239122 
-11.745387024 12.044532264 3.973249726 
-13.337964740 10.717231222 1.713509709 
3.630693079 16.817519746 -4.927418525 
4.366937538 12.006598388 -5.460413280 
-11.375775514 7.450789186 4.429241867 
-11.265394521 7.031175667 4.708942981 
-3.352728421 20.412653795 -0.797414752 
-3.176293054 20.448605802 -0.444490798 
-10.016508057 17.643528133 1.798105824 
-10.031641338 17.626358545 1.840777070 
-2.892755906 20.532066810 -3.982238077 
-2.970154500 20.585121239 -3.957130330 
-11.327024406 17.285974003 3.214435886 
-11.091675210 17.406510187 3.293407120 
-4.335155249 20.552443167 -2.853980248 
-3.487281077 20.313560303 -3.355030965 
-8.684211473 18.935323712 2.296186431 
-9.459307042 17.994941208 4.022747220 
-3.173434237 21.766859216 -3.862512550 
-7.525134191 17.903534976 -4.295212636 
-8.759262083 18.622644779 4.168925345 
-6.399818169 18.678536028 4.483209603 
-6.478894277 16.727443290 7.024580757 
-7.067944546 15.581840519 9.140352935 
-5.668220023 17.150621962 -6.503314093 
-5.935069804 17.050059146 -6.542819629 
-6.529987292 15.190056873 8.857005296 
-7.096344605 14.994679405 8.775443030 
-4.511659554 15.938857237 -8.367177036 
-4.976950684 15.762026340 -8.445688361 
-4.175776313 13.379022992 8.275298355 
-7.039989276 11.429153604 7.872970455 
-6.044061353 13.349519635 -7.466922436 
-5.362375068 16.659378785 -6.921212943 
-8.708915072 15.190984712 6.746843477 
-9.295203059 14.680753555 6.645707275 
-1.828767168 17.047457950 -6.537507652 
-1.891858667 16.814553270 -6.881671827 
3.226811582 13.612452712 2.438001874 
2.891388286 13.261653634 -5.004710030 
-8.429341487 9.429918441 4.855772966 
-9.198596158 9.121210589 3.764366761 
4.224200349 14.024201847 -1.283342984 
4.171847769 13.943298711 -2.016600172 
-11.193196036 8.515424652 -0.489209777 
-11.199575590 8.402439031 -0.142409983 
4.615995869 13.760416783 -2.303684496 
4.797195131 13.352264320 -2.700179494 
-11.648087725 8.193186594 1.749416830 
-11.802542447 8.077452350 0.181815226 
4.977912379 13.582931318 -5.771982848 
3.105246554 15.391816310 -2.973299064 
-10.742609623 5.249188030 4.039754746 
-9.046481726 3.957823745 4.604552596 
-1.980591389 19.845439253 -4.516081959 
-1.793492603 19.748009861 -4.698061437 
-10.753725099 16.269997710 3.849868752 
-11.386816826 15.896713241 3.249218203 
-0.757041532 19.691584306 -5.278409058 
-2.898275232 19.375634913 -6.056731081 
-13.444342726 13.996196380 -0.611562631 
-12.145435208 14.773589324 3.430291675 
-0.556985176 20.346098068 -4.404657294 
-0.086809860 20.073013463 -4.793116020 
-11.731649319 15.915159802 3.992974362 
-12.269804746 15.300049367 3.764458583 
-1.603682605 20.666065998 -3.179860115 
-1.630931533 20.621467867 -3.383714557 
-10.676768161 17.052904200 3.719635117 
-10.761222586 16.926949540 3.749860931 
0.077125772 18.936215259 5.000527717 
0.580398632 19.118943279 4.182512476 
-12.072152504 13.688850814 -3.677176414 
-11.946599003 13.758922300 -3.942547499 
-0.598159675 20.446835179 4.081657862 
0.639904330 19.605396272 4.265230618 
-12.408555831 15.628717295 -3.142493123 
-12.028460730 14.244120312 -4.494758271 
2.267241481 19.605184179 0.662301589 
1.327472703 19.981379929 0.986740794 
-12.169141152 13.969980339 -2.617067359 
-12.741428994 14.535917896 2.154849455 
0.401961931 21.125691361 0.650001030 
-0.404893181 21.248818509 0.466774000 
-12.921506328 15.955639446 -0.297614053 
-12.969955127 15.923484750 -0.479316053 
0.672875777 11.032470533 8.034853716 
-3.054968352 11.155735159 9.372010337 
-5.473094902 10.421596235 -9.233495985 
-3.703288642 9.198555980 -9.066836126 
-1.603729604 10.038519720 9.802309611 
-0.675510511 12.603425094 9.204499051 
-8.760227352 8.434545540 -7.526338946 
-6.837090532 9.094755227 -8.308415930 
-3.058065668 8.355277725 9.628880869 
-5.087729766 7.674999801 9.476534146 
-5.920033226 11.422567012 -8.846404039 
-2.582094023 9.140573514 -9.279413759 
-5.392982266 10.243380879 9.552517825 
-3.255741774 11.357096740 9.776955036 
-5.725366842 9.932074920 -9.340280197 
-7.545193344 9.963114255 -8.608303805 
-3.981636356 10.845716393 -9.565635443 
-4.855859882 10.046672307 -9.672488215 
-3.633245556 9.998242148 9.228367562 
-2.976763576 9.730735240 9.196784811 
3.627140820 12.951499927 -5.482306665 
4.250582819 13.630898450 -0.212854477 
-5.486742277 11.595926344 7.187203306 
-6.713915456 9.700269885 7.597366580 
-0.508207688 11.695366004 -9.866032903 
-1.521922199 11.089494089 -9.740852676 
-8.139727813 9.296345846 8.441047035 
-8.135434777 9.601288832 8.307415845 
-3.851837361 12.069138056 -9.080392974 
-5.142104342 11.431730665 -9.001200944 
-5.073980679 12.685959303 8.594193876 
-6.699209313 10.934850830 8.303134666 
-1.131206543 19.741231374 -3.576752575 
-1.136603811 20.034716268 -1.862144029 
-11.066170693 16.348005724 -0.200476087 
-11.093346141 16.135179203 0.267733716 
-2.147379005 18.341695798 2.304343758 
-2.490250397 18.367381588 2.494069945 
-9.078528991 15.520103192 -3.201813524 
-9.445439123 15.500687975 -2.632821778 
-2.354604813 17.985139790 2.323212927 
-2.758758074 17.876710660 2.701391307 
-8.267892336 15.521559139 -3.634996823 
-8.465142268 15.434365611 -3.450596312 
-2.326521623 17.925599381 2.298619744 
-2.404152869 17.877845084 2.466832612 
-8.587949291 15.262144523 -3.437073777 
-8.566997087 15.297122114 -3.394535283 
1.415416722 14.561572749 3.212172568 
1.629455590 14.518873837 2.624640883 
-9.562463891 10.006985830 -2.284275412 
-9.159934722 10.145591200 -2.881063494 
1.920336228 14.714733769 1.959711141 
1.726072830 14.702451522 2.438229083 
-10.022998629 9.664899161 -0.246585335 
-9.750430662 9.958901011 -1.538217195 
1.391904810 14.804157961 2.745558532 
1.473757064 14.834711516 2.440076161 
-9.527178022 10.289974849 -2.274543767 
-8.910440363 10.589764664 -3.453639070 
1.241271719 14.629526673 3.170650038 
1.538899067 14.738404671 2.227145392 
-9.441655107 10.074262875 -2.380151276 
-9.387932508 10.226566027 -2.444759700 
1.931687611 13.614254207 3.806848649 
1.065118463 11.750118754 5.056759214 
-8.909237521 7.912863123 -3.407780177 
-8.205625028 7.783164090 -3.232835735 
1.625077011 11.043009944 6.500185505 
1.278372255 11.127631503 7.063141676 
-8.950739334 6.673647430 0.116079982 
-8.301008414 6.578477944 -2.605322082 
1.015837157 12.030202157 5.158558962 
1.473200995 12.236207213 4.481746890 
-8.249488206 7.996479793 -2.980716114 
-8.143423499 8.106006478 -3.166482679 
1.309493692 12.059947093 4.492703359 
1.255050018 12.224436927 4.290409805 
-8.248549228 7.980862454 -2.814078428 
-7.994242428 8.022441542 -3.241405426 
-0.674269540 17.000948650 2.748733604 
-1.157648248 16.445722895 4.145057391 
-9.031578728 14.186365555 2.028539499 
-4.730142501 9.578470568 7.782614273 
-0.344478669 11.020275795 -7.588498989 
-0.042684799 10.619716182 -7.444253031 
-6.418934617 8.667616535 6.663883944 
-7.067929087 7.688152331 6.154589964 
-6.049379524 14.056733901 -6.055313094 
-6.241191566 13.987869769 -6.034062977 
-3.379659989 12.342619585 7.513053068 
-5.480100423 14.328821469 5.902797323 
-7.104627792 8.408585383 -5.928185685 
-7.656084047 8.246831202 -5.475769425 
-4.854394698 12.587310170 8.183712351 
-5.290641836 12.247449584 8.131851014 
5.043855332 19.161593887 -5.557266228 
5.792768990 19.385329679 -2.729762767 
-16.034288185 10.578651765 0.826738432 
-16.063500804 10.450549114 0.006485581 
5.442238653 19.817383090 -2.685863617 
5.785695893 19.651960099 -1.501481497 
-16.077219016 10.830400421 0.960110503 
-15.733438102 11.495116041 2.888383537 
2.135702217 17.281422003 -6.094312381 
2.356702942 14.807606915 -6.495088416 
-13.036328680 13.562938485 7.143927987 
-15.239648901 13.342983290 3.032083639 
3.208737535 17.058925898 -1.180675719 
5.929321773 19.262793858 -2.597217147 
-15.770939625 11.190720696 2.496889167 
-15.719013373 11.064541364 2.554701521 
2.884238342 21.166767682 -4.799308718 
3.479330201 21.723554834 -3.088257825 
-16.155059788 13.978682221 0.085044644 
-16.236894591 13.906896685 0.339302175 
3.285946088 21.703210063 -3.401084669 
4.073451364 21.847086115 0.209003581 
-15.999853049 14.097879858 -0.927998427 
-13.298993230 14.900008385 -0.624149055 
1.617623634 20.158807022 -1.498792081 
2.071570650 21.474999658 -1.347215203 
-13.139968152 12.697347236 0.214146404 
-15.145214455 13.775263761 -0.090589999 
3.587926765 21.970482805 -1.546592591 
3.291194189 22.208507898 -1.147089563 
-15.847037529 14.475054632 -0.982460920 
-16.044225158 14.419847229 0.250016534 
-0.839371472 18.676160281 10.354133063 
-0.959808820 18.623913253 10.433659125 
-9.766834157 14.545252161 -10.442005445 
-10.824848256 14.214833872 -9.937649462 
-0.648355999 18.558132815 10.355078123 
-0.818437947 18.274380551 10.703029127 
-10.569505407 14.298730941 -10.023323207 
-10.881755185 14.382977731 -5.329353262 
-2.678386531 19.150357107 9.059355246 
-3.182226688 18.568045116 10.242312396 
-10.713365502 15.793043807 -8.052496668 
-10.428679807 15.931444378 -8.589555240 
-1.577677065 18.119536375 10.993514892 
-2.463356041 17.685405733 11.465914724 
-10.260696102 13.902620842 -10.519615308 
-10.309585586 14.062541729 -10.374127056 
0.900344972 16.704113172 -11.163097247 
0.651921353 16.623059492 -11.343390744 
-14.456529847 10.329687468 6.701824080 
-14.311081100 10.941725562 6.422279223 
0.240886473 16.619726007 -11.397866844 
1.071655212 17.034572893 -10.700632674 
-13.458521673 10.479366365 7.981988634 
-13.031686092 11.092857493 8.241066072 
0.656789471 19.147206038 -6.892604347 
2.018510429 18.582918522 -7.674725931 
-13.903200428 13.548869211 1.311172330 
-13.430406295 11.982718610 6.030909202 
1.349774853 17.184782772 -10.530593398 
1.445487901 16.856719013 -10.835506907 
-12.744059800 10.462243888 8.945619723 
-13.112902943 11.044539889 8.234309354 
5.720148088 17.687358299 -2.273352759 
3.235970944 16.228834728 -3.634041196 
-14.648036146 9.148753496 0.229115405 
-12.138970841 9.040585226 3.612497301 
5.294747132 18.207802201 -3.900510206 
5.450979668 17.820235680 -3.972875068 
-14.824359891 9.298996449 0.912806276 
-14.859600570 9.300209341 0.584166741 
4.661451581 21.377738456 -3.330855654 
5.243982889 20.333209229 -2.618277448 
-14.632147911 9.533406985 2.121067962 
-14.766742912 9.177200912 0.689899951 
5.604627043 17.705493238 -2.334567662 
3.683044079 22.173947130 -3.361754809 
-13.971714856 9.732624290 3.680565223 
-16.403182010 12.423439754 3.282794003 
2.877338721 21.243698654 -0.710832628 
-0.670049209 20.993617296 0.231210765 
-9.171736092 17.336429553 -2.894092574 
-13.017252133 15.302592008 1.148886743 
2.243885304 21.054544844 -3.747557375 
2.430523642 20.746081304 -3.840545887 
-15.338124254 14.338353255 -0.081284777 
-15.024932376 14.930353231 -1.341315738 
3.173215762 21.247556882 -1.440853814 
2.567011205 21.037392380 -3.267424874 
-15.190167715 14.108489877 0.709157127 
-15.192916544 14.265094214 0.872324490 
2.740050361 21.663411881 -0.104291363 
-0.308294051 21.226220736 1.909743802 
-15.043360682 14.509774057 -0.314277666 
-12.232148433 16.443096593 0.540817657 
-1.990489499 19.158891703 9.090531788 
-1.675366170 18.813915040 9.625896919 
-9.766574481 15.346361935 -9.544848122 
-10.069825808 15.552688474 -9.034446336 
-2.158730148 18.872345507 9.744605504 
-3.295607830 18.375326679 10.293378305 
-10.382535175 15.130571872 -9.421595981 
-9.360455854 12.753021343 -11.710411400 
2.102798719 12.535000021 8.215295265 
1.409327365 17.000637356 7.687835181 
-8.991760145 10.251561368 -8.157886548 
-8.699680398 10.771720276 -7.993417995 
3.335640597 15.199210684 6.046868958 
4.482022969 15.271985052 4.658942975 
-8.945315948 11.380227972 -7.509963680 
-10.749751094 7.173727632 -5.963016803 
0.907775668 17.268837972 -9.572198777 
0.157446267 16.191955477 -10.826710700 
-13.283599881 10.892303038 6.256860561 
-11.971639962 11.148015645 8.055080174 
0.410802503 14.759550649 -12.660595152 
0.112010314 14.483129805 -12.907330933 
-12.862464131 10.868606815 7.337807197 
-13.797950684 10.803371278 5.769212505 
0.940242633 16.738261868 -10.338212028 
1.004114633 16.733783434 -10.156800724 
-12.704069901 11.264960069 7.301108315 
-12.249427531 11.025237267 8.542108507 
1.831334245 17.123380412 -9.257621771 
2.501714573 17.186532464 -8.749673474 
-11.863927932 11.239652854 8.120775106 
-12.190684356 11.008123058 7.977213039 
2.480764963 22.596424296 -5.726809675 
2.733062821 22.894911619 -4.294756943 
-15.087207340 14.117367100 -2.407704747 
-15.179974173 14.241058110 -0.499118022 
-1.355575429 19.847398704 -2.561870531 
-0.444852888 21.004178714 -1.051209753 
-9.710137843 17.036358497 2.617956263 
-8.745102409 18.104955428 0.989390704 
2.929092128 21.597181012 -1.503257471 
-0.205755341 21.206214415 -2.119808147 
-14.481756777 13.991916289 -3.905164175 
-12.289644780 16.355301212 -0.783463385 
3.405410569 21.339397294 -0.885843232 
3.263299746 21.512551873 -0.910275185 
-14.995277569 14.217255870 -2.913743542 
-15.137302289 14.033604507 -2.166374121 
5.850403384 17.907127635 0.027819094 
5.965468914 17.662171320 1.161344572 
-14.235751260 9.912080499 -3.572937867 
-14.345679820 10.241823257 -3.348787971 
5.758088194 17.716207926 -0.562693125 
3.288185226 16.238978752 3.058643303 
-13.680993087 11.024860564 -4.963943148 
-13.864092062 10.664598368 -4.205553516 
5.516751519 18.049224904 1.252445636 
5.668324263 17.932203130 1.411648205 
-13.555174183 10.179871176 -4.576895175 
-14.124723121 10.873001862 -4.404583870 
5.731688930 17.912193337 1.176404755 
5.704266988 17.827807737 1.387656268 
-14.420967476 9.882744869 -3.072463957 
-14.585810417 9.542117147 -2.314492559 
1.371974986 17.090618281 9.994836168 
2.390037586 17.602729245 8.475489457 
-12.053069453 11.095986913 -8.366424127 
-11.966846941 11.403677705 -8.241230062 
1.734364972 17.681057860 8.463539506 
2.147422402 17.575047233 8.335244223 
-11.276114158 11.208206368 -8.713961523 
-11.969767679 11.510881345 -7.410849182 
0.377678484 14.680579254 12.658519243 
1.052575152 15.059696257 12.155259629 
-12.755915927 10.987486461 -7.268283734 
-12.326147880 11.381044411 -7.543771047 
1.603121177 17.164354804 9.593347434 
2.050422459 17.391578439 8.908960030 
-12.206363791 11.450673806 -7.849057023 
-12.150457964 11.539014098 -7.832214382 
-4.472522212 16.793038233 -12.022841597 
-3.258442538 15.663498792 -13.205539456 
-11.336613520 14.806291924 8.827462152 
-11.377716034 14.969154117 8.620667493 
-3.728114087 18.400000619 -9.949503940 
-2.861773952 18.367262791 -10.179689898 
-11.455642172 14.291932088 9.205654797 
-10.513997613 15.472064513 8.608209252 
3.473828543 15.393912089 -5.520464881 
4.316241362 15.290301787 -4.851162974 
-9.119979500 11.318052130 7.436134064 
-9.860806980 7.702127739 6.877117058 
1.381228087 12.258407054 -8.795681068 
-1.968194358 15.115108300 -13.124946377 
-12.542827818 9.765236306 7.516667836 
-8.971940415 10.556093239 8.716546043 
4.026251337 21.706000081 0.816530704 
4.082396007 21.743031100 -0.157920959 
-16.126752555 13.801553121 -1.326982749 
-11.700784319 17.126424811 -1.638071245 
3.697486453 21.956303691 1.097144228 
3.869009293 22.033084942 -0.469206880 
-16.160711946 13.990367419 -1.721613823 
-16.002086766 14.060803096 -2.241236555 
3.978438000 21.759649743 -1.141101766 
3.186794573 22.495656040 0.012087748 
-16.159058215 13.906001039 -1.212645742 
-16.023987016 14.376732773 -0.403234263 
1.733629660 20.307545262 0.258714004 
1.952744019 21.514704099 1.108504075 
-13.125338050 12.648270673 -0.038596306 
-15.149021837 13.714325988 0.503334773 
5.532215643 19.999556521 0.874415745 
5.772926510 19.775976690 1.302705369 
-15.179096625 11.568024359 -4.244960564 
-14.397881992 12.262132504 -5.438970382 
5.955849910 19.358938799 -1.159000688 
5.918055508 19.530799170 -0.772456614 
-15.602737938 11.311264040 -3.323315756 
-15.619085629 11.131065122 -3.023848919 
2.134437315 17.752694586 -0.274832663 
4.607944625 16.277333192 0.741813974 
-15.528010948 11.391051133 -3.439525937 
-15.295108396 11.556995176 -3.974526078 
3.851078911 16.579407181 2.164090554 
3.910208047 16.931760792 1.794722254 
-12.392595077 13.853251242 -7.598584452 
-15.455465704 13.229204433 -2.577221095 
2.424635693 17.980363983 9.045090817 
1.932586049 17.446436734 9.954757759 
-11.599325749 11.074077288 -9.696138712 
-11.437115215 11.655019256 -9.599476647 
2.867788968 18.146850809 8.685264137 
2.370270579 17.622336086 9.618271116 
-12.640118246 10.696350610 -8.938759913 
-11.924177564 11.413047419 -9.315829664 
3.760192129 18.478479949 7.453543457 
3.110227901 17.996968731 8.639744946 
-11.287091980 11.520537484 -9.855022109 
-10.999272053 11.852078868 -9.918919337 
1.600118882 20.350803810 1.956203103 
2.768262249 19.002000276 6.339002868 
-11.765186720 11.319192984 -9.488993813 
-12.826368475 12.369722860 -6.711890222 
-2.037488531 17.556432345 -11.540994908 
-2.192016332 17.763085339 -11.382103101 
-12.093660623 13.723731187 9.116856096 
-11.735121910 14.008854519 9.257860094 
-2.418472134 17.603193785 -11.593027701 
-2.944212622 17.073222702 -12.024385336 
-11.535979271 13.577379828 9.753716095 
-12.510117812 13.593105777 8.826002794 
-2.394643006 17.425768134 -11.690045487 
-1.690074119 17.635857364 -11.455316818 
-10.616329434 13.938908359 10.263414351 
-11.554397725 14.098007353 9.432211687 
-3.142419141 18.897006360 -9.411105497 
-3.853654453 18.459000016 -10.418184173 
-8.838104926 16.685833213 8.599858034 
-9.207518543 16.490743740 8.932814606 
1.924491605 14.687011268 -2.007717713 
1.809174680 14.660208000 -2.421374125 
-9.856764145 9.924043986 1.261941141 
-9.796153055 9.922059861 1.321043425 
1.703668149 14.587410161 -2.649037406 
1.796210420 14.514604776 -2.281072481 
-9.017911300 10.408576287 3.323720530 
-9.111142674 10.151839548 2.977109788 
1.305468473 14.585896406 -3.265521883 
1.601370599 14.681603705 -2.352571264 
-9.525848845 10.224644701 2.070256577 
-9.665607505 9.952663928 1.866965981 
0.995415329 14.705412993 -3.561388396 
1.097766084 14.602760249 -3.704024477 
-8.272884387 11.007182459 3.940177981 
-9.743470108 10.186485070 1.611408187 
-1.637428843 18.522275575 -1.260546373 
-2.126477870 18.447130527 -2.091782237 
-8.726844534 15.656621171 3.503750097 
-9.207367153 15.566209206 2.900862258 
-1.067392109 19.749220131 3.519497582 
-1.155258008 20.013109128 2.136104337 
-11.257650569 16.204180528 0.416756169 
-10.739634436 16.372839232 -0.675902762 
-2.375604594 17.849413636 -2.478191923 
-2.475765331 17.827109257 -2.554178611 
-8.651112781 15.313053931 3.326266462 
-8.752986798 15.213011932 3.247971998 
-2.629401830 17.908697255 -2.573621735 
-3.022653176 17.745440010 -3.189379104 
-8.459594295 15.505764340 3.392490796 
-8.911661432 15.302433146 2.966387465 
-0.397986946 10.992197689 7.612167545 
0.037744425 10.639544274 7.366195504 
-6.510148534 8.575423527 -6.642330376 
-7.007406006 7.700832168 -6.185826273 
0.725350448 16.893454166 2.803200192 
0.420040450 17.052031961 -0.541145099 
-9.117581943 14.155765923 -1.898094270 
-6.592827654 12.189085746 -7.911151928 
-6.485185643 8.662945590 6.304150781 
-5.821822423 8.949135707 6.535334887 
-5.467562337 12.340976169 -8.142183574 
-5.433477570 12.211210017 -8.082004405 
-6.161990201 14.000770895 6.052282580 
-6.327663693 13.975569751 6.003629592 
-2.585386688 12.600305057 -7.283080023 
-3.957305415 11.008794341 -7.286484709 
1.423496884 11.090228337 -6.674832241 
1.410297984 11.100072097 -6.907147498 
-8.923395950 6.733401890 -0.157181956 
-8.362109158 6.537878571 2.481752838 
1.907292031 13.689263338 -3.723549544 
2.027077126 12.523619815 -3.218207989 
-8.661272032 7.925996620 3.793993732 
-8.004233580 7.769211064 3.457915688 
1.382791083 12.261673435 -4.145996926 
1.371698028 12.252312060 -4.225427270 
-8.023815385 7.960801307 3.206099266 
-8.131277260 7.889107519 3.061028586 
1.300301317 12.091504416 -4.880983181 
1.288541077 12.141311419 -4.786898448 
-8.285489209 8.249626784 3.065934281 
-8.235962634 7.959233747 2.978735520 
-0.344556732 20.664977016 -3.067409210 
0.939819086 19.544281152 -4.007604646 
-12.029986494 16.041907519 3.412331382 
-12.245612796 14.148896872 4.096988059 
0.358110485 19.047611099 -4.444201872 
0.241861145 18.971849880 -4.703984488 
-11.987856370 13.947172597 3.712614456 
-12.263148913 13.485410956 3.464848430 
0.044741090 21.136174810 -1.412336082 
-0.023785862 20.936674444 -3.055912967 
-11.500082830 15.520587930 4.129700210 
-12.901449845 15.981149465 -0.036325057 
2.558480836 19.255944790 0.694656459 
1.290849289 19.993167235 -1.145358339 
-11.661540034 14.271345646 3.438999195 
-11.313116347 15.944022251 -3.070892528 
-0.672165528 19.382948541 6.230296733 
-3.118846730 19.298755907 6.224423972 
-13.506649207 13.934385274 0.482453570 
-12.544453826 14.514845626 -2.595333858 
-2.198735654 19.666643241 5.128557674 
-1.982603536 19.665053817 5.024516909 
-11.300044670 16.050041961 -3.169652934 
-11.630103221 15.765709313 -2.905750780 
-1.815541960 20.518313938 3.808968736 
-2.126256173 20.446574384 4.132711546 
-11.296927288 16.758325249 -3.031976988 
-11.168275647 16.817031242 -3.179735876 
-0.851892195 20.156719591 5.092103744 
-0.061345311 20.239529587 4.232147699 
-12.302289932 15.621591249 -3.218510556 
-12.244546240 15.300407372 -3.854541758 
3.396822116 13.046515011 5.793300481 
-0.784734389 12.251019275 7.988624705 
-5.553359029 11.487731423 -7.264237453 
-6.706120018 9.708596265 -7.581435640 
-0.385671056 11.429820629 9.035653502 
-4.641596870 10.121784332 9.695059422 
-3.284245936 10.157483261 -9.227421417 
-2.811508585 9.814052600 -9.183373745 
-4.538000222 12.808127962 9.029075740 
-5.269418646 11.403367366 8.976851951 
-7.069053472 11.282569048 -8.206698149 
-7.001504806 10.803636869 -8.191077443 
-1.046346216 11.301888166 10.095549714 
-1.897427829 10.936698371 9.834448302 
-8.249986676 9.434632571 -8.365334835 
-8.031102103 9.686186339 -8.341708716 
-1.544456477 10.006321702 -9.775998564 
-1.351481166 12.205729731 -9.543079131 
-8.049062198 8.717936165 7.965508775 
-6.549226404 9.233102926 8.392594756 
0.941157398 11.006318240 -7.974799619 
-2.596632121 11.381799577 -9.275178760 
-5.408335303 10.432198631 9.247258604 
-3.163880192 11.185810433 9.294627135 
-5.322226279 10.259536524 -9.563877760 
-3.509155023 11.260344329 -9.807487166 
-5.865846557 9.900316929 9.318843339 
-7.673663059 9.935449094 8.516835288 
-3.467148722 8.133237139 -9.671228662 
-4.986519907 7.680038634 -9.486195844 
-5.723842511 11.478888842 8.866066564 
-2.869999990 9.068145613 9.300200113 
-1.264932130 23.441270862 1.594428145 
-1.540513955 23.683564504 1.019967035 
-13.409114610 17.431683299 -3.940220515 
-13.444148361 17.284946074 -4.125952721 
-2.990591687 21.814004225 4.218865491 
-1.590993370 23.275323461 2.286715712 
-13.884141263 17.988895891 -2.504311472 
-13.932733886 18.228822404 -2.045078517 
-0.871057596 23.817416795 1.270845188 
-0.362539940 24.054763950 0.088781350 
-14.457167503 18.311045074 -1.773942954 
-14.234865946 18.384889832 -1.630090577 
-0.873078405 23.898160208 0.808928690 
-0.538696228 24.093794746 0.076974182 
-13.969766639 18.366079035 -2.200720702 
-13.877371671 18.065170489 -2.897180487 
1.609166894 14.315716881 2.141793561 
5.288523254 15.869699169 5.278792993 
-13.691914776 8.880849104 -5.050239917 
-13.816249097 8.867087735 -4.717039864 
5.452399823 13.446773703 1.291477224 
4.395267568 16.319326564 6.598777043 
-13.536510721 10.892225993 -5.023714272 
-13.141193705 9.494128899 -5.543195321 
6.119226187 16.469192715 3.933060011 
5.865889917 17.045630646 4.589569657 
-12.607469813 10.578612225 -7.459784680 
-13.613104523 9.943262640 -6.332389295 
6.166889925 16.367660433 3.676191592 
5.909159716 16.860363470 4.159861465 
-13.127061538 9.443174064 -6.058378012 
-13.235156695 8.987877580 -5.642286112 
5.792150635 14.042893164 5.244615868 
5.196778103 13.465707501 7.199386768 
-10.397415355 7.309726719 -7.966677113 
-10.858368404 7.475718316 -7.399048597 
5.707672903 14.405081698 3.901091171 
5.443237814 14.154217499 4.877655213 
-10.512499082 7.082964393 -7.942717413 
-10.645423582 7.212748944 -7.682626036 
5.182570713 13.582171855 7.476163970 
5.221787950 13.582590869 7.790817652 
-10.753145155 7.038047869 -7.350946744 
-9.874116070 7.139347637 -8.750782569 
5.142605151 13.206719785 7.765452724 
4.484710570 12.797725921 9.002861417 
-10.326578973 6.916650478 -7.847966252 
-11.042634802 6.854415089 -7.063563803 
-5.738984208 15.423505504 -11.212085840 
-5.928406979 15.518226393 -11.165924378 
-7.026383122 15.241290700 10.618141577 
-6.414025718 15.389388460 10.736923245 
-5.531121060 15.251031482 -11.563798350 
-5.094732967 15.803576740 -11.141316618 
-6.558243059 15.726801881 9.960739099 
-6.070503724 15.577362990 10.370450497 
-5.726501010 15.051539060 -11.672428907 
-5.658482364 15.403477808 -11.502328278 
-7.125412856 15.244586902 10.955874677 
-7.779422873 15.306109663 10.482632378 
-6.206330711 15.237543929 -11.301077763 
-6.031497220 15.627759946 -10.925023142 
-7.703002579 15.095112566 10.813182711 
-7.220358872 15.011697572 10.916348103 
-1.945240282 21.476318462 -2.183208462 
-3.316867336 21.310377558 -1.776536943 
-11.424187679 17.662685610 2.368669184 
-9.744022935 18.689167592 2.622258756 
-1.471693759 20.998162286 -3.157075254 
-1.731198397 20.935731565 -3.661160101 
-10.563680903 19.105011684 -0.282817429 
-12.251722467 16.272347124 2.719182361 
-7.683774711 18.029236160 4.387515501 
-5.780816336 20.594728228 1.694729494 
-8.344180775 19.721480764 -2.023059560 
-9.316250146 18.935642781 -3.243164608 
-4.865251227 20.603652081 1.985704055 
-6.693018002 16.981394924 6.613522424 
-8.072574431 19.455302331 -2.654469289 
-7.979565035 19.029019092 -3.695624612 
1.606580723 13.396659719 5.495587377 
0.684421012 19.311601986 5.156259779 
-10.204046149 9.098635089 -5.606818257 
-9.298542425 9.797981791 -6.528445312 
1.582436897 12.943061388 6.536002119 
2.360492050 13.210290866 5.655619133 
-10.224448144 8.643195052 -5.077016265 
-10.179072344 8.643316761 -5.059565978 
2.820696007 14.148255568 5.827761243 
3.035979481 13.633187483 5.886608204 
-11.026155171 8.231213780 -4.854708839 
-10.831324653 8.224044958 -5.037184557 
5.369161708 16.202770422 3.806939159 
3.545243555 15.227822089 -0.429986419 
-13.462865937 7.776002225 -1.506105874 
-14.568054908 11.375285778 -2.481074425 
-3.963508108 13.237455888 7.867376806 
-0.578933220 8.169609228 10.111993116 
-6.051634424 12.741615875 -7.246959138 
-8.900269471 5.310760067 -7.299080409 
3.207238222 12.549643688 6.952366030 
2.494349507 12.138850205 7.616807265 
-6.134682754 9.472758622 -8.989862291 
-8.392291713 8.442494796 -8.196350082 
4.243907575 15.028998048 1.707264075 
2.885952712 10.875225587 8.303979440 
-9.921110697 7.167521668 -6.227528061 
-8.343719617 6.028437696 -8.240997237 
3.239611854 15.737119572 0.804510803 
4.160627650 9.911117183 7.158163570 
-10.319278620 4.140194655 -5.520858080 
-10.367076698 9.064197259 -5.201891425 
-2.760606033 11.808970634 -9.861601300 
-3.065801382 11.031476218 -9.355954992 
-5.735427034 11.219336882 8.757431728 
-4.987825467 10.906692547 8.744080380 
-3.554077406 10.352301004 -9.401702459 
-3.943348910 10.266838526 -9.520640264 
-5.546328150 10.557811142 9.050407512 
-3.179442796 11.298833589 9.112983867 
-2.189811194 18.406074234 -7.372699726 
-5.592281369 18.225524629 -6.587109752 
-3.183087710 16.008719742 7.986330670 
-7.282771539 16.791386942 6.665882240 
-6.519998578 13.452857665 -10.530266270 
-5.052117400 15.055810979 -9.813494867 
-3.918657546 14.650931122 9.934547423 
-5.838541090 14.879335426 8.751880948 
2.051840809 13.201603685 -5.914982543 
1.957684441 13.124609198 -6.066771777 
-10.419480621 8.555830923 4.818893278 
-10.491420532 8.447612733 4.721169665 
2.967550352 19.148296220 1.075665820 
4.187772511 17.323406650 0.921575898 
-10.279590068 8.824585240 6.104605966 
-9.731904164 9.573293547 6.213795509 
5.438814512 16.382126839 -3.161194616 
3.524288148 15.276912190 0.068495541 
-13.328950461 7.451694294 1.698778009 
-14.791794134 11.160627000 1.661144387 
2.610197286 14.512575453 -5.806789781 
2.783197167 13.496168234 -6.273122645 
-11.198561707 8.171343962 4.565870171 
-11.087991883 8.090392663 4.666641932 
-1.395133891 20.718042289 3.657289271 
-1.424436733 20.891056670 3.583264160 
-10.716010411 18.965712325 0.598446196 
-11.132123272 10.759774631 -1.965883479 
-2.231198962 21.395509310 2.798817050 
-3.205699939 21.334127648 1.740146106 
-11.696575961 17.505158056 -2.002338843 
-10.634814400 18.314220113 -1.609104666 
-4.513166250 20.741728396 -1.504324883 
-6.396471902 17.125837173 -6.562468548 
-7.828875344 19.551577742 2.742663212 
-7.734232754 19.070759531 3.907947457 
-6.347730657 20.381812600 -2.506265225 
-5.871681135 20.517328113 -1.962288316 
-8.189795148 19.798267038 2.058208907 
-7.202015662 20.065792226 2.092831243 
-5.068153520 13.433435544 9.659445362 
-3.991252894 10.217071326 9.492841746 
-4.101163415 10.170068205 -9.266945113 
-2.949922794 10.638327421 -9.278929978 
-1.783085474 11.940600907 9.579685645 
-3.447854933 10.913708203 9.373617990 
-6.523810790 10.865225543 -8.660443695 
-4.282008400 11.156351405 -8.783856410 
-5.935770601 13.523897238 10.665332887 
-5.524459294 15.097094757 9.655515198 
-3.647602205 15.106354430 -9.744618053 
-4.846590286 14.024118476 -9.985759054 
-5.314137466 19.241135339 5.605385672 
-5.652053823 18.224249541 6.573778015 
-10.004267400 15.854046180 -6.372316437 
-7.458986599 16.670988629 -6.663895846 
3.007686166 12.521600242 -7.136702095 
2.033700584 12.029237399 -7.878111007 
-6.208899641 9.439597482 8.974740587 
-8.227160214 8.499403989 8.307973971 
-3.967125404 13.180068939 -7.923987903 
-0.945886597 8.030140574 -10.182574092 
-6.248534390 12.650240786 7.221649997 
-9.107205601 5.242739047 7.087091520 
4.231956725 13.445235762 -3.050361754 
3.916941683 9.833041009 -7.438995876 
-10.426617710 4.065054627 5.355247467 
-10.658448942 8.957613971 4.873506624 
4.315294821 14.969937166 -1.998925537 
2.903644778 10.953685402 -8.199436798 
-10.319472879 6.930891877 5.720019779 
-8.420941003 6.033140678 8.198240405 
4.598160815 11.911854699 -7.333156331 
4.129734149 16.262758481 -6.952755559 
-12.718487769 7.530183652 4.286136467 
-13.120967499 9.426418690 5.611713442 
4.368446553 15.954345583 -7.353581994 
4.584734824 15.956950362 -6.758290048 
-14.321946010 8.064907650 2.756862916 
-13.660929907 7.284256863 1.593740226 
5.081711123 16.559925217 -6.307036927 
5.060372999 16.493522055 -6.289973884 
-13.697500254 8.363701720 4.217199230 
-13.747930612 8.675928986 4.475622537 
4.571444259 16.495654601 -6.966195126 
5.142065164 17.109505041 -6.160654915 
-13.877454639 8.729261689 4.542401317 
-13.512760491 9.263176136 5.649691131 
-1.485681927 22.924720904 -3.295000800 
-1.851726073 22.634665305 -3.169946918 
-14.942128399 18.533334614 0.222404716 
-14.323094909 18.756742556 0.744192912 
-1.062564819 23.010292785 -2.380989083 
-1.068630658 23.256259876 -1.753524636 
-14.342282966 18.406578546 1.437471913 
-14.530825533 18.467295550 1.126233657 
-1.205089203 23.504889867 -2.684078974 
-1.599488984 23.359890118 -2.967477128 
-14.534130700 18.451112101 0.619532775 
-14.247574006 18.556221658 0.967282751 
-1.329769977 23.453282312 -2.885759447 
-0.786618450 23.763897998 -1.975078209 
-14.261623440 18.500706126 1.331568208 
-14.104614251 18.493646215 1.471291890 
-5.888909912 15.687254074 10.579662755 
-6.087648207 15.305562785 11.092430610 
-6.093419560 14.677538530 -11.431420018 
-6.298655522 15.439133213 -10.911076968 
-5.615479492 15.286061904 11.332868505 
-6.012308928 15.573706553 10.913059767 
-7.607073672 14.335644551 -11.255237438 
-7.450386587 14.888408979 -11.018221795 
-5.464187228 15.919660518 11.055427994 
-5.508237908 15.849714081 11.146696529 
-7.337626609 15.183220954 -10.929599669 
-6.319545544 15.274724459 -11.132348850 
-5.358079625 15.877096770 11.131594474 
-4.830852900 16.119134359 11.275482901 
-5.932888732 15.264997937 -11.164721384 
-6.129957582 15.363199509 -10.909532511 
4.032007514 12.710019658 -9.401561605 
4.257187267 12.991411108 -8.347404547 
-11.436709036 6.545788649 6.601937367 
-11.716853201 6.590167442 6.127258798 
4.007376709 12.512309189 -9.465447406 
4.456551815 12.876064189 -8.730610161 
-11.494317356 6.907560092 6.733643012 
-11.969865257 6.809985483 6.039137616 
4.204565790 12.757726365 -8.907442338 
4.313896210 12.800848755 -9.057510062 
-11.386773037 6.532777257 6.874614089 
-11.281277476 6.686670840 7.205423825 
3.983393934 12.554119780 -9.665174179 
4.260790752 12.746005894 -9.181668911 
-11.634219069 6.508027041 6.602766135 
-10.908176384 6.610906968 7.502350889 
