-1.475739361 26.374155814 -2.582134553 
-0.910153092 26.577842908 -1.771148160 
-16.894527183 19.946503394 -0.856132255 
-16.516374122 20.265895009 -0.206219062 
-1.465974349 26.475550120 -1.964095400 
-1.640442248 26.405512963 -2.466362813 
-16.824978430 19.995724151 -1.167698486 
-16.759382770 20.051328559 -1.081177316 
-2.015370653 26.432842599 -1.560770627 
-2.160682594 26.333312959 -1.458890808 
-16.395323205 20.423289868 -0.401017309 
-15.819063190 20.789791709 -0.250978334 
-1.308878944 26.647292652 -1.344010755 
-1.683999808 26.624236741 -0.748083775 
-16.209483239 20.507620276 0.396143330 
-15.895697452 20.782284455 0.438153157 
6.904070426 21.075128107 5.109948956 
6.195190637 20.977406751 6.367492581 
-16.379144949 11.006503189 -7.408614102 
-16.095955039 11.402361680 -8.041532615 
5.542503489 20.116580402 7.992979385 
5.542299471 20.401634193 7.656442063 
-16.411305147 10.454779142 -7.160655480 
-15.643702015 10.484207027 -8.092827253 
4.594077720 19.292465345 9.492681177 
4.722864200 19.434961430 9.094068345 
-16.295240377 11.209043266 -7.476001607 
-16.737938808 10.513339265 -6.948011776 
4.690189044 19.285518767 9.348148101 
5.182338717 19.142246611 8.820880915 
-16.251729910 11.386705173 -7.534080086 
-16.016217396 11.258156159 -7.607271071 
7.042204379 10.953525817 8.904685628 
6.862479093 10.775253619 9.020007153 
-10.552713348 4.294155083 -9.806598199 
-10.224902821 4.149859741 -9.676232664 
6.848622255 10.880214854 9.069283282 
6.753644991 10.785732714 9.212263722 
-11.200926471 4.287025824 -9.383063911 
-11.526415459 3.730446018 -8.274379963 
6.423369410 12.691531870 9.737110037 
4.872190686 8.313585333 11.533337299 
-14.272959311 5.724118622 -6.525151002 
-8.807565938 3.431065299 -9.408741394 
7.502277939 11.242063504 8.299524576 
7.329964014 11.173329415 8.745131659 
-7.723003242 7.717147840 -1.813274545 
-9.600451629 4.044005910 -9.618670188 
-5.989524902 12.706152261 -14.552076921 
-5.244906262 12.444287379 -14.698586555 
-6.677863260 11.607249148 14.078330624 
-6.367053464 12.354870992 14.192186429 
-5.903305052 12.870419185 -14.630818235 
-6.462250426 12.820929814 -14.503041291 
-7.976650279 11.000084207 13.946247424 
-6.273594351 12.379011770 14.249191133 
-4.017132189 13.843759112 -14.849175508 
-2.215043674 12.855609715 -12.656631152 
-5.904160791 12.030365092 14.037338795 
-6.211939535 8.266574286 6.148866255 
-6.318492253 12.300627501 -14.601172116 
-5.466433944 12.313450295 -14.558338026 
-6.498700218 11.956865145 14.143579406 
-5.442036103 12.990700143 14.139845513 
7.027142462 20.420389663 1.371074530 
6.923122927 20.603937635 1.131329172 
-16.881903955 10.573919500 -4.199620687 
-16.757350563 10.358636960 -4.616227015 
6.667426185 20.313304783 3.137901907 
6.535201660 20.268627339 3.723803683 
-16.721782977 10.547432141 -4.878557995 
-16.971599187 10.458342938 -4.171869713 
6.522327491 20.078835409 4.138756370 
6.435273268 20.208532707 4.063868713 
-17.102812335 10.657045649 -3.888163957 
-17.185307266 10.602673513 -3.750342667 
6.488800998 19.805020914 4.320079561 
-1.638423173 18.111007716 2.852406733 
-16.612071125 10.224352396 -4.684372579 
-9.334608137 15.280297751 -1.602761461 
6.317114348 19.984732030 -3.938900558 
6.315969948 20.068601239 -3.900880857 
-17.408949044 10.703223327 -0.150536542 
-17.533469597 10.516371412 0.804361325 
6.291381206 19.792541667 -4.567976590 
6.638648776 20.069420045 -3.374447963 
-17.555022246 10.916915710 -0.753802206 
-17.516398475 10.848885950 -0.109862235 
7.543264524 19.849813541 -0.502376928 
6.763497394 20.304072864 -2.942014960 
-12.779055039 7.638419678 -3.992383828 
-13.372011340 8.419754536 -1.388968846 
6.525194825 19.967351730 -3.919686971 
4.429542377 14.842110255 0.634857898 
-17.377068269 10.709014214 -0.838332214 
-17.299358961 10.219265415 0.614100378 
0.508443571 20.962102393 9.970567672 
0.899283872 21.112177615 9.587850725 
-14.887016578 14.197659722 -8.296819210 
-14.580958031 14.498158416 -8.376807740 
1.615088349 21.492143691 8.769217694 
1.946542442 21.383597545 8.809199587 
-14.630781551 13.937265452 -8.960246455 
-14.779201589 14.130647549 -8.544606148 
2.097408573 21.933756310 7.730814016 
2.263108355 21.929473137 7.668874112 
-14.489698430 14.286941089 -8.803204793 
-13.855760806 14.611320804 -9.296900501 
1.625631721 21.395054961 8.862092136 
1.865049001 21.580892860 8.395847966 
-14.375274040 14.343635528 -8.777615739 
-13.873731864 14.705066433 -9.076603366 
0.353461088 20.621692301 -10.528228280 
0.792032407 20.802807750 -10.150322664 
-14.925872974 14.735981433 7.651226876 
-14.706466519 14.839138572 7.907391371 
0.603234110 21.182240134 -9.695411316 
-0.139065437 19.934021516 -11.600096338 
-14.612875726 14.921093059 8.005167621 
-14.997843345 14.475861505 7.851189365 
0.128415738 20.370835849 -10.995370292 
-0.371588785 20.029711686 -11.549986862 
-14.026555081 14.672768545 8.998025612 
-14.224312072 14.809732895 8.633082311 
0.141660868 20.595027539 -10.631124437 
0.141287876 21.272845766 -9.641830882 
-14.535492748 14.562112777 8.391076101 
-14.153404561 14.965608357 8.517833759 
5.719638543 16.475605069 -8.541402773 
4.610636985 16.565542607 -9.549919528 
-12.966504459 9.309506364 8.888176506 
-14.282689043 8.306165001 7.092194208 
5.490287966 16.466688931 -8.770186374 
6.120661488 16.619538448 -7.906368902 
-14.268313606 8.376913742 7.341238142 
-14.720692128 8.235992992 6.658719551 
3.811431415 15.724759992 -10.937259344 
4.771803957 15.967862919 -10.054140154 
-15.116692025 7.803796143 5.789092171 
-14.520621232 8.283357108 6.985302935 
5.468377153 16.079979971 -9.366911207 
5.572457669 16.515420693 -8.844315469 
-15.681961628 7.618688511 4.724374899 
-14.687385762 8.206585585 6.672773883 
-2.632446227 25.675885886 -0.440261577 
-2.266458812 25.711512563 -0.384777243 
-14.757341487 20.637742157 1.718049982 
-14.406200361 20.893671067 1.554001178 
-2.701204624 25.666928364 -0.454514573 
-2.342477883 25.702063969 -0.846932611 
-14.603890962 20.678121665 2.173180862 
-14.606805690 20.699756104 1.872127631 
-2.490449138 25.698981486 -1.171703102 
-2.137718524 25.745699578 -0.145555632 
-14.470123347 20.839052957 1.769889582 
-14.523667297 20.777049330 1.965317473 
-2.277143781 25.683387121 -1.911921426 
-2.391979500 25.696762335 -1.720483007 
-14.852152940 20.555625624 1.867594182 
-14.520053187 20.777117041 2.019614178 
-6.454180830 15.006025611 13.138240479 
-6.963699264 15.018606612 13.134393929 
-6.257818503 15.484305836 -12.870946785 
-5.336553471 15.821075913 -12.855555568 
-6.945108368 15.024796825 13.117489364 
-5.460411243 11.933888904 11.979722830 
-5.721480025 15.663865540 -12.913921006 
-1.348507269 11.758850338 -10.794149362 
-7.552119155 14.936276428 13.042758428 
-6.854927478 15.126940499 13.145727094 
-5.482227837 15.453852147 -12.907575314 
-4.572893014 15.839485295 -12.805990674 
-6.083093135 15.483110983 13.237498537 
-6.458916342 15.561255762 13.176420727 
-5.161157169 15.743353190 -12.831119481 
-4.925976709 15.955285419 -12.824947384 
5.503862074 10.896554554 -10.154581695 
0.399046246 6.736105707 -9.540493719 
-7.381743407 8.361111624 3.880720189 
-7.611647445 8.424451236 3.482278259 
5.657893572 10.962319633 -9.989889425 
6.115570148 11.484604138 -9.384981761 
-11.336470167 4.784932743 7.582496016 
-11.961959012 4.060052120 6.486152549 
4.941449414 10.846085412 -10.715542427 
5.231128633 11.215278933 -10.355065746 
-12.297361267 4.385229204 6.601908286 
-12.510204107 4.517353958 6.437562319 
5.386119648 11.139900938 -10.336300966 
5.712407108 11.379696262 -9.950153337 
-12.431162554 4.476507207 6.523141933 
-12.038971414 4.417438895 7.044257314 
-3.999857576 11.134024319 -6.191570947 
-2.469662614 11.712387568 -5.855071312 
-7.247406649 9.632672983 4.951788569 
-3.497594476 11.308885974 5.927106084 
-2.343456263 10.609849425 -5.351712065 
-2.754649316 10.399528776 -5.486001272 
-5.707340309 9.557305434 4.128186251 
-5.590757517 9.573967134 4.202642393 
-1.587955776 10.270405219 -5.485509594 
1.452138148 12.194759270 -4.224353137 
-6.040321934 9.543528028 4.074767468 
-5.737322064 9.199696567 3.762846286 
3.345006100 13.998793737 0.795561291 
2.388760003 13.270718665 3.772176268 
-11.648158886 12.217370243 0.870152813 
-11.653922317 12.274708021 1.240333281 
-3.524340539 19.692283827 2.024277397 
-4.020533013 19.422139318 2.627523760 
-9.390380269 17.250287681 -1.283124470 
-9.494785063 17.120208910 -1.505051972 
-5.119417377 19.635912657 -1.067123331 
-5.134406207 19.637234381 -1.178232710 
-8.536605647 18.243259836 1.374342361 
-8.559896802 18.238942874 1.361147340 
-6.220024062 16.617643362 -3.516302794 
-5.399329548 16.785546043 -3.678519949 
-10.841913822 13.379215643 1.599103862 
-8.202026328 15.261988778 5.751798028 
-3.027649576 19.752313765 -0.446461214 
-3.016306036 19.728402456 -0.992485626 
-9.712002419 17.026763845 1.202146146 
-9.801901390 17.024791580 1.033833095 
-1.282440320 15.237120394 7.358298135 
-6.128393518 16.791243668 7.084922946 
-1.882827809 12.946406292 -6.503632292 
-1.914886867 16.195807153 -5.371453585 
-2.429643129 9.956561993 7.609396778 
-1.994858733 13.526205212 8.044911750 
-4.198837504 8.471330051 -6.605521361 
-3.806226081 10.762164323 -4.805718541 
-1.647280655 8.667329142 6.850800322 
-0.448887300 9.554589046 6.624278245 
-4.746892648 17.380473750 -2.658765796 
-5.483213632 17.730546666 -3.082297591 
-4.871340870 18.379971653 4.436706591 
-5.313158099 18.239103238 5.033629507 
-6.925981601 17.475660380 -4.221221693 
-5.301642240 17.323165237 -6.200497839 
0.712527622 13.320043962 2.144815150 
1.399379099 10.203869925 2.709138918 
-8.710472670 9.792473115 -0.143471818 
-6.793661417 7.723202667 -1.602325404 
1.253560180 11.569953382 0.978361578 
1.365808762 11.527870122 0.777511789 
-7.108590327 7.809121007 -0.983457121 
-7.056023157 7.830126185 -1.204088423 
1.889074009 11.096623146 2.391945161 
2.443675518 11.239932814 0.809514513 
-7.644461188 6.791214051 -1.751775952 
-7.184351829 7.996001289 -1.425507814 
1.519324683 16.098926290 -4.360533915 
1.947494027 16.674366194 -1.913386428 
-7.600201522 7.277902709 -1.943711845 
-9.096541343 7.966353323 0.573803219 
0.015163915 14.257484044 4.579901773 
-0.844136719 14.098710115 5.207897110 
-8.611320549 11.192126788 -5.169582614 
-8.745858448 11.207569059 -5.053528907 
0.701011986 18.476264141 -1.682423880 
-2.320697863 19.278773459 2.744454761 
-11.302555995 13.771414357 -1.155355843 
-9.215930081 13.043301092 -5.447062806 
-1.143568612 14.234929324 5.365555139 
-0.400345396 14.489634618 4.765175835 
-6.927891027 12.032472022 -6.104603601 
-7.699799903 11.727379402 -5.762663353 
-1.295216490 13.154866775 5.384849390 
-0.711900038 13.460092814 4.950034264 
-7.135704087 11.233480272 -5.844771970 
-7.755625636 11.091361598 -5.479726776 
0.214856245 12.650615179 -3.387787411 
3.823488817 11.939305380 -0.792614862 
-8.004706080 9.209343307 -1.695103059 
-9.049857694 7.981121180 3.034211220 
3.809120216 11.933611117 -2.033436129 
3.644552920 11.344773143 -1.496994755 
-10.064211608 6.252955536 0.746454954 
-9.498621748 6.493853980 1.401710388 
2.578022582 12.171764919 -2.082166404 
2.136289753 12.016953218 -3.128039689 
-9.042456297 7.866252756 1.319726159 
-8.820760920 7.821868710 2.393149056 
1.640975007 12.185346074 -3.778641467 
1.706758937 12.190314376 -3.709514336 
-8.614405390 7.271465076 2.428062494 
-8.596812258 7.298958339 2.407151651 
0.113213334 17.708197690 1.787162408 
0.115495007 17.435439524 3.248207847 
-10.512080279 13.352967855 -1.643885565 
-10.413247285 13.174830925 -2.359085203 
1.817401622 16.919584409 2.040364670 
1.999315296 16.608580158 2.549702745 
-11.231977998 11.469568447 -1.928382024 
-11.365085224 11.210810590 -1.264723633 
0.324030700 17.429308658 2.149176673 
0.138483358 17.249961403 3.080493140 
-9.909317152 13.282156574 -2.653480444 
-9.574752207 13.760152502 -2.517638538 
-0.444928397 17.554837287 2.448975282 
-0.329125725 17.518764791 2.725832257 
-9.879513361 13.625786318 -2.265055139 
-10.060276850 13.567400664 -1.931191755 
-4.080188861 18.675282717 -3.031056268 
-4.339374823 18.514536953 -3.361977087 
-8.265208060 16.917675622 2.736639833 
-7.982839640 16.997167091 2.868971207 
-4.903606931 18.332960126 -4.813483268 
-5.243146250 18.203931286 -4.920361538 
-6.697279137 17.583915022 4.395270322 
-7.327475574 17.325180409 4.423348422 
-4.661569231 18.243312070 -3.594960781 
-4.610659082 18.272820165 -3.506624539 
-7.947103157 16.800359344 3.141898575 
-7.885958486 16.831496273 3.128472616 
-4.089898072 18.425340510 -2.847210652 
-4.023955090 18.426727833 -2.872812083 
-8.282300016 16.608929524 2.577979195 
-8.048082517 16.705629244 2.686508712 
-5.595658992 18.855533040 -0.165612481 
-5.044216197 18.999784367 -0.039519728 
-11.452838118 21.360748165 -2.399188086 
-11.131659061 21.380801179 -2.218123861 
-7.328500038 18.372095631 0.445091617 
-5.470983588 23.704866932 2.215413707 
-11.493738663 21.405274191 -2.212572670 
-11.443478856 21.414982178 -2.175369468 
-5.523805237 18.561895003 -0.327261633 
-4.888576138 24.039298749 1.873805164 
-11.972316703 21.139052796 -2.853259921 
-11.732686295 21.277941472 -2.568581860 
-5.119766161 23.935223074 1.936477205 
-4.915177468 24.056793387 1.635106826 
-11.707129150 21.226140904 -2.796103426 
-11.656768984 21.286262036 -2.746769385 
3.218797288 14.267608667 -0.354009963 
2.051741084 16.072739716 2.209513698 
-12.661338969 7.469029568 -6.107424903 
-12.705608052 7.543798369 -5.933548743 
2.051683980 14.627325047 3.075228539 
2.257722993 14.390233681 3.160573337 
-8.496894973 9.397579216 -5.070400229 
-8.532977073 7.524705766 -0.635053184 
2.552801894 11.697800352 2.373715372 
4.976532020 14.773482540 7.283775951 
-12.362020155 7.583312004 -6.562356193 
-11.904460569 7.969667367 -7.198050041 
2.460377289 11.839736924 2.525400362 
2.621456240 11.977728886 2.079726055 
-12.534207249 7.670427149 -6.276976754 
-11.783429525 8.033504098 -7.265615757 
2.744038104 13.295445006 -1.653907122 
4.187381790 12.040343613 -0.838757513 
-9.778239986 5.757482860 -3.089349238 
-8.487475481 5.325317919 -4.838923379 
0.237619690 6.025004629 7.430498428 
0.434413717 5.976842897 7.444079911 
-4.369759688 5.532095984 -6.606666067 
-4.746935211 5.088367705 -6.548115673 
1.320898267 6.241249782 6.824337225 
1.170114538 6.336089960 6.873513307 
-7.126795775 3.332419759 -4.591678126 
-7.091655632 3.457737052 -4.695229248 
-2.404802698 6.102968175 7.166438337 
-2.634952888 5.997743105 7.145613568 
-8.617410571 3.244186303 -0.348033988 
-8.639480643 3.210865331 -0.479083190 
-8.251110953 11.652624855 -6.149407410 
-9.337209880 13.069741085 -5.317711303 
0.640978644 14.808335062 4.403670592 
-0.033545848 16.093586014 4.917228180 
-3.729601975 11.474368849 -6.603730712 
-6.392854645 13.888329712 -11.464086456 
-3.094511583 14.949306491 11.004618607 
-2.695059892 15.256517516 10.883309944 
-3.062837164 11.102095307 -6.203822864 
-7.125610821 13.488411060 -11.347111697 
-3.391210381 11.098680944 6.304373722 
-4.598644522 10.630764469 6.364411519 
-7.279228059 13.501534456 -11.304595008 
-4.875580130 10.961882304 -6.529516574 
-3.445290752 15.030235776 11.112071203 
-3.923802095 14.764619786 11.197372231 
-0.122673326 11.634057422 3.164230559 
-0.188690638 11.581874784 3.242687129 
-7.959743778 6.968353397 -0.655200397 
-7.625344371 7.213143994 -0.631761070 
0.165827118 10.680062464 2.936471645 
0.470521032 11.156888276 2.743123999 
-6.812128829 8.334443004 -2.428438071 
-6.796633518 8.305170368 -2.478389468 
1.099353913 15.031932331 -4.617289408 
-0.072098684 9.931833236 -5.143838451 
-9.995720118 10.815386562 2.793901331 
-10.651468932 14.867247081 3.214169354 
1.462067195 13.326296011 -3.555871653 
1.613878268 12.991309481 -3.531360970 
-8.900805276 9.678704032 3.533576046 
-8.477853431 7.893950109 -4.373092568 
-2.070480056 12.666523074 -4.400597713 
-2.109107329 12.638646269 -4.408264815 
-6.661136738 10.794025708 4.126199970 
-7.001899843 10.669157149 3.862710299 
-0.107985369 18.704563126 -0.851981786 
-3.172026930 17.881263076 -5.957454647 
-5.916468434 11.460404672 4.814868839 
-7.685375983 9.325829569 4.929039387 
0.428352864 16.527374668 -4.126959246 
-2.847207448 19.954659832 -0.078503317 
-10.234946593 12.196557846 4.259376846 
-10.045797599 16.977370065 1.244836997 
-1.601630908 14.058021129 -3.376938239 
-1.850602359 12.950368066 -4.425274245 
-7.481615093 11.089662392 3.783574857 
-6.993222113 11.076246639 4.223084690 
-4.396954050 17.122698650 1.687997118 
-4.217300673 17.148698832 1.719108293 
-6.694261120 16.051107164 -1.945005681 
-6.923505511 15.955383117 -1.924416524 
-4.730866863 17.119182572 2.302305173 
-4.986386158 17.005906532 2.455812034 
-6.398080423 16.333184616 -2.306658087 
-6.326390374 16.374560181 -2.276418979 
-3.961136038 18.264996858 4.966673569 
-3.553207588 17.108287090 6.916453794 
-7.643083043 16.779207932 -4.734811706 
-7.795429274 14.390988123 -6.142530897 
-4.705507860 17.308999899 1.467927780 
-4.435003453 17.308270069 1.539640464 
-7.043430300 16.234676587 -1.502835658 
-7.241174179 16.104049651 -1.409135957 
-0.906959793 16.359114047 -0.392303901 
-0.736664104 16.274573107 -1.283431812 
-9.205291014 12.655922957 0.273405388 
-9.093912358 12.811858081 0.213864203 
-0.651495874 16.273773593 -0.117293179 
-0.554593919 16.200917228 -1.047496178 
-9.322561760 12.462565039 -0.271624301 
-9.453775356 12.299077328 -0.222051878 
1.800229235 14.148534029 -3.970699898 
0.564733205 14.877776342 -3.526794173 
-7.787642013 8.932601581 0.520863777 
-8.863123504 10.053683327 -0.572320958 
2.033357339 12.094109932 -0.883848272 
0.620978660 14.153799296 -3.784841580 
-7.764914232 8.523996999 2.210525323 
-8.045262249 11.282598345 2.674365278 
3.085305385 11.406688806 1.627048017 
1.486709864 11.305088093 3.341955542 
-8.028085619 7.677053010 -2.262012425 
-8.022825113 7.531606870 -2.364924932 
2.171285062 12.563847493 -0.746721996 
1.561352547 12.596249264 -0.480250036 
-7.516277631 9.508325996 1.602717553 
-7.472999258 9.183067106 2.437049834 
1.899243448 11.030000427 2.280657065 
1.805199100 10.994382260 2.499837693 
-7.117326272 7.248787229 -3.031184187 
-7.129417831 7.370789166 -2.316045936 
1.534623452 10.736629203 2.851695021 
1.699064365 10.826528476 2.488750032 
-6.892901010 7.322744525 -3.342631561 
-6.794069477 7.412404394 -3.448426219 
-1.378813382 18.830470381 -1.394001761 
-3.072767353 18.663675478 -3.497206815 
-9.551678512 16.575983058 2.507178978 
-8.722969830 16.267499987 4.652661465 
-0.628457034 13.836992499 -4.596994160 
-1.443858798 13.683704696 -5.135172196 
-7.655651594 11.338659291 5.366552231 
-8.128389155 11.180983469 5.008753921 
-1.191484695 13.041372063 -4.898019373 
-1.702883439 12.886325656 -5.213826155 
-8.112453226 10.643928657 4.520406048 
-7.891677321 10.637930769 4.806516000 
-1.138416677 13.767571966 -4.998442150 
-1.950347216 13.505279657 -5.394110062 
-8.288161360 11.174603119 4.666594169 
-7.445122888 11.488470720 5.305718640 
-5.431388371 18.094861109 2.446505315 
-6.373548840 17.723242469 3.804860902 
-6.722100194 17.498122270 -2.101701284 
-5.881742067 17.954060375 -3.301290819 
-4.917612063 18.190101258 2.410974701 
-5.075117270 18.116129577 2.489622142 
-7.146172492 17.288459121 -2.206277847 
-7.213378882 17.226203205 -2.136283000 
-5.047959276 18.000294123 2.197573496 
-4.935007322 17.985991354 2.385287291 
-7.436444273 16.921775877 -1.895780929 
-7.573677591 16.895504940 -1.766620325 
-4.994268731 18.011333699 2.479470280 
-4.880236179 18.000394159 2.600280829 
-7.156962087 17.073837018 -2.217467504 
-7.105808467 17.121235854 -2.150798488 
0.641212307 16.902205239 -0.456877287 
0.385735658 16.992567325 -0.363035036 
-10.396311495 12.273324293 0.829280235 
-10.479017880 12.330209122 -0.163559176 
0.094710433 17.137040262 -1.552236657 
0.026661600 17.182729999 -1.529156474 
-10.014130438 13.084637934 1.028653644 
-10.128660610 13.074015962 0.670325591 
-0.405270802 17.270208642 -0.888210166 
-0.258120351 17.214789616 -1.294490652 
-10.135940751 13.098927205 0.151092186 
-10.050400239 13.236750912 -0.067335611 
0.202833162 17.019297216 -1.599822339 
0.022557352 17.080861058 -1.413020045 
-10.248927235 12.821307733 0.284575582 
-10.191802394 12.868786219 0.425821205 
-5.094040841 17.251332221 4.135836512 
-4.575934540 17.462381457 3.956843846 
-8.010205880 15.919057778 -4.164110709 
-7.684125095 16.043702710 -4.304760675 
-5.665190435 17.636081220 -0.187039477 
-5.601169533 17.655921458 -0.296607267 
-6.344078329 17.355323456 -0.529016400 
-6.487662116 17.298719551 -0.436307325 
-6.797418528 14.920926116 4.695157245 
-8.174477693 14.252855181 4.028737471 
-9.083841716 16.858884829 -5.582182695 
-4.148248650 16.194542971 -5.339639844 
-6.204425452 17.822672431 0.174555234 
-6.103789693 17.471909618 3.168132989 
-5.121792988 18.160066188 -1.561126988 
-5.962498647 17.297108230 -4.371183623 
-2.539148105 10.371156473 5.856813408 
-1.361768649 11.423391471 4.690729058 
-8.667211654 6.550492124 -3.033440755 
-6.643625686 9.078795880 -2.389485764 
-1.058661364 9.896875153 5.061644574 
-1.119414547 9.927701155 5.077775148 
-5.923700085 7.726507799 -3.439489931 
-5.718586685 7.882336579 -3.750063727 
2.599039870 13.213678954 4.566381284 
1.936246728 9.464050752 4.128489063 
-7.817795920 6.823613628 -3.435729421 
-7.450095223 6.462969623 -3.881739218 
3.505439523 12.099571555 3.615497507 
2.986485551 12.660331672 3.185057697 
-8.595905726 10.085659268 -2.945195798 
-9.888633641 9.023145612 -1.990356654 
1.581697018 11.719208738 -0.799419960 
1.752596402 11.709498566 -0.295503934 
-7.781534632 8.343100878 0.599342509 
-7.781006457 8.304613502 0.442764362 
0.140262702 12.156673171 -2.590354365 
1.588534912 12.323628868 1.348842526 
-7.522285766 9.145945783 -1.390469847 
-8.106964609 9.156642858 0.532416248 
4.468745587 13.176000082 1.121656967 
1.159871845 14.479095127 -0.417795731 
-9.198486489 5.670651051 -1.708729600 
-8.403409587 4.692058491 -1.397920532 
2.767736140 10.833731800 0.908698071 
2.774246892 10.688410272 0.824028506 
-8.419978604 7.093511182 0.425347989 
-8.292320629 7.061586852 0.226962062 
-7.736096348 14.254456936 -5.475121885 
-7.720402370 14.268867005 -5.490798594 
-2.934126114 16.152802331 5.187975000 
-2.624807782 16.380997378 4.830325656 
-8.176039612 13.985270989 -4.448998025 
-8.038676660 14.337627652 -4.135810485 
-2.592373815 16.433329600 4.004584032 
-3.084436153 16.200998034 4.410362039 
-9.198154198 13.437497395 -3.362788485 
-9.284807618 13.624705242 -3.102870600 
-0.777229372 15.677623841 3.908501882 
-0.544767105 15.884657005 3.718696183 
-3.541779601 11.460161959 -5.650667824 
-5.885870514 9.757089692 -4.963169146 
-2.762324672 11.896039383 4.973877327 
-2.560310433 15.009385599 5.423313228 
-5.457921072 18.906465819 -0.585412204 
-4.939051283 19.017965557 -0.683635867 
-12.412203794 21.074988117 -3.488906103 
-11.823770335 21.337427295 -3.098982412 
-7.134624033 18.464230758 0.441374203 
-4.450272256 24.243422317 1.999368932 
-12.383520707 21.087019102 -3.652710080 
-12.219714253 21.154623831 -3.723868782 
-4.512759989 24.231421309 1.491683380 
-4.567870670 24.287476674 2.460729915 
-12.656435759 20.990874214 -3.492331598 
-12.503880440 21.069972866 -3.398048203 
-4.700017604 24.248730837 2.818715144 
-3.476918755 24.669340818 2.438274920 
-12.099621703 21.175394531 -3.935571540 
-12.172480738 21.145769431 -3.810003370 
1.021098409 15.083290493 4.861366475 
4.660699163 14.705730643 7.737106153 
-13.065566559 6.865011026 -5.923873733 
-12.714567267 7.205396005 -6.553048121 
6.618916435 14.503205099 5.911240198 
6.389487405 14.505762220 6.222624643 
-13.530976365 6.328755053 -4.915294908 
-8.454139012 7.837780585 -1.532107036 
6.015957695 14.537102099 6.859545106 
7.023926366 14.657556475 5.199557245 
-12.761446569 7.094968796 -6.440338112 
-12.532842593 7.236936071 -6.674852317 
6.057134406 14.608026115 6.499251910 
6.079977437 14.677985005 6.574523345 
-13.188043521 6.642945211 -5.529299322 
-13.007437470 6.621896238 -5.816247944 
3.791050866 10.979229879 -2.211381329 
6.605537606 9.612389290 6.840572975 
-6.832227227 8.371139998 -5.391346078 
-11.503424939 4.549067017 -5.103242740 
3.566794903 10.423279502 2.908353544 
3.716369299 11.866024664 3.344610478 
-4.788553885 5.626168078 -6.460489013 
-5.875344211 4.438813815 -5.798311610 
1.708626456 6.616228719 6.456326635 
1.984561357 6.797449070 6.196236990 
-6.726433851 3.722796116 -5.062064157 
-7.008285332 3.614117357 -4.762245651 
1.901020971 8.104904690 5.356914954 
0.725646387 7.622833416 6.229194742 
-8.458843808 3.442344053 -2.522692476 
-8.449534655 3.465250549 -2.568469789 
-7.320883086 15.007388565 -11.751075022 
-7.250962370 15.135714873 -11.780281921 
-2.305089205 13.961499583 6.669917733 
-5.044758305 14.506246562 7.342699358 
-6.995276019 15.249453594 -11.852878628 
-6.428972847 15.462628485 -11.840173360 
-4.984024220 16.167781994 11.600789368 
-4.582133051 16.340462813 11.551839953 
-7.730619831 14.833048635 -11.833562215 
-7.636160685 15.039571237 -11.789251106 
-8.108389497 14.761373457 11.685857586 
-6.245282056 15.857382090 11.775513580 
-7.916600444 15.015906485 -11.705165696 
-7.795666878 15.170216159 -11.720867090 
-6.044492507 16.092296028 11.690980490 
-5.550534828 16.100011803 11.688557094 
2.581735857 11.171762775 0.103893467 
2.639826028 10.792233256 -0.253940307 
-8.088775080 7.095361547 -1.113515930 
-7.542667485 7.296463645 -0.631836286 
1.226371276 11.444791120 1.264676750 
1.139993813 11.404330370 1.459535823 
-7.122148738 8.173294427 -1.914385356 
-7.173501522 8.143355552 -1.779085286 
2.396117139 11.222926451 -0.115793774 
2.763502305 10.649971496 -0.629701162 
-8.514494710 7.224146532 -0.436037544 
-8.486063169 7.197400793 -0.626266658 
1.062215788 12.602664916 -0.552500794 
0.837850862 12.530886254 1.338228061 
-7.837021449 9.639012093 0.892265239 
-7.166165807 6.064577628 -1.653016914 
-2.061971689 12.659374493 -4.341440972 
-2.019870478 12.738348564 -4.271836179 
-7.625059060 10.476059392 3.057283242 
-6.267460809 10.917491371 4.337958103 
-2.945582926 13.270430074 -4.848465494 
-2.923105813 13.301345007 -4.833762692 
-7.164496441 11.494780439 4.394089580 
-6.793887829 11.794193999 4.656950282 
-4.985444724 16.755837788 -4.062421902 
-3.256520410 16.277355197 -3.877894778 
-7.441068246 15.614219874 4.265956502 
-7.080084604 14.645402807 4.824631954 
-2.402998764 17.737162384 -5.566648889 
-2.069348484 18.253771567 -4.474663739 
-10.527949762 14.704221734 4.154339487 
-9.492970701 15.866394270 4.983800821 
-5.045451550 16.878779196 2.142607070 
-5.109166368 16.868329652 2.078790584 
-5.971518330 16.395551092 -1.678896300 
-6.227602955 16.258188446 -1.827542488 
-5.124464049 16.967721866 2.499291539 
-5.322894404 16.871346169 2.633513897 
-6.414910181 16.329402527 -2.282903360 
-6.012621261 16.500046087 -2.205464686 
-6.238524862 16.526075086 3.516438698 
-6.542747789 16.299602371 3.721597274 
-5.132072664 16.927624010 -2.931510702 
-5.211473158 16.868303458 -3.159634869 
-4.767112528 17.256986347 1.653925400 
-6.683766023 17.457988645 1.282811522 
-6.521975174 16.448592910 -1.511203165 
-5.012901839 18.012168971 -0.292804554 
-0.960254016 16.375571959 -0.484975489 
-0.830835212 16.293746741 -1.199618187 
-9.205862149 12.749477644 -0.304517413 
-9.149919199 12.760102651 0.081380492 
-0.366798747 16.108047511 -1.647798127 
-0.254196008 16.095444683 -1.564710556 
-9.438334333 12.321036776 -0.272498718 
-9.418650369 12.328365509 -0.137473406 
0.987309335 15.335005129 -1.686534615 
1.028920900 15.164819073 -1.218189590 
-9.503770722 11.099004033 0.968302767 
-9.499379952 10.698267053 0.851392517 
1.242368276 17.945296036 -1.823691671 
1.188567185 14.148696694 0.347727648 
-11.614168269 12.597493869 1.304692360 
-9.290587659 10.365073130 -0.907137726 
5.692027217 12.124546908 -8.782305273 
6.980492038 12.214879966 -6.377707585 
-12.033195252 3.795472900 1.948531594 
-12.312843848 4.104833266 2.638901179 
2.899940007 12.125916058 -0.248535183 
1.628206316 12.609498837 -0.570247802 
-8.896188786 6.339309575 -0.892569761 
-7.347803234 9.272978369 2.430041739 
6.973415659 11.805348494 -6.519398477 
7.495062825 12.017705093 -5.269970085 
-12.119238199 3.685122042 0.296341347 
-12.411348295 3.999440322 1.922634169 
5.795551329 11.905266826 -8.687569629 
6.149519678 11.995291082 -8.080613283 
-11.890729529 3.750194999 2.351658436 
-11.935544476 3.867995598 2.892540800 
-1.510185836 22.442086237 -6.956888522 
-1.005163168 22.430126732 -6.732841118 
-14.511655011 17.079498410 5.664833555 
-14.557011084 17.103889848 5.356648341 
-1.586182258 22.324796212 -7.181923629 
-1.005941188 23.094077676 -6.174246304 
-14.383398782 18.260658252 5.613629643 
-14.101794814 17.104978387 6.195978898 
-0.802868939 22.703666791 -6.313650602 
-0.814236259 22.778456394 -6.306269109 
-13.760626646 17.321856160 6.705906010 
-14.606455679 17.079916897 6.059602531 
-1.251719896 21.972866130 -7.282683215 
-0.291807370 23.658863849 -5.059244315 
-14.960036883 21.274031464 0.763438337 
-14.077997750 17.815811973 6.068083576 
-9.862173105 18.883551438 9.614659469 
-8.325824283 19.749647804 9.381996347 
-8.026243253 19.550306576 -9.866767862 
-7.038927105 20.043748123 -9.534403748 
-9.604458999 18.833978036 9.760612479 
-8.999215145 19.192194186 9.779362576 
-7.098443769 17.931322385 -12.172886765 
-6.783626983 19.922511802 -9.870791852 
-5.571915032 15.367976885 7.838703605 
-7.848429138 9.910136877 10.859414685 
-7.062856958 20.060830796 -9.375737551 
-5.255458124 10.297624435 -5.265884041 
-9.941030565 18.893362343 9.458822912 
-9.996938333 18.386372283 10.326195357 
-6.641314072 20.195588758 -9.401667853 
-6.263405654 20.077385468 -9.874146462 
5.455227705 15.506129860 -8.969902268 
5.316022707 15.642064075 -8.929303917 
-15.315336955 7.388082900 2.506857935 
-15.360759156 7.630513516 2.412968798 
5.140936085 9.827508778 -10.749645566 
5.453122024 10.071065714 -10.732081897 
-6.095290951 6.074730869 4.541166442 
-6.270685962 7.046558706 4.353088029 
2.299816614 10.135289452 -5.533863026 
2.635592618 10.166078462 -5.129052388 
-5.944805163 5.688878188 4.180505828 
-7.082921762 4.813630700 3.983357825 
6.691661513 15.093230228 -7.815989020 
6.797637188 15.756321077 -6.887138645 
-11.892271861 3.242011030 6.099223396 
-11.196131050 3.356788774 6.660381594 
-0.651938693 13.867159455 4.582951419 
-1.496032135 13.603447104 5.123395479 
-8.019846873 11.254081815 -5.061698487 
-8.547466675 11.293340284 -4.463270342 
0.392143987 18.397719659 -0.877149665 
-3.246589070 18.551600428 3.756817067 
-10.823268855 13.632810961 -1.951087968 
-8.911071394 16.212182628 -4.500167068 
-1.218554996 13.701234293 4.969454868 
-1.266568261 13.733782170 4.953061860 
-7.347395297 11.516226747 -5.371705008 
-7.010208327 11.620694673 -5.562381063 
-1.000161965 13.036322356 4.786385678 
-1.045264996 13.098406742 4.794803099 
-7.356357768 10.916885923 -5.155492348 
-6.570976395 11.118108075 -5.621999300 
2.037846542 12.592273059 1.023799077 
1.564727782 12.618723702 0.804001809 
-7.846517704 9.265166888 -1.031965368 
-7.457264213 9.242693503 -2.324068652 
3.101051636 11.432410002 -1.392600135 
2.827896574 11.021582414 -1.786027189 
-9.399264107 6.799758845 0.924036478 
-8.787858262 6.921948145 -2.014183254 
1.666329498 10.747475441 -2.640798427 
1.489690971 10.683379810 -2.934034969 
-7.405101937 7.236716886 2.351352548 
-7.020738346 7.311747425 3.117378559 
1.114071026 10.744908392 -3.593010303 
1.362505510 10.840241518 -3.231564911 
-6.876212264 7.579279846 3.404362320 
-6.711743666 7.594562161 3.575193009 
0.001545621 17.159920922 1.472000535 
-0.001869273 17.212088591 1.035797442 
-10.104313357 13.066520063 -0.800815305 
-9.985296444 13.109383883 -1.244531665 
0.553679991 16.901103028 1.288852095 
0.634266134 16.902780731 0.580959698 
-10.252699722 12.376963348 -1.135170849 
-10.398780659 12.471925955 0.699640458 
-0.190682800 17.195887935 0.518370921 
0.003268218 17.102264291 1.264762399 
-9.932581370 12.905237126 -1.465210274 
-10.004928315 12.978032779 -0.995858630 
-0.339921770 17.272196403 0.675367165 
-0.682153911 17.311113610 1.130074844 
-9.971239769 13.277833280 -0.436957859 
-9.783649181 13.441257882 -0.708471266 
-4.925100209 18.197296216 -2.511472974 
-4.511679735 18.310028890 -2.143198026 
-7.207449939 17.226696191 2.237734399 
-7.167870997 17.186281646 2.278415776 
-5.295602110 18.136121107 -2.430151167 
-6.419916407 17.732180398 -3.761429893 
-6.937871770 17.403352615 2.133872287 
-6.096684007 17.817254451 3.445384013 
-4.888640364 18.066827361 -2.311250713 
-5.442133649 17.823706286 -2.811859211 
-6.971742482 17.189186617 2.146301453 
-7.411990892 16.968143051 2.179558317 
-4.947032999 17.984599084 -2.345359218 
-4.964607768 17.992697513 -2.283369291 
-7.415780327 16.960642379 1.815228497 
-7.252161569 17.038838357 1.835117423 
-4.372502424 18.921695108 -0.775146705 
-0.878711142 18.826795283 -5.863009435 
-8.292929165 17.338605547 0.399690115 
-10.982559956 15.325583753 4.047648203 
-4.575676203 19.148961230 -0.798931115 
-4.355418934 19.224168467 -0.673765192 
-8.260544639 17.620197069 0.594303965 
-8.150710356 17.712558200 0.867744192 
-4.475469715 18.734574615 -1.387480166 
-4.576174856 18.735143675 -1.085905909 
-7.905958695 17.363776546 0.770597207 
-8.038979712 17.294160368 0.723635900 
-4.217727479 18.869378243 -1.030600224 
-4.344605066 18.821654956 -1.422775029 
-8.365508655 17.197917076 0.130785938 
-8.391135570 17.170987485 0.131002405 
-1.140576091 16.448040675 4.933496459 
-0.713526616 16.404726549 4.659392629 
-9.104390724 13.128748216 -4.250480062 
-9.142126914 12.818968202 -4.365513001 
-0.775719504 16.390865840 4.807033080 
1.786333771 16.578579375 -2.614573661 
-7.779903676 8.538290987 -0.981882994 
-8.297745128 12.119154464 -4.073400562 
-1.672126897 16.637562145 4.665728064 
-1.112422598 16.762072522 4.278182518 
-9.494633897 13.115945738 -3.606610767 
-9.238038390 13.251852892 -3.917671122 
-1.291187235 16.462200756 4.813817646 
-0.378741027 16.731589197 3.728565893 
-9.531192858 12.762528463 -3.736964447 
-9.096180086 13.074164730 -4.140123971 
1.259927675 11.173920970 -4.302170399 
1.865972120 12.766549332 -1.073881985 
-10.421034382 6.393480096 0.162658010 
-9.861717042 4.353969992 -1.404695840 
2.259150447 11.339004226 -0.939112563 
2.203811917 11.332518089 -1.090603878 
-6.697315166 7.782356810 1.281374753 
-6.706351057 7.750578147 1.227548928 
1.513667055 11.050531017 -1.955641040 
1.593629188 11.097193860 -1.734119139 
-5.394907910 7.025337650 -2.268640468 
-6.392413324 7.810714800 -0.993195180 
3.234373363 12.376740205 0.533172598 
1.934530360 12.042966055 5.542428989 
-8.100247292 3.458521555 -3.118588568 
-8.375054604 8.805876066 -5.269165953 
-0.872282506 12.849437309 -5.953897526 
1.150526235 13.484982598 -5.297323471 
-4.229404621 11.864114300 6.128992630 
-0.146350086 15.629309931 4.931035920 
-5.016926877 12.144810693 -7.019892412 
-4.685128995 10.672282632 -6.790577500 
-3.967128160 11.572362348 6.666038040 
-2.089681390 11.862233849 6.414829342 
-5.360817860 10.367079763 -6.288459453 
-5.014954759 10.516785799 -6.347106091 
-2.536715603 11.596266854 6.199582854 
-2.717092577 11.548501905 6.247713373 
-6.457179626 10.402979730 -5.440596523 
-6.722957415 10.362951510 -5.175144052 
-5.498811506 8.441623566 6.459140188 
-3.947499985 8.956711428 6.897690286 
5.729053733 15.798791339 3.787427548 
7.203062490 16.620871988 -0.150294542 
-8.019611836 8.177178597 -2.277037266 
-14.081362661 7.744294829 -4.129904770 
5.521773067 15.695926433 3.992012427 
5.958136941 15.938020985 3.563323569 
-14.295666654 7.700176030 -3.330230812 
-8.785877544 8.347067669 -1.836201740 
1.772544753 12.322988096 -5.039304563 
5.895758905 12.465648122 -1.810429336 
-11.375321402 7.121644816 1.878440431 
-12.327330988 5.818290175 0.128170974 
3.266367437 12.987023296 0.981773556 
2.797522798 13.186802314 0.581926552 
-9.363154542 9.680972941 -0.854947872 
-8.136479655 7.945408735 -4.130619519 
1.375415129 18.812898789 -8.632998604 
1.398155302 18.297565330 -8.675878441 
-14.481423945 10.718802234 5.167185093 
-15.140914569 11.794370519 4.828712149 
1.460674013 18.493308745 -8.612884070 
0.775141245 12.382291799 -4.253359901 
-10.812241272 14.129281104 2.713311617 
-9.550141921 16.576890815 3.507729202 
3.971093253 17.627767639 -1.245347187 
2.952776697 18.591570571 -3.117614321 
-13.223209579 11.089958601 -0.200146985 
-14.063306944 11.497025479 1.834745958 
2.957947846 18.278176294 -7.224685568 
2.734593148 17.881257772 -7.575799268 
-14.100199798 10.593854168 5.570894625 
-14.220998406 10.711348821 5.497249649 
-0.998244295 22.388625768 5.610119207 
-1.154345090 22.313443796 6.009077633 
-11.243589757 17.789497805 -7.817387995 
-11.402527879 17.812993135 -7.709483123 
-1.109904402 22.399967655 5.647776485 
-0.778132699 22.388718236 5.610056265 
-12.445909122 17.198375457 -6.116445195 
-12.426474054 17.282966299 -5.629240290 
-2.968382334 21.251639500 4.477934349 
-2.670001402 21.798981829 4.829010215 
-10.305832729 18.080765789 -4.495005962 
-10.863206430 18.119979034 -5.301431329 
-1.239230749 22.242900194 5.599422070 
-4.121718721 17.860176120 2.168391553 
-12.763866727 17.067163002 -5.435198904 
-12.971395680 17.129418537 -5.689117116 
2.846543557 20.407187164 -6.545717725 
2.482837926 19.982105512 -7.855306129 
-15.856367043 12.196863655 3.410752501 
-15.898931246 12.667491448 2.699366642 
1.361234283 21.360123431 -5.639385836 
-0.242370063 18.417895392 -0.540803287 
-15.648678597 12.533598352 3.727776764 
-15.507058735 13.320418169 3.133699358 
-1.033185470 19.653512241 0.917342407 
1.735552741 20.529463343 -2.531629546 
-11.498008339 15.133897009 -1.102709414 
-13.888767341 13.836661987 0.183804202 
1.282156340 21.593991343 -5.259835970 
2.585606141 20.515883074 -6.697168576 
-15.657887488 12.680983820 3.395153977 
-15.678579944 12.678507973 3.621350834 
3.913027216 11.974483057 1.671146282 
2.326338285 12.570205027 2.912105865 
-9.361824054 7.901332976 -1.421686879 
-9.311610796 7.799158496 -1.093195153 
1.746225707 12.488793381 1.531463673 
1.610980811 11.800924513 2.461121121 
-7.486079814 9.325128201 2.384935628 
-8.643782061 8.799857615 0.542176613 
2.404584489 12.454524530 2.295668618 
2.073815365 12.362765000 2.979255735 
-8.562737821 7.310560413 -2.497031816 
-8.542808283 7.317114008 -2.535408407 
2.608260423 12.235547372 1.810128760 
3.064336919 12.199093026 0.545700222 
-8.747743483 7.911413971 -2.472880091 
-8.822165195 7.796873554 -2.375674645 
1.359624010 18.193042019 1.398278544 
-2.727013577 18.981430764 -3.577468029 
-11.194050580 14.146348689 -0.163419948 
-10.396824306 16.109527062 2.803942454 
-0.361953746 14.106719640 -4.984717247 
-0.869137455 14.109486778 -5.283132263 
-8.591630174 11.172163871 5.215533975 
-8.394312342 11.225020152 5.422232675 
-1.065707976 13.403992644 -5.215622231 
-2.000134463 12.922130098 -5.761886330 
-7.555126473 11.077625882 5.597078858 
-8.283510866 10.885796580 5.065883311 
-1.695373387 14.027875446 -5.750743130 
-1.346412947 14.200852287 -5.501509621 
-8.893182700 11.328457595 4.772222960 
-7.515313122 11.745713257 5.874803784 
-5.029064373 18.307093900 4.763546270 
-5.051420836 18.238203071 4.910333499 
-6.226784125 17.772703895 -4.314661341 
-10.306650662 15.625883073 -1.503834854 
-4.046182000 18.647834397 3.079253302 
-4.269354503 18.482553854 3.432605852 
-7.570049335 17.216341678 -2.902567331 
-7.961676075 17.001110475 -2.888205050 
-3.879759608 18.486252898 2.710817704 
-4.345410489 18.278119563 3.186102514 
-8.079819166 16.623118062 -2.816570196 
-8.287258696 16.540081042 -2.732739171 
-4.299764692 18.343417327 3.491808739 
-4.517028620 18.267302091 3.565442732 
-7.702858609 16.880983977 -3.235482714 
-7.932176243 16.775877718 -3.184495214 
1.981624478 16.856966425 -1.989002990 
2.124184035 16.798766904 -1.106265375 
-10.762847929 11.716877566 2.796019606 
-11.246409875 11.131583413 1.831411176 
0.237096166 17.649602241 -1.941114246 
0.269632224 17.477180864 -2.860792177 
-10.567640802 13.307622109 1.510084538 
-10.624207566 13.270809671 1.371930589 
-0.494828321 17.600752771 -2.303737836 
-0.483680316 17.436095655 -3.100245913 
-10.470755156 13.374168336 0.991377647 
-10.523922790 13.358436289 0.875361507 
0.080716530 17.365406006 -2.717588285 
0.053494714 17.380371379 -2.662578566 
-10.737607973 12.890741092 1.121758756 
-10.561035764 13.105027993 1.224209474 
-5.064234382 19.675800892 1.141520358 
-5.100495700 19.673310837 1.136464994 
-8.427538563 18.276413125 -1.428533180 
-6.263412180 16.879294812 0.706620972 
-2.749636636 19.548787431 1.609653300 
-3.875491991 19.499939574 -2.392254027 
-9.882331399 16.627703972 -2.074678257 
-9.449180089 17.145359349 1.612226491 
-3.298225081 19.594764676 1.560438463 
-3.101646890 19.648904237 1.478987138 
-9.829878001 17.017099214 -0.326548675 
-9.881076298 17.008638702 -0.505337629 
-3.080682705 19.945116233 -2.199433349 
-3.192939328 19.915316157 -2.354248531 
-9.393463108 17.405109412 2.560126291 
-9.472501538 17.353291444 2.551683763 
-2.322492247 10.652760898 5.332104650 
-2.572349620 10.498968683 5.433697008 
-6.028654191 9.463064056 -3.888540063 
-6.013418020 9.350771035 -3.949024114 
-3.220707405 11.432666695 6.105520705 
-4.589410276 10.725129757 6.378387459 
-7.294394025 7.263798651 -2.860651876 
-9.635288573 6.770012996 -3.055173528 
1.628788472 13.575294491 -4.308444038 
2.484283142 13.287091316 -3.621181743 
-11.710274463 12.154011099 -0.764381607 
-11.736383025 12.178852334 -1.233779799 
-2.420660923 10.419503880 5.530361156 
1.724946867 12.296743291 3.642075870 
-6.812319097 9.491595089 -2.761690550 
-5.665176003 9.226971299 -3.839774666 
1.180044889 11.542283393 -1.240315468 
1.246005108 11.525508941 -1.188140972 
-7.173840886 7.782885570 0.755525734 
-7.133283703 7.797637997 0.930247211 
0.657827790 13.313727109 -2.267566326 
1.343201661 10.198817900 -2.776976203 
-6.394699819 7.650363096 -1.609970068 
-6.924831399 7.537410712 0.841052549 
2.024691779 16.432207067 1.803037534 
0.444731069 9.603517573 6.630743793 
-6.607317609 5.901394172 0.743888743 
-11.085098645 11.471040738 -1.868057688 
1.916857297 11.093690447 -2.420877321 
1.795204191 11.120428227 -2.448342056 
-7.300028934 5.913460610 0.299149593 
-7.196541744 7.727008010 0.745368522 
-7.523526800 13.656987373 -4.911484012 
-7.623195582 13.603698088 -4.863787169 
-2.787980377 15.592626729 4.764148141 
-2.964293831 15.547083542 4.835234225 
-0.379899715 15.460779376 -7.019030186 
-6.932205637 16.442471483 -6.962554940 
-1.950792931 12.897177839 6.529283797 
-0.908444613 16.340275604 4.871670275 
-4.411342353 18.589251688 -4.161853493 
-5.788902960 17.959176632 -5.340052712 
-7.605064495 17.206772188 4.154384718 
-7.013995386 17.495539915 4.743685689 
-1.569552178 8.665476873 -6.824276730 
-1.406372576 9.107490885 -7.056522801 
-4.595767393 17.435336352 2.491658718 
-4.533511065 17.454329304 2.634229646 
-2.482271893 25.711632824 0.428942195 
-1.987347896 25.764972484 0.042691060 
-14.548761318 20.704314814 -2.313202821 
-14.615841404 20.666045348 -2.148874868 
-2.265387352 25.728071660 0.267849055 
-2.250441415 25.734929264 0.480381956 
-14.602343267 20.726785256 -1.897665559 
-14.413135852 20.874863370 -1.503877011 
-2.063647517 25.776501213 0.383883278 
-1.894172021 25.751477009 0.926087352 
-14.728447740 20.620864080 -2.485909310 
-14.610180132 20.705522857 -2.048408824 
-2.150753897 25.759163553 -0.172300072 
-2.051571474 25.757196437 -0.023794240 
-14.743255383 20.596766352 -2.082025419 
-14.537324195 20.717299831 -2.258486293 
5.496492757 16.606598946 8.723220657 
5.178822215 16.550281461 9.057915854 
-14.474288529 7.992448950 -6.886035986 
-14.849513624 8.002859072 -6.459853622 
4.525267925 16.157939433 9.869433858 
4.559928484 16.362484088 9.754940677 
-14.152701017 8.462344359 -7.386751956 
-14.361231517 8.324909175 -7.071070515 
6.473347335 16.618330772 7.676856470 
6.948652066 16.851366419 6.768495838 
-15.406946699 7.745764453 -5.329479587 
-14.930619919 8.086298032 -6.321298361 
5.655955525 16.563220194 8.782355581 
5.687886388 16.820380343 8.439504726 
-13.975258775 8.386716491 -7.675295403 
-13.695978192 8.556273495 -8.090432431 
6.226060811 11.313856512 9.173728106 
6.103230378 11.155732991 9.380825722 
-10.783458653 4.896821651 -8.145763656 
-11.747439058 4.622071875 -7.247189756 
6.296843439 11.087639926 8.967200851 
0.581743572 6.896529848 9.440889024 
-7.320236656 8.419324422 -3.975203172 
-7.364578187 8.123466946 -3.811871920 
7.239085374 12.355063330 7.809877242 
7.584249160 12.765880099 7.158613958 
-11.193287287 4.898199037 -8.089027149 
-10.415547752 5.158898936 -8.736977836 
6.778651015 11.895409091 8.511541180 
6.549848192 11.905246109 8.781443234 
-11.271509222 4.825882510 -7.944849640 
-11.479799449 4.654024341 -7.598815358 
-6.440695404 15.446050629 -13.156187446 
-7.232124822 10.889069539 -11.544999325 
-5.781046693 15.346104580 12.852793140 
-1.590106879 11.669713678 10.902631631 
-6.454418116 15.352651248 -13.219691024 
-5.820315198 15.655866611 -13.308856465 
-5.619866756 15.424268982 12.836358345 
-4.166582666 16.157897469 12.678275912 
-6.627458897 15.036338049 -13.255473005 
-7.166773717 15.039699286 -13.184970798 
-6.003848037 15.449242190 12.904705730 
-5.353340274 15.947475618 12.813327077 
-7.672227051 14.659657290 -13.082553534 
-7.176248046 14.708165300 -13.156005018 
-5.923048856 15.695481461 12.844771595 
-6.182238360 15.323129023 12.871838769 
6.940698295 20.465773173 1.469315728 
7.075346688 20.519642190 -1.414202173 
-17.298683030 10.270671191 -2.052049066 
-17.335237168 10.491505929 -1.864833114 
6.773877510 20.475408420 1.534992229 
6.860560467 20.512320701 1.137129334 
-17.214870171 10.256664023 -2.264356191 
-17.246470705 10.329757416 -2.419253856 
7.114254308 19.970312357 1.541916051 
7.188604862 19.826891283 1.223733236 
-17.394129185 10.418168615 -1.338260603 
-17.332671702 10.520571512 -0.832816610 
7.122806985 20.430742828 0.416958513 
7.355105680 20.335523245 -0.964381519 
-13.399256669 6.481797768 1.973668448 
-13.364144058 8.425162484 1.449657292 
5.785461652 19.579013664 -6.189028397 
5.766706411 19.952955840 -5.672858463 
-17.492873678 10.516872838 2.306026555 
-17.355162789 10.386510764 2.657506224 
6.129592596 19.846474019 -5.063078542 
6.570933387 20.074171563 -3.817655750 
-17.376092250 10.522360419 2.065411231 
-17.212370041 10.453366854 2.931275954 
5.416042434 19.321619926 -6.735972223 
-1.686643072 18.116874964 -2.787544701 
-17.218841782 10.397878838 2.568974105 
-9.826376636 15.289915045 1.561234542 
6.410000285 20.146494734 -4.220968533 
6.274553188 20.141388829 -4.539575327 
-17.219654305 10.896044934 3.504668947 
-17.523544617 10.816637721 2.235861945 
1.354627707 21.332545853 9.174617980 
0.334775952 20.688658048 10.522119735 
-14.154702943 14.683700081 -8.818702444 
-14.160909566 14.923219287 -8.604084828 
1.170726844 21.089655763 9.581172515 
1.268079967 21.138315344 9.456322054 
-13.650096436 15.177198608 -8.938730459 
-13.603558517 15.312237776 -8.870001109 
0.352175268 21.428034498 9.336660242 
0.776008901 21.433442601 9.172395481 
-13.312358331 14.469223892 -9.924439945 
-13.067667717 15.101621078 -9.625054105 
1.489723439 21.649580807 8.603517508 
1.287429655 21.307498540 9.291084379 
-12.247960263 14.764137631 -10.727787237 
-13.014441528 14.883126811 -9.923234656 
0.111206110 19.850356948 -11.762234084 
-0.751613314 19.748913815 -11.976551361 
-16.034387087 13.967085575 6.583434634 
-16.039008075 14.052284062 6.454080420 
0.396353702 20.280666963 -10.982114416 
0.706560900 20.645656128 -10.376317074 
-15.752964283 14.219456130 6.731558204 
-15.139674328 14.470404840 7.561832711 
1.378449313 21.107830239 -9.479980316 
1.790823907 21.531689943 -8.561241867 
-14.963335611 14.288116293 7.984697186 
-14.572834847 14.499237959 8.358999968 
1.072632397 21.080989235 -9.703262120 
0.710028865 20.791878440 -10.228747496 
-15.451033467 14.098748566 7.505891478 
-15.276815421 14.236971527 7.658699602 
5.070218491 19.102162245 -9.622569656 
5.482461369 19.187169156 -8.520007759 
-17.320424520 10.728391673 5.798746753 
-16.866826941 11.278835880 6.905387310 
4.000632401 18.874886402 -10.364576618 
4.377294868 19.202517391 -10.028823087 
-17.854210002 10.229273188 4.922400952 
-16.641219515 11.599805008 7.393542900 
4.473446052 18.962127472 -9.753935529 
4.201033132 18.980584419 -9.894200935 
-16.339239466 11.409150430 7.236551160 
-16.396936278 11.043316457 7.180582551 
4.454575406 18.904566190 -10.220565947 
4.701196084 19.337746016 -9.154422400 
-16.641886390 10.832153759 6.900461423 
-15.617221909 11.378100761 8.401225911 
0.065986850 26.748567879 0.353022808 
-1.145889135 26.668508612 0.836233603 
-16.629186371 20.168483520 -0.502040952 
-16.439055175 20.358030391 -0.262076380 
-1.205327909 26.730946980 -0.005428738 
-1.027125132 26.709726290 -0.435930825 
-16.413601036 20.240965943 -0.946927887 
-15.938129465 20.533311658 -1.453178191 
-1.994683741 26.465399603 1.025450660 
-1.885908937 26.588374449 0.613543397 
-16.126667228 20.554044000 -0.499288960 
-16.106870358 20.602840205 -0.677540295 
-2.473898071 26.394882596 1.120659784 
-2.022721874 26.428787160 0.722934017 
-16.710473767 20.056990632 0.113840884 
-15.662017214 20.883017735 -0.024706711 
-3.798723079 13.205383075 14.736201668 
-3.476016100 13.045435270 14.457681031 
-4.591614351 13.071191262 -14.214524095 
-4.036679853 13.518217036 -14.221194749 
-3.134046606 13.120526460 14.569273069 
-3.345087815 13.278781515 14.581031505 
-4.294267281 13.239555210 -14.317297498 
-4.197804696 12.995251133 -14.143716852 
-4.175561363 12.823572816 14.566331252 
-4.409227222 12.821612770 14.712173188 
-4.519431457 13.244563669 -14.297922495 
-5.358509713 12.645733767 -14.236951974 
-5.805625627 11.974064746 14.149516664 
-1.705572509 13.013019835 12.483201354 
-6.104060594 12.743079841 -14.305309199 
-5.339866263 11.126697799 -12.094086175 
5.001551926 10.917071955 -11.917177462 
5.422429241 10.788233290 -11.271728348 
-12.401817080 3.288834457 6.406486471 
-11.922862875 3.317380976 6.866643748 
5.290304760 10.664311082 -11.329639105 
5.279089903 10.661340120 -11.427752728 
-12.885061341 3.560221655 7.010614363 
-12.087721609 3.314212309 6.983024034 
6.197143386 10.778876435 -10.397656888 
5.816407183 10.562879164 -10.633350623 
-6.274055296 2.053379636 6.712927032 
-5.715860766 2.577193384 7.798602564 
3.637602280 7.757198476 -11.854306473 
4.601816380 12.143785961 -10.992465755 
-14.693948391 5.534372843 5.801925858 
-7.998387571 2.148062547 8.439510735 
-1.667070635 23.293698325 6.433642299 
-1.525795093 22.496801160 6.939186386 
-14.529591603 17.675527281 -5.204808828 
-14.082862869 18.004721321 -5.953569799 
-1.055518594 22.704523021 6.505678550 
-0.345698506 22.466587199 6.258649522 
-14.470271805 17.021444089 -5.624080008 
-14.337528602 17.395609663 -5.757678822 
-2.633491529 26.224687841 0.420591089 
0.085275134 23.582060701 4.718344307 
-13.195943247 17.445357629 -7.191381437 
-12.668317581 17.956864927 -7.503822198 
-0.610103291 23.385790925 5.847605098 
-0.665621066 22.877208119 6.183682073 
-13.332775418 17.405389811 -7.063429155 
-13.266601419 17.529311641 -7.141768390 
2.787001361 12.198434980 0.270101740 
1.553793003 12.639561900 0.690948955 
-8.890610013 6.366724684 0.897411584 
-8.803891407 6.320718864 1.109841364 
7.798241055 12.342197043 3.730424267 
8.150972933 12.225280763 1.446444519 
-11.704249229 5.628763720 -6.243557187 
-11.594444830 4.892261725 -5.259498340 
7.288569304 11.679165974 5.970955432 
6.831191143 12.463264753 6.754789111 
-11.814312301 4.555341226 -4.661698440 
-11.340153199 4.638623973 -5.079595136 
8.038300859 12.272860940 2.813978196 
8.077080164 12.334615273 2.799804315 
-12.282828161 4.083328529 -2.735744439 
-12.179296782 3.976079992 -2.355203846 
7.449835100 10.796962219 6.952059156 
7.327854400 11.108718729 8.175191716 
-6.008080405 6.119680241 -4.639350195 
-6.122884657 7.120794610 -4.512230511 
6.943487765 17.415534121 2.783831168 
6.823448786 17.621084153 2.515250923 
-14.218834608 7.793965033 -5.492546862 
-9.492396501 3.709007450 -8.157894457 
6.391442081 10.435889755 9.071469977 
7.198399401 16.226579031 5.585436414 
-13.070376562 4.738254155 -7.364349276 
-11.295344848 3.506268772 -7.164585160 
2.385382167 10.186517824 5.362818818 
2.330681818 9.981196439 5.635482705 
-5.705317201 5.811076453 -4.392498441 
-6.680141703 6.481333213 -4.944883788 
-8.506466761 18.062128228 -11.770284731 
-8.212790943 19.301063970 -10.302173025 
-5.959383972 19.849244133 10.472753934 
-5.368695997 20.688065542 9.212787581 
-9.612681870 18.830833256 -9.861645670 
-8.111128173 19.286678530 -10.469448028 
-7.372414202 20.230274181 8.910563816 
-6.964737469 20.240359217 9.219402445 
-10.347971776 18.096165701 -10.363040130 
-9.698182213 18.877265505 -9.683603203 
-7.476856875 19.878646903 9.513252635 
-7.246059736 20.290299870 8.838709034 
-5.949701655 15.223818173 -7.851445181 
-8.464978294 9.784617638 -10.604113169 
-8.115289090 19.939267905 8.919468936 
-6.416099360 12.049709068 6.300754078 
-2.788458893 13.305994481 4.792237558 
-2.941111655 13.263167566 4.850527511 
-6.664286423 11.598507273 -4.704752263 
-6.619557214 11.864928584 -4.739463884 
-1.976967898 12.695807641 4.298257415 
-1.871616851 12.742273948 4.236965076 
-6.316204439 10.941546435 -4.298851369 
-6.504773509 10.835660037 -4.207291705 
-2.121652315 17.814160819 5.361051045 
-2.130992748 18.225220769 4.610541916 
-10.659192810 14.670173923 -3.927225063 
-9.007225729 16.022080299 -5.120997752 
-3.136372929 16.516741273 3.832296032 
-2.875790676 16.411138628 3.602697799 
-7.572984309 15.579961891 -4.194805284 
-4.929504966 16.270836250 -4.829961516 
1.124576564 11.412262390 -1.365001829 
0.928035596 11.348374323 -1.877616225 
-7.318486226 8.237405324 0.840110674 
-7.102674682 8.205432098 1.936347719 
2.593156941 11.161166062 -0.140856917 
2.615570185 10.815241703 0.199812048 
-8.108297746 7.090963892 1.118148368 
-7.614417659 7.238708068 0.721063129 
0.760805516 12.600355359 -1.016981805 
0.125477814 11.254430824 4.984199550 
-7.632622578 9.674943504 -1.444709065 
-7.212620848 5.990742821 0.263794075 
2.499490623 11.114925557 0.902403429 
2.669414575 10.683629808 -0.117394151 
-8.412386723 7.445894809 -0.809729843 
-8.505879087 7.191048188 0.221448863 
-0.474602082 16.240312360 0.076754047 
-0.497462662 16.234725937 0.347356973 
-9.342754975 12.261809373 -0.859134558 
-9.288345768 12.354522913 -0.779300169 
-1.164725078 16.421657886 -0.588069846 
-0.979240245 16.391773576 -0.091613005 
-8.901661283 12.760308418 -1.230533595 
-8.885843391 12.901993249 -0.903828866 
1.118066531 18.100370100 0.634277279 
1.076053225 14.129509240 -1.232535985 
-11.574984139 12.554125858 -1.447610255 
-9.251902646 10.388281338 0.903093402 
0.893121172 15.434080846 1.217616293 
1.155075830 15.079957789 1.454887716 
-9.330459846 11.132018849 -1.502613597 
-9.429344425 10.663944688 -1.247650651 
-5.173890837 16.879808833 -2.730796755 
-5.484367806 16.753571629 -2.858143969 
-6.099348327 16.508722139 2.135116441 
-6.394808841 16.370734599 2.203479740 
-4.762415119 16.911600694 -2.231767992 
-5.030180097 16.814173133 -2.388530729 
-6.577236077 16.179149081 1.673014140 
-6.456362428 16.204699976 1.746874739 
-5.009587585 17.161504928 -1.953849999 
-6.672953587 17.458884614 -1.396643218 
-6.638065797 16.421259439 1.457608613 
-6.686868417 16.461627456 1.144326280 
-6.250435614 16.528829339 -3.521401323 
-6.365115563 16.378060473 -3.750806296 
-5.047515370 16.965239641 2.875395762 
-5.283672902 16.838200234 3.153253315 
5.067231813 14.451217693 -7.793071080 
5.554776733 14.686412783 -6.813351946 
-13.722592327 5.687585039 3.677326332 
-8.569007636 7.554558616 0.713740712 
5.185012782 14.809484510 -7.434990933 
4.926609365 14.589049086 -7.822391375 
-13.823507080 5.973881837 3.969108419 
-13.223884127 6.566155893 5.273034701 
1.852211253 11.366015666 -3.807611213 
5.670195345 14.668720230 -7.090679823 
-13.663106626 6.063155833 4.349723228 
-13.313194014 6.315892404 5.216689008 
4.260483479 14.376082800 -8.602526533 
5.226945819 14.564328161 -7.612577923 
-13.674874607 6.200306038 4.484783558 
-13.442193221 6.416654497 5.057497187 
-4.023975365 24.458639545 -3.150795728 
-4.680934007 24.261422103 -2.601584406 
-13.082408644 20.780629492 3.288931160 
-12.367240425 21.094521304 3.486271069 
-4.640034566 24.195844911 -1.906304031 
-5.067778697 18.985096958 0.681088202 
-11.898374179 21.260715372 2.809643001 
-12.710366117 20.938099808 2.963382789 
-4.778978463 24.204730063 -3.138673587 
-4.578868700 24.299435882 -2.998880238 
-13.091817207 20.767633607 3.476288503 
-12.603377673 21.038948509 3.313981840 
-4.410671074 24.352687415 -2.287404008 
-4.231367569 24.477064229 -2.558942738 
-13.945166338 20.517573000 2.926228907 
-12.736230450 20.996622258 3.103919405 
-7.699856670 15.063667142 11.688163667 
-7.688410750 14.940751412 11.697699189 
-7.412661284 15.699960701 -11.777415193 
-6.460617200 15.891151168 -11.794632902 
-7.007718094 12.929790177 6.848502296 
-4.735416047 15.362127354 6.504880793 
-6.298226465 15.705978787 -11.719484588 
-5.537642544 15.656076979 -11.626653049 
-7.482632330 15.324467645 11.740290918 
-6.105720210 16.018238720 11.881201701 
-5.487181903 15.929036484 -11.755128569 
-4.171308378 16.388460468 -11.534934261 
-6.785023917 14.941849483 11.767623532 
-7.262366874 15.224558628 11.895212657 
-5.197514395 16.382092037 -11.680504605 
-5.479393641 16.339851282 -11.714001680 
2.635869675 11.146572561 -5.258894855 
3.418253528 11.665886876 -4.261271839 
-4.751560811 5.560681803 6.483681341 
-5.974014966 4.343025169 5.739466832 
3.834602227 10.958165561 2.193662997 
5.991211283 9.169429558 -8.117505557 
-4.107643119 4.865999413 7.065366419 
-9.695673663 4.276550424 7.352335944 
0.907880955 7.722983188 -6.095863044 
0.658052225 7.563686204 -6.304296895 
-8.553509711 3.357120453 2.080477657 
-8.544106096 3.347446302 2.169851506 
1.446373541 6.487157068 -6.664045259 
1.474354637 6.458522690 -6.684016072 
-7.226828463 3.455993182 4.490278950 
-7.230660830 3.427749386 4.511356821 
-0.797643267 10.081953064 -4.813553336 
-0.949150921 9.938702038 -4.997435264 
-5.404936994 8.056020561 3.906227051 
-5.636113377 7.885041765 3.751198224 
-0.923554500 11.224417426 -3.789876808 
-1.334032672 11.317199681 -4.652460617 
-8.736945761 6.523489778 2.839025987 
-7.259058169 8.486924867 4.243752914 
2.413848804 12.648571966 -3.839129651 
2.728096830 12.579895591 -3.791909425 
-8.826647109 9.921317376 2.840007477 
-9.945300570 9.044461163 1.691855123 
2.435509454 13.233679708 -4.790484234 
1.882803177 9.471162091 -4.165063200 
-7.758817227 6.844818720 3.523844778 
-7.729713492 6.322053936 3.584490135 
-5.726356825 17.619859982 0.153439763 
-5.624380436 17.649801263 0.270848794 
-6.514339700 17.285241508 0.404945071 
-6.550444422 17.271639894 0.395450551 
-4.692440917 17.217832684 -4.231619146 
-4.840295477 17.304583423 -4.123207720 
-7.848025260 16.160240672 4.171775119 
-7.645734352 16.176464122 4.241614536 
-6.175879013 17.283861123 -3.329512672 
-6.013841954 17.507913248 -3.152786632 
-5.089695720 18.186142286 1.381112271 
-5.734561574 17.392111932 4.277864745 
-4.408882070 18.631095810 -5.570427214 
-8.260937058 14.202851790 -3.984914484 
-5.310182674 17.162583875 4.694482969 
-3.357200642 16.495742333 5.027280704 
-7.787706301 14.367813503 4.379980474 
-8.418571459 15.339810186 5.619374609 
-2.763800181 16.282496105 -4.247934040 
-3.044844359 16.308812061 -4.224810599 
-7.814640190 14.224118525 5.435083927 
-8.163488724 14.097272254 5.261272469 
-2.771904328 16.238293150 -5.023657247 
-3.065881933 16.125439569 -5.203736364 
-4.770750602 10.910619085 5.474752512 
-6.402281262 9.491245985 4.684363153 
-3.581672539 11.650315028 -5.151894772 
-2.339910726 15.028415370 -5.337532581 
-9.153021505 13.455746418 3.417654232 
-9.454111973 13.518496244 3.052150105 
-0.275523720 15.830925901 -3.313515448 
-0.361766114 15.916594396 -3.544494307 
0.007973810 11.821804983 3.304276897 
1.595989220 12.289461703 -1.585778639 
-7.587962520 9.165244231 1.178650355 
-7.200363019 8.887060411 0.560476348 
1.727707109 11.727146411 0.391190041 
1.793184314 11.720772061 -0.089299309 
-7.604963852 8.315239799 -1.671100731 
-7.667784544 8.231401875 -1.486734501 
2.680416231 10.940646936 -0.693649722 
2.791461385 10.589345759 -1.076667138 
-8.397285625 7.137874400 0.135747710 
-8.274360891 7.048420140 -0.700403742 
4.378943761 13.062916290 -2.076587227 
1.235023309 14.447409659 0.168423992 
-9.529343638 5.622670326 0.478166238 
-8.493021937 4.594901520 0.917922668 
-5.453396491 19.404400660 -3.078661752 
-5.269524995 19.425284134 -3.237102017 
-7.928177121 18.386633722 2.486671928 
-8.453528058 18.136014552 2.410520354 
-4.162061476 18.157626186 -4.684681215 
-6.481988639 18.367582019 -5.381679183 
-10.628912513 15.026187362 1.690321123 
-8.694373908 16.322661366 3.405950132 
-3.890476424 18.567332131 -4.256467360 
-3.463121707 18.371182494 -4.761048091 
-8.089908764 16.901836786 3.739626406 
-8.646870908 16.355104790 4.008404188 
-5.124263051 19.428222169 -2.555103589 
-5.137146063 19.414443233 -2.631073699 
-7.488639610 18.497996146 2.282521844 
-7.591976586 18.431200327 2.331450116 
-2.905815925 16.612911595 4.902250256 
-2.397247139 16.809598582 4.508856932 
-8.344632255 14.200113808 -4.061724635 
-8.207002897 14.271630905 -4.180439591 
-2.716394201 17.773325374 5.718797545 
-1.027029998 16.677596070 5.986657643 
-9.158247022 15.184561710 -5.027586728 
-8.637546104 13.383187352 -5.935087570 
0.854206814 17.085240409 3.100084523 
0.010737251 17.536075728 3.553732589 
-8.760458321 13.331387741 -4.121762745 
-11.208743092 13.358458496 -1.096199079 
-1.767213698 19.374778801 3.204091786 
-2.440188565 19.441265988 3.090579595 
-10.183606098 16.138918994 -2.898563320 
-10.164952266 16.173552326 -3.001825076 
2.667186270 8.726741863 5.793677231 
-0.610749594 9.351956494 7.124741244 
-6.188368220 7.821012176 -6.588299341 
-4.035824188 6.159888289 -6.837934636 
0.405287179 8.168570851 7.199078884 
-2.014693913 10.047899617 6.763735468 
-6.558329550 5.956796485 -5.700440034 
-5.578014165 6.186865839 -6.240660912 
-1.138627480 6.224875811 7.160766758 
-2.613211540 5.996817384 7.156910103 
-4.029635601 8.726555287 -6.980818473 
-3.030982055 6.429940724 -6.676406696 
-4.158381589 8.082357152 6.704856296 
-3.224693512 8.906314944 6.894182746 
-4.074488461 7.908431240 -6.603250835 
-5.052890435 8.231673834 -6.347914145 
-4.652162982 9.125543951 -6.264645677 
-5.237839356 8.502637349 -6.241367352 
-0.849276632 9.748767786 6.680207973 
-0.405821338 9.559654589 6.429440128 
0.468383615 11.993338982 -7.333844659 
2.341687165 13.193395080 -3.451345612 
-1.970659889 12.608844671 6.219348932 
-3.334493892 11.346237552 7.157014562 
-1.834208692 9.115582399 -7.439350331 
-2.833685225 8.609238297 -7.202922486 
-4.915074480 8.368107516 6.696506182 
-4.932316045 8.483136183 6.636516898 
-4.241549206 10.129574407 -5.858075817 
-5.175305542 9.701507158 -5.639084185 
-2.966023380 11.520398383 5.681562585 
-4.249500679 10.048933528 5.563499503 
0.030521641 17.389594173 -6.304665027 
-0.118906680 18.719640022 -5.260283757 
-11.632665848 14.446477716 3.019029664 
-11.151888085 15.226868951 3.938675890 
-4.274715582 19.199924463 -0.699937726 
-4.441825372 19.222806302 -0.627845249 
-8.718204065 17.366555788 0.076936645 
-8.616395496 17.478859506 0.479967850 
-4.254322270 18.810143151 -0.842256347 
-4.398401548 18.792414237 -0.582196905 
-8.519365706 17.021036337 -0.171116485 
-8.448014958 17.061346844 -0.035527191 
-4.444098061 18.866968498 -0.691034231 
-4.407064827 18.865412919 -0.586314324 
-8.433223679 17.160404084 -0.168696865 
-8.330254977 17.216522904 -0.143394296 
-1.269730917 16.365471501 5.173178250 
-0.809896817 16.345071279 4.866257330 
-9.057509269 13.112313752 -4.384883600 
-8.402037766 13.249335225 -4.906749837 
-0.278393563 16.430209257 4.516095077 
-0.579585188 16.133587541 5.072963588 
-10.247570418 12.179882192 -3.063837687 
-9.348868677 12.649012383 -4.167348086 
-1.347753122 16.627181569 4.614362137 
-1.181956496 16.691292793 4.395140606 
-8.856259682 13.481789100 -4.194067624 
-7.866033897 13.938415527 -4.874202774 
-1.540357439 16.365071725 5.059878288 
-0.970483247 16.589537567 4.370744151 
-8.788368988 13.189973073 -4.425840042 
-8.660956096 13.363402774 -4.432749544 
1.126192736 10.425448096 5.672469809 
-0.919069802 8.828456425 6.407423812 
-5.915947283 7.101348576 -5.570512517 
-5.131188404 7.202579290 -5.356282612 
-1.827101519 9.734382559 7.322629953 
-2.206988011 9.778892805 7.644415045 
-7.246772370 6.549356984 -3.260683089 
-5.480058128 7.202960427 -5.048756653 
-1.399348898 9.308836629 6.194819863 
-0.802976301 9.564322849 5.893906704 
-5.027812491 7.720394554 -4.945677160 
-4.856336166 7.830053936 -5.019996336 
-0.884300290 9.256394910 5.774629038 
-0.831470902 9.382121182 5.663024053 
-5.051552526 7.565577373 -4.794369768 
-4.633201422 7.697763979 -4.948957321 
1.916171382 14.247099704 2.900422529 
1.553313202 13.807583362 4.224256359 
-8.728497191 10.702324918 3.471946524 
-5.619861178 6.111012087 6.573819518 
2.748017119 9.546711635 -5.976187503 
3.005969246 9.562771081 -5.462808661 
-8.379705377 6.652758227 4.128313134 
-8.668736803 5.792492538 3.294720840 
-5.482098338 10.321457316 -6.273915789 
-5.649100541 10.255564959 -6.238354830 
-2.724758951 8.737200576 6.571350247 
-3.376562081 11.220541041 6.387684481 
-4.333438075 5.901911570 -6.531803284 
-4.878245308 5.793087940 -6.243357176 
-3.517010385 9.338070859 6.787074182 
-3.563805607 9.122646989 6.886410416 
7.358757964 16.732271759 -3.808290862 
7.582378344 16.795610053 -0.630147110 
-15.308347256 7.528945505 -1.292509778 
-15.107988030 7.383427999 -1.993231729 
7.505061874 17.352747946 -0.690406117 
7.511738386 17.057183625 0.643099068 
-15.512191737 7.688775475 -1.070417641 
-15.718754785 8.104694036 1.210588758 
2.850676170 15.204691229 -3.016415189 
2.559697147 11.415537348 -4.834752875 
-13.513804040 9.874644245 6.449459662 
-15.595086938 9.818634691 1.704155467 
2.372315324 13.547341280 -0.044778035 
7.629157284 16.494891246 -0.655614517 
-15.624934269 8.050620661 0.391229992 
-15.477276320 7.940786209 0.433593672 
1.839982665 19.244442667 -7.887542914 
3.243330690 20.350312584 -6.606618524 
-16.205969760 12.236010339 3.443060691 
-16.179380428 12.498203456 3.850800280 
2.921906331 20.335868045 -6.909961378 
4.846156909 20.912135367 -3.374161124 
-16.367978368 12.337522821 2.400114488 
-10.885176122 16.184571838 1.986921088 
1.209620467 16.853334603 -3.288600366 
2.399686663 18.648199499 -3.838283550 
-10.570190413 10.448557622 1.838790618 
-13.809121365 11.410334610 2.542413629 
4.018864266 20.652184036 -5.066992967 
3.906311627 21.103997943 -4.713266485 
-16.346623046 12.486972653 2.197422502 
-16.189602238 12.816458922 3.673896685 
-2.381281869 21.633214940 8.566106388 
-2.499619340 21.594129288 8.665776115 
-11.212284505 17.646165255 -8.826116422 
-12.021575462 17.402267040 -8.286795497 
-1.997436801 21.607776452 8.568675199 
-2.166399843 21.400241156 9.053345314 
-11.874017724 17.361537646 -8.226285886 
-9.754717241 15.654754962 -1.954586375 
-3.979633065 20.487383868 5.767965330 
-4.149330891 20.566657326 7.178962784 
-10.503940212 17.762098197 -4.828329951 
-10.270210343 18.324122482 -5.663094599 
-2.979108673 21.223501350 9.344563825 
-3.386434751 20.912982789 9.720449833 
-11.938883211 16.983182630 -9.102865297 
-11.632733166 17.332172757 -9.005240755 
2.077896071 19.769285766 -9.283487577 
2.037155778 19.592635347 -9.451090198 
-16.434927713 11.508014173 3.698539909 
-15.884446567 12.604827025 3.409391335 
1.269925087 19.706913073 -9.469135527 
1.943987673 20.000433924 -8.520390689 
-15.819072081 11.703433678 5.290139112 
-15.421057959 12.457996347 5.644962241 
-0.581057432 19.469087711 -3.333684421 
0.735043127 20.413645759 -4.623370457 
-11.549197601 15.268321513 -1.097818846 
-13.520330012 14.262478218 3.013932146 
2.288362181 20.143046427 -8.366066267 
2.550954108 19.864532110 -8.823889873 
-15.570206323 11.358559148 6.594644289 
-15.556518570 12.381974397 5.673676104 
6.729418475 19.856969638 0.655433825 
4.926274340 14.198250056 -0.922876013 
-16.707762666 10.303021472 -2.725863662 
-11.886639061 6.065307962 1.287450922 
6.325528451 21.030769156 -1.601723389 
6.647359039 20.566993411 -1.662454226 
-17.153947207 10.615380293 -1.761790728 
-17.081091844 10.616708245 -2.180926652 
3.199698793 24.684467538 -2.211029197 
4.803889300 23.758946720 -1.070949722 
-17.103494024 10.578113447 -0.545721628 
-16.867635305 10.225288009 -2.276487896 
6.449866374 20.480200236 0.094043780 
1.324567489 24.853416635 -2.103268910 
-16.804713948 10.587235800 1.324344735 
-17.981772212 15.546259301 1.840841509 
6.354630979 20.521348427 0.590459764 
1.505746557 19.688372679 -2.574171888 
-11.032022839 14.476582818 -1.261122803 
-15.361007215 12.562904506 0.009298568 
5.961572701 20.367502449 -3.609452565 
6.160466196 20.205004388 -3.510958674 
-17.256145919 11.796068955 -2.124606623 
-16.703718714 12.621565238 -3.824943812 
6.763500820 20.439350252 -0.564040779 
6.270555967 20.400454082 -2.830816828 
-17.206104708 11.366370839 -0.943129751 
-17.166592051 11.303601413 -0.410518068 
6.208539748 20.932528935 1.216642929 
-1.212757119 18.896696470 4.751713392 
-16.903441314 11.922532884 -2.353328111 
-10.485491953 15.169954671 -2.566825731 
1.306892927 21.004733516 8.928179445 
1.770881868 20.371704811 9.676257017 
-13.211815539 13.838815978 -9.955151741 
-13.544681559 14.091532230 -9.349382675 
1.298968569 20.372547091 10.075927359 
0.086108221 19.844563391 11.142904058 
-13.740140324 13.425750045 -9.793497636 
-11.473341738 9.624578441 -11.979225325 
2.381619780 9.564762032 5.887190148 
4.230281139 14.589327736 6.948545179 
-7.376666765 7.018086618 -7.041844403 
-6.957039391 7.794142353 -6.424459592 
3.590274581 11.865674407 4.275671399 
4.371629540 11.869757865 3.004217061 
-7.903422721 8.239883642 -5.677502937 
-8.599744974 5.230584524 -3.527327281 
-1.377469578 19.304273893 -11.795993465 
-2.259432026 18.365891230 -12.760583931 
-14.245962978 14.104536381 8.005691074 
-12.542208823 14.429339163 9.846962339 
-2.710761279 14.425935381 -14.775014431 
-3.101736649 14.316670903 -14.899488374 
-13.519568505 13.930892402 9.460338740 
-14.754598710 13.761656892 7.925009844 
-1.389237990 18.783372027 -12.507636226 
-1.252453024 19.032378129 -12.141411838 
-13.227896011 14.355122139 9.420124740 
-12.208157235 13.711685741 11.206386032 
-0.255155983 19.484590644 -11.351004280 
0.616047438 19.610330447 -10.958821131 
-12.282006896 14.411505019 10.139210232 
-12.795405746 14.293324529 9.752012410 
3.211436979 21.475040037 -9.267249527 
4.238563713 22.154301015 -7.687436989 
-17.296841699 11.198121311 -1.454258497 
-17.225740344 11.669576777 1.376620320 
1.288331643 18.374370482 -0.288848974 
1.967431417 19.827855785 1.614612816 
-11.326405974 14.163089305 0.762447864 
-10.573159722 16.102937168 -1.644675989 
6.043170410 20.886706750 -3.530489049 
-1.202053864 18.854988056 -4.913072649 
-16.687702889 10.938869679 -3.558206949 
-10.670028899 15.040375983 2.375157997 
6.617168711 20.644996295 -2.761070344 
6.519060618 20.780951913 -2.693131838 
-17.099030627 11.109670402 -2.436470802 
-17.217707970 10.993056713 -1.306921112 
6.216209672 20.521532219 -2.682542587 
6.680838037 20.246379843 -1.507724926 
-17.109642521 11.027528529 -1.379412868 
-17.163052390 11.635756465 -1.242719628 
6.042419442 19.913536510 -3.628112278 
4.788490232 14.226322376 0.224961148 
-16.655404472 12.132639176 -2.906261108 
-16.734035847 11.811552505 -2.025371656 
6.060119464 20.631627847 -1.457971590 
6.320530944 20.309031857 -1.458035219 
-16.556674924 11.015548737 -2.431956796 
-16.961982434 12.200877751 -2.283526182 
6.381265159 20.324202298 -1.664628938 
6.434928812 20.266398949 -1.410771530 
-17.141635198 11.002207371 -0.693859480 
-17.096856446 10.518535028 0.341029217 
-0.892415188 18.787475329 12.507306066 
0.477573744 19.984025708 10.708789686 
-12.334632979 14.103068395 -10.645495464 
-12.154081429 14.369742893 -10.582802372 
-0.302448798 20.201052400 10.414747164 
0.196142996 20.085666179 10.383126824 
-11.773195759 14.512818847 -10.485640457 
-12.623486336 14.805023649 -9.148651637 
-2.905078104 14.546283815 14.537208094 
-2.128402926 14.759678305 14.184246918 
-13.301403922 13.960377858 -9.543227434 
-12.762189000 14.510558793 -9.623856808 
-0.593434739 19.440213502 11.669497130 
0.043817372 19.896831205 10.911549922 
-12.490619818 14.429942264 -10.163865320 
-12.449998726 14.578683216 -10.064844442 
-1.165190003 17.472886509 -13.731085618 
0.186090923 14.815682576 -14.525273695 
-14.761496235 13.203334120 8.694611993 
-14.769346623 13.291509892 8.609492485 
-0.500030378 20.269546264 -10.574075683 
0.487224727 20.086598129 -10.545546526 
-14.787002067 12.509842058 9.008010945 
-14.073687813 14.194101456 8.601057381 
3.684114041 12.026977492 -3.807779590 
4.263570798 11.891658966 -3.186418222 
-8.035796163 8.188160623 5.610160775 
-8.069464621 5.575438113 4.308348395 
1.931062174 9.432195216 -6.340022802 
1.469956886 13.642316222 -13.703638177 
-12.626093714 6.696938366 5.302879184 
-7.986577585 7.032250558 7.757281975 
4.610682330 20.270800844 4.267971580 
4.834979108 20.582004181 3.363234575 
-15.654236187 12.382152071 -4.801725084 
-9.027611776 16.709121761 -4.280035931 
4.181558243 20.746287272 4.649742990 
4.789427297 21.159411112 3.095558048 
-15.674689274 12.791795406 -5.277370626 
-15.276393458 12.985879776 -5.796055119 
5.366613834 20.264228077 2.045167255 
4.259668528 21.723423425 3.557441872 
-15.785292191 12.331188587 -4.632550691 
-16.082120869 12.654166379 -3.771287281 
1.596356204 17.113084026 2.276745485 
2.380485664 18.709425548 3.608805562 
-10.589768705 10.375755122 -1.683786999 
-13.907304888 11.311831485 -2.141694407 
7.385907647 17.467009458 -1.237691865 
7.595095951 17.173485497 -0.751136884 
-15.299119682 8.202975256 -2.520512849 
-14.897929814 8.817113743 -3.958481940 
7.118629908 16.453964791 -3.286827048 
7.234281810 16.739295258 -2.961609800 
-15.482286287 7.875945323 -1.741044604 
-15.422977516 7.866508406 -1.120526919 
1.439001900 14.173740285 -1.282814454 
3.014975891 12.974427978 -0.188730156 
-15.468998625 8.030821025 -1.700603315 
-15.426457364 8.184769790 -2.263225239 
3.017087644 13.493779550 0.140854305 
3.254078821 13.807564712 -0.235085968 
-13.004745387 10.196055140 -6.847108771 
-15.734682556 9.704642365 -1.231839083 
2.784018217 20.809075422 6.559195250 
2.827127627 20.287292319 7.622136580 
-14.526455238 12.317750505 -7.647565493 
-14.261096161 12.911858471 -7.418517268 
3.472547520 20.745587360 6.002007590 
3.261658974 20.444115826 7.260476779 
-15.385614226 11.646932322 -6.514143881 
-14.697076374 12.576888575 -7.019100532 
3.786905222 20.894448200 4.541435784 
3.491753721 20.641735636 5.960700683 
-14.279617138 12.806983044 -7.930565180 
-13.950179003 13.130239450 -7.925589604 
-1.186584065 19.802837943 -0.540626087 
1.124079016 20.610656449 3.335947854 
-14.492261681 12.639806455 -7.223737055 
-13.123836102 14.612619503 -3.680427271 
-3.109112019 20.833010270 -9.982969369 
-3.245012003 20.938088886 -9.615241302 
-13.153041592 16.906272613 7.367550675 
-12.604436446 17.258340143 7.527031941 
-3.550547368 20.825499561 -9.963879298 
-3.981058283 20.449161399 -10.665881977 
-12.863730510 16.805097179 8.293083558 
-13.332989320 16.983034182 7.360554812 
-3.697643924 20.695139146 -10.300302293 
-2.923996422 20.926170868 -10.052937544 
-12.084762840 17.103372844 8.799238005 
-12.585427373 17.248700667 7.608442546 
-4.174240708 20.357820877 -6.076998596 
-4.692049341 20.471641702 -7.325957506 
-9.167095115 18.395391373 5.240796664 
-9.287798594 18.759641697 5.906513993 
-0.278450128 16.392879633 -4.566538953 
-0.487681217 16.168132552 -5.021220709 
-9.584901577 12.637881250 3.883759311 
-9.486785618 12.560054704 4.014597534 
-0.786409352 16.480740261 -4.775822776 
-0.508121749 16.416891382 -4.600469096 
-8.108766363 13.658101268 5.033824202 
-8.319482890 13.271322670 4.965022886 
-1.482007106 16.318830751 -5.148503325 
-0.915793249 16.524100669 -4.494558638 
-8.924036573 13.322935001 4.158060657 
-9.229389007 13.013557520 4.048761348 
-1.971082992 16.418069379 -5.170389456 
-1.861251647 16.345495638 -5.294708656 
-6.985566580 14.396597719 5.024836196 
-9.309975117 13.303686973 3.713475204 
-4.309071437 19.166190402 1.334853362 
-4.312582055 19.229470775 0.890948618 
-8.676239714 17.381509733 0.140401961 
-8.589021937 17.483552328 -0.297399170 
0.113018403 17.402212034 6.243366770 
-0.329748348 18.678805364 5.578599622 
-12.001141589 14.126624680 -2.654560182 
-10.350466022 15.740962888 -4.384210214 
-4.481021382 18.846174163 0.502104134 
-4.497334897 18.835473016 0.479769938 
-8.469702457 17.159492183 0.029965147 
-8.403940300 17.180523091 0.036147674 
-4.417693830 18.786025771 0.642272895 
-4.224071061 18.835883833 0.227910592 
-8.406609923 17.109740381 -0.033019444 
-8.380235131 17.113972093 -0.311674365 
2.708047742 9.535970537 6.010250962 
3.080442605 9.588189718 5.372731861 
-8.441333175 6.560883676 -4.084018249 
-8.636700916 5.788089991 -3.353367006 
2.836793915 13.837195888 3.522948789 
2.921189078 14.295296007 0.136958756 
-8.853405693 10.661885431 -3.325334926 
-8.249198767 8.790165676 -8.000067849 
-3.618347177 6.223310525 6.698957702 
-2.866624972 6.590429206 6.708274189 
-4.001808979 9.136041645 -6.771944910 
-3.682130149 9.087665764 -6.867732503 
-5.606334368 10.262039970 6.239886233 
-5.761278758 10.239336321 6.204392006 
-2.120388566 8.938483811 -6.453439459 
-3.626916793 7.305883795 -6.582259481 
-2.032286286 9.731956292 -7.395281267 
-2.086064052 9.809592805 -7.551130353 
-7.248091346 6.594759768 3.233486433 
-5.590114347 7.137765994 4.986513702 
1.157152872 10.496326888 -5.605071422 
0.729577194 9.722665166 -5.401514942 
-5.519122620 7.205906850 5.770414940 
-4.828460973 7.253462235 5.444718644 
-0.666564679 9.435313643 -5.604898062 
-0.699264241 9.417483301 -5.637274575 
-4.678110931 7.660265759 4.947122811 
-4.829862038 7.587621443 4.884700311 
-1.084747750 9.410409552 -6.079585557 
-1.058607174 9.448029253 -6.031881282 
-5.056969876 7.891685987 5.005704104 
-5.013348786 7.695324984 4.943942408 
-2.177629477 18.067904510 -5.119142684 
-0.684724547 16.637343501 -5.803333785 
-8.499786445 15.830697712 4.752283589 
-8.940993464 13.255329663 5.707755302 
-2.614740386 16.717287630 -4.634687437 
-2.741014672 16.647457075 -4.754829374 
-8.248108070 14.383328748 4.073492686 
-8.557094256 14.045455770 3.970217827 
-2.339724184 19.275184855 -3.680374207 
-2.796550515 18.931241194 -4.663498070 
-8.951272000 13.863750822 6.382867731 
-10.272666849 16.129568899 2.676959023 
1.436010084 16.925974283 -2.062081520 
-0.066271962 17.524168000 -3.668477568 
-8.108333557 13.644125108 4.566870337 
-10.350431823 14.552788982 0.311828034 
-4.048453009 17.829353444 5.547280442 
-6.665668082 18.318649423 5.343973958 
-10.657741074 14.993919911 -1.764212519 
-9.142015698 16.093313772 -3.087638001 
-5.496805312 19.354441848 3.299410166 
-5.352670553 19.383764284 3.326305440 
-8.310169851 18.222653203 -2.355575791 
-8.657839295 18.035863753 -2.327307800 
-5.263744510 19.360058408 2.766930019 
-5.484916892 19.284023838 2.834792713 
-7.938547348 18.295706602 -2.209574732 
-7.835474534 18.336483924 -2.229625771 
-4.170942076 18.419129800 4.578989557 
-3.406394743 18.489509823 4.444272005 
-8.670197569 16.637120227 -3.493577328 
-8.620647386 16.363792185 -4.040132779 
0.196632852 11.989487373 7.516032029 
-4.466557937 11.410801233 7.732810478 
-2.056864690 12.557067114 -6.286667499 
-3.321963183 11.346827088 -7.148661747 
-3.222979246 9.617924714 7.308530694 
-5.092051707 8.569473483 6.276114943 
-0.612849532 9.830952988 -6.569448954 
-0.294158257 9.598355083 -6.370164408 
-4.981282949 10.741626250 5.895455426 
-5.259925659 9.725237011 5.588511742 
-4.485858018 10.234828488 -5.653456902 
-4.449441247 9.939083256 -5.539046042 
-2.302994616 8.839935219 7.514062462 
-3.124702503 8.504012787 7.209591482 
-5.034127792 8.420125797 -6.653191656 
-4.851467226 8.541114847 -6.644205625 
0.451795811 8.142303212 -7.158900260 
-2.492726594 9.769443902 -6.888499983 
-6.011775973 6.178744415 6.035383630 
-5.360627435 6.294719358 6.326610707 
2.847613172 8.699624551 -5.658903708 
-0.267970563 9.550710236 -6.929238240 
-6.156426456 7.817270739 6.625493340 
-4.601024092 8.512840027 7.044333191 
-4.116096663 8.091544685 -6.709272625 
-3.401364442 8.845061024 -6.896640238 
-4.180931450 7.881269174 6.599509206 
-5.138937649 8.206794347 6.301587475 
-1.436987062 6.069665928 -7.234801989 
-2.554493423 5.955993213 -7.155149121 
-3.881003101 8.763344755 6.981623897 
-3.229824070 6.382863492 6.657524890 
1.129458402 24.710022691 4.236197349 
0.666363361 25.241962953 3.669662521 
-15.763058647 15.763106885 -6.388769411 
-15.696552343 15.474938831 -6.569702291 
-2.344113583 21.832547847 7.947422245 
0.198684952 24.304342540 5.458123514 
-16.487080341 16.638876314 -4.896907557 
-16.658451172 17.218969753 -4.468241586 
1.536313646 24.991236754 3.943897803 
2.343215616 25.260480462 2.442998668 
-17.190365572 17.141197955 -4.114894877 
-17.063753304 17.307097006 -3.900520871 
1.594162243 25.333973057 3.293163682 
2.107991761 25.552916777 2.353732782 
-16.588536680 17.322435577 -4.725390869 
-16.278680973 16.813171498 -5.540371050 
3.223965170 11.827989769 -0.212107117 
8.728839944 15.438541178 3.762261612 
-16.152305431 6.402033775 -3.593440594 
-16.280935813 6.480369315 -3.120268599 
3.374145209 11.210315252 -0.945711142 
7.731681929 14.809809677 5.650635711 
-15.595238335 8.047973022 -3.613907288 
-15.244212575 6.602237142 -4.305869076 
9.235958475 16.087590682 1.821121748 
9.182956335 16.846497465 2.779473313 
-15.572142966 8.244650925 -7.174930352 
-16.266164582 7.427306372 -5.359480981 
9.222804678 15.970734506 1.479825901 
9.164966626 16.692549880 2.238458818 
-15.686606463 6.823299241 -5.107431465 
-15.496495017 6.205728084 -4.432231255 
7.849188186 17.196158244 4.861321360 
7.381373509 16.521834088 7.655405684 
-13.937829893 8.262616531 -8.903673518 
-14.394703778 8.600328075 -8.141102906 
7.413605278 17.597891921 2.798382726 
7.206380388 17.364222013 3.925585163 
-14.067187936 7.930548331 -8.925116024 
-14.223571989 8.138575839 -8.494466666 
7.192395014 16.758743992 7.912367561 
7.199172033 16.794511105 8.093250107 
-14.343972873 7.857312836 -8.220604110 
-13.428943817 7.940831683 -9.768629723 
7.366596760 16.254682496 8.050287851 
6.626444054 15.762158645 9.973906864 
-13.969266648 7.570718235 -8.635661044 
-14.703118540 7.629809246 -7.628170876 
-6.374231451 18.913624158 -12.528793198 
-6.455846432 19.027909589 -12.478506265 
-9.406663283 18.007603749 11.619021600 
-8.754398719 18.096535235 11.967604251 
-6.167320998 18.714164463 -12.948595166 
-5.719106356 19.389285992 -12.175406322 
-8.759900017 18.703477601 10.743274866 
-8.236250507 18.496140860 11.424270977 
-6.207709298 18.420933663 -13.325487981 
-6.092217820 18.901752468 -12.877758330 
-9.734808322 17.804031795 11.935688859 
-10.378926553 17.978129718 11.132995604 
-6.758612287 18.690428400 -12.747487943 
-6.572354495 19.170748635 -12.139782130 
-10.427853551 17.541087367 11.769499467 
-9.745534023 17.604586833 12.020578778 
-2.753682212 18.625848718 -4.529445487 
-4.348418788 18.692031451 -4.303202023 
-8.594377141 16.268314338 4.450169013 
-6.406333606 17.734609540 4.122852373 
-3.667096272 17.998719870 -3.857864111 
-3.963430294 17.913866764 -4.100216390 
-6.925635633 18.426307882 -1.070940645 
-8.573217453 15.827142042 3.480626019 
-8.333401341 14.322926949 4.010713066 
-6.758559108 17.242934965 3.142474671 
-5.282915680 17.962561375 -3.374074900 
-5.679431492 17.912108433 -3.126287387 
-6.860564052 17.697716641 0.624831680 
-8.054285143 14.819656454 3.829435802 
-4.577284303 18.361940536 -1.722159915 
-4.551568770 18.332960566 -2.265386656 
-1.602288438 11.500140640 4.881322138 
-2.888742535 18.098707353 4.930379583 
-6.473055227 9.176786507 -4.995353672 
-5.689706469 9.837774935 -5.398365400 
-0.743223252 10.571763731 4.731998257 
-0.195921429 10.785326612 4.288294623 
-6.619424190 8.499621303 -3.944818640 
-6.570929153 8.526397836 -3.934607935 
1.043185589 11.101566769 4.471134133 
1.143041778 10.705490879 4.428105971 
-7.459708233 7.509326374 -3.829572668 
-7.351751815 7.407824162 -3.805085242 
2.878972462 13.921913618 5.507970040 
0.902628946 14.146784397 2.047760569 
-10.344634545 7.693814941 -3.643791009 
-11.648466674 11.603322793 -4.872379575 
-5.221701175 10.460195982 5.630123769 
-1.922311254 6.009617541 7.311119827 
-3.073404823 11.337078118 -5.388428787 
-5.397540624 4.948033339 -5.919729869 
0.509011347 10.341185675 5.490998384 
-0.039136559 9.914222845 5.908637194 
-2.699674807 8.776094814 -7.585744948 
-5.043149115 7.907114852 -6.531071912 
2.897671373 11.591752952 0.878868713 
2.752797852 8.130288479 5.702021455 
-7.133952929 4.769686874 -5.350767427 
-5.493162100 5.211600243 -5.891630610 
2.256174418 12.447752459 -0.781608353 
1.831702154 7.078524731 6.234537029 
-7.902777125 3.453370744 -2.694053580 
-9.404667233 7.502409884 -1.893173129 
-0.750275142 9.611114799 -7.531687679 
-1.292415602 8.663755947 -6.998239923 
-5.437418670 8.195061167 6.507774242 
-4.403238568 7.891112473 6.536735328 
-1.540243116 8.454715256 -6.825144618 
-1.791068591 8.655197926 -6.861108673 
-6.322373787 7.834953882 6.550994789 
-4.670378361 8.517185981 7.038264031 
-4.636190991 15.707172148 -6.353191728 
-7.430686961 15.680830535 -4.483077291 
-1.475691744 16.084749932 4.614924784 
-4.013982170 16.385987099 4.813965406 
-7.235107225 10.382575672 -8.443482618 
-5.397203946 11.489715634 -8.611708052 
-1.028979111 13.035832257 8.108250534 
-3.139270049 12.440633842 7.728615835 
-0.412880629 10.758337788 -4.417834505 
-0.489787331 10.709189283 -4.498146834 
-6.772114274 8.441861431 3.827861858 
-6.829195004 8.397763462 3.781549268 
0.189729419 18.424033966 -1.381922718 
1.562965558 17.776488297 -1.764748700 
-6.590052696 8.830566204 5.270997191 
-6.070156559 9.691922827 5.274481386 
3.063296892 14.115790606 -5.036703724 
0.795590646 14.153045783 -2.294279507 
-10.179481620 7.469242960 3.791231027 
-12.080090534 11.334808117 4.290266364 
1.039397858 11.371529837 -4.409534127 
0.948014560 10.606934045 -4.671384470 
-7.595620154 7.466451663 3.663837737 
-7.545071969 7.325295135 3.592770864 
-3.763481403 17.793874484 4.044201570 
-3.736843440 17.932779704 4.039947826 
-6.987091833 18.362685236 0.819153979 
-8.113806054 12.599466635 -3.307333686 
-3.272835310 18.450625376 4.926772941 
-4.219746876 18.721050766 4.279394865 
-9.042774675 16.033902686 -4.255718341 
-7.894840994 17.220628613 -3.975721017 
-6.677559928 17.789105184 -0.568834261 
-7.841059968 14.931373516 -3.846402306 
-4.397291934 18.413159757 1.642614398 
-4.383504118 18.359087145 2.311822825 
-7.472394749 16.842984322 -3.217906797 
-6.943740157 17.120196414 -3.225889332 
-5.039719774 18.073079950 3.237203890 
-4.354233483 18.037135417 3.528393700 
-6.412146386 11.478299836 6.711646630 
-1.821246827 8.569798384 6.870238564 
-4.569899223 7.546565204 -6.585208614 
-3.814320109 8.049434215 -6.661880725 
-0.083541866 9.607444762 7.136447781 
-1.571967632 8.581628011 7.060177968 
-6.023373537 7.927057169 -6.333607926 
-3.837435587 8.093408732 -6.608928729 
-6.725254754 10.428166404 8.643785026 
-5.870744013 11.522473742 8.479941425 
-0.761273422 13.476585594 -7.926183593 
-1.899948267 12.258062475 -8.407009979 
-7.099073628 16.105860648 4.480286663 
-7.471945925 15.668659537 4.467172640 
-6.292851985 15.310084740 -5.895519322 
-4.145511516 16.307758820 -4.883823752 
0.365385463 10.304526686 -5.588621933 
-0.400473069 9.774897217 -6.067561369 
-2.762987902 8.753079995 7.592751389 
-4.913562949 7.945569262 6.579527415 
-5.181508385 10.396259633 -5.670500079 
-2.176107125 5.900705197 -7.307277143 
-3.227010191 11.273137029 5.413001538 
-5.561573936 4.891321046 5.819317257 
3.086169676 11.321439647 -0.135809892 
1.640423270 7.002500548 -6.387908714 
-7.955902464 3.415488030 2.566683171 
-9.533476723 7.457488024 1.587928911 
2.965626570 11.553470005 -1.093622488 
2.757826404 8.187409524 -5.620976939 
-7.415357089 4.620556628 5.001260521 
-5.558793766 5.236363317 5.855777345 
7.279516929 9.978103160 -5.495091901 
7.519509035 14.794958793 -6.137507425 
-14.152775612 4.710789080 2.210185753 
-15.225373545 6.544060051 4.354749006 
8.036071462 15.379408965 -6.620990846 
8.235211598 15.631230890 -5.815477314 
-16.351176538 5.869307657 0.436678760 
-15.310975963 5.295902827 -1.171000330 
8.641164490 16.008414716 -5.148134759 
8.655840652 16.214416214 -5.143922349 
-15.978908971 5.960146001 2.390026072 
-15.983976154 6.162138611 2.743369658 
8.239481050 16.233525123 -6.073911818 
8.696786233 16.822662186 -4.896286967 
-16.284428476 6.365629074 2.827929963 
-16.125427330 6.831261235 4.393029894 
0.438551158 23.483532950 -6.505407866 
-0.045424028 23.312108717 -6.425845337 
-18.034640587 17.613916731 2.199259464 
-17.354416196 18.089443173 2.908458183 
1.515832407 23.828882557 -5.027549144 
1.524011889 24.388204263 -4.267544082 
-17.277659524 17.292994043 3.550654355 
-17.510816722 17.420770095 3.210577030 
0.710695004 24.337538985 -5.839167784 
0.180745530 24.217168016 -6.194712873 
-17.783254172 17.311114426 2.189547278 
-17.313974219 17.526389714 2.931028880 
0.496028347 24.135210351 -6.129113273 
1.393085769 24.635717549 -4.942651446 
-17.232170851 17.496699533 3.450144449 
-16.983169642 17.423070146 3.682185563 
-6.821186110 19.255612856 11.425776559 
-6.866434696 18.805471235 12.301511285 
-8.417227594 17.115083168 -13.155946994 
-8.760075668 18.020410105 -12.175555714 
-6.312816791 18.734607106 12.725003026 
-6.561100661 19.061384452 12.275547935 
-10.051277842 16.963718855 -12.453120622 
-10.025868611 17.430906131 -12.123473356 
-6.028552433 19.513287188 12.098101326 
-5.915224201 19.421113425 12.329622267 
-10.063521885 17.573630268 -12.014646467 
-8.825528772 17.805369505 -12.411271144 
-5.771558650 19.459035971 12.279500961 
-5.096678176 19.721142442 12.403852609 
-8.290295239 17.860462758 -12.587326576 
-8.515344425 17.992778040 -12.219441240 
6.137358693 15.710735472 -10.340394539 
6.391867120 16.062898038 -8.921730573 
-15.148871363 7.228344507 6.869680382 
-15.419465263 7.312278810 6.426224048 
6.138247547 15.439655689 -10.565568205 
6.619942358 15.878148720 -9.521615633 
-15.124773544 7.817372255 7.292837972 
-15.619463906 7.755337863 6.367840940 
6.316257176 15.714738821 -9.965080912 
6.393741865 15.781121673 -10.111587431 
-15.097270143 7.193117679 7.209762199 
-14.955281143 7.439888234 7.706582991 
6.037524606 15.503812055 -10.848489246 
6.331791154 15.793256409 -10.043402682 
-15.345460060 7.233063255 6.730335641 
-14.590922657 7.266744824 8.070347956 
