0.710749700 23.625565063 -0.118551035 
0.942734269 23.518628672 0.598359149 
-15.056573695 16.639276893 -2.879250741 
-15.051594087 16.897729130 -2.423483743 
0.665888323 23.601635978 0.402025068 
0.671814379 23.614032754 -0.172370316 
-14.887578005 16.713380382 -3.136584416 
-14.906020970 16.786473840 -3.158759262 
0.384953246 23.612873767 0.604700931 
0.345768752 23.587570426 0.681040603 
-14.962948531 16.930776670 -2.439054715 
-14.846160112 17.201378845 -2.391428041 
0.640832884 23.529906626 0.865431385 
0.375290519 23.503122655 1.354887178 
-15.135117014 16.936618378 -1.723605553 
-15.019048259 17.108625418 -1.596289522 
5.887840603 18.975345005 1.509508022 
5.693989701 19.155077899 2.515767999 
-15.236249230 10.310933878 -3.331352693 
-15.089092054 10.457245147 -3.978712962 
5.446886445 18.873128106 3.887269226 
5.527255174 19.067972972 3.578292792 
-15.321777126 9.996828502 -3.035241869 
-14.997470942 10.049977014 -3.872437015 
5.130706233 18.583047723 5.295607998 
5.191578646 18.717895800 4.890298742 
-15.290492215 10.436841061 -3.377408486 
-15.301109691 9.965059583 -2.942425743 
5.120034650 18.581085573 5.137650465 
5.374358001 18.537692976 4.577384526 
-15.276632822 10.542903276 -3.442428543 
-15.244295634 10.532453072 -3.449903824 
5.065256112 14.615214718 7.857063806 
4.929889408 14.474587426 8.023347446 
-11.530910708 8.137338283 -8.167942543 
-11.381338321 8.021849898 -8.233754085 
4.891249497 14.559053508 8.046994812 
4.812149317 14.485147358 8.234893450 
-11.919307930 8.178108795 -7.723534243 
-12.277758558 7.798970166 -7.136117953 
4.211196444 15.985939777 8.112249634 
3.611507719 12.229993524 10.309180282 
-13.878536227 9.789723883 -5.223060362 
-10.825703145 7.028510796 -8.227650483 
5.360877303 14.809102996 7.250435706 
5.216049132 14.726094076 7.596537109 
-9.672053351 10.533217052 -4.393009778 
-10.917237440 7.933250163 -8.374182933 
-4.328572731 15.615535264 -11.869900994 
-3.938981494 15.483015752 -11.964394458 
-8.755937329 13.513396116 10.844786948 
-8.533530033 13.897676839 10.825168476 
-4.284102655 15.709129190 -11.849753307 
-4.597227511 15.639979188 -11.859038161 
-9.666131506 13.094281102 10.606201082 
-8.382539740 13.974446781 10.870436431 
-3.074407479 16.397854901 -11.533116239 
-1.394953607 16.581739326 -10.704753227 
-8.376973017 13.656858735 10.931992450 
-9.234940607 10.671175781 7.994597336 
-4.622221792 15.304120180 -12.049896690 
-3.962574310 15.401492696 -11.987526171 
-8.613712603 13.699961609 10.843266808 
-8.001018857 14.183372150 10.909292659 
2.957844875 21.701942004 1.043730873 
2.823882284 21.805670117 0.884013577 
-15.155263336 14.310918227 -3.031952860 
-15.163664637 14.120241550 -3.342856324 
2.689550925 21.649238802 2.295810067 
2.572973234 21.582484282 2.779644633 
-15.047238857 14.268611681 -3.588319034 
-15.254571736 14.204211230 -3.015893808 
2.587910447 21.430607212 3.140474512 
2.500648865 21.532319844 3.028729041 
-15.163495445 14.359197077 -2.972234501 
-15.202380280 14.305271372 -2.934421693 
2.638666083 21.303918050 3.213240586 
-1.799232766 20.692031752 -0.549221269 
-15.002198060 14.014971747 -3.528676443 
-9.857290556 17.600837303 1.951089626 
5.498282186 18.945828105 0.130455440 
5.509602220 18.965446960 0.154284123 
-14.686134427 10.738207506 -3.451461266 
-15.010702215 10.370016306 -2.648882860 
5.630356005 18.830120828 -0.450782466 
5.662899774 18.832160742 0.604526724 
-14.606225857 10.811836624 -3.853641281 
-14.786650459 10.809091762 -3.405857373 
5.797221833 18.295212084 3.081107015 
5.744667764 18.618077716 0.856359419 
-11.221081024 10.798602749 -6.420538796 
-11.930312024 10.858106438 -4.595123297 
5.754512807 18.633993008 0.071260402 
3.072742916 17.927146807 3.272710909 
-14.532366931 10.891469845 -4.028067836 
-14.903799857 10.461357838 -2.920864289 
2.275676358 17.205212288 8.935163637 
2.624550648 17.349734058 8.502953042 
-13.379541083 10.566634919 -6.606790573 
-13.080158864 10.748208802 -6.963956708 
3.271453014 17.732153223 7.572006472 
3.520843736 17.604626211 7.560879934 
-13.150263294 10.385412651 -7.086605842 
-13.192664383 10.450066667 -7.042946594 
3.714117307 18.171941630 6.488869604 
3.827157089 18.153750649 6.403146858 
-12.953453837 10.583123662 -7.310731330 
-12.409968550 10.837073969 -7.892961380 
3.228453721 17.540487238 7.928338088 
3.481371191 17.785770570 7.264560975 
-12.796195748 10.589194186 -7.470226017 
-12.421722201 10.897367309 -7.776218322 
-2.776589628 17.707196626 -10.669144952 
-2.300705602 17.869338586 -10.523043002 
-10.829634598 14.639676148 8.885948859 
-10.576974732 14.741315864 9.025768991 
-2.338456360 18.120112561 -10.230468922 
-3.378111844 17.163228346 -11.214723987 
-10.491279891 14.706154003 9.138016339 
-10.891405722 14.392472865 9.054810392 
-3.025745296 17.479862801 -10.945751142 
-3.547949284 17.183273341 -11.209970301 
-9.789686827 14.838558565 9.573909874 
-10.023956512 14.782072889 9.448265469 
-2.953158103 17.644180909 -10.749688664 
-2.754813793 18.171179383 -10.178279845 
-10.365243630 14.555901292 9.344965570 
-9.961357838 14.895493336 9.366450161 
3.535305606 15.789492874 -4.912565645 
2.890939508 15.819582021 -5.690799686 
-11.219479693 10.021999172 5.035411210 
-11.996145177 9.480863667 3.656805854 
3.396941830 15.794278045 -5.085484045 
3.755033840 15.877773898 -4.404132299 
-11.978932228 9.463745778 3.879833307 
-12.204402052 9.374899968 3.376438917 
2.503098166 15.299069854 -6.874328104 
3.031118633 15.456145951 -6.167340356 
-12.426382854 9.159010986 2.735419447 
-12.109198489 9.391828449 3.616045208 
3.464737696 15.511272297 -5.617243748 
3.448898128 15.762980291 -5.194601093 
-12.666907695 9.046652687 2.028878874 
-12.199554036 9.370906684 3.378379280 
-1.571595114 21.521283454 -0.275597093 
-1.324378656 21.528329170 -0.221487226 
-12.239565834 17.165618735 1.691766047 
-12.076220956 17.293784375 1.425050887 
-1.605231761 21.523521727 -0.239661713 
-1.424876184 21.515203410 -0.651633378 
-12.137612894 17.170637873 2.054515959 
-12.191862978 17.157093937 1.733239510 
-1.589633183 21.517579708 -0.849031482 
-1.272163241 21.548277182 0.041841240 
-12.099819894 17.267676218 1.614837853 
-12.128029611 17.224024780 1.783204933 
-1.518525082 21.480064437 -1.518831894 
-1.597252320 21.494760557 -1.391822567 
-12.320714429 17.096638558 1.731673032 
-12.109836350 17.234595592 1.832617741 
-4.820049386 15.487040464 9.200005933 
-5.232690118 15.393495923 9.226745216 
-6.866500063 14.757475908 -8.686667980 
-6.252905419 14.969622971 -8.751541391 
-5.119936813 15.416456235 9.254182020 
-4.104022135 14.874912216 9.161609005 
-6.459948327 14.858415620 -8.765585645 
-4.538386223 13.643776789 -8.631580114 
-5.597584834 15.286861015 9.240745313 
-5.146016523 15.456837230 9.225247750 
-6.392835521 14.803127511 -8.766737282 
-5.798230535 15.066365131 -8.768956801 
-4.671017848 15.636694883 9.190379598 
-4.887407471 15.653654791 9.186527528 
-6.203709026 14.964096316 -8.743890135 
-5.983954480 15.066410932 -8.764167365 
2.512437208 12.752714983 -7.704299381 
0.293940987 10.893207091 -8.499556202 
-9.872816956 11.141796218 1.769723408 
-10.447840964 10.524581639 1.044234105 
2.583941722 12.805086256 -7.631986726 
2.828069876 13.133623674 -7.176096854 
-9.740802008 8.333654455 5.772492690 
-10.392893931 7.780657158 5.033214413 
2.014619914 12.671897962 -8.165803631 
2.119403507 12.898592394 -7.929410917 
-10.519777693 7.923521461 4.953409851 
-10.613351975 8.026242781 4.859888250 
2.356783195 12.837207632 -7.819114215 
2.562443185 13.008830748 -7.538294931 
-10.532000350 7.991876282 4.962758263 
-10.305522649 7.923386033 5.282853801 
-3.958000919 14.988011532 -8.079779704 
-2.004505089 15.727300165 -7.299582682 
-10.405298704 12.528851606 5.200063883 
-6.350856272 13.971308664 7.713651418 
-0.504376200 14.335234661 -6.439175463 
-1.025603141 14.079527632 -6.870482462 
-9.850678714 10.562376066 3.615440318 
-9.766156487 10.492548246 3.799531772 
-0.442754189 14.283630144 -6.510886941 
2.224523720 16.341549148 -3.502869193 
-9.504813790 11.868972846 3.042300524 
-9.471294344 11.113055633 2.830264370 
4.221458120 17.655966241 2.825063627 
2.351484650 16.474421874 6.600879849 
-13.921935837 14.178475531 -2.167655808 
-14.115180270 13.782082115 -1.907232196 
0.357760944 21.322209877 2.772279960 
-0.235901757 21.259402269 3.403240759 
-13.432537883 15.881564976 -1.011979818 
-13.518179329 15.727536550 -1.096509061 
-1.488886553 20.855234484 0.867702285 
-1.369653420 20.870195742 0.470698447 
-11.968525555 16.455294982 -0.479763920 
-12.002212252 16.426420787 -0.449445841 
-3.343998279 19.288459117 -1.818169881 
-2.675337699 19.413369109 -1.686488414 
-12.760253549 13.597858523 -2.214273512 
-12.147673302 15.726673974 4.143844796 
0.807682467 21.421085043 0.416114769 
0.939196043 21.323764535 -0.775282523 
-13.685779774 15.496446946 0.883953901 
-13.741893094 15.490939601 0.435402856 
2.617427359 16.990880777 7.480533204 
-3.307291327 17.462582540 10.217248406 
-5.643238404 12.773639954 -8.560484149 
-3.634130847 15.175165958 -9.142345745 
0.415529391 12.405143314 9.649673702 
1.685860711 15.645775004 8.478910970 
-8.436742503 7.976266256 -6.669058594 
-6.996427397 12.998086728 -6.549003085 
1.032467604 11.689758862 8.213541080 
2.305792764 12.688245507 7.566308617 
-5.610047957 15.555896682 -6.411871404 
-7.875977640 16.282109698 -6.319056244 
-2.349449386 18.844706975 7.852475163 
-2.628736615 18.762415423 8.321222513 
-8.411229762 16.233729040 -8.028925538 
-7.690488551 15.594347535 -9.291784704 
1.392693099 15.013506552 -1.741326464 
3.585303990 11.476623255 -0.761050840 
-8.478670499 11.251615004 3.887795617 
-8.639948914 7.441734392 2.263201330 
2.252200654 12.368971423 -3.126334511 
2.226226691 12.216815341 -3.378192796 
-7.869106757 7.644650008 3.243522853 
-8.049672055 7.575585490 2.969824041 
3.310879169 13.840016349 -0.552062697 
3.119246199 13.667602988 -2.634758544 
-9.679371683 7.646921661 1.911660924 
-8.768120831 7.733674450 2.539345235 
1.358637566 16.326722531 -8.622693489 
2.932417622 17.349556802 -6.014489678 
-9.915191568 8.139771527 1.538535828 
-9.501579264 7.970832674 4.840006740 
-0.490031877 18.448832804 3.924125315 
-1.037692900 18.308686019 4.505648503 
-10.988683211 14.577140431 -4.101311744 
-11.189368244 14.492920187 -3.833890560 
-1.314568819 20.446505516 -4.882742831 
-2.653327289 21.512703151 -0.870692561 
-11.995072447 16.199065652 2.282736148 
-10.577181841 16.593825931 -3.507799742 
-1.263365687 18.439827885 4.626176632 
-0.521532451 18.653998451 3.825710130 
-9.751361206 15.157745613 -5.397210616 
-10.463255031 14.850336043 -4.841920503 
-1.500567759 17.423743299 5.385941563 
-0.891285189 17.724561919 4.733880119 
-9.832054410 14.525924235 -5.463887460 
-10.378551286 14.413523577 -4.898766389 
1.226135529 15.798044469 -0.648447098 
4.949134651 15.051165973 1.922770072 
-7.338354874 11.804936245 -5.048106332 
-11.635162798 8.340654378 -0.362651461 
4.875907265 15.566523596 -0.051182752 
4.581237692 14.493421648 1.254995842 
-13.044715791 8.507909951 -1.318733312 
-11.828702090 8.322357140 -1.696036167 
4.289379760 15.027292954 0.592002913 
4.213264604 15.034197432 -0.934048427 
-11.421913127 9.145358613 -1.986416063 
-11.819081459 8.771399546 -0.493799828 
3.951439623 15.010148389 -1.560371730 
4.003449278 14.998770167 -1.455921754 
-11.617203609 8.161863512 -0.485297255 
-11.583036951 8.198828410 -0.520100518 
2.500438554 15.631639026 4.655288081 
1.856325310 15.004582783 6.296963372 
-10.535258392 10.255618470 -4.583905430 
-9.963207585 10.182310167 -5.372106385 
3.118405416 14.726918177 5.461900420 
2.886995263 14.405955061 6.093839717 
-10.412648356 9.059809722 -5.353234540 
-10.808768554 8.845713673 -4.771668909 
2.494557611 15.217392959 5.085649624 
1.894578725 14.852509770 6.145140043 
-9.296800728 10.405971681 -5.747985692 
-9.046143653 10.971321891 -5.706266572 
1.801866797 15.423741455 5.391005807 
1.755100262 15.319072448 5.736537924 
-9.634240487 10.642155129 -5.311648441 
-10.046766818 10.489945197 -4.893172080 
-3.721806936 17.368233531 -7.080829478 
-4.383484547 17.011329307 -7.358507529 
-7.404917515 15.773746847 6.760246869 
-6.938949652 15.873201134 6.854060122 
-3.726298993 16.383877133 -8.421743199 
-4.208667667 16.153285282 -8.515628742 
-5.714850667 15.527609499 8.002467001 
-6.610053980 15.127286380 8.009248835 
-4.487584663 16.697972012 -7.570043205 
-4.298079938 16.788194655 -7.496099125 
-6.958803249 15.557479357 7.104293949 
-6.980990792 15.538715729 7.094461246 
-3.809496673 17.251422186 -6.942989511 
-3.771780626 17.234379833 -6.964956822 
-7.446177537 15.625290145 6.648184217 
-6.984849791 15.794641443 6.720597659 
-2.388887880 19.318124766 2.629165234 
-2.191578592 19.148349529 3.145894244 
-11.145918378 17.086600041 -2.586955649 
-10.825096770 17.168072803 -2.948285257 
-3.697662603 19.712377558 2.265298883 
-2.772595408 20.454864981 2.932555088 
-11.273830882 17.120433217 -2.204623805 
-11.231820996 17.130625311 -2.248821056 
-3.170718902 19.081719654 3.209917944 
-2.144724421 20.753618525 2.137185132 
-11.292363371 16.909913901 -3.051788378 
-11.241569655 17.020400754 -2.723742116 
-2.316479589 20.701294509 2.204471478 
-2.080842411 20.838978465 1.747590035 
-11.184873930 16.976812485 -3.046885797 
-11.125583367 17.043006691 -3.070192353 
2.618473973 14.246889466 -4.587644958 
3.151407186 15.493513513 -1.887945021 
-11.537601500 8.637389197 -2.135694583 
-11.542146233 8.583895215 -1.940533705 
2.988284543 15.796100454 -0.923803772 
3.355741473 15.125559772 -0.901627243 
-11.427557146 8.981206202 -1.993009569 
-9.269174768 8.449036229 3.489956288 
3.893680876 13.585373777 -1.216873326 
3.812867160 14.892370370 3.159864446 
-11.423595463 8.640009489 -2.513951970 
-11.237399988 8.865569615 -3.057579490 
3.749051866 13.711058725 -1.091097991 
3.620053087 13.670422238 -1.712269596 
-11.483378796 8.615101567 -2.231368922 
-11.193577603 8.781911988 -3.087803501 
2.047166630 16.828703945 0.669196279 
2.899138665 15.747530181 0.891920422 
-10.382605943 9.814897618 -4.350215282 
-8.853660328 9.519379789 -5.671428541 
-0.522078546 10.157093496 8.269154150 
-0.207993265 10.138673493 8.232802392 
-5.999277992 9.480605060 -6.287047412 
-6.409294972 9.020587718 -6.199164535 
0.414864217 10.332706081 7.736003039 
0.340023284 10.414662244 7.898420490 
-8.867412451 7.249453015 -4.749312140 
-8.997299031 7.295679716 -4.858584250 
-2.504715182 9.866795163 9.196746049 
-2.811764504 9.737159739 9.215479404 
-10.392272973 7.104858104 0.182851740 
-10.452687970 7.054250174 0.048171764 
-5.762936605 14.876391692 -7.475943620 
-6.559981775 15.377834624 -7.598624338 
-3.042493026 16.132638209 6.134800756 
-3.781181659 16.055860302 6.980849637 
-3.137118954 15.712347226 -6.694836151 
-4.503344665 15.867429793 -8.166303917 
-5.958852807 15.145985525 7.826628756 
-5.685297045 15.303212901 7.817934138 
-2.422690306 15.321196951 -6.573546928 
-5.034055405 15.598840046 -8.261971487 
-6.763846262 13.697572163 6.763576220 
-8.000618336 13.231804893 6.339026724 
-5.112603982 15.593860853 -8.259261626 
-4.070884056 15.106439047 -7.228724001 
-6.187082816 15.133471271 7.822671269 
-6.500889510 14.998661904 7.785053055 
2.811869548 14.393714591 1.753659912 
2.798918152 14.311642347 1.886281896 
-10.226319653 9.300173957 2.146758164 
-9.685131425 9.277974213 2.513397243 
3.120434734 13.681542785 2.197332813 
3.213522809 14.199737901 1.533728655 
-10.614040730 8.781482987 -0.534524891 
-10.628020454 8.702309744 -0.633615529 
0.249558332 19.192880734 -5.042894274 
1.873488954 13.740016910 -5.317911829 
-12.013552852 14.555883545 3.209224990 
-14.239198101 14.924562555 0.890592153 
1.191798723 17.174267545 -5.387793981 
1.128415275 16.573181931 -5.805538416 
-10.726777548 12.597400622 6.051097518 
-12.562263272 9.171557294 -4.196092381 
-1.837039385 16.905322368 -4.862670377 
-1.873302747 16.874463591 -4.895317095 
-9.742916673 13.750314207 4.110383173 
-10.053974709 13.648366558 3.650163299 
2.174586088 20.594285472 2.221814743 
0.546261729 19.613083088 -7.115469754 
-9.156100958 14.201722799 4.331677634 
-11.395663745 11.441412612 5.095007542 
3.003659504 19.394720919 -2.290292863 
0.540418086 21.980378904 1.542380084 
-13.965102117 12.569574074 2.216660533 
-14.076378705 15.980285902 0.262941617 
-3.032099395 18.084084673 -3.345810006 
-2.526130548 17.141593908 -4.907629781 
-10.052945976 14.476953217 3.397968787 
-9.831010463 14.257757840 3.987796615 
-3.440866803 16.827616627 5.834937481 
-3.301728001 16.811165825 5.871864071 
-5.594196010 15.671923073 -6.048788866 
-6.197238565 15.409103961 -6.092071291 
-3.696361046 16.373865884 6.375552535 
-4.365423556 16.086537071 6.577261238 
-5.517977913 15.408353214 -6.379492467 
-5.460471792 15.462234626 -6.355083648 
-0.604328152 18.938204484 7.516642047 
0.355263983 18.064539833 8.328642117 
-10.029087029 15.013022642 -7.802921383 
-11.593061657 12.571368193 -6.783640079 
-3.319253168 17.256208850 5.503324586 
-3.346206358 17.145694411 5.662601349 
-7.204564068 15.419796721 -5.688075686 
-7.606959139 15.256529341 -5.575160270 
2.005774970 15.039149798 -3.216228431 
1.679668713 14.677271491 -4.415856289 
-9.960090071 9.679753409 3.235551158 
-9.944316228 9.849888877 3.164369974 
2.227036820 14.811971855 -2.908576867 
1.832117356 14.503960372 -4.151978556 
-10.248712657 9.357747596 2.506845775 
-10.291151030 9.169787377 2.557027124 
0.399948488 14.315311327 -7.989408877 
0.663106986 12.381472030 -6.991514080 
-7.938066642 11.445476230 4.001552654 
-9.533518578 10.984268366 3.556039194 
3.177092163 12.288603956 -4.992436689 
-0.530404831 13.030863257 -7.752966819 
-7.404143941 8.346031675 6.457342785 
-5.987111288 11.465484890 6.423204363 
3.252481974 14.979737682 -0.742377235 
3.003270983 13.856965285 0.245691696 
-10.036360549 8.752465429 1.371506810 
-10.127709796 8.587677494 1.219253156 
0.793663323 15.676341264 -3.358532298 
0.424708704 15.504772565 -3.422903719 
-6.375651799 12.457967566 4.499474552 
-5.759779996 11.704673296 5.454428002 
3.180162567 13.933113216 -0.607334972 
3.188319926 13.930094373 -0.306885808 
-10.032393969 8.211682379 -0.033556211 
-10.106141905 9.016226158 0.283419308 
3.089319022 13.872762408 0.370758207 
3.097045505 13.901079917 -0.156675193 
-10.094925647 8.355268946 -0.680440825 
-10.051646319 8.469461124 -0.864359297 
-2.723767504 20.541642251 2.286867817 
-2.888705289 20.653974794 0.283580908 
-9.348622695 18.565449214 -1.270201209 
-10.491729005 17.261181747 0.888244105 
-1.084344242 17.871766919 -3.207786005 
-1.564640304 17.735654250 -3.726431330 
-9.906180299 14.577292278 3.675080466 
-10.264004952 14.404764795 3.148625465 
-1.246321558 17.226126216 -3.942630206 
-1.750572257 17.098536943 -4.387889641 
-10.250710429 14.011346990 2.936803064 
-10.196362143 13.930622512 3.300327572 
-1.036407171 17.797062574 -3.530081796 
-1.912820338 17.606400180 -4.135887466 
-10.308739088 14.461889463 2.792848462 
-9.843890042 14.617163724 3.615711381 
-4.522326077 16.315805385 6.241288239 
-4.796128054 15.587483957 7.170709890 
-5.538107865 15.794445946 -5.854877624 
-5.470492254 15.363692567 -6.692788363 
-3.733086214 16.577881911 6.200963655 
-4.241288447 16.387170044 6.321745969 
-6.367176569 15.488857279 -6.016872144 
-6.522594578 15.409470565 -5.956217737 
-4.655779044 16.354643280 6.138145347 
-4.827614590 16.205029553 6.284977525 
-6.437269193 15.441779145 -5.794426599 
-7.001177258 15.254730559 -5.686870672 
-4.267489226 16.234982468 6.312330234 
-4.356997644 16.130734900 6.421769460 
-6.124537651 15.371263939 -6.013266515 
-6.287179914 15.346378821 -5.965485668 
2.135007404 14.576437652 -3.735286228 
1.932546016 14.764582309 -3.685071256 
-9.284555960 9.734179566 4.101126570 
-9.947182784 9.615077775 3.113375840 
1.526462222 14.634755630 -4.726467241 
1.481973199 14.706228664 -4.713413299 
-9.154224680 10.306530462 4.180005173 
-9.497439002 10.213109893 3.801625307 
1.408495435 15.070978109 -4.093350013 
1.337987084 14.897637771 -4.532130153 
-9.876354513 10.172341528 3.276150404 
-9.968252040 10.266700162 3.026597403 
1.551539854 14.486030614 -4.785081877 
1.479622443 14.621997340 -4.608900155 
-9.788586105 9.924968568 3.412256428 
-9.662740644 9.989212712 3.557918414 
-1.987270265 20.154789728 3.564736217 
-1.555477920 20.331994841 2.932204194 
-11.720153751 16.228046524 -2.032180877 
-11.513340743 16.349660362 -2.395281909 
-2.131386623 19.684244347 1.102084932 
-1.964815216 19.735385772 0.598346186 
-10.370728819 16.358583246 -1.593960113 
-10.334483373 16.324282384 -2.047004972 
-4.668238201 18.589481946 4.001898735 
-6.020860279 17.974716057 4.207108727 
-12.021685967 17.240998337 -2.489486164 
-7.902921196 17.551701333 -3.737633725 
-2.707732270 19.913429910 1.510523025 
-2.503594452 19.775329756 2.751833106 
-9.383256210 17.683552011 -1.783211545 
-9.937055249 17.066329633 -2.759292985 
0.797877450 12.895925662 6.840305878 
1.754825812 14.328143253 4.106034142 
-12.711778626 7.632782105 -2.144590647 
-10.472613664 10.004931683 -0.666820053 
1.379327432 13.126453208 6.503699362 
1.281289333 13.185940996 6.517602357 
-10.196369307 8.085536707 -3.140245177 
-9.989230499 8.358570074 -3.862091761 
3.429506277 17.264670379 3.417564174 
4.028928086 13.162815852 4.726378107 
-11.730196463 8.568174818 -3.488247980 
-11.238674373 8.380871668 -4.449717672 
5.320622423 15.952370801 3.122976275 
4.458571012 16.666929087 2.743881960 
-11.806759894 12.923832991 -3.039556171 
-13.366270745 11.229996213 -0.796727227 
3.389685052 14.844230353 1.534867487 
3.409104351 14.730625240 2.275735940 
-10.680213785 9.994479951 -2.109617229 
-10.570952047 9.905574930 -2.407300593 
2.550772201 14.845807803 -0.242125986 
2.035180272 14.255609768 5.170642878 
-7.621460482 10.693405061 -5.404424868 
-9.981190257 10.343684725 -3.153455029 
4.254482770 14.467959567 5.204168100 
2.249435081 15.118496758 3.670367148 
-9.616858160 6.888598396 -5.802477177 
-8.884661803 5.491053865 -5.590127741 
3.667907763 14.331459240 3.229225580 
3.800337315 14.346335532 2.822643272 
-11.549771650 9.327311519 -1.470302887 
-11.453180446 9.429433052 -1.447559107 
-5.158332856 15.801872079 -8.538241746 
-5.134009084 15.826190932 -8.541742205 
-6.126027311 15.397255729 7.955834575 
-5.451198552 15.592839849 7.963020795 
-5.610367960 16.475469564 -6.828288510 
-5.564703237 16.288537162 -7.053240463 
-6.237679511 16.217796565 6.264182381 
-6.965369443 15.920346676 6.227246248 
-7.397031651 15.351059257 -6.762314562 
-7.661963926 14.994343169 -6.838528441 
-3.878158706 16.037045710 6.854608724 
-3.394265722 16.024708599 6.928029130 
-3.834899215 15.516734175 -6.966976364 
-5.916716456 13.085389511 -7.651346244 
-5.686390615 14.453878020 6.753002962 
-6.675716503 15.993359462 6.163300684 
-1.651873945 19.551374594 1.260283799 
-1.129400350 19.527468050 1.195721094 
-11.491576396 16.901181923 -3.103233522 
-11.205725540 17.091242965 -3.056752461 
-3.316729457 19.830660816 1.801721186 
-1.860143783 20.823155693 1.967330010 
-11.469835843 16.938245157 -3.039514609 
-11.355821266 16.983613091 -3.199791116 
-1.797564653 20.910272918 1.491412362 
-2.054452903 20.811225233 2.428564684 
-11.572309393 16.852117097 -3.177690468 
-11.546498473 16.915699858 -2.915598576 
-2.175260001 20.785687300 2.615475727 
-1.345449415 20.965052305 2.060980095 
-11.166739379 17.003023668 -3.579080241 
-11.196506705 16.975431651 -3.571980261 
3.397425562 15.277751200 1.305929349 
3.604378246 14.990155346 3.588319650 
-11.674506360 8.399082018 -2.165701548 
-11.535632520 8.606842776 -2.672222415 
4.457304831 14.772091586 2.213789585 
4.336554766 14.786945683 2.464546520 
-11.824848671 8.215001380 -1.458272867 
-9.801832979 8.640929795 2.462642662 
4.209454783 14.806214703 2.976958095 
4.624292449 14.783808815 1.645441367 
-11.548991739 8.515545338 -2.577878860 
-11.467497416 8.543727537 -2.730359947 
4.265150937 14.830009175 2.607571378 
4.203421284 14.893617059 2.722251595 
-11.727912549 8.220172257 -1.816511433 
-11.667583492 8.205016298 -2.060856660 
3.405042633 15.127065442 -1.279881753 
3.492051359 12.519224994 6.309846435 
-7.671403290 12.478946661 -6.194422332 
-10.136277467 8.596598516 -4.702226743 
3.133972054 14.644622371 2.359809655 
2.693860010 15.997256557 3.014346498 
-6.727064703 9.436326269 -6.192160997 
-7.704522077 8.312728489 -5.767328971 
1.023596276 10.761085141 7.310952391 
1.335282495 10.966388968 6.955854878 
-8.568742459 7.589319758 -5.269446580 
-8.782658105 7.514630457 -4.914616923 
2.395187058 12.309572615 5.971277900 
1.088785695 11.765496565 7.235271318 
-10.291187363 7.299910212 -2.238874533 
-10.259317711 7.336185545 -2.327675765 
-4.959788826 16.217073872 -8.378233948 
-4.891973780 16.269041718 -8.379564133 
-6.484249917 14.873631092 6.820110933 
-9.158937240 14.231226687 6.203472149 
-4.688838563 16.341560104 -8.402184700 
-4.415040906 16.515458147 -8.200267898 
-6.980889747 15.474596210 7.866081105 
-6.752651088 15.555513395 7.933425295 
-5.222195527 16.050415082 -8.572133956 
-5.141951645 16.163297007 -8.483725598 
-8.980120298 14.679775774 7.486384961 
-7.818725968 15.207456813 7.837013771 
-5.381993293 16.124579720 -8.425548011 
-5.286619643 16.207488940 -8.398524515 
-7.644460526 15.353969781 7.779210359 
-7.297104585 15.439203423 7.826237215 
3.092832962 14.582646846 -2.454576635 
3.164586939 13.767459803 -3.304466201 
-10.708839084 9.384294798 1.400993985 
-9.551654000 9.412787390 2.512613465 
3.477156614 14.282247026 -1.000485738 
3.473703671 14.254477689 -0.703324943 
-10.620504075 8.689451104 0.480894340 
-10.585030894 8.681817635 0.733585356 
3.494914469 14.595417977 -2.497916485 
3.951430103 14.226145240 -2.653608502 
-11.392351589 9.037142448 2.144977542 
-11.901264465 9.259651704 0.910315539 
1.212858738 14.230818032 -4.499903509 
2.147613474 14.604389110 -2.161229937 
-7.673593924 11.260891808 4.837125024 
-9.177667460 7.203042200 1.962193334 
-1.853124042 16.899509142 -4.804870142 
-1.853835176 16.987441691 -4.663697836 
-10.462945790 13.606150368 2.436067282 
-9.343860283 13.874093948 4.520104220 
-2.676230718 17.530588987 -4.785421634 
-2.668416913 17.561856570 -4.742640012 
-10.079629049 14.463133164 3.437934031 
-9.752993231 14.774043394 3.890112143 
-3.154400648 20.062207277 -2.029092526 
-2.984633307 19.881896895 -1.596205886 
-9.891585919 17.400563994 1.228405186 
-9.341461823 17.485576714 2.575272491 
-2.523587584 20.324972391 -2.151345572 
-2.231129148 20.472920989 -0.812743905 
-10.802481568 17.122004249 0.626827505 
-10.925895423 17.274071711 1.203660092 
-5.283527896 16.117514749 6.333757628 
-5.166637157 16.168699864 6.287151336 
-4.480653212 16.201856825 -5.671282713 
-4.684409892 16.071356629 -5.800172569 
-4.631391223 16.015452331 6.631256405 
-5.208184386 15.749310440 6.750379303 
-5.393133664 15.478879579 -6.338944049 
-4.613633679 15.815210841 -6.179570756 
-5.277820620 14.985886491 7.385178386 
-5.750704488 14.541453698 7.535143097 
-4.287512657 15.279450634 -6.782625993 
-4.390925381 15.085124916 -6.954094167 
-3.768822213 17.030582948 5.796635580 
-4.856147040 17.786461958 5.144767215 
-5.906366502 15.966983641 -5.706178165 
-6.762041828 17.402562907 -4.165105028 
1.935138061 15.044405585 -3.322122189 
1.661446485 14.722321489 -4.285409476 
-10.362951180 9.616689311 2.351115835 
-10.070870857 9.732916959 2.943241043 
1.678108136 14.200034583 -4.872184638 
1.831910656 14.180448539 -4.758483757 
-10.309394588 9.203169080 2.509721823 
-10.210909551 9.234055595 2.694036768 
2.199273758 13.170695616 -5.162490735 
2.295848132 13.163951214 -4.773214630 
-8.911167842 8.633504949 4.403896001 
-8.845708047 8.375331983 4.375824795 
2.454228585 14.995365438 -4.678129598 
2.412328241 14.105088832 -3.760514212 
-10.339568074 9.612948188 4.094234137 
-10.205383393 9.501692493 3.186966967 
2.204399972 13.668184283 -6.818738119 
3.158821273 13.868995337 -5.350113695 
-10.735159599 7.874453243 2.221206884 
-10.764249650 8.104705207 2.590089208 
1.948115900 15.537626156 -2.668690033 
0.474732679 15.501297970 -3.522620001 
-10.286055780 9.663045665 1.431644753 
-5.557100353 11.834736696 5.367415039 
3.217528659 13.630971983 -5.542039060 
3.621819058 13.767367529 -4.704259973 
-10.923468043 7.711720007 1.156676078 
-10.857676333 7.986102728 2.201814718 
2.295499993 13.538773134 -6.825383538 
2.550955367 13.646213211 -6.432361681 
-10.604035460 7.834160366 2.584197482 
-10.539378676 7.921908062 2.928408209 
-1.796359882 20.220524940 -3.297711543 
-1.544549535 20.233440889 -3.087757738 
-11.669054087 16.207139097 2.576365083 
-11.600526819 16.289192098 2.360334365 
-1.855790216 20.163772981 -3.486084243 
-1.559045844 20.451413629 -2.840755676 
-11.663874881 16.553175018 2.768876856 
-11.543164486 16.209298091 2.873540383 
-1.591417985 20.323229403 -2.835993639 
-1.548893139 20.347731102 -2.851498310 
-11.503840951 16.206544333 3.233701933 
-12.032491431 15.941453041 2.823448298 
-1.779777943 20.034492614 -3.495350291 
-1.121625997 20.676520969 -2.091016887 
-12.398808457 17.866570968 1.246874261 
-11.517923758 16.456143958 2.907681373 
-7.206722011 15.969805121 7.924311428 
-5.968037550 16.560350653 7.748298602 
-7.022319737 16.094099250 -7.536768711 
-6.187497971 16.375948803 -7.484633669 
-6.890221593 16.039100147 7.962820395 
-6.465383817 16.276342939 7.912900504 
-6.785992523 15.761533693 -8.485688330 
-6.212834130 16.346337874 -7.572006432 
-3.658280555 18.733002520 5.999875563 
-6.648785317 13.616181256 9.056804164 
-6.365918628 16.316237744 -7.403520839 
-8.149205871 13.221560474 -6.422988996 
-7.263073713 15.972722794 7.819711232 
-7.245559984 15.950284866 8.114817008 
-6.023286910 16.440838816 -7.423679094 
-5.800974050 16.480528197 -7.585532967 
1.879901772 13.589403556 -7.583433248 
1.769893883 13.626182048 -7.606415300 
-11.243971150 8.483324627 3.295034496 
-11.265696356 8.608478269 3.230453714 
2.856602069 12.273219569 -8.063498970 
2.960464819 12.310702293 -8.050972901 
-9.800463999 8.202010153 4.184363757 
-10.134686267 8.760420680 3.697371347 
2.882848711 14.326570767 -4.839808827 
2.915821257 14.365259943 -4.282214967 
-9.797230365 7.217903284 3.101837959 
-10.611843887 7.188962121 3.435889973 
2.789082371 13.588680164 -6.867231535 
2.964771747 13.925475032 -6.300664916 
-11.036965910 7.068027838 4.358544133 
-10.677635045 7.167137814 4.759067176 
-1.182495890 17.892347759 3.192075033 
-1.700902348 17.672758903 3.775100096 
-10.116290987 14.532234004 -3.252887947 
-10.359222194 14.558419679 -2.349857221 
-1.340474930 19.872632379 -4.500145012 
-2.862958653 20.665526955 0.059491341 
-11.574993113 15.506556957 1.824642051 
-10.496296255 17.248836113 -0.666093332 
-1.260824977 17.750864448 3.553182747 
-1.352827815 17.777341932 3.522048688 
-9.816527162 14.598876077 -3.698501633 
-9.622235329 14.639667395 -3.992842289 
-1.055684599 17.218735803 3.819285965 
-1.113343489 17.271652457 3.791259532 
-9.839333552 14.119233765 -3.741163068 
-9.287054769 14.243970664 -4.493594253 
0.521639702 15.602128515 3.678464536 
0.298395157 15.422116061 3.795214360 
-7.322312554 12.258495545 -4.057708852 
-5.777049571 11.791981522 -5.336586578 
3.173467929 14.938488846 1.079829628 
3.058294497 14.346983754 0.917262693 
-11.766605707 9.736185389 -1.116469780 
-9.754642787 10.527063254 -4.130542721 
3.158456608 13.822324179 -0.047453428 
3.113192714 13.811111797 -0.487014605 
-9.856941379 8.693366985 -0.853928817 
-10.055340002 8.452595417 0.307677681 
2.967484325 13.892336749 -1.342131635 
3.060807180 13.919166895 -0.773112715 
-9.992864654 8.669031868 0.664574968 
-9.961796526 8.584595399 0.955284040 
1.471562069 14.681229232 4.647496028 
1.680819461 14.821823949 4.173468410 
-9.383398626 10.250004787 -3.953028707 
-8.963291473 10.396541679 -4.404557840 
1.649497397 14.446050322 4.629888741 
2.029494615 14.575695344 3.902128753 
-8.951464822 9.927517386 -4.405436423 
-10.208155449 9.642459584 -2.517755484 
1.687784384 14.977901938 3.670970864 
1.513192985 14.680532683 4.464659889 
-8.721700174 10.278352747 -4.629751711 
-9.128734338 10.237246986 -4.174257180 
1.555345483 15.103710230 3.854465212 
1.008608363 15.112027787 4.402470456 
-9.558698026 10.442890417 -3.629521279 
-9.207462606 10.688070709 -3.946778886 
-3.935316362 16.514989070 -6.326881776 
-3.065730035 16.814811600 -5.890831426 
-6.418502442 15.409689533 6.038102387 
-6.103698183 15.462938431 6.055803216 
-4.341895555 16.373088401 -6.221537058 
-4.853117483 15.615258054 -7.144324614 
-5.999219916 15.585421527 5.902908295 
-5.778337200 15.134637688 6.774100311 
-3.848791871 16.425613817 -6.132133204 
-5.513995007 15.730994647 -6.552144613 
-5.957493885 15.500379754 5.953631825 
-6.635438364 15.160347511 5.987719997 
-4.810872856 16.215912502 -6.249608135 
-4.675182996 16.283438222 -6.205437059 
-6.550407071 15.445413864 5.732570369 
-6.273267444 15.570956944 5.743611080 
-1.395427305 19.134368095 2.294695192 
-0.270615192 20.815176789 -2.119959983 
-10.552202717 15.507491155 -2.741970528 
-12.357218433 16.107534931 0.071938903 
-2.027527561 19.669383004 2.592033648 
-2.109422308 19.628555297 2.939481376 
-10.757793570 16.076665613 -2.511476855 
-10.933177070 16.130499225 -1.963891439 
-1.373669158 19.426689514 1.479890852 
-1.765400038 19.349782818 2.082810436 
-10.700907666 15.697041668 -2.009828132 
-10.665279899 15.670915018 -2.240998578 
-1.107701493 19.219314303 1.888891864 
-0.878110674 19.328986852 1.034771085 
-10.320075351 15.517990403 -3.285404255 
-10.315660536 15.499398913 -3.306452533 
2.563081876 15.487601123 3.007957970 
2.780367580 15.389517497 2.398366478 
-10.952973097 9.908218703 -2.115574719 
-10.899639041 9.624770875 -2.115560684 
2.802499616 15.459380044 2.652727057 
1.815679201 14.308623171 -6.242234009 
-8.531211773 10.002105840 2.992362657 
-10.391557089 11.464841618 -0.400776519 
2.218997561 15.770187006 3.101125895 
2.624434481 15.762049476 2.440765005 
-11.205373395 9.848755149 -1.429975184 
-11.102526533 9.927945229 -1.964580657 
2.501927096 15.506176788 3.073193979 
2.974524496 15.559276063 1.338889453 
-11.133265788 9.544555005 -1.410997652 
-10.974861182 9.779724011 -2.154574590 
0.200767471 15.320894737 -4.359853317 
-0.002099612 16.606990345 -0.796521429 
-14.165003544 8.443383988 0.506453030 
-13.246124243 6.921169510 -2.046581625 
2.349661611 13.755092141 2.594485082 
2.365440122 13.786627800 2.414377355 
-9.539631550 9.731374823 -1.283229312 
-9.519197719 9.685431852 -1.379673825 
2.257840350 13.760595908 1.282202760 
2.209574005 13.748630310 1.577861080 
-4.709485607 10.137699289 -5.153091707 
-7.161804323 10.925848774 -3.849510925 
3.559521415 16.116782623 2.629991649 
1.615683905 14.277777501 9.160520476 
-9.331016987 7.509544701 -3.737382782 
-9.255556363 10.789787360 -8.937016019 
-1.925342876 16.929636993 -5.148128868 
0.475411452 17.261961550 -3.371855668 
-6.636170247 15.269293045 5.121899112 
-4.136009589 15.254434372 6.434028492 
-6.813224070 16.006796869 -6.671103054 
-5.796341627 14.735503672 -7.524359248 
-6.096003048 15.268488982 6.942263630 
-4.492380557 15.305283983 7.226011280 
-6.014469087 14.449558925 -7.400634404 
-5.597342677 14.626062597 -7.398838123 
-5.053897911 14.925763686 7.148343407 
-5.263631508 14.870255799 7.142703027 
-6.254709721 14.253066935 -7.315471303 
-6.213342801 14.137396866 -7.146451471 
-8.581578974 11.031557586 7.942389189 
-6.838004498 11.477722964 8.819565640 
5.522967743 17.727495845 -0.032191098 
5.238424972 18.294972097 -3.567881592 
-11.861660690 8.304435231 -0.373225637 
-14.997845310 9.602158985 -0.381438120 
5.374118845 17.832730749 0.284566026 
5.513643210 17.961479692 -0.183240244 
-14.995600462 9.698371156 0.391036684 
-11.865674277 8.967882370 1.072910433 
1.118172039 15.792513298 -7.451846008 
5.712700313 16.518098219 -3.198811927 
-13.688076186 10.515458877 3.106475632 
-14.710020629 9.226406172 1.161905923 
4.663928170 16.637665704 -0.771061383 
4.085430173 16.757389083 -1.410451490 
-11.619966197 11.999063367 1.946797079 
-12.114995422 9.301994495 -3.314156184 
1.156007780 21.351788008 -5.191342851 
0.973003855 21.100027304 -5.465281880 
-14.776315521 14.305939240 2.845257890 
-15.146458992 14.810110630 1.788127207 
1.153058467 21.206370200 -5.315740409 
2.676824307 16.230749939 -4.333010356 
-13.077106927 15.097206653 -0.794316857 
-11.213728671 18.260580827 -0.058894984 
1.931439448 20.784490896 0.806154535 
0.931479223 21.479935085 -0.686418800 
-13.509310789 14.876484868 -2.178166896 
-14.204028383 15.162287463 -0.373240352 
1.565260113 21.145593634 -4.365375780 
1.301792113 20.902854905 -4.900496728 
-14.470288252 14.299628492 3.455966317 
-14.605812346 14.321832164 3.226445972 
-0.755027313 19.256593205 8.521224546 
-0.837468398 19.067373137 8.784871407 
-8.366827293 15.401352222 -9.906472250 
-8.706556769 15.250334538 -9.832132267 
-0.500077332 19.236501964 8.467215674 
-0.382504967 19.223493195 8.465043791 
-9.842888445 15.291619577 -8.931183898 
-10.159474782 15.252577940 -8.641525593 
-1.613045916 19.101956700 7.923800571 
-0.999296230 19.363115643 7.928646912 
-9.640395971 15.657949168 -7.961762997 
-9.961430751 15.312734635 -8.406477638 
-1.365065132 19.209055846 8.619612305 
-3.603811068 18.189856838 6.414018707 
-10.439644679 15.194666054 -8.507044913 
-10.831713180 14.794981378 -8.571603814 
2.991736561 16.658519900 -8.611346438 
2.277106162 16.102999844 -9.657367418 
-13.656916915 9.614394891 6.025553328 
-14.037639840 9.751327286 5.224490990 
3.044714782 17.736059625 -7.176629098 
2.410116874 18.125758754 -3.884352095 
-13.511048591 9.743368863 6.172169901 
-13.862485923 10.011963435 5.296496760 
2.384234906 19.058414496 -1.613008232 
3.587956188 17.788199745 -5.253409276 
-13.323584454 12.233463330 1.483291577 
-13.874282279 10.523205983 2.901134978 
3.266421391 18.046393668 -6.607998815 
3.044217605 16.677526240 -8.538313144 
-13.622431251 9.883207561 5.917785589 
-13.613310404 9.767847374 5.987228952 
4.889514975 15.583109494 -0.399475741 
4.053893464 14.661147743 -0.385542756 
-10.916636112 8.670818633 2.479451507 
-10.692060279 8.637714155 2.859354431 
2.313830308 14.776858116 -2.054837825 
2.755306392 14.306987298 -0.834033572 
-6.151648953 11.935251905 5.520271069 
-8.734627835 10.715497575 4.381417770 
4.159988533 15.004574461 -0.646373424 
4.088544396 15.038089330 0.329457076 
-11.588834260 8.221563967 0.385855455 
-11.593447235 8.207165009 0.327677918 
4.189979966 15.069988785 -0.964278389 
4.281909187 14.774296194 -2.634913222 
-11.764443961 8.907181753 0.379501011 
-11.806696097 8.736299173 0.528828753 
-0.887769901 20.402669514 4.279182602 
-2.564987267 21.493736923 -0.138560629 
-10.876845355 17.055781556 -3.266881921 
-10.258542107 18.731107140 -0.554249156 
-0.765390801 18.318144059 -4.389527609 
-0.958260310 18.317745164 -4.550487455 
-11.003988934 14.534130639 4.152816324 
-10.940752083 14.485981386 4.357279099 
-1.250235977 17.669633989 -5.026591307 
-2.233084693 17.187155758 -5.903870929 
-10.160044567 14.429341477 5.111794021 
-10.815829572 14.247845200 4.332313002 
-1.699738795 18.255496279 -5.142463098 
-1.396823176 18.407927983 -4.766343103 
-11.242268602 14.666519102 3.516614556 
-10.272981269 14.895647153 5.031831681 
-3.891390506 16.357176088 8.384210914 
-4.243156033 16.103626775 8.514951841 
-4.928405453 15.848311958 -7.894359026 
-9.147901817 15.977623041 -5.599414627 
-3.692877027 17.307508083 7.118421979 
-4.281281694 16.930903958 7.410572227 
-5.979427682 16.380191565 -6.776613228 
-6.810920739 15.936846673 -6.860101908 
-3.501657965 17.364405000 6.813700792 
-4.564258828 16.889859915 7.218207489 
-6.838096830 15.766074439 -6.811089657 
-7.279562824 15.581827486 -6.769969036 
-4.003837097 16.852857710 7.480842017 
-4.325362466 16.733180399 7.544033942 
-6.484043086 15.712074587 -7.155695246 
-6.906954904 15.527054505 -7.135178475 
3.282383109 14.643393492 -5.396987202 
3.626405323 14.851611811 -4.592289225 
-9.501843826 9.485564859 6.207353642 
-10.384432024 8.884250650 5.353793576 
2.542385256 15.498487209 -4.821113399 
2.172950005 15.092788482 -5.848434609 
-10.658512414 10.173848728 4.409625816 
-10.780195890 10.084827860 4.211005866 
1.824672007 15.524460448 -5.228368528 
1.450016236 15.152590600 -6.148512611 
-10.966877980 10.083481332 3.668863469 
-11.087725692 10.033315337 3.496253667 
2.035675504 15.059766220 -5.732094548 
2.040275482 15.092606624 -5.669852118 
-10.962899040 9.665438550 3.909651550 
-10.792871893 9.917242536 4.054191342 
-1.265083386 20.879303850 -0.449402763 
-1.303199533 20.887739973 -0.450609972 
-11.847265533 16.550456198 0.504855400 
-10.001867460 16.116730507 -1.211919856 
0.884940944 21.433158802 0.396540866 
-0.059798923 21.320988882 -3.041922523 
-13.820667124 15.402210784 -0.970549830 
-13.481128931 15.728395682 1.434511734 
0.620618920 21.215422019 2.061968314 
0.861137585 21.208202872 1.795738611 
-13.579668023 15.639938705 1.183039582 
-13.682067191 15.567946505 0.803718473 
0.910667190 21.202526890 -1.288607948 
0.828091293 21.194221581 -1.621395281 
-13.215951615 15.477306180 2.682155612 
-13.284193965 15.402078963 2.631310688 
-0.450929322 14.371641646 6.383949311 
-0.773259897 14.192252781 6.685847068 
-10.100293881 10.512028871 -3.013913694 
-10.160245473 10.123266470 -3.141146301 
-2.938230575 15.373391685 7.782480106 
-4.895786976 14.300617120 8.733494820 
-10.575208952 8.885747256 -0.664725217 
-12.756025475 8.853406192 -5.122063796 
1.334929889 16.814703479 -7.080835888 
2.513074192 16.511553278 -6.426075276 
-13.948989796 14.132731414 2.288230062 
-14.196457185 13.686912181 1.914940565 
-1.752398160 14.482595459 6.749738489 
2.418288697 16.419560485 2.724925073 
-9.761657312 11.950080043 -0.823044605 
-9.402898881 11.164101648 -2.973376802 
2.364280114 12.394981783 2.803843505 
2.395841506 12.345133460 2.872886348 
-7.707998370 7.718197262 -3.508863956 
-7.846578961 7.666752743 -3.306382171 
1.414284163 15.038272242 1.590632950 
3.577497548 11.496653762 0.652694007 
-4.754424392 8.769225894 -5.417008262 
-7.990931348 7.553659459 -3.317468721 
3.037388156 17.359375959 5.848448181 
0.166471844 12.368954298 9.877102060 
-7.474558200 6.163411432 -3.445220318 
-11.994160970 11.321018170 -6.038429640 
3.351915259 13.852369869 0.502203772 
3.206873801 13.897443635 0.468794734 
-8.176004745 7.046688206 -3.739808144 
-8.018104587 7.482369918 -3.460638703 
-4.273248857 15.044180569 -7.337527586 
-4.423905203 14.956998498 -7.375214269 
-6.232529643 14.208049870 6.907224723 
-6.455956762 14.127415634 6.876122532 
3.525161983 17.139484788 -6.533780227 
-4.744278071 16.830764306 -10.606964922 
-5.746440965 12.724593474 8.520679939 
-2.129796370 15.456879864 8.866307972 
-1.476013813 19.258824847 -7.191899333 
-3.446498433 18.257540420 -8.905309363 
-9.463334315 15.796410084 7.732030115 
-9.081796467 16.003791862 8.177143594 
1.132093337 11.685481571 -8.148619487 
1.202638286 12.122310387 -8.606190282 
-5.045367103 15.743592686 6.377117970 
-5.503858977 15.645535596 6.369513451 
-1.490953816 21.537166534 0.413968362 
-1.167535078 21.553759789 0.030446218 
-12.121843865 17.178870224 -2.022811076 
-12.191512971 17.135200723 -1.903125522 
-1.331363978 21.540475661 0.240087932 
-1.358184579 21.539031321 0.418746325 
-12.170732012 17.199418228 -1.677839048 
-12.102117016 17.263560961 -1.352114374 
-1.279324186 21.560402034 0.306769523 
-1.162419758 21.532381409 0.672690331 
-12.186722999 17.189447970 -2.079537763 
-12.179538499 17.180308483 -1.802501715 
-1.266706410 21.562118756 -0.144121899 
-1.192775944 21.554535519 -0.059656865 
-12.270543805 17.106338815 -1.762600636 
-12.148684435 17.176183991 -1.866593301 
3.419468995 15.822386052 5.052383782 
3.234076759 15.809667196 5.305793880 
-12.111725831 9.308456696 -3.554573668 
-12.279951056 9.271968680 -3.266977026 
2.868817194 15.620387545 5.947813085 
2.908710744 15.695378364 5.851690647 
-11.917422972 9.575630459 -3.897456901 
-12.030976546 9.491236684 -3.662282848 
3.985696346 15.807974746 4.278223244 
4.216288926 15.925202977 3.594774771 
-12.549561135 9.116562671 -2.440009531 
-12.305516532 9.320435433 -3.162018307 
3.554072417 15.759218682 5.131178425 
3.537045480 15.903097498 4.844229555 
-11.831890275 9.505154973 -4.131935296 
-11.674355053 9.578112940 -4.448046695 
2.944165334 13.092441646 7.058289697 
2.865918077 12.979391466 7.234934365 
-9.351173724 8.407315236 -6.136141790 
-10.064476002 8.152586330 -5.482906013 
3.097702048 13.010368163 6.852399101 
0.495300195 11.042542696 8.352799290 
-9.822337452 11.219407602 -1.903351539 
-10.174799704 10.409924155 -1.516853373 
3.625458375 13.683581940 5.920170995 
3.832657917 13.910984710 5.424930220 
-9.630751162 8.297187240 -5.990083598 
-9.085325274 8.525128031 -6.435268506 
3.316534805 13.419456211 6.489861700 
3.098340382 13.397465499 6.718034820 
-9.688834207 8.266324373 -5.930307312 
-9.876522440 8.159283296 -5.716175259 
-4.804606824 15.633896981 -9.193936146 
-5.356817039 14.056958481 -9.335766638 
-6.634417335 14.759611372 8.689515966 
-4.716639801 13.575492116 8.666574335 
-4.853970826 15.556360565 -9.244182444 
-4.498854541 15.698526474 -9.227472362 
-6.551432732 14.801280847 8.694996520 
-5.524710634 15.245671530 8.711989429 
-5.070028819 15.390095133 -9.275044996 
-5.413821189 15.342012963 -9.282079189 
-6.649950944 14.775831580 8.718395127 
-6.249176116 15.034711803 8.719019615 
-5.700743478 15.148789170 -9.304452842 
-5.392561842 15.227150877 -9.289900295 
-6.616138566 14.882498980 8.690594678 
-6.825976940 14.721583352 8.674488829 
5.529303407 18.781979097 -2.203088188 
4.993935942 18.614827163 -4.632227914 
-15.225517840 10.282793559 1.692088613 
-15.191585298 10.439067159 1.839049949 
5.393696022 18.874518691 -2.185704670 
5.391343597 18.843694133 -2.519155946 
-15.220965321 10.257369025 1.521798441 
-15.276590472 10.236895694 1.378488015 
5.625557818 18.631422553 -2.238095813 
5.577780864 18.629209977 -2.553120513 
-15.074697692 10.359073200 2.255517393 
-14.974156916 10.662682886 2.732822430 
5.434784921 18.700851328 -3.113586652 
5.374228738 18.402105985 -4.226751507 
-12.536636634 9.406601382 4.976268953 
-11.901455909 10.853914173 4.653221883 
2.170078547 21.166590804 -4.538209405 
2.001602739 21.359623935 -4.202425275 
-15.484647273 14.262156355 1.800358489 
-15.473063966 14.168028028 1.969907051 
2.353548830 21.335362841 -3.708893718 
2.694948987 21.532064584 -2.741140115 
-15.419727554 14.292581891 1.547040825 
-15.349435788 14.227896198 2.161851433 
1.901798240 20.993552611 -4.961095393 
-1.754915919 20.690223738 0.623183172 
-15.251920920 14.169733445 2.118538894 
-10.018685096 17.667055328 -1.985149719 
2.539438058 21.552273414 -3.059154248 
2.398793150 21.509474568 -3.350492510 
-15.037274743 14.528454198 2.910570297 
-15.336062443 14.479761116 1.912663494 
-1.588128008 18.331905467 9.982216405 
-2.793819163 17.770433206 10.647482647 
-9.935618848 14.748955751 -9.534947838 
-9.978416538 14.753699501 -9.495601109 
-1.801819451 18.087218080 10.258222694 
-1.810236889 18.233230305 10.086743253 
-9.416822669 15.125584082 -9.562776174 
-9.376864954 15.193226708 -9.527624651 
-2.477213732 18.297730787 10.039847248 
-2.056598582 18.332386905 9.982859795 
-9.050314782 14.812426486 -10.064822177 
-8.800196597 15.161858195 -9.912335262 
-1.343088202 18.615524153 9.641725593 
-1.676786952 18.314325381 10.040770172 
-8.007940396 15.200431324 -10.349108060 
-8.744546563 15.154412786 -9.978379797 
1.986550146 16.459733313 -9.944448694 
1.119044125 16.142176444 -10.631225969 
-14.233823892 10.294180886 5.324766720 
-14.244457887 10.357728131 5.251486502 
2.227876522 16.760140774 -9.380111339 
2.433062937 16.943264419 -9.102256589 
-14.009221064 10.458464798 5.671183100 
-13.539056587 10.694382715 6.342238684 
3.064311094 17.464717441 -8.001927017 
3.423851370 17.808639759 -7.232045524 
-13.291034556 10.513355543 6.864924249 
-13.004860048 10.692957885 7.196331318 
2.821081762 17.477861462 -8.196817460 
2.483602632 17.163669595 -8.814639347 
-13.735812284 10.383198320 6.256912654 
-13.617178918 10.500594742 6.396136557 
5.316178934 18.263275096 -5.420833133 
5.517513799 18.532019779 -4.278898834 
-15.611844463 10.116103538 1.910695341 
-15.445166055 10.364449990 2.961652841 
4.777568488 18.355516113 -6.175839693 
4.915255684 18.426364596 -5.842539229 
-15.740046838 9.722635486 1.222863353 
-15.411980493 10.511527317 3.429247889 
4.989868517 18.418049547 -5.529264798 
4.789727352 18.470307175 -5.674763905 
-15.375405208 10.571508740 3.141162586 
-15.396763284 10.368258210 3.063798468 
4.964385529 18.209740273 -6.017244529 
5.170861861 18.658109163 -4.944770699 
-15.454557068 10.187808530 2.828574851 
-15.029679207 10.467361023 4.250304581 
1.214064563 23.223985045 -1.805963415 
0.591426428 23.458188386 -1.418184331 
-15.188398260 16.830228490 1.774926368 
-15.133062373 16.893376408 1.905306517 
0.437360520 23.391131014 -2.140772702 
0.414240919 23.295101287 -2.597654167 
-15.235629886 16.936832547 1.522879265 
-15.197189482 17.087825327 0.992901052 
0.547018252 23.507393619 -0.762000129 
0.276754002 23.495294766 -1.425332915 
-15.046778866 17.120509931 1.834814802 
-15.109782700 17.057354987 1.522188042 
0.080790765 23.608702185 -0.907834627 
0.285518660 23.517701174 -1.421543620 
-15.074314081 16.892673379 2.502842716 
-14.870088787 17.245990982 2.108152205 
-2.880748464 16.069780210 11.675832408 
-2.450069763 16.065628189 11.588017258 
-7.286346901 14.326460157 -11.120063526 
-6.774471156 14.666102569 -11.122610295 
-2.311843011 16.092139391 11.585115745 
-2.466727633 16.180233752 11.543844441 
-6.733500649 14.699229925 -11.102938484 
-7.031460531 14.294850119 -11.195030658 
-3.000648650 15.839737642 11.750598383 
-3.305338568 15.791817421 11.819924109 
-7.027223999 14.571920876 -11.079892538 
-7.850905450 14.055364793 -11.042339352 
-4.082173430 15.214416867 11.927770278 
-1.174710161 16.757652048 10.467567699 
-8.204377973 14.189713566 -10.855984454 
-8.362866365 13.462100294 -10.148871993 
3.442909005 14.332506803 -9.841235187 
3.671989582 14.308107364 -9.553052206 
-13.090742130 7.471057718 5.733968959 
-12.751274164 7.482621429 6.251360733 
3.780628176 14.248102711 -9.517830286 
3.725500147 14.222592735 -9.607986206 
-13.301198394 7.642863242 5.755348398 
-12.922980607 7.432752267 6.114047176 
4.397979770 14.348190624 -8.838830547 
4.035421768 14.192323901 -9.197702354 
-9.057401309 5.190043062 7.638892123 
-8.549541479 5.755461006 8.354789430 
2.462171540 11.788670774 -10.962572475 
4.620110653 15.495857827 -8.320764276 
-14.276599178 9.609317336 4.536370932 
-10.291338977 5.725123559 7.820735576 
-1.795830360 20.499540192 3.180020506 
-1.826536038 20.231516537 3.308692243 
-11.585282503 16.485952533 -2.321869797 
-11.403186236 16.575637639 -2.925809088 
-1.722142842 20.310645163 3.011192394 
-1.216187208 20.273045826 2.676962500 
-11.631543334 16.210569371 -2.514573677 
-11.607274829 16.327183919 -2.627512150 
-1.811451429 22.036148010 0.846905151 
-0.997855454 20.646240257 1.787479404 
-11.234511677 16.300234241 -3.552943191 
-10.936453731 16.540120405 -3.844372599 
-1.254936868 20.550178906 2.695920882 
-1.333261275 20.397005158 2.749370382 
-11.270615315 16.299358114 -3.469449584 
-11.245981079 16.328140447 -3.554287610 
1.774569955 15.579977483 2.707991279 
0.336567358 15.462278855 3.684409864 
-10.264499098 9.717100320 -1.397814795 
-10.279980750 9.442817464 -1.430633306 
3.856715453 14.028517160 3.646401809 
4.321998934 14.092846942 1.944228379 
-9.785956330 9.156000209 -4.737258760 
-9.932757791 8.726704393 -4.293792058 
3.491698405 13.540054205 5.261528228 
3.056244744 14.001159876 5.420719525 
-10.209539378 8.460181479 -3.906900626 
-9.818232153 8.569523559 -4.292476942 
4.134341775 14.039845233 2.973507377 
4.171009477 14.104569204 2.832928482 
-10.724502767 8.078551446 -2.739681658 
-10.675988492 7.985647718 -2.563863415 
4.515817002 13.325999450 5.105246251 
4.204491453 13.164658880 6.069350691 
-9.710632655 8.265253836 -4.375675852 
-9.981785777 8.901221663 -4.022588152 
3.551624001 14.972088829 3.742658508 
3.511883046 15.103808287 3.559726075 
-10.093828428 8.903955526 -5.109240009 
-9.554557921 7.418021231 -5.999562521 
3.695777566 12.884402062 6.803639612 
3.394230580 14.253840738 5.457267032 
-10.610391346 7.710323083 -5.490066886 
-10.500553770 7.231824315 -5.190436792 
2.968844497 14.364223229 4.591976355 
2.755173343 14.182031919 4.862469512 
-9.614986170 7.328157137 -3.525483433 
-9.737140952 9.301486031 -3.896130394 
-6.211968495 16.199182207 -8.659794159 
-5.846168094 16.515517102 -8.055860109 
-5.806530048 16.542390982 7.744108431 
-4.998759309 16.874269196 7.286500091 
-6.975106675 16.000858962 -8.007676909 
-5.833553081 16.516236605 -8.116545867 
-6.388286809 16.398989724 7.254582682 
-6.085111856 16.479023069 7.359267797 
-7.480483792 15.728997830 -8.223769223 
-7.040485844 15.984639858 -7.961231714 
-6.654966629 16.222613163 7.429008529 
-6.312192397 16.425686505 7.233319204 
-3.907345242 18.607788806 -6.195729751 
-7.081427937 13.509049652 -8.980738404 
-7.084446744 16.159153277 7.177056105 
-8.342600028 15.687199165 5.128078071 
-2.516609583 17.565308285 4.691975590 
-2.692272829 17.524411723 4.785687974 
-9.789465940 14.422189856 -4.009538510 
-9.651153634 14.792205095 -4.058788346 
-1.763879664 16.939675502 4.722748163 
-1.624177939 16.988165502 4.621345806 
-9.368501805 13.925492177 -4.432942765 
-9.589215705 13.788795556 -4.268876068 
-2.413257353 20.352013097 1.918416354 
-2.105763194 20.480694087 0.968336375 
-10.759301575 17.164884987 -0.443789658 
-10.433003199 17.596371907 -1.407600055 
-3.148005439 20.047091869 1.425221191 
-2.769201332 19.945626606 1.200878777 
-9.836789100 17.472908223 -1.078583554 
-8.729847559 17.829181424 -3.635931878 
3.421160240 14.253090926 0.849457262 
3.402454820 14.272739750 0.012643881 
-9.989094595 9.225176928 -2.343300800 
-10.612112734 8.735651168 -0.439438671 
3.122290929 14.576114797 2.408198378 
3.141591124 13.806197106 3.234940030 
-10.739232615 9.383301219 -1.382034016 
-9.724272173 9.324810609 -2.377478057 
1.840819729 14.658968181 2.568181032 
-2.738510265 11.369539798 8.145065097 
-7.014045142 11.453944031 -5.275360333 
-8.023295835 7.487476816 -3.675445032 
3.383811769 14.329407485 3.574724521 
4.024420794 14.349968546 1.620243118 
-10.737082866 9.636427811 -3.643634148 
-11.798135850 9.308294552 -1.497326867 
2.368119922 14.774859060 2.903793561 
2.223152354 14.709398340 3.261258881 
-9.455307756 9.381762673 -4.007879439 
-9.479764470 9.453074243 -3.904182826 
2.264648115 15.381535944 1.728568723 
2.195377957 15.189210885 2.493494128 
-8.887666599 10.038165251 -4.515992091 
-9.194083104 10.121526504 -4.125241141 
2.797079543 15.358518134 3.459269207 
2.858711785 14.314816632 2.660810054 
-10.208368798 9.645900560 -4.275005545 
-10.138686747 9.544888133 -3.201746708 
2.364143105 13.399261506 4.671643324 
2.267532627 13.015762560 5.025709864 
-8.356985067 8.798509391 -4.943617430 
-8.496039121 8.424765809 -4.763286644 
-5.109465682 15.677282585 -6.826090852 
-5.893223368 15.374090682 -6.877132719 
-5.160073236 15.682578983 6.216279129 
-5.560372961 15.481334661 6.293900138 
-4.840447310 16.120606708 -6.423451463 
-5.555208634 15.854036602 -6.511938898 
-5.839686772 15.754250266 5.853350877 
-5.474295442 15.842543830 5.882553021 
-4.656437011 16.657189620 -6.176610277 
-5.239100361 17.556717487 -5.433801486 
-6.522243482 15.760409220 5.671737214 
-7.447549994 15.635046519 5.261983791 
-5.333696924 14.972372653 -7.394464063 
-5.553944047 14.603593473 -7.552329246 
-4.079723379 15.374481591 6.721646230 
-4.437763999 15.064024931 6.946220644 
3.818236395 14.794521414 -3.702314381 
4.011664613 14.864387929 -2.814595110 
-11.834480719 7.903144546 0.523402397 
-9.332152865 8.480762263 -3.406079825 
3.803410076 14.975602417 -3.376596685 
3.736693061 14.880484963 -3.710276398 
-11.896945633 8.040064085 0.738159207 
-11.741269579 8.243996070 1.612383951 
3.820487050 13.632741431 -0.768344502 
4.019796022 14.920287749 -3.138423600 
-11.868003626 8.003580499 0.970305386 
-11.775149922 8.026330388 1.595824182 
3.446251520 14.787907725 -4.410615436 
3.870108073 14.841875478 -3.552488538 
-11.856833571 8.073370131 1.080057584 
-11.812035022 8.151394747 1.488175005 
-1.771023466 20.856270801 -2.543507119 
-2.127177017 20.815617228 -2.457471095 
-11.907744166 16.696251140 2.691430039 
-11.458100375 16.921659399 3.064670792 
-1.906161003 20.888510718 -1.955165147 
-1.282582233 19.530390212 -1.237699677 
-11.283946811 17.015058768 2.851018772 
-11.681948241 16.773878885 3.044067744 
-2.312939937 20.696391934 -3.008707642 
-2.130334617 20.782738612 -2.784660039 
-11.875009222 16.687092533 2.951297084 
-11.608779913 16.890359351 2.858827541 
-1.899099859 20.877375937 -2.143156990 
-1.890782848 20.889013339 -2.327521239 
-12.371363315 16.537540441 2.635853003 
-11.727872131 16.855087257 2.614045404 
-5.152630938 16.190565650 8.422877591 
-5.252852977 16.147133484 8.376810323 
-8.478791665 15.066937889 -7.669043274 
-7.917744942 15.211230609 -7.815457616 
-4.250832648 16.146894574 7.416576371 
-1.235901821 17.627992888 5.556944444 
-7.821611072 15.183677780 -7.742364949 
-7.386217459 15.241403639 -7.777322037 
-5.107289158 16.333125514 8.313097146 
-4.087344546 16.770585798 8.170427262 
-7.325919913 15.311325957 -7.928037940 
-6.444659560 15.627853202 -7.976542503 
-4.594173944 16.268770420 8.325559109 
-4.866929563 16.286466126 8.497460229 
-7.107885567 15.505033553 -7.939910344 
-7.286002377 15.484242500 -7.917030191 
1.767463145 15.312296374 -5.595009327 
2.548849483 15.830528262 -3.909641155 
-6.650466935 9.392778420 6.253799178 
-7.841778880 8.199285460 5.744192598 
3.478739867 15.105667240 1.249392490 
2.965724291 12.117719349 -7.357620273 
-4.533835705 9.088024090 7.704981151 
-8.810943721 8.381706618 6.471592162 
1.280026183 11.879784312 -7.038060675 
1.023841027 11.695916995 -7.351141813 
-10.371224786 7.218191104 1.747371838 
-10.378660637 7.201676363 1.854146333 
0.727698242 10.610836935 -7.589457426 
0.761602410 10.579299176 -7.626179405 
-9.077916730 7.321287848 4.635174388 
-9.109179971 7.279979216 4.650375460 
1.686920690 13.399992072 -5.940519582 
1.530795727 13.177097736 -6.344153805 
-9.647267198 8.629127743 4.295168985 
-9.909456997 8.327948177 3.884012989 
1.696044634 14.619431987 -3.485790515 
1.791316315 14.219426852 -4.098376291 
-12.743130082 7.640862409 1.829354584 
-11.404046590 9.594250976 4.382344178 
3.631327528 16.753824607 -4.046531124 
4.239895926 16.590567325 -3.574313432 
-12.072526813 12.722063198 2.782238956 
-13.365127162 11.306597093 0.435156210 
3.293358583 17.278372042 -3.638722743 
3.958293825 13.176180460 -4.784991824 
-11.674222979 8.578576737 3.639483318 
-11.557428597 8.202620386 3.983664530 
-2.136930146 19.716944077 -0.880585228 
-1.962857490 19.744715678 -0.474124596 
-10.331445456 16.306455699 2.080749337 
-10.337132466 16.289987476 2.137027665 
-1.702926346 20.158089707 -3.325310827 
-1.737116043 20.179457355 -3.407218559 
-11.770996913 16.198618074 2.434889928 
-11.553075375 16.352570527 2.478828994 
-3.217435347 20.142214427 -2.097828844 
-2.443722233 19.815913614 -2.547004499 
-9.297625858 17.688031585 2.074515524 
-9.824283913 17.093794723 2.999814801 
-2.284165637 21.230745465 -2.911667313 
-6.114824058 17.924637611 -4.238174591 
-9.432142068 17.555836997 3.532447441 
-7.354603611 17.740011115 4.036561338 
-5.086092112 16.525529988 6.926638001 
-5.683187793 15.695753957 8.903757541 
-6.564719188 16.094264024 -6.237884122 
-6.786022738 15.950943752 -6.302371618 
-5.268721978 15.734124389 8.543136480 
-5.819014529 15.545739701 8.551756072 
-5.780697609 15.461163470 -7.984320839 
-6.224328326 15.292916401 -7.988109372 
-4.236954766 14.590830006 7.577113457 
-6.739844282 12.732355006 7.456826845 
-6.698455366 14.205019281 -6.572326338 
-6.420380868 15.992499387 -6.270665040 
-7.310850386 15.377406264 6.790110524 
-7.906179092 14.844039804 6.834822655 
-3.045546754 16.336192888 -6.553217681 
-3.111811144 16.109159698 -6.836859584 
2.773801743 14.645623636 1.590003607 
1.889659236 14.142493683 -5.461321088 
-7.898245365 10.693765033 5.189187757 
-8.753982925 10.349697576 4.294757824 
3.387021909 14.820526171 -2.090888571 
3.282328914 14.713758110 -2.792781627 
-11.130244784 9.572083737 0.441819541 
-11.103640007 9.461631272 0.783220874 
3.588756143 14.485521914 -2.939077108 
3.779970820 14.200227529 -3.176895132 
-11.312132984 9.465209313 2.248689428 
-11.590510431 9.336834837 0.771380066 
3.760056980 14.170451785 -6.171681665 
2.183715865 15.012627430 -3.965632450 
-10.660271635 6.578035724 4.505632316 
-9.286121949 5.262225946 5.085924998 
-1.444967756 20.819564261 -3.651531375 
-1.238702325 20.745518904 -3.873346294 
-11.796708606 16.595392357 2.961122476 
-12.315746071 16.276607645 2.261491587 
-0.784889979 20.761148679 -4.371066981 
-2.720822806 20.429058030 -5.133026959 
-13.454715958 15.067304004 -1.517211294 
-12.770712071 15.502422354 2.406910500 
-0.676071290 21.224536960 -3.317535990 
-0.267828284 21.044915840 -3.797981580 
-12.274819456 16.625288897 2.912170099 
-12.729385893 16.155138129 2.751997696 
-1.296858044 21.267086774 -1.943163019 
-1.284041576 21.242395331 -2.167636348 
-11.554370380 17.173463328 2.624128162 
-11.641097823 17.052788530 2.656565854 
1.140842166 18.019136377 5.000160360 
1.637915538 18.197248540 4.113958271 
-12.146308790 12.293532127 -3.535045669 
-12.027067128 12.361015140 -3.833567141 
0.651947749 20.185838487 4.661461632 
1.987956446 19.226472588 4.342530938 
-13.156698183 14.555685353 -3.648563636 
-12.697963828 13.021120141 -4.643549674 
3.479745308 18.987910412 0.321834535 
2.637125862 19.508042338 0.820646046 
-12.710315908 12.676410760 -2.636791479 
-13.312209755 13.343319596 2.622862562 
1.682866483 20.818582871 1.131686232 
0.894563662 21.058081870 0.958771346 
-13.693031231 14.896018978 -0.796753823 
-13.727333496 14.876762458 -1.025209552 
1.599847025 12.069165741 8.263412485 
-2.179496638 11.839125795 10.228260589 
-6.713528085 10.490474508 -9.883944603 
-4.917752509 9.152108807 -9.767636604 
-0.839355610 11.214566852 9.953646997 
0.687445530 12.608199119 8.871776309 
-10.028845109 7.893885724 -7.277777865 
-8.225065727 8.857947012 -8.304555677 
-2.026350092 9.144584531 10.178019708 
-4.250818728 8.581463211 10.157641687 
-6.979045991 10.677796598 -9.390074287 
-3.923741343 9.461062677 -9.567065722 
-4.177445703 10.645313726 10.124242343 
-1.916932150 11.780041541 9.784584407 
-7.033649164 9.429136784 -9.286249048 
-8.758516054 9.550219930 -8.034029509 
-4.976277383 11.837056217 -9.561995508 
-5.957294772 10.916687972 -9.699170211 
-3.323498320 11.219342504 9.843364633 
-2.593180817 10.913137531 9.844201135 
3.692017058 14.338581573 -5.737421922 
4.191097833 15.031545582 -0.038227174 
-6.070347643 12.850314787 7.463744140 
-7.548365867 10.823302140 7.788955982 
-1.698092874 12.314555962 -10.279913466 
-2.702811279 11.751518214 -10.111358760 
-7.838630097 10.589648104 8.896695188 
-7.755684643 10.853301427 8.814748094 
-4.470513492 13.289031926 -8.751701125 
-5.709121163 12.679241217 -8.681650478 
-5.616103943 13.881707121 8.087951139 
-6.976067222 12.281657095 8.005917505 
0.010947932 20.537872895 -3.403157914 
-0.008622506 20.795907212 -1.514898356 
-12.359644569 16.352662762 -0.739511665 
-12.454685066 16.040144598 -0.054494445 
-1.851537832 19.618356181 2.794875594 
-2.266013357 19.641853453 3.025825523 
-10.100134768 16.256827816 -3.811378290 
-10.523464624 16.236752713 -3.136460116 
-1.812666125 19.238556565 2.646590764 
-2.270047890 19.125040412 3.115806847 
-9.398874466 16.078023663 -4.251490517 
-9.635943079 15.977456088 -4.001546361 
-1.773825563 19.169680650 2.638709472 
-1.857937771 19.115065738 2.841123346 
-9.775272797 15.770065706 -3.986335284 
-9.758150225 15.815277133 -3.925368497 
2.520179324 15.402839253 3.425613376 
2.764662191 15.340445096 2.730369696 
-10.950273042 9.822079044 -2.401195293 
-10.522892318 9.958665290 -3.168440380 
3.146367161 15.354912119 2.187130392 
2.936823115 15.325048953 2.772369296 
-11.352754432 9.227724582 -0.170173389 
-11.074933780 9.557801780 -1.763359531 
2.479043188 15.670593327 2.946302411 
2.568091606 15.704422573 2.577400588 
-10.907145663 10.133734602 -2.484317381 
-10.215966239 10.477498134 -3.959165047 
2.337679693 15.444955817 3.495296389 
2.664589295 15.568703410 2.352137196 
-10.795890460 9.841315204 -2.669333913 
-10.745344498 10.027661078 -2.743438705 
2.479901108 14.405490712 4.832885793 
1.356508869 12.464550964 6.238564041 
-9.903577112 8.132519926 -4.378806638 
-9.182623105 8.044601457 -4.216502337 
1.840144336 11.933474756 7.565476440 
1.424132289 11.988583555 8.163487023 
-10.268269363 6.327970664 -0.232938944 
-9.396203721 6.460138383 -3.479265427 
1.440200989 12.511035785 6.410536201 
2.030455907 12.770402611 5.657683302 
-9.204933238 7.911985633 -4.010040895 
-9.061935468 8.056194340 -4.231136660 
1.861033424 12.546442017 5.693074583 
1.821467998 12.742121746 5.470618297 
-9.214294580 7.910705969 -3.836079599 
-8.866778309 7.971778880 -4.344953449 
-0.064940716 17.984536339 3.540886930 
-0.705955058 17.324513207 5.140877820 
-10.301925370 14.557358591 2.491440723 
-5.337250671 9.590029138 9.043253085 
0.224593835 11.956267121 -8.473852243 
0.519984281 11.545345109 -8.344658949 
-7.456160832 9.207857412 7.448873461 
-8.203194912 8.150899823 6.850949774 
-6.176822847 14.389834002 -7.412171751 
-6.397696068 14.310352473 -7.390335492 
-3.885380172 12.195831791 8.811189526 
-5.984376473 14.516738885 7.197937211 
-7.685696534 8.488130316 -7.205559162 
-8.329612990 8.292822844 -6.708240308 
-5.960270465 12.138207393 8.925889623 
-6.334640538 11.704883433 8.901390691 
4.350350721 18.300083618 -6.421739935 
5.302787939 18.592015089 -3.779227517 
-15.257011092 10.309324838 1.964196782 
-15.383229960 10.211280283 1.210847129 
5.030675087 19.016605177 -3.762346325 
5.460060960 18.892376222 -2.635566511 
-15.323570326 10.548510384 2.109886801 
-14.839790089 11.276288492 3.947799140 
1.485417135 16.342731274 -6.915303033 
1.735206369 14.473669976 -7.704970659 
-11.739773249 13.568235555 7.683264779 
-14.341882839 13.140318960 4.091789435 
3.049511296 16.938702130 -2.570802508 
5.392882042 18.544309844 -3.677620998 
-14.839098791 10.886099673 3.501593023 
-14.772992006 10.786892250 3.554033525 
1.637713135 21.582194046 -4.304841225 
2.147998090 22.102043069 -2.855915867 
-15.397060154 15.121521616 0.384215678 
-15.500707335 15.089671933 0.509858369 
1.970481744 22.111231875 -3.132657644 
2.748089107 22.291999682 0.091873488 
-15.299856175 15.252845517 -0.547053386 
-13.229239128 15.924237680 -1.577865579 
0.278125286 20.509294127 -1.248607601 
0.676718248 21.528631262 -1.176081700 
-12.642365511 13.975591029 0.528743717 
-14.267159011 14.864143802 0.052659639 
2.218896278 22.280649701 -1.539702115 
1.914700863 22.481366906 -1.182174125 
-15.071357519 15.546748523 -0.512835933 
-15.234204303 15.536782305 0.508491144 
-1.946760834 17.820917289 10.467731335 
-2.067721300 17.768751530 10.541400112 
-8.393101817 14.830010630 -10.394788494 
-9.448615059 14.467664717 -10.048895292 
-1.808544677 17.776757326 10.470121005 
-1.980401264 17.492559805 10.790813844 
-9.197466272 14.586846958 -10.088426667 
-10.296235012 15.329239232 -6.182330587 
-3.443392514 17.977164244 9.195050820 
-4.054712203 17.470339171 10.135369152 
-9.350824191 15.561136656 -8.314689175 
-9.065368196 15.639059396 -8.774906643 
-2.696201861 17.271506128 10.967857629 
-3.618764316 16.918673269 11.245760892 
-8.911287101 14.287936070 -10.482564869 
-8.931903514 14.327229174 -10.422052780 
1.636503375 15.694367027 -10.523663835 
1.373374863 15.569982571 -10.759731474 
-13.832141805 9.184592748 6.182212739 
-13.761528110 9.788800997 5.839261034 
1.032636751 15.638724641 -10.781284545 
1.807598461 16.015078205 -10.077632678 
-12.943117731 9.319608599 7.382707875 
-12.635259312 9.889807670 7.637159751 
1.166309055 17.832676372 -6.895367955 
2.494419554 17.393020097 -7.096598313 
-13.385488617 12.237601094 1.322564491 
-12.803026432 10.844932888 5.493173826 
2.052855711 16.150225551 -9.893690026 
2.125982143 15.823246321 -10.172627802 
-12.243364437 9.301174993 8.335819139 
-12.677848475 9.868046945 7.604029897 
5.247877718 18.652903817 -3.172487002 
3.787148393 17.494819777 -3.397839813 
-15.097714627 10.023336043 1.227633055 
-13.477985213 9.404484022 3.428467283 
4.547275937 18.903198314 -4.861093952 
4.764041608 18.564604743 -4.942012388 
-15.098829657 10.181841408 1.966401491 
-15.169208997 10.188522968 1.623457754 
3.643642856 20.902507924 -4.173354048 
4.284380958 20.374737015 -3.640642883 
-14.828088209 10.539565964 3.077268434 
-15.145479913 10.136544120 1.639208123 
5.113847686 18.442456504 -3.421346636 
2.809245130 21.378314832 -4.120608892 
-14.059963596 10.787960300 4.598884827 
-15.348945570 12.972426513 4.030240401 
2.350240398 22.004448457 0.341365567 
0.267577696 21.724280090 0.970375179 
-10.020772007 17.611867724 -3.971812394 
-13.340420452 16.323412802 0.244937183 
2.080268293 21.876552423 -2.623960461 
2.198288380 21.657104363 -2.800847022 
-15.140148827 15.350950946 -1.030075461 
-14.612726494 15.974005085 -2.181245645 
2.774620260 21.964957984 -0.304352069 
2.303911484 21.857931500 -2.161612113 
-15.170104992 15.074961219 -0.306010923 
-15.215001213 15.107698819 -0.247786603 
2.145380795 22.254811770 1.018926809 
-1.239101781 20.830758956 0.940298950 
-14.852067522 15.516330782 -1.270880270 
-11.138127685 16.668636529 1.385262887 
-1.690028722 18.155044507 10.020993552 
-1.486220683 17.717982600 10.478354801 
-8.992947600 14.455749561 -10.301343625 
-9.350590228 14.722895660 -9.905135226 
-2.037725966 17.736841752 10.557699732 
-3.280030275 17.203516036 11.062583076 
-9.560148146 14.266337868 -10.157458079 
-8.122196956 12.214899631 -11.323553405 
0.848175537 12.306043361 8.793053837 
0.423959053 16.538273676 6.804344283 
-8.207519129 11.190922486 -7.477519827 
-8.298518157 11.796701594 -7.124135340 
1.950406812 15.296398174 6.228364275 
3.147480154 15.411703364 5.061442433 
-7.850861463 12.213533620 -7.247436684 
-9.886658054 8.225546821 -6.299109507 
1.003034866 16.078251356 -10.305199216 
-0.001802380 14.964775280 -11.484161901 
-12.659440814 10.195063148 7.300062244 
-11.097889973 10.506055472 8.942766209 
0.382960593 13.554262893 -11.939783706 
0.035646697 13.293462840 -12.164352341 
-12.051931602 10.114407162 8.197601228 
-13.194485314 9.964190077 6.716294350 
0.861022094 15.487451853 -10.966066710 
0.858576242 15.535081629 -10.869089538 
-11.928673509 10.477221109 8.163317181 
-11.319622371 10.116086336 9.065127448 
1.771718350 15.956341101 -10.031993981 
2.498228913 16.036798600 -9.551568390 
-10.982681921 10.517454213 8.937349035 
-11.274609798 10.399163939 8.846223747 
1.095328617 22.377985879 -5.651473898 
1.366792137 22.700947075 -4.554234336 
-15.272377135 14.965512416 -1.307028125 
-15.088489665 15.261268720 0.457796521 
-0.563582952 20.655061999 -3.385977299 
0.425061852 21.694029337 -1.903525261 
-10.649533858 17.246170435 3.633719972 
-9.800241342 18.857533541 1.514514303 
2.099802117 22.167404043 -2.478889520 
-1.112370077 20.826242349 -1.121730024 
-14.936753676 14.773609447 -2.834394492 
-11.161300238 16.613091958 -1.571823667 
2.658787270 22.001596266 -1.870220348 
2.524840070 22.115717450 -1.937926473 
-15.289761907 14.923817893 -1.739304203 
-15.345012134 14.830063610 -1.031673826 
5.537445739 18.709142824 1.134171915 
5.585274730 18.481281799 2.233467326 
-14.224841445 10.928113307 -4.538754725 
-14.253307143 11.216370542 -4.352192566 
5.527525495 18.674448660 0.433538558 
3.789535557 17.515411498 2.771116079 
-13.471320200 12.156808784 -5.763095152 
-13.772421205 11.730742548 -5.110191471 
5.052656504 18.855678264 2.300969864 
5.184175852 18.816100582 2.386086935 
-13.521166460 11.289172276 -5.433225966 
-13.889246420 11.966201300 -5.249724676 
5.285664702 18.788489989 2.175643418 
5.262504116 18.698615469 2.393418842 
-14.463614089 10.906765463 -4.028959722 
-14.778347478 10.564392840 -3.254272302 
1.442642658 15.796660756 10.529029085 
2.445255471 16.460298461 9.285969779 
-11.136845673 10.306800429 -9.075304571 
-11.108801871 10.553779678 -8.952835166 
1.821366477 16.632644041 9.389278852 
2.228089743 16.502311053 9.233028974 
-10.302647670 10.611761891 -9.526805657 
-11.271565357 10.815927191 -8.407219712 
0.307514855 13.498552405 11.903301718 
1.007929215 13.874292805 11.403528294 
-11.992394980 10.153848234 -8.097098322 
-11.540037981 10.598253836 -8.400528903 
1.511627620 15.968706145 10.319469937 
1.993845700 16.270614933 9.748751955 
-11.399442825 10.595170036 -8.612051399 
-11.346823470 10.705186121 -8.622126998 
-4.683838558 15.452148473 -12.371918629 
-3.671561872 14.419829873 -12.700667813 
-10.642812804 13.890968758 9.631115207 
-10.661037242 14.119504045 9.474795782 
-3.605140724 17.341665057 -10.859818475 
-2.677723463 17.245524167 -10.999180039 
-10.693905403 13.356857474 9.919073936 
-9.925635969 14.619720885 9.551985599 
2.099557512 15.473462556 -5.778103676 
2.971335177 15.423138376 -5.220130269 
-8.024590413 12.156516267 7.194442410 
-8.942871522 8.748182788 7.043255481 
0.104171144 11.948764346 -9.279221346 
-2.610397598 14.056299823 -12.461756646 
-11.167587121 10.041948307 7.541576284 
-8.141893895 11.303415465 7.871698670 
2.678469002 22.085913806 0.906907232 
2.752284734 22.168235856 -0.023067153 
-15.398598673 14.997308174 -1.422286201 
-11.252760758 18.279200185 -0.977523162 
2.335013526 22.293214931 1.109541443 
2.520956826 22.394035569 -0.319789350 
-15.395285179 15.166990172 -1.725248889 
-15.247659337 15.241436366 -2.156136665 
2.663097993 22.055434391 -0.750240563 
1.807114784 22.690723898 0.183272436 
-15.376493402 15.061923577 -1.360179860 
-15.201901474 15.481010230 -0.677993083 
0.368273703 20.628660881 0.150456483 
0.552951843 21.555517921 0.979689205 
-12.644915524 13.921332915 -0.397551828 
-14.285110598 14.805961045 0.305248028 
5.299438963 19.258558960 2.043173938 
5.470884646 19.043497118 2.460846465 
-14.124687007 11.370928189 -5.149998939 
-13.257096658 12.054076574 -6.229307747 
5.802768608 18.735721084 0.089484786 
5.748701103 18.860151009 0.449017436 
-14.632527072 11.180102419 -4.329286204 
-14.646740719 10.925640504 -4.015350551 
2.128483565 17.646629578 1.125803347 
4.286245364 16.361369455 2.108208189 
-14.539303967 11.205685654 -4.418618818 
-14.246960895 11.356292385 -4.886521384 
3.253035688 16.276376591 3.401317479 
3.420685027 16.555389516 3.058636948 
-11.058306110 13.817201122 -8.035131232 
-14.611684736 13.028304986 -3.680759414 
3.094538094 16.945101982 8.375315029 
2.618933883 16.379100614 9.356058588 
-11.284297470 9.883320292 -9.023285446 
-11.162002898 10.417097745 -8.998644228 
3.459741878 17.014781679 8.103756880 
3.008161402 16.537899616 8.996112350 
-12.149766473 9.522250104 -8.345717739 
-11.561579053 10.200241758 -8.709405165 
4.237401942 17.309842786 6.839150960 
3.647506233 16.874619135 7.989644991 
-11.026810631 10.318574161 -9.178304997 
-10.752810441 10.626230562 -9.280873897 
2.221093598 19.085070419 1.967194567 
3.167638912 17.766183190 5.800114223 
-11.424482059 10.125556491 -8.833279469 
-12.284492984 11.206784534 -6.136717633 
-3.212728661 16.799880198 -11.415228903 
-3.354257550 16.986387223 -11.258268347 
-10.753524997 14.012654714 9.416513782 
-10.375961041 14.209769546 9.543927069 
-3.554240323 16.797143049 -11.417104872 
-4.093543547 16.311260518 -11.762600937 
-10.183751293 13.902080706 9.944698806 
-11.180143489 13.788148446 9.229660019 
-3.517836662 16.598702301 -11.532258690 
-2.846273453 16.846693543 -11.350081908 
-9.250932799 14.263692685 10.296007527 
-10.184572177 14.334808499 9.628078227 
-3.943754032 17.741531099 -9.458262631 
-4.705581808 17.351545256 -10.258738434 
-7.457529018 16.416965795 8.630955056 
-7.843095878 16.152031683 8.982289520 
3.151383120 15.322686305 -2.242908854 
3.025521125 15.276519065 -2.746603583 
-11.190547094 9.524867437 1.425215305 
-11.125578518 9.512743372 1.496359075 
2.831364679 15.420266212 -2.742831389 
2.942380479 15.327660187 -2.307963215 
-10.366173955 10.273517495 3.695060689 
-10.466655698 9.962600492 3.295378602 
2.404991721 15.386237336 -3.615023924 
2.735097095 15.495225641 -2.509312472 
-10.903088371 10.032231775 2.264947851 
-11.041571734 9.712193883 2.012362421 
2.040232941 15.566505710 -3.935273162 
2.152036923 15.438668011 -4.106953113 
-9.508504430 10.961979318 4.606064716 
-11.138722916 10.027986284 1.647611324 
-1.248313181 19.829758282 -1.572531883 
-1.837938107 19.735193227 -2.555774711 
-9.685933239 16.419056474 4.179669109 
-10.247073634 16.314626547 3.463464914 
0.075239428 20.542381237 3.333214850 
-0.012874479 20.781682639 1.860413969 
-12.506738803 16.199156512 1.052404233 
-12.133676927 16.315404207 -0.538729871 
-1.832467763 19.088773102 -2.849542574 
-1.934046936 19.063311441 -2.938596603 
-9.845424846 15.825520897 3.855562843 
-9.969479400 15.712758724 3.737973401 
-2.126792137 19.162743160 -2.952953892 
-2.582663407 18.966749849 -3.721710083 
-9.631743893 16.058472771 3.930813481 
-10.152102357 15.824063794 3.364647733 
0.163018745 11.927473385 8.503278168 
0.600840727 11.571522932 8.259929507 
-7.556080522 9.106629135 -7.422204851 
-8.135751621 8.165083193 -6.892448069 
1.674700050 17.915100302 2.950906671 
1.268841642 18.087145910 -0.961284681 
-10.401981825 14.521910803 -2.324981220 
-7.611602599 13.005239584 -8.428539707 
-6.910588467 8.804214858 7.636184680 
-6.075643952 9.171424905 7.899844031 
-6.610146689 11.863580450 -8.807460392 
-6.492570613 11.667972464 -8.830592932 
-6.320894483 14.317981318 7.409550467 
-6.508924739 14.293598627 7.357992269 
-2.999877090 12.526373166 -8.619742028 
-4.720082921 10.999569011 -8.465955509 
1.594642304 11.982849462 -7.746322665 
1.586518315 11.964660529 -7.999854645 
-10.246423121 6.398669631 0.181044160 
-9.471915658 6.396712920 3.333441512 
2.460899239 14.487759849 -4.741162032 
2.588397185 13.393229761 -4.177503739 
-9.589917139 8.163495587 4.823852035 
-8.937504749 8.035305357 4.481935932 
1.986536632 12.787455082 -5.303969155 
1.963426647 12.766350561 -5.394689501 
-8.907369050 7.904348218 4.300458569 
-9.041905049 7.817636439 4.132078301 
1.790084277 12.588016727 -6.102557519 
1.786413390 12.652363614 -5.999292205 
-9.231740878 8.248953937 4.107217699 
-9.190968889 7.862180996 4.007126133 
0.975890735 20.453510111 -3.490898541 
2.283586843 19.143855975 -4.016473303 
-12.662789170 15.049886367 4.175769901 
-12.919518371 12.922050515 4.177185071 
1.421762149 18.132854051 -4.377282763 
1.304949485 18.055383553 -4.651663026 
-12.094911085 12.549615541 3.624484978 
-12.311469326 12.091721122 3.297814901 
1.274457436 20.845474096 -2.021091316 
1.078493053 20.531493792 -3.822918490 
-12.435735914 14.480360032 3.956901859 
-13.695302768 14.918532912 0.419350676 
3.653827073 18.546063462 1.207517771 
2.605461910 19.525907715 -1.001758314 
-12.214340348 12.991559604 3.591563362 
-11.852548630 14.802158205 -3.682040734 
-0.703611533 20.484198077 5.362277111 
-2.888517018 20.365796860 5.328365952 
-13.536394700 14.998230635 1.396129530 
-13.052501251 15.300447452 -1.549256797 
-1.552769218 20.659663680 4.367048975 
-1.364483518 20.664793432 4.248731307 
-12.204844867 16.436298619 -2.162256122 
-12.494142147 16.172625506 -1.871023629 
-1.376337450 21.170198928 2.639634124 
-1.609402790 21.116100311 3.005741778 
-11.994787809 16.953816077 -1.823865380 
-11.903233313 16.995330242 -1.991072706 
-0.869211350 21.079574053 4.035805280 
-0.311917044 21.173188666 3.215719926 
-12.708586361 16.385233054 -2.114308900 
-12.719809919 16.146706311 -2.841914708 
3.433845589 14.425571497 6.092908925 
-0.831631610 13.643779517 8.214313960 
-6.155078702 12.732356658 -7.546354366 
-7.538371655 10.833343453 -7.772487028 
-1.089789994 12.414418723 9.745058583 
-5.728747222 11.009290314 9.731970165 
-2.938413362 11.387729849 -9.803945488 
-2.410050098 11.001876617 -9.809689689 
-4.881189731 14.093390170 8.570176006 
-5.768119694 12.680099793 8.658009432 
-7.283611179 12.625808807 -7.847769538 
-7.246456391 12.160218642 -7.911478417 
-2.236345987 11.960389342 10.443883695 
-3.087921481 11.600577470 10.169129609 
-7.914655550 10.714563977 -8.834370327 
-7.640133195 10.940035808 -8.835868192 
-0.781608111 11.183955435 -9.923283015 
0.033356750 12.221546793 -9.318784265 
-9.333790560 8.171191772 7.846651787 
-7.937148585 8.999334736 8.435680321 
1.876334505 12.042602104 -8.167276009 
-1.680260127 12.096176785 -10.060479240 
-6.638355890 10.500047959 9.917197962 
-4.235281134 11.400432695 10.173947389 
-4.101138752 10.656736341 -10.127203885 
-2.173494299 11.691467792 -9.848706011 
-7.173689846 9.398484777 9.246829097 
-8.875929323 9.521516964 7.920488915 
-2.462805589 8.912352041 -10.281658925 
-4.130112905 8.570847275 -10.163898925 
-6.769038691 10.740280430 9.443764636 
-4.221121715 9.377501592 9.553864034 
-0.390342013 23.198885558 0.517843154 
-0.593590158 23.330657170 0.038765323 
-13.897350038 16.950370720 -2.709847142 
-13.944041090 16.826101134 -2.891929171 
-1.724589651 22.161446984 3.716009475 
-0.510701440 23.093558580 1.402313317 
-14.238399974 17.335911594 -1.308067517 
-14.293869688 17.497577097 -0.897470630 
0.016465265 23.348102997 0.282321714 
0.399868650 23.412046602 -0.907031117 
-14.613304433 17.418974277 -0.694579157 
-14.434482543 17.544326292 -0.517392375 
-0.009340244 23.402577229 -0.187650874 
0.252882150 23.459233384 -0.901088262 
-14.298302096 17.547000707 -1.103029764 
-14.281728020 17.315963283 -1.775418790 
2.507079672 15.399913897 2.053006645 
4.941793270 17.156116867 4.824064272 
-14.111307390 10.081034304 -4.443894445 
-14.197497149 10.092842066 -4.137162007 
4.827490771 14.690817201 1.085657018 
4.327086871 17.422829216 5.725115990 
-14.112544250 11.997444025 -4.376126477 
-13.683974346 10.568449213 -4.811436285 
5.550151446 17.634004771 3.382535838 
5.240389630 18.109223164 3.909336290 
-13.005199698 11.639061135 -6.621350398 
-13.917441784 11.017249512 -5.472019254 
5.602682075 17.549562409 3.158079826 
5.291942299 17.978503426 3.565806865 
-13.629291065 10.578567873 -5.393387138 
-13.795980498 10.105435083 -4.994221175 
5.082129500 14.315023321 6.428969062 
4.208646241 13.679449707 8.179413853 
-9.651844307 8.278772772 -8.666751342 
-10.110653886 8.343935945 -8.218255822 
5.312107393 14.738690394 5.208627229 
4.901767433 14.495126085 6.130093972 
-9.786682382 8.070517000 -8.637645063 
-9.931774973 8.164298851 -8.437474974 
4.124309862 13.795417672 8.380640713 
4.087890645 13.878013401 8.573266171 
-10.053221643 7.917662731 -8.199332716 
-9.183371669 8.268422986 -9.235333575 
4.060188074 13.572339825 8.589831310 
3.268842359 13.109707348 9.643276705 
-9.694560407 7.948122722 -8.570355557 
-10.424753779 7.779288753 -7.927804152 
-4.331292808 15.373112727 -11.219114625 
-4.526625272 15.400547725 -11.236415618 
-7.917580001 14.175602870 10.384959233 
-7.305317867 14.316035339 10.541589688 
-4.129680630 15.260228676 -11.416827808 
-3.688321096 15.773884849 -11.067331479 
-7.472028148 14.664060298 10.084807576 
-6.997483754 14.518172507 10.395115625 
-4.324119193 14.999828162 -11.546182711 
-4.255355983 15.307888329 -11.419936040 
-7.931800803 14.141908906 10.610924525 
-8.591284586 14.188872385 10.206237371 
-4.804347910 15.125617354 -11.373751515 
-4.646451911 15.474556192 -11.122594394 
-8.458218090 13.956396944 10.470555815 
-8.060266083 13.938607723 10.558357451 
-0.560533090 21.599481173 -2.371316401 
-1.996364793 21.574561023 -2.177036075 
-12.475976250 16.809188842 2.732967637 
-10.632789282 18.041267323 3.495655927 
-0.209801932 20.496448040 -3.503625236 
-0.504106422 20.433627802 -4.115348179 
-10.796945615 18.194322301 0.766310391 
-12.747335379 14.998555763 3.028095777 
-6.311211770 18.115447388 4.065400681 
-4.563968289 20.283354120 1.051983844 
-8.944997242 18.698083307 -1.259636229 
-9.936394269 17.855515363 -2.581823337 
-3.552057030 20.172860049 1.735954715 
-5.399259981 17.282726000 6.139736832 
-8.844764384 18.422016874 -2.093240642 
-8.761943698 18.074689044 -3.020082535 
1.378166769 14.584507739 4.775687978 
0.671299990 20.355374135 4.222054192 
-10.598273085 10.372229368 -5.149607187 
-9.764507988 11.037164032 -6.045210558 
1.352288030 14.153648477 5.848009898 
2.067956658 14.381822461 4.925111609 
-10.644060659 9.876753307 -4.539923018 
-10.612221191 9.864812337 -4.505179955 
2.296299362 15.172463590 5.011920469 
2.523990421 14.711013634 5.134204422 
-11.292243520 9.412274668 -4.132732360 
-11.099940036 9.425835815 -4.351734780 
4.517996464 17.031360619 3.047647717 
3.043487788 14.670894195 -1.622097368 
-13.417601673 9.089242034 -0.995500528 
-14.098355235 12.138553240 -1.392501270 
-4.732569146 14.310485669 7.409285185 
-1.753661625 8.790311311 10.576178508 
-6.081672994 14.043765100 -6.740022613 
-8.932693960 6.682435417 -7.623073645 
2.437656437 13.459665172 7.688475988 
1.660152719 12.901444929 8.443333922 
-5.808522970 10.185327720 -10.148790372 
-8.058572008 9.410147061 -9.150873165 
3.888575934 15.152145633 3.066338185 
1.786621031 10.545963670 9.117987778 
-9.803937715 7.206918864 -7.621029827 
-8.093983947 7.385422318 -8.521823059 
2.918596621 15.513680413 2.160207451 
3.258589971 10.840526381 7.711253986 
-9.736589994 5.277206909 -6.116037552 
-9.558670287 8.335708273 -6.081825510 
-1.805366286 12.772890739 -10.227331843 
-2.016179036 11.887732807 -9.737280049 
-7.125565324 11.286266350 8.949647851 
-6.367658441 10.804959846 8.998547003 
-2.550933302 11.106204899 -10.030073966 
-3.035778196 11.173706623 -10.091826922 
-6.762139765 10.640438573 9.739538455 
-4.210413937 11.526050774 10.032606878 
-1.004182123 17.945245378 -6.771602911 
-4.246482731 17.883941642 -6.335459984 
-4.165932963 15.016975794 7.783413080 
-8.047354952 15.733895531 6.129062669 
-5.234863214 13.806952664 -10.072660779 
-3.996981748 15.514274489 -9.004350046 
-5.020593561 14.003204269 9.339980988 
-6.845874181 14.570059196 7.822685295 
1.775876584 14.376220541 -5.182987695 
1.697577124 14.309492712 -5.345477453 
-10.820177777 9.799991854 4.291590782 
-10.910170200 9.677780093 4.174903738 
2.338996091 20.071205479 1.920417472 
3.812360194 18.317593255 1.838694459 
-10.644067786 10.148658347 5.794217002 
-10.196885632 10.807653423 5.717730269 
4.541363312 17.179817606 -2.422454134 
3.071964723 14.730304843 1.284880879 
-13.329829804 8.764307284 1.183998155 
-14.245389631 11.967560787 0.642038022 
2.033998265 15.508985904 -4.992040690 
2.317032868 14.590014718 -5.514067483 
-11.437203571 9.365777097 3.856425242 
-11.329720911 9.307959893 3.999046543 
-0.176125075 20.125505969 4.011513503 
-0.204320024 20.347944656 4.007234156 
-11.112726452 17.939781832 -0.282660229 
-10.511471265 9.739586297 -1.238366688 
-0.876602461 21.514027537 3.142775332 
-1.879273436 21.591582805 2.124688710 
-12.767282672 16.629529355 -2.235516588 
-11.730777621 17.586510154 -2.102119973 
-3.243468992 20.280658956 -1.120357481 
-5.116061432 17.418861729 -6.048246633 
-8.637510887 18.513905728 2.244385927 
-8.557444592 18.132638517 3.258124466 
-5.132158428 20.161502174 -1.823974379 
-4.616647875 20.224429793 -1.387723610 
-8.846700603 18.752786522 1.375111685 
-8.031014385 19.055628976 1.561618523 
-3.690477834 13.466051710 9.368178733 
-3.072773016 11.091916973 10.095040006 
-5.404642196 10.271763935 -9.776827441 
-4.201526563 10.838835646 -9.881717629 
-0.760356574 12.870630260 9.834046669 
-2.419528102 11.774625528 9.800075091 
-7.925179925 10.914860790 -8.746859513 
-5.635268206 11.045335659 -9.151465668 
-4.686213800 13.895849065 10.129231178 
-4.410843408 15.521963318 8.908869661 
-4.744169424 14.388362694 -9.225540594 
-5.929294911 13.414825316 -9.318991701 
-3.974752749 18.932560844 5.288805445 
-4.303908699 17.887791973 6.328011659 
-10.538047887 14.781667977 -5.629863594 
-8.207228615 15.621240389 -6.090131703 
2.212550640 13.414000042 -7.867250627 
1.162050551 12.746198307 -8.706841243 
-5.892199478 10.148499617 10.138482144 
-7.872033395 9.470835227 9.250803526 
-4.744160642 14.245988634 -7.462912904 
-2.139897033 8.638306457 -10.612753127 
-6.274553402 13.956080116 6.723882747 
-9.153157874 6.613694461 7.412545584 
4.101237244 12.535354797 -4.105140420 
2.989316515 10.747305537 -7.978273930 
-9.854858397 5.192731284 5.977745693 
-9.897722221 8.209050308 5.778787971 
3.920834262 15.081573316 -3.348143406 
1.809645370 10.630236182 -9.024344481 
-10.281296381 6.972271074 7.117852211 
-8.197405545 7.398848901 8.457883548 
4.747241309 13.197792301 -6.771653541 
4.094919843 17.382237437 -6.097749142 
-13.373436580 8.648297640 3.730920701 
-13.662733178 10.505999494 4.886754953 
4.143674122 17.186378414 -6.709261997 
4.270407328 17.222018143 -6.226307224 
-14.666551146 9.351181234 2.297689279 
-14.169136820 8.575445532 1.351822859 
4.716094783 17.695039307 -5.557061456 
4.645269265 17.663435385 -5.624533998 
-14.169119624 9.605595487 3.750150253 
-14.185923093 9.883621306 3.898195432 
4.196235117 17.658644902 -6.265499018 
4.639161631 18.145070087 -5.347978877 
-14.251438893 9.965116939 3.979553747 
-13.897447942 10.449294562 4.994268315 
-0.441680505 22.842897138 -2.354191566 
-0.802456404 22.750329419 -2.240596594 
-14.871265928 17.468406671 -0.698783569 
-14.458095766 17.759808254 -0.242645156 
-0.261222361 22.927058615 -1.226721715 
-0.282888706 23.091039087 -0.597309493 
-14.474519542 17.569680460 0.311662254 
-14.602116630 17.552982777 0.056168547 
-0.160142402 23.154530410 -1.806732501 
-0.513028901 23.100500659 -2.109598430 
-14.484258082 17.645101234 -0.534978335 
-14.343829898 17.717526459 -0.160596242 
-0.263627997 23.107922835 -2.032147136 
0.168867939 23.281152554 -1.058933519 
-14.412394014 17.649987723 0.218803083 
-14.298659475 17.672109413 0.343571317 
-4.495491534 15.707320567 10.779073215 
-4.682582319 15.282570621 11.186803521 
-6.995554212 13.679767876 -11.010229375 
-7.138317525 14.325736349 -10.711672378 
-4.207861151 15.286530523 11.273679806 
-4.622470116 15.423881524 11.079958845 
-8.474018756 13.395344302 -10.662251380 
-8.271362128 13.833517962 -10.571798043 
-4.057525076 15.852193031 11.035807127 
-4.106109225 15.717739215 11.135060899 
-8.084937120 14.029388659 -10.622250461 
-7.154378961 14.177630076 -10.841267303 
-3.955392911 15.756634095 11.092691355 
-3.439419478 15.982787062 11.102826313 
-6.821951064 14.212826922 -10.868010721 
-6.994444644 14.265199119 -10.734134372 
2.802493300 13.027952069 -10.012342963 
3.205425924 13.208169314 -9.257514922 
-10.910708478 7.502856864 7.492016789 
-11.186278802 7.431797916 7.123872943 
2.775746363 12.815977778 -10.079124420 
3.288792549 13.171519245 -9.461581197 
-10.844811734 7.790562407 7.618386729 
-11.380560664 7.620951215 7.028408018 
3.041617571 12.956630352 -9.676352388 
3.105574275 13.048632028 -9.738302605 
-10.846894625 7.551154332 7.685309347 
-10.679710424 7.717790278 7.954223377 
2.723355491 12.850357035 -10.222058203 
3.047493959 13.039240844 -9.835281788 
-11.122566748 7.519374431 7.440009780 
-10.321271728 7.673113993 8.218803896 
