-0.766573096 32.352948175 -5.145432862 
0.196150330 32.757037249 -3.614596473 
-22.658708065 23.033439034 -0.709631648 
-22.030700291 23.709172252 0.555713788 
-0.804774896 29.627436447 -7.662586852 
-1.387178519 29.383596797 -8.286123827 
-21.959227952 21.015593309 2.760770414 
-21.830248950 21.084803396 2.924465830 
-6.526945715 27.909648756 -4.333078411 
-6.755560183 27.667733286 -4.160422486 
-15.818037061 24.762311696 2.952423039 
-14.587315040 24.967667544 3.091066500 
-5.560176271 29.930757872 -2.574166415 
-6.067126402 29.767008795 -1.925001865 
-15.756734134 25.861122661 1.623061176 
-15.156739112 26.127223342 1.495205455 
11.450840950 25.251339808 7.275002624 
10.219805848 25.182469860 9.349437898 
-21.687033709 10.603102728 -11.217578400 
-21.286031723 11.248045957 -12.022486816 
5.158835973 25.638253775 11.489225029 
4.868641965 25.980570978 11.009075220 
-20.418773344 14.100140251 -10.840762617 
-19.264775406 14.074419105 -12.199171130 
1.906231445 18.684515872 14.242221061 
2.184525580 18.777049577 13.934955732 
-15.089201816 12.569418095 -12.687526672 
-16.189565794 11.952656941 -12.256941794 
4.054324885 17.674291460 14.560685992 
4.822776875 17.415472039 14.027483842 
-15.802282062 10.700421063 -12.994786181 
-15.286490709 10.403591889 -13.004022027 
11.744797211 8.778399811 12.909917474 
11.431534004 8.461959170 13.097925767 
-12.624483749 0.215862121 -14.488406906 
-11.878948775 -0.092214787 -14.376476724 
7.296750747 6.761293649 14.138218013 
7.113019038 6.577967055 14.211545750 
-9.630288085 1.624229593 -15.151706184 
-9.931450475 0.316061525 -13.626284932 
7.590816739 7.496580814 9.561279377 
5.566011771 2.611724623 11.444938850 
-12.387021448 0.727225200 -6.479347891 
-4.609217572 -0.023130687 -9.023287346 
10.363720208 6.658469546 7.173204669 
10.283277865 6.609949074 7.765505098 
-4.451771288 6.510461962 2.303370956 
-8.415628273 -1.306877271 -8.850669452 
-7.200895924 11.979517435 -20.941986252 
-5.825165123 11.497285718 -21.147217617 
-7.576353165 10.244536685 20.415174381 
-7.000568033 11.762634255 20.679773220 
-3.911108392 9.299514644 -19.742898166 
-4.898050948 9.172237340 -19.706490342 
-8.985235795 5.505210230 17.359195276 
-6.983232651 7.638633961 18.704376168 
-5.748155363 9.114010243 -17.128719656 
-4.220748615 8.056433886 -12.011772749 
-1.253163868 9.785946104 15.909564223 
-1.377367805 6.960369274 3.449861936 
-10.326751889 8.902441591 -16.268893242 
-9.344179311 8.862261377 -16.395149260 
-2.174486045 11.395874492 17.511112846 
-0.757719706 13.094852982 17.051071222 
12.009511197 18.957474150 -2.594913724 
11.823834580 19.233389463 -2.959796883 
-19.745451747 5.400302082 -1.408172853 
-19.595124780 5.089535535 -1.987527072 
12.848889042 22.427217318 2.676967404 
12.694596421 22.483164458 3.585035834 
-22.523835934 7.536924363 -5.285336015 
-22.750279879 7.380420460 -4.103045310 
10.236519792 17.966845517 7.561179160 
10.210616084 18.214585659 7.533478366 
-18.590859098 6.557322880 -7.251457132 
-18.743231841 6.423957417 -6.993732263 
9.718854128 15.906710718 6.327969397 
-1.436361349 13.468945495 6.411034129 
-16.044458441 5.217380379 -6.729021723 
-7.929790540 11.110960904 -5.529871756 
4.564995764 24.491584960 -8.344733599 
4.521454951 24.665202005 -8.188337758 
-20.915549832 14.986795722 3.324849194 
-20.926907110 14.982417262 4.151900305 
9.018451480 24.447036582 -8.286085674 
9.647831937 24.971453975 -6.502352123 
-23.880169716 12.403118578 0.030128963 
-23.763891673 12.323258333 1.169666902 
10.652838894 19.479569325 -5.021848513 
9.040187432 20.227810315 -7.984992714 
-12.057945502 2.843570666 -1.813219353 
-12.423742796 4.339063343 1.806166080 
6.268536802 19.371055217 -9.343657463 
3.934823030 10.264127908 -2.599698757 
-18.815368856 9.363273261 4.235786008 
-17.910816610 8.902633753 5.829436494 
-4.311026051 23.220525912 13.763852340 
-3.691406527 23.394644594 13.636840283 
-13.849611934 17.822312189 -13.628504725 
-13.416683572 18.667330006 -13.268881665 
1.704489442 25.574823053 13.888199457 
2.157233746 25.423156027 13.956578870 
-17.513409563 15.713980578 -14.558093207 
-17.817205795 16.418023639 -13.869235017 
0.937026267 27.245459955 7.012537030 
1.120233869 27.278785745 7.008429177 
-17.782936380 18.691974059 -8.619865089 
-17.186395614 18.978136427 -9.119745382 
-1.038536383 25.923444705 7.470918945 
-1.113862626 26.003413370 7.344422205 
-15.720208311 19.557601855 -7.928666982 
-15.098989813 19.929518983 -8.168844334 
6.823934699 20.871347215 -11.416757261 
7.306281735 21.138336257 -10.556537605 
-19.902567392 10.566324851 6.885989876 
-19.719380548 10.679619047 7.386664223 
5.065835007 24.493443651 -13.158832686 
3.936109794 22.216195231 -16.184749400 
-20.560872665 13.899670270 10.548439701 
-20.936788575 13.164409161 10.273863031 
2.212443509 25.399596889 -10.221071298 
1.815375587 25.058413996 -11.087271019 
-18.960274823 16.766350454 7.626343277 
-18.941296592 17.187162816 7.072570739 
3.063306306 24.400075101 -8.044628568 
2.649952161 24.891349059 -6.502729735 
-18.747400491 15.492931672 5.016629086 
-18.364421367 15.893461902 5.189250494 
5.331215678 15.012814967 -14.907788258 
3.428155229 15.105968062 -15.812080713 
-11.126416118 9.077984705 15.160572635 
-13.402443128 7.229829945 13.483551763 
4.520651723 19.428271472 -14.530151815 
5.606632627 19.726025105 -13.645885978 
-16.352265199 11.067136525 12.936643370 
-17.210634439 10.876024453 12.105830959 
7.275548804 17.440183412 -14.908242988 
8.695427021 17.704508087 -13.522147649 
-19.968958580 5.923358458 7.576835418 
-19.203903099 6.598633257 9.376429672 
9.712147992 15.602802683 -12.896523081 
9.956662131 16.251594553 -12.187778366 
-19.333381639 3.918480674 6.570979251 
-18.072111418 4.790023863 9.402345206 
-8.029976375 29.350454777 -0.786793886 
-7.533431854 29.577094306 -0.700408746 
-14.367329203 27.055830037 0.491830284 
-13.573379163 27.373529685 1.162256337 
-6.168855563 29.993966624 3.022227159 
-5.059924718 30.335476180 2.893972710 
-17.080923722 25.121260509 -1.948372994 
-16.699056192 25.418373694 -2.152608815 
-1.093471132 30.948334823 -1.925074160 
-0.697025038 31.051950161 -0.331955351 
-19.192222462 23.583745248 2.487212893 
-19.233072070 23.506586843 2.834148171 
-2.339682125 30.447216153 -4.663972556 
-2.466041418 30.513917688 -4.384085730 
-18.302683362 24.063956624 4.340141148 
-17.883640474 24.373850683 4.516938644 
-10.778213412 11.178621162 16.203484623 
-11.259646861 11.244666474 16.314370095 
-1.420092331 15.498901083 -17.283715165 
-0.179284534 15.992699087 -16.882810388 
-7.381834278 10.596536873 17.918443002 
-6.127348880 5.444324383 12.238059998 
-3.894939491 12.489762806 -18.343306214 
2.777545403 6.667314139 -10.378558083 
-8.599398225 16.544068093 18.201564361 
-7.574084701 16.748899733 18.364505410 
-6.763605806 16.758100992 -18.130599830 
-5.467478187 17.284174870 -18.062065600 
-8.650973329 17.509206588 17.684769802 
-9.123499803 17.720383444 17.478147482 
-4.895805122 18.817485521 -17.434123383 
-4.622945639 19.175739417 -17.313117585 
8.804437905 5.258227367 -10.426127518 
1.204577383 0.780750223 -6.903231853 
-4.482926786 2.558497663 3.520661000 
-4.086014399 2.998442301 3.965990110 
6.450558533 5.620811701 -13.686369568 
7.411978433 6.316877252 -13.188032129 
-9.237927162 -0.452774834 10.910640041 
-9.898158337 -1.251441963 9.711266281 
8.227079929 10.658102395 -15.158485516 
8.658133240 11.250621146 -14.655031224 
-16.038473284 1.695453194 9.632167427 
-16.360803477 1.920353165 9.391926790 
10.293460948 11.080510401 -12.866377752 
10.730203882 11.392894723 -12.268935983 
-16.738030725 1.130851189 7.417726696 
-16.207536861 1.001317403 8.202351094 
-6.819455792 7.955748677 -1.523205224 
-6.323758130 8.080732495 -2.372675790 
-1.471101621 9.175519899 2.767102166 
1.038550718 11.138151494 1.527508314 
-3.492328801 4.651995609 -7.817921497 
-4.186745142 4.398488001 -7.675489884 
-1.896710573 5.701557178 7.806190012 
-1.640799878 5.825209523 7.845144447 
-0.422608408 4.706208571 -4.898069735 
1.316255319 6.596935930 -3.083518012 
-3.605710509 4.855742947 3.931267844 
-2.595068423 4.840325303 3.600069119 
1.465077811 8.869288920 0.491658850 
1.272943195 8.207716798 1.718400646 
-8.284326040 8.396964846 1.554281735 
-8.275490650 8.516282055 2.480748638 
-7.642996876 15.027513577 4.003713302 
-7.759496978 14.598731225 4.943060363 
-3.913391555 16.212061108 -4.677544706 
-4.218850341 15.956402397 -5.158693170 
-11.259442025 21.729252136 -1.951748551 
-11.311123738 21.751990133 -1.630495233 
-5.713733044 24.110843948 2.046103599 
-5.745702707 24.116676615 1.951614821 
-7.392602472 11.696932180 -4.853347137 
-6.814638184 11.895776670 -4.627011507 
-7.689539710 10.707478071 5.028956621 
-3.791677165 12.072270476 6.324205237 
-5.748508207 16.623004575 -3.691969454 
-5.987580961 16.532870047 -3.758847023 
-5.236014510 16.875611028 3.970359203 
-5.698550161 16.594042964 4.131768620 
-4.830125513 9.911556482 5.805619670 
-8.894274097 11.472187980 4.773398642 
1.994452003 9.281496705 -2.664156261 
1.951889104 13.659581917 -0.768854999 
-3.431854283 3.897293617 5.256729714 
-4.382860731 7.454907173 8.497703009 
1.044875529 5.522240712 -4.059349895 
0.602914639 6.334942851 -6.696202983 
-4.921168625 4.191211218 7.490088980 
-3.379848456 5.317812723 8.254939755 
-4.542570805 17.298001977 2.773536582 
-3.519638484 17.659915291 2.104618115 
-6.167029017 17.240845501 -0.976768347 
-6.576554212 17.497326368 -0.334393620 
-6.180015409 17.245600976 1.399082757 
-4.723612588 18.383301663 -1.009944945 
-0.680022365 7.311060672 3.897074400 
-0.647148894 4.610884016 5.454353074 
-4.864558700 5.646456784 -3.058784968 
-2.789990905 4.062234212 -5.223496137 
3.642887417 7.831988385 5.718514070 
3.801524601 8.006442018 5.693559818 
-6.604367239 3.720283989 -6.039062192 
-6.242360702 3.828453379 -6.284788391 
2.404412780 8.449237582 7.141718520 
4.086939965 8.988834415 5.512250067 
-7.352630592 4.773824930 -6.850025854 
-6.307329923 10.652503254 -6.190352059 
-0.519855706 16.641633709 0.828713333 
-1.467160418 16.582456823 2.493859505 
-6.770828363 7.482581867 -7.344814177 
-9.182668062 10.971987377 -3.846129274 
-3.587180294 8.903414841 3.666747562 
-4.686539777 8.973405515 4.125281603 
-2.259020406 9.926031953 -5.537729833 
-2.392158806 10.104465983 -5.776349999 
1.292259054 13.018497565 2.016726625 
-1.539365736 13.449000385 5.624125037 
-7.035796747 9.938420284 -4.464859387 
-6.741212726 7.299270528 -3.922176043 
1.387992995 9.755021453 7.188252961 
2.274597268 10.132063757 6.568131093 
-5.680245998 7.135622254 -8.088902196 
-6.627380609 6.759315926 -7.675197676 
-0.441174368 8.235695416 7.815778869 
0.357333701 8.710260257 7.579515539 
-4.966351720 7.051301501 -8.665007226 
-5.870814272 6.813119404 -8.392712195 
0.708187898 6.234689367 -4.266855761 
3.502507006 5.817828083 -0.532914531 
-6.631797732 3.375335619 0.795346237 
-4.138793378 4.362739116 5.417859377 
-1.276935437 7.893123267 -3.024101031 
-1.283977483 7.358992920 -3.288796640 
-3.905097686 6.827424397 2.895473470 
-3.322770637 6.296893443 3.632102525 
1.890502625 10.323291757 -7.119466772 
0.716991307 9.864695360 -7.876879537 
-8.665012749 6.488386349 6.526355160 
-7.418731807 6.917133671 7.535048044 
1.071022629 8.520683251 -7.810475648 
1.168161111 8.564947384 -7.774706577 
-6.944218159 4.843366635 7.020891275 
-6.967720267 4.857716071 7.001811360 
-2.756296522 16.321372232 -3.861082031 
-1.557619582 16.920591929 -3.018126144 
-7.935183442 14.249647992 4.236369946 
-8.853126277 14.032410047 3.895460779 
-3.307051635 16.918499177 -1.935847814 
-2.821796405 16.977756952 -1.776125627 
-7.820045765 15.034365729 2.277003336 
-7.751543547 15.020045988 2.540509185 
-2.054304990 22.011871407 0.546741596 
-1.951749026 21.950660500 1.501101507 
-11.742783807 18.094911730 -1.117118122 
-11.124961045 18.638633542 -0.769546666 
-1.492065498 22.076595313 -0.436930213 
-1.202900702 22.060639541 -0.271778367 
-12.671802403 17.439637742 0.453371443 
-12.629993982 17.478999955 0.870651877 
-6.695439778 16.104791427 2.285976859 
-6.518120843 16.412465341 2.365426811 
-4.871639872 16.911950925 -2.764251622 
-4.935846217 17.140521668 -2.853239632 
-4.673021782 17.216330185 1.583305088 
-4.541820517 17.275357189 1.450623735 
-6.982607424 16.305915353 -1.967498695 
-7.126846616 16.175351515 -1.941865502 
-3.379491374 22.011733124 0.119946737 
-3.461143955 21.999426991 0.278009407 
-11.562823629 18.473835630 -0.576384258 
-11.424046357 18.615909588 -0.582294219 
-4.974118476 22.177792618 1.040490079 
-4.863943849 22.198893738 1.009025219 
-10.558770857 19.803292503 -1.244749761 
-10.516610025 19.847589412 -1.053953872 
-7.378800060 14.507119566 -4.632569171 
-6.486630345 15.087776358 -5.017548626 
-8.398595714 26.390860831 0.468658537 
-8.895838671 25.791927382 2.064770909 
-9.016664164 12.403173778 -1.096910053 
-11.892016008 24.784350307 1.555075184 
-8.260546133 26.495770331 -4.746682054 
-8.107101609 26.552747228 -4.466081255 
-9.354846578 20.101392633 -3.983936711 
-6.551301673 29.223489547 2.808091082 
-14.718966566 25.725776204 -4.084491847 
-14.346188384 25.996594720 -3.677334846 
-6.592069015 29.120481258 0.745122215 
-6.588604775 29.117677764 0.213494910 
-14.639618428 25.744879441 -1.700576188 
-14.597263842 25.813693561 -1.627390585 
-0.690515448 14.882390438 4.765354759 
-3.565261925 15.357643596 5.233327365 
-10.892417245 8.619686456 -12.307235790 
-11.405693778 9.369772202 -12.082986557 
-2.439475389 10.624249804 5.238790910 
-2.635247903 11.067170883 5.660900057 
-2.161150028 10.369144197 -4.819656518 
-5.160189624 3.812759597 -4.903955090 
3.425642550 8.429339962 6.588464760 
8.630915627 14.830718816 11.421790975 
-15.290362453 5.032767992 -10.497348053 
-14.643247309 5.687887072 -11.412632681 
3.545941348 10.206408080 7.518594275 
4.024317246 10.669397112 7.124051965 
-16.088156959 7.091091610 -10.471384589 
-14.828506450 7.664410233 -11.874579346 
0.156306837 7.666618437 -3.592181883 
2.157459672 6.318723426 -3.280363267 
-6.182345525 2.587738576 1.327447192 
-6.354510891 1.442262094 -0.031428156 
2.924104918 2.141191281 2.993073202 
2.964935000 1.945508327 3.057751790 
-3.522657645 -0.067314463 -3.333167805 
-3.630227463 -0.446416474 -3.261836996 
3.800920029 1.317390785 7.589867558 
3.543530836 1.404651294 7.674677804 
-6.811817728 -2.186983890 -5.509060809 
-6.588001555 -1.985207621 -5.780642842 
-3.452609692 0.537630938 6.156340583 
-3.645055318 0.452839560 6.065489522 
-8.521096118 -1.959272286 -2.273994089 
-8.450650191 -1.978936819 -2.446954241 
-8.941131393 7.173126276 -1.359311614 
-10.075941543 8.250564583 -0.863382591 
3.243803544 10.960295716 -0.273857652 
2.142868573 13.251296826 -0.468005628 
-6.391912123 7.563941411 -2.183068837 
-11.553165673 10.042634217 -12.660108059 
3.381006876 15.344261831 11.881376967 
3.798794799 15.780413652 11.504382398 
-4.465113151 5.887384483 -7.857314810 
-9.980019341 13.109984928 -16.057213198 
1.285329555 8.418824418 7.865291426 
-0.333356720 7.796513590 8.633728311 
-8.345070403 12.064076144 -16.532434704 
-4.845929305 5.676102175 -7.944135356 
-2.163261955 14.522125640 16.447271632 
-2.910961036 14.178457422 16.585686187 
-0.857984573 7.139047046 7.887205059 
-1.009368947 7.113964509 7.973525581 
-5.637400678 0.894964050 -0.639179882 
-5.662411673 1.073785492 -1.507228984 
-2.176287096 7.058811073 7.842315831 
-1.507011954 8.442428986 8.342483899 
-4.669834949 7.506829539 -8.527568640 
-4.469797579 7.594285512 -8.533704897 
0.501746429 9.321023442 -3.706562655 
-3.659336328 5.556284084 -3.493364717 
-6.001787134 6.491325448 2.369584006 
-5.162954620 15.752413547 4.485579942 
0.756982694 7.530761291 -2.686484400 
1.387358185 7.310529030 -1.962388368 
-5.149665083 5.503381433 2.500135486 
-4.396245697 4.754997162 -2.683719453 
-1.154160103 7.172522978 -7.869558039 
-1.165412043 7.144292785 -7.861903585 
-4.615345053 5.705026782 7.730790669 
-5.315433982 5.448649839 7.462053333 
-0.390799824 13.110521546 -4.205025948 
-6.076106542 12.096829440 -6.329560692 
-4.794104874 5.150477117 3.586867098 
-4.885533521 3.613529231 3.156025938 
-4.600289644 15.030605256 -5.237256366 
-7.380500291 16.729087890 0.040860694 
-5.640812160 14.542494397 5.714949397 
-4.680977184 17.870882345 0.199037561 
-1.033087203 8.157859714 -3.615033145 
-2.692347020 7.351965038 -3.255522190 
-2.679728031 8.578026614 3.573536636 
-2.014452265 9.045597160 3.719877353 
-6.353091807 21.581064825 -2.706163883 
-6.013242904 21.693696750 -2.649511822 
-10.332182524 19.961053697 1.847660550 
-10.148154346 20.024969664 2.071076055 
-3.822619089 21.751337669 -2.210375675 
-3.650586874 21.823027211 -1.743620357 
-11.461862283 18.570901010 1.134885882 
-11.354734825 18.641119994 1.197825762 
-8.036306223 15.072373381 3.775915232 
-6.797461666 13.247477300 5.958387815 
-2.744749064 17.452539178 -2.761136316 
-2.572600049 13.847941611 -5.570917602 
-7.281928452 14.966495953 -2.532496101 
-6.882485187 15.254514391 -2.777175591 
-4.340152496 16.312692821 3.055049564 
-4.343205747 16.389300623 3.093001476 
-2.192891075 21.617597980 3.308792067 
-1.283118769 21.801511650 2.193935855 
-12.556901886 16.970118053 -3.347174041 
-12.291816996 17.243371594 -3.401677750 
-3.685425064 21.899914146 1.189611648 
-3.217034675 21.992814950 0.301857760 
-11.491697529 18.448948396 -1.683361047 
-11.777509023 18.231985254 -1.589450943 
2.371499589 11.926850474 1.212029221 
-2.019560090 17.180274277 0.675552033 
-5.269869469 5.685778674 -2.945932005 
-5.312367338 9.775020328 -4.716782486 
-0.666438970 9.783197458 3.035849782 
1.099008806 13.302896082 1.634878617 
-5.644926311 7.813602772 -2.593253213 
-8.226122098 9.838390198 -2.519606836 
-1.574400795 7.160007865 3.058652241 
-4.279761178 10.184131139 6.058351472 
-4.236161322 10.657120923 -6.588617522 
-4.135056464 10.556995858 -6.564373258 
3.072302153 6.225073260 -0.545927565 
2.400369065 6.225655832 0.394913079 
-6.572328229 3.471437131 -0.717905218 
-7.207456261 3.554204329 -0.933557390 
2.745398740 7.760231487 6.614405719 
2.525084106 7.687046921 6.808840814 
-5.513932855 4.450929051 -7.425584499 
-4.498367976 3.106671674 -4.484771154 
0.599634378 8.698384520 7.792932378 
1.091939337 8.945258901 7.522829918 
-4.975272709 6.881269755 -8.393934777 
-4.717370179 6.969041824 -8.456322482 
0.120269224 13.019200445 -3.884799821 
-2.326459878 12.830083147 -6.263626829 
-7.346874873 11.075874116 5.111505754 
-5.066868426 11.605764904 7.342105695 
-4.058219361 8.400045228 -3.643965350 
-5.172115172 8.516931036 -4.011488263 
-1.342386984 10.034906759 5.346694283 
-1.830932076 10.001709201 5.805308532 
-0.742667063 8.552850960 -8.220066056 
-1.403430045 8.334274849 -8.432898217 
-7.233695704 6.589146123 8.160287842 
-6.579771043 6.663107252 8.465274060 
0.985803624 9.560264102 -7.736138620 
0.130910535 9.203933648 -8.061031076 
-8.136831736 6.180907431 6.926878378 
-6.793837594 6.689955841 7.861858250 
-4.468712867 16.611073980 -3.790868813 
-5.998178272 17.031619261 -2.611219797 
-7.328221832 15.439077853 4.013666264 
-5.751894689 17.084503764 3.098796090 
-7.394534856 15.347523701 -2.780197768 
-7.304353189 15.684043570 -3.056281440 
-4.084204583 16.562496925 3.358759568 
-4.006488724 16.988205768 3.446511381 
-6.504273965 21.910399844 -1.422072403 
-6.058624629 22.067958315 -1.116465403 
-9.398003361 20.726373175 1.535738550 
-9.085638090 20.863871944 1.741672024 
-4.610406192 22.130676799 -1.100195287 
-4.236079780 22.187931797 -0.846084738 
-10.626827980 19.643535212 1.107335364 
-10.363276862 19.806669533 1.294342266 
-4.773209438 16.933171000 3.070039594 
-4.998391998 16.925024943 3.239367489 
-7.221718802 15.947218763 -3.438586312 
-6.701477882 16.240461819 -3.688628148 
-2.349045122 16.023731383 4.327373175 
-2.345622843 16.105018666 4.398297050 
-7.872999718 13.909693594 -5.018773806 
-7.624380782 14.067718046 -5.218249973 
-0.730193728 21.508476193 2.614593368 
-0.303485713 21.542480030 2.113735631 
-12.907085313 16.333901490 -3.333445334 
-12.625120983 16.573629866 -3.591274806 
-1.047082623 21.930079442 0.342270072 
-1.375415794 21.934874378 0.566798904 
-12.568927743 17.292184782 -1.722584182 
-12.528503472 17.352316052 -1.536015436 
-10.204824245 16.209803634 8.109056153 
-9.228829515 16.597024868 8.491070650 
-5.556570389 17.571649988 -10.009969256 
-4.854233531 17.767377561 -9.957232522 
-11.013355839 18.878377542 -3.743042801 
-11.253829658 18.804500618 -3.378720202 
-3.167145146 22.009862256 2.793710989 
-3.843839279 21.768168945 3.537924623 
-7.602884946 9.829985696 3.693667198 
-8.577041691 9.054562594 2.955375834 
-4.302334965 15.130238024 -7.563857163 
-0.296395623 12.664380812 -5.672371126 
-8.883305935 13.294191108 -0.524500215 
-8.590732368 12.825478037 2.957015629 
-0.304816339 16.027363824 -1.492523126 
-1.272305278 15.079664964 -4.915111905 
-4.061124946 4.071193234 5.634093827 
-0.990112714 5.219667983 6.406512698 
-4.346580350 1.776427813 -4.517166462 
-3.915907711 3.419034878 -3.994903223 
-4.338660806 4.761206637 7.526736385 
-4.381512592 4.798469519 7.575120722 
-1.525405915 7.543726243 -8.295217517 
-0.820493486 7.544101908 -8.099826610 
-0.198552770 8.319563112 4.802335932 
-2.515360054 6.062818343 3.273500153 
-2.305616260 6.983735456 -2.979453225 
-1.857667710 6.083818774 -2.965780124 
2.436484738 6.805410928 1.888978600 
1.805059594 6.974013261 2.084340821 
-5.272477789 5.616142517 -1.150829669 
-5.452385154 5.428790643 -1.538942173 
2.526960802 8.786818797 -6.596110904 
3.102448738 8.934070543 -6.089553304 
-7.700053082 4.956340980 6.228992254 
-7.884426673 5.022651563 6.132410697 
1.435812406 6.154025757 -4.775448299 
4.044765074 6.648148178 -0.547888540 
-7.277526050 3.039534998 0.861376844 
-7.175717511 3.224336196 2.895844986 
2.019522473 11.511188524 -3.295218075 
-1.373602838 11.967396928 -4.594358455 
-7.366217667 6.791058374 2.977444142 
-7.297511724 6.376741686 3.422976125 
-0.355160547 7.628999474 -2.322159884 
-0.216557005 7.104062056 -2.361774313 
-3.660322802 6.815150379 2.921666842 
-3.457719843 5.929866467 2.921995182 
-14.153116336 13.576041792 -4.322816407 
-14.135015928 13.575512530 -4.339210379 
2.290718821 20.068748870 4.578457284 
2.248307829 20.562106242 3.517412857 
-14.081786463 11.323328586 -5.336489916 
-14.306096339 12.503863721 -4.000476232 
3.374581687 18.946624901 4.999200062 
2.715725546 18.618919854 6.235019698 
-8.845522188 10.370788543 0.860759080 
-8.785507054 11.219178188 1.547445901 
1.971507695 13.154687102 -0.094272554 
1.972535079 13.792437044 -0.713603042 
-4.521076309 6.657364178 -2.674813361 
-6.593583226 7.014603336 -0.043557405 
0.352767615 10.795091983 0.873886264 
1.063750142 12.823404012 2.365343724 
-8.332403920 14.185195182 -3.976183419 
-7.991913811 14.524203239 -4.247059833 
-9.992962621 26.871634058 -1.636567741 
-9.125579522 26.754613969 -0.606617255 
-9.027432443 12.458836051 -0.657802808 
-10.341010873 26.003804492 4.242556254 
-10.113636496 26.264960981 -6.956005038 
-9.746887379 26.419564493 -6.724557109 
-5.927587893 29.507977892 2.314145378 
-5.725597752 29.537142803 3.643537586 
-15.985561183 25.058596197 -5.017026770 
-15.790644330 25.236001883 -4.839193239 
-5.884198468 29.550298250 1.879972598 
-4.143474512 30.027043207 1.476626799 
-15.465242932 25.483124239 -3.463806154 
-15.607600199 25.417893744 -3.332381838 
-5.291572479 14.270677790 5.861728484 
1.786777786 13.584800975 13.510616721 
-11.622875314 7.269016864 -12.299944697 
-10.787810016 7.663565517 -12.793100906 
8.018337186 10.098682100 10.546244151 
7.669628293 10.073675094 10.863060001 
-12.054967725 1.747419029 -9.355307831 
-4.734267029 4.017372947 -5.378040636 
10.210534202 14.931378894 10.412810565 
11.747683590 15.085199008 8.021150961 
-16.146705726 4.485968744 -9.911506229 
-15.732080500 4.651881757 -10.339718078 
8.918009518 16.652946283 10.759602598 
8.946232307 16.781978314 10.787159764 
-17.061861626 5.854919695 -9.379154903 
-16.740847601 5.831722781 -9.811368939 
3.107170085 5.000984229 0.086232756 
8.292946081 3.539733511 4.999909398 
-2.133284941 4.388318162 -3.477993706 
-10.128895951 -1.563532454 -3.130337516 
3.058150053 4.599442349 0.114129701 
2.478563110 5.975177550 0.822000187 
-3.576864189 0.027065008 -3.309256626 
-4.301882553 -0.578625006 -1.952688004 
4.062178125 1.726753670 7.394312937 
4.400946347 1.979861071 7.205520990 
-6.231828996 -1.676041692 -6.284338945 
-6.735945727 -1.809960578 -5.893708613 
1.479139582 2.487985392 6.596609289 
0.064028385 1.977902118 7.015507387 
-8.012403030 -1.565580297 -4.714595235 
-8.023493213 -1.564394817 -4.707483669 
-10.684927536 9.779964409 -13.805854335 
-10.657484365 9.981168726 -13.941912373 
2.314535652 10.945294168 3.072196106 
0.557453335 12.949728199 4.491896817 
-13.217881930 14.013994941 -13.461060136 
-12.357865173 13.620921559 -13.922852169 
0.354293636 19.152238233 13.946285146 
0.709909547 19.622694625 13.567115132 
-9.911049709 15.343275177 -16.871929375 
-9.810031863 15.681842362 -16.823803003 
-9.391233367 15.761863047 16.904052325 
-6.619178167 17.381759080 17.048789909 
-8.930180226 13.995328322 -17.024986514 
-8.753283457 14.209253577 -17.061981677 
-6.138915228 15.668842344 17.158652191 
-5.495974293 15.679022708 17.162320620 
3.508680191 4.797230212 -0.582883435 
4.087389820 4.487743526 0.228955552 
-5.588315798 1.108474906 -0.770203722 
-5.644881302 1.129889862 -1.473228116 
0.907703352 9.278223279 7.427800799 
0.637710191 9.251967222 7.606487277 
-5.751720280 7.067173798 -8.201061154 
-6.001579877 6.993048234 -8.097388285 
-0.974621451 7.839215830 2.796243551 
-0.556533471 7.454214332 2.512590960 
-3.746694319 6.942430265 -3.170404671 
-3.528590705 6.879508330 -3.093041106 
0.668613946 8.194212103 2.877001840 
-0.252104041 7.769838357 4.297137711 
-5.978858983 5.879684709 -2.588996419 
-4.239846837 7.585404272 -5.847470881 
-1.008743609 7.175751995 -7.787319313 
-0.770753231 7.349202075 -7.793381815 
-7.043872479 4.791047940 6.287681958 
-3.899783799 5.926821633 7.878416107 
0.352381976 8.232278765 -7.367334069 
0.446818024 8.337843819 -7.381924066 
-6.927102947 5.080627969 5.647770573 
-6.635243236 5.540070220 6.502226100 
-5.297150237 11.554363367 -6.066498523 
-2.148903496 10.931913055 -4.658239114 
-4.807048135 11.464581254 7.027341988 
-4.778633172 9.826842045 4.837285126 
-2.117993862 12.770212145 -7.718521901 
-1.290755801 13.707245341 -7.626915197 
-8.505009575 10.389179395 6.642229685 
-7.031455282 12.147141074 8.229880405 
-5.822927386 21.860885474 -2.045220727 
-6.119750081 21.804331428 -2.104207111 
-9.776090573 20.312489487 1.928464134 
-10.185453400 20.068825801 1.732121500 
-3.703959217 21.830492543 -1.625839098 
-3.521404091 21.901173520 -1.116873088 
-11.613978592 18.426740903 1.049288051 
-11.473613500 18.526057570 0.729597600 
-5.486028348 17.026527961 -1.880689734 
-5.393134451 17.250028732 -1.550399501 
-6.581721586 16.576737080 2.333760805 
-6.769904874 16.569212768 2.046984237 
-6.973400895 15.106938835 -2.661694393 
-7.745226674 14.385093196 -2.846967929 
-4.714488541 16.110346299 3.457043272 
-2.323705794 15.933802367 3.710740167 
-2.202912127 21.699990312 3.129510686 
-1.477298275 21.849039379 2.208043947 
-12.114598279 17.267065900 -4.045244848 
-12.323356700 17.231411481 -3.499570242 
-2.707883807 22.038127938 -0.261574306 
-2.569589305 22.038363708 -0.209655413 
-11.717200914 18.259604495 -1.724974145 
-11.726574696 18.262978810 -1.546903460 
-2.761387491 16.996760498 1.866000373 
-2.824396260 16.904014612 2.211933536 
-7.935295930 14.951224414 -2.529419750 
-8.177521074 14.683449010 -2.631310310 
-2.645839348 18.714033027 0.977314996 
-1.506180432 12.132171702 4.628732086 
-9.444441773 15.915093533 -1.480179632 
-5.788926022 10.440166679 -4.958182116 
11.513641210 9.500303669 -7.314028265 
12.100466479 9.350282158 -3.468724751 
-11.871477061 -1.172701306 -2.316018883 
-12.747857467 -1.099927436 -1.312202128 
3.260810448 5.756016762 -0.544166651 
2.462996215 6.246060740 0.348391908 
-5.551840625 0.788390608 -0.598681293 
-7.183888066 3.608991179 -0.902043742 
11.114503884 10.515522074 -9.917796639 
11.979086176 10.760369993 -8.218182466 
-14.890987750 -0.978835991 1.263424821 
-15.281570134 -0.326431923 3.751087641 
10.124736802 12.262361757 -11.997969978 
10.781602907 12.361414945 -10.977224964 
-15.679186158 -0.277292541 2.431934762 
-15.800238802 -0.048556773 3.373398928 
0.514029655 21.570959648 -13.123768714 
1.439398246 21.537538255 -12.740069441 
-17.783380194 14.011030032 10.435641088 
-17.954646420 13.932383526 9.966361040 
-3.988780459 22.129914591 -13.269395864 
-2.681657587 23.670482077 -12.478710492 
-14.712636023 19.973474133 11.928770530 
-13.850982885 17.516022277 12.724512729 
-0.987032672 27.348301854 -9.249397393 
-1.041321520 27.471671974 -9.145785116 
-17.128659595 20.610069994 9.551942695 
-18.262111103 20.371613574 8.481929896 
0.666260605 25.957978045 -10.629900504 
1.660060125 28.520125841 -6.589155513 
-18.483688258 24.256923419 -2.131312373 
-18.818477643 19.787482266 7.975478574 
-11.314541170 25.241203156 8.989584318 
-10.013241480 25.900215330 7.902505015 
-11.992969839 24.758515512 -9.648142674 
-11.006505899 25.225126497 -9.006672048 
-15.201314876 21.967819072 8.444962041 
-14.487022109 22.562515693 8.604486080 
-5.615496632 23.738534802 -14.822374127 
-5.510096665 26.340059888 -9.620186544 
-6.742737435 10.002433521 8.305355935 
-8.228249740 4.278615816 11.637820961 
-6.896555755 23.472074459 -13.692081911 
-0.535447076 8.399654392 -2.850396626 
-12.000056286 21.906314898 13.574243787 
-11.875411751 20.563961715 14.973442897 
-8.440483611 23.261095267 -13.573741542 
-7.636576984 22.764195593 -14.432003004 
8.160999574 21.466423960 -9.227434985 
8.009086594 21.608149804 -8.798135114 
-20.738509383 9.933486738 -0.142844400 
-20.694464335 10.365948453 -0.222278791 
11.085374003 7.135010745 -11.329503596 
11.506264790 7.603846327 -11.112969858 
-3.734174374 0.101127802 3.449672463 
-3.356051207 1.251756872 4.679118653 
0.163916056 4.727537954 -5.046187469 
1.013042130 4.480175146 -5.094085990 
-0.510134452 4.551635702 3.022514631 
-1.466957403 3.684363597 3.876967236 
10.614597347 16.399837536 -11.374122825 
10.906483280 17.498842493 -10.055561339 
-11.544633201 -0.522497193 10.098807633 
-10.392284135 -0.209396682 10.757441664 
-4.039643578 8.416236533 3.631915199 
-5.101256433 8.372145243 3.883433755 
-1.729443094 9.939301810 -5.602709695 
-2.631190440 9.837904657 -6.745550082 
0.990006662 12.945735466 2.708854713 
-2.510720133 12.658693368 6.372673889 
-6.280080749 10.064480569 -5.064198894 
-5.336219937 11.547524295 -7.298772301 
1.047173967 9.389828729 7.538975473 
1.072722020 9.497329920 7.537637099 
-6.594900416 6.784349013 -8.006382936 
-5.999493201 6.952098808 -8.245922823 
-0.529326540 8.500621563 8.081555197 
-0.517869984 8.664686350 8.163600830 
-5.701118442 7.204042652 -8.881187445 
-4.180940771 7.549254999 -9.152330988 
3.052421304 6.271876187 0.658066602 
2.457547621 6.281512972 -0.244716027 
-6.421705085 3.212310717 0.900772837 
-7.178348419 3.576720644 0.984575673 
-1.485171063 7.183066846 -3.027702477 
-1.739607528 6.719723117 -3.418860239 
-3.325436699 6.725704495 3.169319963 
-4.333321659 5.034541000 2.352670640 
0.878815137 8.826151106 -7.648287789 
0.427997419 8.664374243 -7.855136198 
-6.820875172 6.174485205 7.603262064 
-5.440611094 6.704200401 8.252886052 
1.009043823 7.119799952 -7.713279360 
1.554779330 7.337442346 -7.440841266 
-4.977602248 4.833502421 7.768212897 
-4.609282554 4.957502201 7.896432581 
-2.425483259 16.023908126 -4.412927603 
-2.737704452 16.021256585 -4.717863624 
-7.649495612 13.960397074 5.110757869 
-8.214322822 13.841029250 4.943353393 
-4.362332328 17.029851759 -2.904257050 
-4.650280225 17.065335811 -3.168055417 
-7.320721018 15.896503056 3.421667485 
-6.255763255 16.436567214 3.712190546 
-1.981907562 21.870726717 -1.630985188 
-1.434840262 21.928223105 -0.747103467 
-12.730483902 17.189519994 0.271438938 
-12.540752931 17.387021318 0.865101556 
-0.751059380 21.456507215 -2.896423884 
-0.953981487 21.567040111 -2.403472763 
-12.913736370 16.471242903 2.926253771 
-12.877374952 16.606188270 2.554466490 
-7.066022194 15.342755580 2.795264486 
-7.699272839 15.596639154 2.767925056 
-4.143660849 16.671412647 -3.364682786 
-4.484680216 16.979520802 -3.589079335 
-4.438440135 16.611383758 3.812868058 
-6.034263086 16.970642546 2.643816055 
-7.100769555 15.543080071 -4.073028084 
-5.809082203 17.158608786 -2.978287062 
-4.825971477 22.082266975 1.377102457 
-4.307645296 22.195525763 0.333096609 
-10.392330354 19.777221293 -1.270621815 
-10.660239905 19.615700538 -1.297497595 
-6.083981256 22.063532476 1.156782670 
-6.288872607 21.997483203 1.247849894 
-9.201894555 20.805040766 -1.702060061 
-9.106647836 20.852460914 -1.678315193 
-6.440498049 14.532306487 -5.098122657 
-3.705156500 13.307330538 -7.806482216 
-3.815541489 15.478889521 4.725051453 
-5.599830265 12.867567215 6.717429421 
-8.494942369 14.408595247 -2.841184798 
-8.161544985 14.629804095 -3.248991608 
-1.970177814 17.063300986 2.042904317 
-1.741073817 17.225798493 1.835546645 
-8.696268200 20.303862623 -4.559325701 
-8.516005066 20.376664983 -4.566729089 
-5.868622319 21.456640232 3.827419329 
-6.207728993 21.330377682 3.978044830 
-6.691682950 20.471970961 -5.618466138 
-7.405833995 20.202165301 -5.705012477 
-8.504901559 19.757001852 4.932283076 
-8.597621270 19.686601746 4.946235784 
-7.298977961 15.239465720 3.501528591 
-7.037947861 15.417636105 3.844759788 
-3.794588579 16.611234074 -3.220098425 
-4.034017728 16.653276172 -3.465472648 
-6.209199017 13.168959000 6.229144563 
0.565883561 15.277466648 3.614931444 
-4.990410556 3.217779262 -3.395967326 
-2.039411514 11.729160990 -5.089176046 
-5.147293506 18.987473613 8.243044646 
-4.182303491 19.336582831 8.018890390 
-9.557768437 16.845488838 -7.600821442 
-9.004525849 17.111054087 -7.787740335 
-4.877761468 20.030127511 6.852393454 
-3.366952251 20.556896091 6.130152260 
-10.074111737 17.533589994 -6.260475226 
-9.323306395 17.988800246 -6.419636567 
-1.040454811 5.063985625 -3.757747818 
1.250285763 6.447279198 -2.806046273 
-4.367724891 6.650470782 2.616517945 
-4.499435252 4.160131591 2.326599375 
-0.267370918 11.806818835 -6.918892963 
-0.396600761 11.710452061 -7.046031805 
-6.363212844 4.846957238 7.116651402 
-6.461342432 4.876095848 7.094396194 
3.014508568 7.394684372 -5.833639299 
3.267665300 7.535657823 -5.612380954 
-5.535940845 1.718898696 -0.233777362 
-5.509238745 2.476001274 1.137651721 
2.869220590 6.788316986 0.146198332 
0.973511729 7.697748466 2.591145335 
-8.664767536 -1.871985864 -4.023936585 
-5.288449172 5.638227550 -2.422563674 
-2.673903901 6.661745240 -4.659819222 
-0.513259092 7.243408224 -5.135813715 
0.237932045 7.761538876 3.662478525 
2.342965446 13.189727126 -0.390785023 
-4.077377323 6.400714379 -3.863436925 
-5.241161403 6.044161956 -2.165550705 
-0.000819078 8.532614637 2.393777036 
1.398586869 9.436813881 1.440636572 
-5.720178449 4.771388410 -6.788113071 
-5.359952952 4.945710482 -7.013418678 
1.528397146 7.834630710 7.094430933 
1.320470942 7.793459029 7.250894871 
-3.885332082 5.980773052 -3.658811941 
-4.769504512 5.541516805 -3.449575493 
-3.364392218 3.957726880 4.023035092 
-1.862971152 4.503157846 4.118271079 
8.633532334 16.616695591 9.595400861 
11.894542814 18.189962106 4.132678246 
-5.369776008 5.583296206 -7.678433043 
-16.991984513 6.312160659 -9.815699174 
3.664354686 16.712217198 10.154725960 
4.379283558 17.032913370 9.788743190 
-14.232621597 9.174502368 -9.690025336 
-6.549024867 11.718739996 -6.881447499 
0.579327050 7.294974301 -3.002564086 
4.253466109 7.117099290 -1.377427900 
-6.783388068 4.136243895 1.759625724 
-7.813050204 2.721306310 0.567988763 
2.076710487 7.859416666 0.420149201 
1.636855870 7.751035007 0.948468054 
-6.575127714 5.253261276 -1.926633476 
-4.270997819 4.756540519 -2.687510655 
5.243091840 17.685601259 -13.798706276 
5.407591311 17.009002459 -13.689578358 
-18.330175259 5.888168836 7.336563139 
-19.177257259 7.340823792 7.422631560 
5.363052330 13.654113746 -10.619403913 
1.464674390 6.568384913 -1.322441678 
-8.348286807 8.958738597 5.898012088 
-9.249680884 10.494299228 5.414437863 
3.305620495 13.178327130 -3.790428450 
3.114274373 13.847265871 -5.732916363 
-10.291768161 7.871271647 2.747133414 
-11.302993578 7.822457452 4.671935312 
2.566128318 15.309720669 -11.850030176 
2.381496908 14.553962514 -11.970900143 
-12.602707291 7.420406699 9.843957430 
-12.768963907 7.764913041 9.930856245 
1.742065863 28.187236107 4.284381369 
1.519900250 28.183435461 4.896292954 
-17.419677655 19.828668690 -8.537554944 
-17.523390045 20.074022857 -8.206950344 
2.141302607 25.281527143 0.771681515 
2.785309570 25.046556186 0.838052537 
-17.742709293 15.586141304 -2.676382349 
-17.500337337 15.977572040 -1.747559349 
-5.771007587 20.750905425 0.227410710 
-6.016211579 22.000078730 0.816566997 
-8.265333716 19.588174383 -0.021294349 
-9.240991456 20.507600212 -0.916128593 
-3.508375869 26.000029302 2.278824257 
-6.345635430 15.868515822 -2.425023353 
-13.999729200 21.138539181 -1.905820781 
-13.956747395 21.692979023 -2.758104949 
2.988193699 26.826540226 -7.834741740 
2.572131176 26.291186664 -9.599323958 
-21.013441013 16.231398081 3.525740298 
-20.835639209 16.962784473 2.856239938 
-3.707604471 25.260804201 -6.935892630 
-6.649987871 18.382878778 -0.107862548 
-16.606553689 18.986965125 3.389681107 
-15.857214156 19.804029839 3.765867543 
-5.301871069 17.708578888 3.365424177 
-1.372010598 21.203787458 1.693341558 
-7.234139775 16.933912845 -3.674689269 
-11.338123104 16.720136056 -3.470001649 
0.320188245 25.712399637 -1.711241779 
3.953566042 24.509137853 -3.146649223 
-18.495417147 14.077033129 -1.091105631 
-18.608607826 14.319784901 -0.744743528 
-1.124051796 7.951073015 2.937388796 
-3.481678196 11.746361107 5.705714696 
-5.627022413 10.885273676 -5.806392854 
-5.910012976 10.674109032 -5.818572362 
1.494738657 6.493591649 4.165182752 
1.120529311 5.678121399 4.730437333 
-6.665063704 3.498084191 -0.422582947 
-6.781590387 3.537368530 -2.828375023 
2.762045165 9.214756303 6.697474267 
2.047830187 8.952956965 7.249715739 
-6.885108117 4.880538979 -7.071548594 
-6.799686205 4.909322129 -7.110081086 
2.177534067 10.467383327 6.886345701 
3.374645900 10.835670168 5.743391986 
-7.291423692 6.982052598 -7.595769708 
-7.427113738 6.909938660 -7.529386940 
1.520014110 12.815751696 -2.470733145 
-2.021483194 12.980012539 -6.032918056 
-7.863934272 9.860182867 3.609451115 
-9.239635985 10.111693804 4.501053786 
-3.948462517 8.831314769 -3.662458341 
-4.786565943 9.051586722 -4.156537502 
-2.227563589 9.955969096 5.517389006 
-1.996777765 10.181853345 5.627320869 
-0.121983707 8.640791506 -7.865165846 
-1.375066311 7.933602913 -8.095735610 
-5.668284892 6.734679875 8.410871000 
-6.720642858 6.458042547 7.981429895 
0.598799527 9.512472998 -7.723559381 
1.095539026 9.773271100 -7.463499725 
-8.431535462 6.111183353 6.271751193 
-6.402177504 6.738331999 7.713465745 
-4.699633629 17.223476004 -1.636313384 
-4.119945057 17.354998381 -1.435732477 
-7.080714420 16.263921297 1.945505934 
-8.192011724 12.598661924 3.843353480 
-6.686912856 16.175711989 -2.278156839 
-6.561753144 16.570354754 -2.330239209 
-5.235780407 16.682272344 3.095297733 
-5.046068173 17.061710678 2.899489315 
-4.841781859 22.164506149 -1.269342839 
-4.727467857 22.238404339 -0.571051390 
-10.791577695 19.686949094 0.779504367 
-10.760960644 19.701972695 0.975232107 
-3.069662522 22.009992389 -0.356533910 
-3.203270505 22.009177589 -0.152122717 
-11.534305660 18.519674989 0.251766082 
-11.593917508 18.469671565 0.454267215 
-3.190091526 16.935803262 1.920114179 
-3.361065600 16.830744529 2.353007195 
-7.938038611 14.988038136 -2.038928276 
-7.996245088 14.863638859 -2.359860257 
-2.567484312 16.371101385 3.763999085 
-1.730968649 16.909051862 3.308121536 
-7.912128478 14.306043843 -4.324794888 
-7.978455057 14.459845618 -4.449214251 
-1.643555583 22.073106304 0.636810396 
-1.192358716 22.078523387 -0.277505233 
-12.533089343 17.481846260 -1.938685219 
-12.494281149 17.515363363 -2.069681812 
-2.211180599 21.989154481 -1.122450675 
-2.277021696 21.986179334 -1.096757012 
-12.165212483 17.876521785 -0.363278759 
-11.875128912 18.123895292 -0.265927565 
-11.243862491 21.811172635 1.478678985 
-11.285524424 21.789520241 1.446189614 
-5.577936895 24.108097314 -2.281362458 
-3.386558670 21.618334539 4.185128764 
-7.662269109 16.204453634 -1.025077680 
-7.654584938 14.758762102 -4.823834981 
-4.103611164 17.668973189 0.715199001 
-3.993201038 16.108144564 5.034827765 
-6.885661586 16.227577560 3.467392423 
-6.393989389 16.355305095 3.719417237 
-6.252762008 16.411066037 -4.121339415 
-6.314089367 16.304643462 -4.160642547 
-8.649903184 20.008308795 -1.802549958 
-8.733638088 19.978601285 -1.720939808 
-5.765478462 21.213325560 0.823216938 
-5.851180490 21.201804436 0.879013915 
-3.434772596 4.693422125 7.815320828 
-3.890766338 4.524191633 7.764546629 
-2.672203285 5.480425089 -7.859643444 
-2.316367532 5.541838375 -7.792716431 
-6.581994272 8.083033466 1.953115175 
-6.957857705 7.804428764 1.176687520 
-1.005981741 7.073574447 -2.898515622 
-3.093033123 6.327172085 -3.012691307 
0.498788558 8.547184843 -2.426167411 
1.307976796 8.213476507 -1.629379087 
-8.334372385 8.344666810 -1.471642162 
-8.337832660 8.438765685 -2.465907379 
-0.828706354 4.903322140 4.709445070 
1.545901352 6.656537695 2.714422359 
-4.355778019 4.687317428 -3.537965817 
-2.558665358 4.861644023 -3.581175273 
3.273553977 7.920286384 -6.246793614 
3.336790124 7.957273213 -6.238389864 
-6.764483496 3.392092212 5.520102647 
-6.562265964 3.556222228 5.828687870 
-0.754088736 7.287428418 -3.952340256 
-0.726014027 4.591342736 -5.479409032 
-5.246252784 2.930549680 2.696742280 
-3.712608986 3.613641111 4.965568273 
-1.368682665 16.246284479 -2.633065436 
1.868041913 9.403944694 1.697291005 
-5.262845759 8.456558053 5.063809870 
-8.819694059 13.694042133 2.724335346 
2.422229251 8.401833707 -7.148169456 
2.304664355 8.440417179 -7.184799089 
-8.928357720 4.161913292 5.095170957 
-7.733003811 10.169548195 5.640921704 
-14.081264955 13.646385255 -5.100380202 
-14.182348933 13.584936489 -4.898452110 
1.830901698 20.205601022 5.422412740 
1.592419609 20.187240723 5.667257008 
-4.160131411 10.171995213 -6.067045269 
-9.323282729 11.309212979 -3.984403474 
1.971961675 9.238419443 2.732111983 
2.146973572 13.626353802 -0.224571975 
-6.378881146 17.161113974 0.971712171 
-6.452560207 17.594828987 0.152146919 
-6.248393082 17.213085401 -1.359512717 
-5.918163637 17.782382704 -0.701591684 
-4.843598273 4.214325356 -7.541223279 
-4.614192328 4.818154795 -7.912165731 
-4.935046091 17.180470914 -2.940725825 
-4.287763661 17.472961774 -2.826620134 
-5.333779356 30.065256156 -3.536684565 
-4.685098204 30.285094653 -3.848705574 
-16.935569080 25.416849645 1.557431829 
-16.848876401 25.422135471 1.754944565 
-7.549290432 29.580313437 0.171027351 
-7.455178171 29.694028212 0.275159794 
-14.030691064 27.218849058 -1.272455940 
-13.509927601 27.350886154 -1.272991509 
-1.818156114 30.828504684 2.583296406 
-1.595686759 30.673146765 3.370270847 
-18.033883968 23.993486877 -5.296193872 
-18.007751811 24.226925332 -4.602110558 
-0.771976940 31.103300208 -0.136546837 
-0.606829982 31.068705314 0.055900941 
-19.514486948 23.144126906 -3.066785919 
-19.241287601 23.349180112 -3.312803462 
4.549158279 19.855128889 14.329379634 
3.997477293 19.633270477 14.709853274 
-16.627831030 10.291369719 -12.626138512 
-17.475740806 10.434557766 -11.940844853 
3.319938042 14.310255859 16.027844671 
3.285480646 14.797221035 15.975603230 
-13.192513347 7.490674970 -13.786748584 
-13.580553209 7.297886779 -13.485031946 
11.162748037 16.358096709 10.591751588 
11.840152380 16.675674006 9.306475973 
-18.982340724 4.107417856 -7.424044688 
-18.361705661 4.573042673 -8.839428890 
9.888283771 18.541315582 11.726528052 
9.924693062 18.957028899 11.288012246 
-18.473796697 6.742260818 -10.410567413 
-18.087190714 6.961958915 -11.021199244 
7.438360402 5.948831458 12.721228929 
7.246163443 5.733869952 12.862990325 
-8.401126886 -0.158414931 -11.561199462 
-9.860499324 -0.459053534 -10.921458935 
9.576229130 5.440346712 8.723461848 
1.315145163 0.892683468 6.890787377 
-4.457841310 2.601053148 -3.582268398 
-3.867456737 2.637535877 -4.022053530 
12.586851155 12.731325163 9.091197648 
12.971037295 13.359913898 8.072008572 
-15.235923132 1.590742535 -9.863981388 
-14.227619417 1.820828628 -10.967731367 
10.937517921 12.226576263 12.123195936 
10.599347238 12.291617271 12.482454187 
-14.586824291 2.368098179 -11.573297142 
-14.830115442 2.068444934 -11.108145750 
-6.593336714 11.356381872 -18.269278190 
-8.204341149 4.441946612 -11.042888361 
-3.571133107 11.906267344 17.966029078 
2.560230634 6.595068435 10.559112317 
-10.661029327 11.754930431 -16.715397673 
-9.627571199 12.122383615 -17.294494443 
-0.400453408 15.383704693 16.781701291 
1.420988346 16.467500339 16.069699135 
-9.387319247 16.788508907 -17.729584677 
-10.094275931 16.890844718 -17.497206937 
-6.074017432 18.493059763 17.496528615 
-5.253447771 19.219429616 17.251021200 
-8.745885640 16.015115915 -18.335655283 
-8.031494762 16.024125257 -18.470412020 
-7.524434625 17.297618296 17.845035588 
-7.819644634 16.652894835 17.961203797 
10.251325006 25.692267675 3.614575438 
10.671279637 25.867556325 -0.269535266 
-23.270767501 11.411616338 -4.485088097 
-23.319985823 11.824977831 -4.160864815 
5.647579237 25.665993175 5.346005072 
5.800778667 25.780560515 4.850660399 
-20.099361104 14.513505823 -6.306632671 
-20.062073285 14.710888323 -6.369470640 
7.884829867 19.272127916 6.865671396 
8.095768996 18.868013779 6.460538901 
-18.008332237 9.598508006 -6.701919226 
-17.970109122 9.284877207 -6.086519296 
10.354138472 20.385448318 4.874156558 
10.902607570 20.532115803 3.246735191 
-12.144737522 1.919562392 -0.609119209 
-12.435880818 4.357652894 -1.766885276 
11.934281154 21.414000694 -7.501836335 
11.881043454 22.106079440 -6.582055086 
-23.349928979 7.811888288 1.185508295 
-23.141603820 7.443496680 1.796879117 
12.032124889 18.485909589 -2.604316690 
12.163668004 18.495916073 -0.840333635 
-19.867548033 5.748195398 -1.640827638 
-19.882477579 5.521404205 -0.426063349 
8.025284810 15.237776533 -9.164425818 
-1.536165495 13.484586744 -6.374278739 
-17.298701461 5.136333296 4.044791590 
-8.544187958 11.122054660 5.429460833 
10.017467809 18.153845507 -7.840148881 
9.899015556 18.131294302 -8.157673785 
-19.024724557 6.596960324 6.472294192 
-19.580922313 6.495338728 4.976450470 
6.156674098 24.569281575 12.230653186 
4.606262720 23.577974999 14.552135687 
-19.750562443 13.450220405 -11.992327078 
-19.940529505 13.816088129 -11.474645773 
7.687527626 21.572442215 9.439744210 
7.791518597 21.424798107 9.642080971 
-18.675145069 10.995792257 -9.081752567 
-18.698721131 11.218531262 -8.982828310 
2.702346094 25.084150540 6.084631533 
2.996892067 25.068942782 5.823721354 
-18.187032934 14.869064397 -7.408404016 
-17.718661441 15.823637618 -6.867849955 
2.885238311 26.604361000 6.712785465 
2.953911192 26.308267303 7.712293690 
-17.497312245 16.508246764 -10.474904198 
-18.117347148 16.824825265 -9.067550849 
-0.714675273 22.431392575 -17.718537451 
-2.282699607 22.779375459 -17.573844681 
-20.078293465 16.210307533 11.217125167 
-20.112098291 16.372696420 11.022376535 
-4.212377531 21.743524058 -15.370628302 
-3.950352763 22.695201106 -14.475766816 
-15.384166614 18.619371056 11.555122084 
-14.301538672 18.787374879 12.392368882 
-1.670230491 25.601901214 -8.903657530 
-1.329930295 25.924008092 -7.812808050 
-16.258952365 19.463687693 6.914152983 
-15.812268549 19.699030657 7.313882918 
0.004463004 26.469803498 -9.560264701 
-0.182859716 26.216502152 -10.106558975 
-18.718531976 18.476200585 6.867920038 
-18.492180415 18.650901635 7.041086921 
4.871472955 24.276788393 -13.630038796 
5.061207447 24.173829133 -12.738680133 
-21.709204519 14.638896825 8.679841271 
-20.949192438 15.471966875 9.836319272 
6.749085107 21.535167184 -15.681469868 
7.493111820 22.127726167 -14.984522227 
-23.919477332 9.502276823 7.258976153 
-22.095195964 11.773787083 11.000208093 
3.771650320 17.204561345 -14.943087102 
3.384916919 17.182531908 -15.051326201 
-15.853952326 10.660889865 12.661475517 
-15.880109206 10.134285634 12.567207596 
1.683450418 18.547298073 -14.976764646 
2.142585921 18.657955107 -13.983824053 
-15.643371710 12.060414655 12.168428747 
-13.844719296 12.959185752 13.351602624 
2.533948222 30.648231080 4.989105579 
0.412638797 30.499483143 5.904047572 
-20.826293898 21.326793409 -5.388604929 
-20.609827240 21.855954523 -5.075768848 
-0.232012139 33.170571370 0.650483538 
0.180409297 33.119903332 0.081962884 
-21.831639070 23.546779172 -2.544871625 
-20.966912113 24.189424791 -3.499196242 
-6.679907354 29.333986010 1.502217290 
-6.348076466 29.656074805 1.634199782 
-15.611141882 25.787969224 -2.117538575 
-15.557504159 25.921408511 -2.015076420 
-7.093520060 27.768092561 3.765488082 
-6.393581777 28.032952198 3.666021763 
-16.406571791 24.029371120 -3.710437302 
-14.174940556 25.080336777 -3.231765099 
-0.714388312 9.713272363 19.337209039 
-0.467618114 9.020682041 18.647847748 
-4.303493491 8.605920240 -18.994160489 
-3.743213790 9.332472715 -19.245145362 
-2.616915690 12.288859960 21.043040270 
-2.958855796 12.685584766 21.082329172 
-4.297422803 13.104134322 -20.859802120 
-3.601330264 12.590590029 -20.649953208 
-7.788450622 9.396410536 16.908241565 
-7.910691149 9.312356900 17.129199315 
0.189716645 13.037164937 -17.181980514 
-0.715316487 12.506239504 -17.196406213 
-8.350346184 7.132152388 14.496506917 
-3.583429332 8.144247322 12.008840909 
-1.815658616 10.367510418 -16.853560436 
-0.775294178 8.645385585 -11.456094335 
4.101851116 7.804923593 -17.602850542 
4.955620011 7.236416858 -16.748180636 
-11.403801826 -0.808258658 11.415031567 
-10.314138245 -0.725866710 11.756405297 
8.662638929 8.855310287 -16.637785263 
8.781324013 8.892467418 -16.664121154 
-16.259813998 -1.050569539 10.208163681 
-14.682003679 -1.682919324 10.316981204 
9.149178083 6.127871745 -10.019019802 
8.844490034 5.987287644 -10.108598842 
-3.508910032 -2.031935792 3.711946813 
-2.825992479 -1.760450657 5.286666785 
4.150454459 2.158692872 -11.103051822 
3.393169071 7.030990079 -11.710012589 
-12.709735399 0.587785398 5.861204381 
-3.489612751 -1.250441645 8.056287063 
-4.166075489 24.212403390 12.418082590 
-3.893851331 22.536973923 13.042358368 
-15.254601403 18.345395748 -11.680104429 
-14.339289712 18.921441695 -12.433431276 
2.151418223 22.417090981 12.210261641 
2.648234282 21.586248504 12.012974062 
-17.554355187 13.864723813 -10.461048442 
-17.303347995 14.672275163 -10.921613979 
-2.643869972 30.863626349 -2.449537756 
2.082824965 28.461287694 6.180391100 
-17.596609543 18.887119362 -10.218322123 
-16.873281347 19.697222535 -10.595577490 
-0.919027812 28.393671107 7.995478573 
-0.795276978 27.653286041 8.883799479 
-16.508077275 20.696521142 -10.136628179 
-16.405014960 20.904423670 -10.157917517 
3.235909879 5.831183053 0.518723168 
2.422993412 6.293483067 -0.321076326 
-5.553341429 0.813080733 0.559505634 
-5.423667963 0.768129731 1.272983033 
12.007076053 9.468920534 -0.378507375 
11.325135895 8.574848717 -2.963007796 
-14.552659411 0.149174081 -4.055215398 
-13.347379109 -0.667238725 -2.274500833 
12.505128756 11.661269543 7.722047529 
11.741147956 13.063218880 9.056690603 
-15.810564253 1.117366325 -6.213061732 
-15.172869158 1.108581906 -6.851872248 
13.056492840 11.169323161 4.795627215 
13.089272730 11.363198090 4.872853900 
-15.039184999 -0.142382802 -4.926221724 
-14.836044274 -0.435899161 -4.323527280 
13.269954931 8.078842988 5.681569073 
13.422953432 8.912644179 7.238008349 
-3.698493927 0.139392667 -3.479333503 
-3.253855052 1.294265420 -4.668866746 
8.222534643 23.121507943 -0.158093355 
7.926574630 23.341617714 -0.466473319 
-20.179055133 10.172181609 -4.175731038 
-13.649253458 -0.350314105 -11.179076663 
7.613103458 7.188268502 13.310570663 
11.573573397 18.163390754 8.245087139 
-14.584486095 1.776572139 -11.684556549 
-10.901999451 0.018473729 -11.394944750 
0.237386722 4.768739914 4.989422050 
0.655589748 4.309110552 5.380425335 
-0.329798634 4.606602054 -2.960328845 
-1.890272916 2.939062370 -4.830135159 
-14.303737485 20.924021768 -12.826788535 
-13.842573362 22.619445784 -9.894256478 
-4.383373803 26.194746700 10.883751236 
-4.354300489 27.052248728 8.056305052 
-11.315851239 25.134986640 -9.335423217 
-9.760177470 25.625656267 -10.542281062 
-10.995817526 25.474222292 7.417581050 
-10.835503487 25.441686473 8.314569287 
-12.475841085 20.138550718 -14.971559737 
-11.571447516 21.979301693 -13.828777529 
-9.462531634 22.718816138 13.755742220 
-9.433297725 23.674719725 12.604845641 
-7.153308594 9.858643115 -8.155713989 
-8.884923232 4.156547269 -11.254008802 
-8.497531988 23.528845914 13.077362543 
-2.901676373 7.730243888 5.612939284 
0.556783761 8.232999707 7.191282408 
0.438582676 8.269366198 7.333753077 
-5.954761325 5.261473666 -6.189826495 
-6.302153458 5.678586856 -6.775540947 
-0.854414267 7.238771167 7.766854739 
-0.715375619 7.329321620 7.755361404 
-4.111562073 5.916418201 -7.893983876 
-4.328734786 5.789047947 -7.789973919 
-1.746208417 12.881031643 7.569560498 
-1.483494135 13.645414428 7.716715138 
-8.793518708 10.280998130 -6.429802485 
-6.963547080 11.961007080 -8.115031477 
-1.635633962 11.360095459 4.411549039 
-1.729203138 11.083344989 4.459818262 
-5.117488113 11.344800284 -7.055791160 
-1.420384153 12.118511985 -5.331910688 
0.686367254 9.313738575 -7.538349316 
-0.027342615 9.022409837 -7.905889414 
-7.788475436 6.292656206 7.056033949 
-5.677305758 7.110447970 8.212629432 
3.514138495 4.787712092 0.560819683 
4.094215700 4.517917629 -0.248668307 
-5.591898405 1.111923137 0.756759062 
-5.621907855 1.097494472 1.522775521 
-0.243217166 7.824467836 -3.768914062 
1.322378651 10.120759977 0.088386418 
-6.165220778 5.787189837 2.075633021 
-5.890682686 7.271524986 5.176079467 
-0.591642948 7.968771477 -2.531446741 
-0.923347035 7.330650902 -2.757549758 
-4.282832278 6.694003133 2.775067674 
-3.751807523 6.824484703 3.032419503 
-3.362851216 21.898725815 -1.439916825 
-3.318350433 21.932434529 -1.123818065 
-12.092409854 18.031486452 0.392540870 
-11.877891567 18.202403753 0.467304764 
-3.208912285 21.343042337 -4.405130280 
-2.518414358 21.535921997 -3.837811633 
-13.156386317 16.785745080 1.684902208 
-12.748696210 17.147929314 2.243419924 
-3.134779775 18.600280276 -1.648788390 
-2.132382239 11.867597020 -5.028668331 
-9.516837281 15.864509959 1.435667260 
-5.761711068 10.448573223 4.948933898 
-3.096438947 16.921702614 -2.154689115 
-2.537516027 16.949861370 -2.096062272 
-8.164536225 14.856307225 2.275610734 
-8.385268294 14.588553407 2.380077617 
-3.261265854 21.985545301 0.854463447 
-3.171815016 21.977955089 0.296172724 
-11.126166383 18.738464141 -1.387771612 
-11.394406192 18.564202105 -1.367458731 
-5.538247290 21.973538602 1.854076250 
-5.421614865 22.048532073 1.522290213 
-9.670523496 20.261381229 -2.415469818 
-9.827944172 20.199619293 -2.200966098 
-6.513409182 15.283180094 2.755323774 
-7.311039820 14.623299383 2.972288146 
-4.281764069 16.258290342 -3.296160998 
-3.473929248 16.497235294 -3.187437546 
-5.448455692 17.030833833 1.862960506 
-5.243180399 17.273080308 1.521090922 
-6.678579829 16.540196202 -2.335692801 
-6.855046715 16.538994288 -2.057411124 
5.263139206 9.988351069 -12.579208631 
5.864358194 10.509682214 -11.840868152 
-12.410991010 0.755428999 7.775256024 
-5.142465183 3.863217490 4.964370305 
2.765835658 14.091833641 -13.478078937 
2.213809174 13.593276536 -13.696618151 
-13.217883036 5.218913472 10.447859019 
-11.838358256 6.682609731 11.668761754 
1.665757811 9.446535224 -8.872477899 
8.257717445 16.733819676 -11.505317957 
-17.859436279 4.995228270 7.743196140 
-17.288883154 5.327908958 8.913997353 
7.453097590 14.542160083 -13.128450959 
9.001534292 14.848608866 -11.646039615 
-17.534491524 3.168983705 6.960223388 
-17.161444554 3.503232099 7.890665989 
-9.285285416 26.525696214 -6.448781289 
-10.503088857 26.028306697 -5.011768679 
-11.303173391 26.086815813 6.691718130 
-9.899100153 26.489369020 6.251702523 
-10.697777883 25.564704357 0.166135309 
-8.047009896 14.443492964 4.245223170 
-9.295026761 26.616826553 0.087336223 
-10.831206315 26.470761145 0.012601160 
-5.776350597 29.574458812 -2.353692354 
-5.622668801 29.635899578 -2.105837043 
-16.599733602 24.891173423 2.758119498 
-15.840969495 25.397085069 2.514443543 
-5.498704959 29.636643771 -3.410174201 
-5.018419691 29.753263125 -3.843015474 
-17.898217950 24.072983237 4.121090724 
-16.123759700 25.130832998 4.420020338 
-14.019576353 13.812337930 12.843176565 
-13.874649609 13.227157008 12.979257925 
-3.082532456 18.986905326 -15.435816101 
-1.844479625 19.314848182 -14.932477684 
-8.377057015 7.336714607 3.599031181 
-8.222498978 10.397514544 4.040155442 
-1.146848316 13.961954227 -15.370369633 
-0.173194582 13.622411685 -14.776777781 
-8.258036676 14.583727837 17.137514389 
-6.232274787 15.434195520 17.332794184 
-5.167934913 15.284693059 -17.214268613 
-3.213878276 16.017214463 -16.954975997 
-8.663251388 15.393589496 16.932508963 
-9.142879042 15.924119777 17.014276624 
-5.072771996 18.258723301 -16.864931149 
-5.527945472 18.112382118 -16.928391045 
1.955404982 5.987311519 -1.298994479 
2.454619426 5.848727734 -1.454871533 
-3.608698227 -0.011791626 3.265386547 
-4.344149837 -0.602054987 1.830848454 
3.128428431 4.978266569 -0.092262650 
7.943592416 3.233497987 -6.111248694 
-4.340850451 0.297662526 2.385729778 
-8.857612395 -1.780219602 4.956537104 
0.307206012 2.077173300 -6.961666680 
-0.043623285 1.910988857 -7.025298127 
-8.202298724 -1.708331828 4.199309376 
-8.130485268 -1.721314181 4.293370439 
3.738666457 1.603415143 -7.640510430 
3.768947689 1.539317260 -7.592459819 
-6.873288076 -1.997128429 5.529146017 
-6.845002801 -2.009557942 5.577714186 
-3.776561944 4.994976508 -7.720018086 
-4.185118034 4.841502698 -7.588780996 
-0.256014591 7.705512565 7.954792923 
-0.724115833 7.666858442 8.089491634 
0.418149572 4.911398652 -4.316469663 
-0.934048652 5.166112324 -6.517192181 
-4.483845767 1.702535717 4.366861087 
-3.084367091 4.326771449 7.118835619 
1.791338148 7.187286307 -1.723141907 
1.638913364 6.924551489 -2.479239896 
-5.365047780 5.591937150 1.135030273 
-5.521829803 5.370501366 1.381590761 
-0.340305530 8.335560626 -4.929738010 
-2.547796717 6.049289511 -3.273346447 
-2.264850776 7.038141085 2.972373175 
-2.087959777 6.000199054 2.997403051 
-11.337402168 18.753348595 3.324490825 
-11.408536985 18.741342373 3.125066295 
-3.956941658 21.714097566 -3.672358843 
-4.065972468 21.674265992 -3.752939700 
-9.260245007 16.102280889 -8.796975760 
-9.783833699 16.330307140 -8.314906492 
-4.807470109 18.482581800 9.492078408 
-4.583173691 18.232406440 9.657885962 
-7.658109021 12.260613967 -4.499973575 
-8.489241354 12.853349212 -3.113200706 
-0.289211367 16.086017757 0.858676728 
-1.001057254 15.208928613 4.516062781 
-6.730893026 13.877280814 -6.928247717 
-8.644425929 9.008062776 -2.858475880 
-0.874189770 14.665144678 4.279710503 
0.551445679 12.999638424 4.923880556 
-13.974511604 12.353275046 4.982065828 
-14.206040120 12.493486927 4.531806475 
3.170785874 18.619068064 -5.739410484 
2.754310097 18.998309083 -5.609585109 
-14.216003768 13.587742930 4.166468288 
-14.466455687 13.488061918 3.562924737 
2.301536261 20.277105369 -4.057396562 
2.048682142 20.179050260 -4.596144906 
-6.692860013 8.031733973 1.346192740 
-6.614563273 6.875763311 -0.353729743 
0.057976178 10.588990127 -1.495692983 
1.137797289 12.859625154 -2.108257309 
-8.864602666 10.366031788 -0.802496814 
-8.881494825 11.151774117 -1.629748621 
2.025372829 13.116631122 0.844009103 
2.004019205 13.756755253 0.935801934 
0.803026689 5.585799641 5.091634967 
4.072915583 6.628071387 0.359362572 
-7.239908391 3.058873488 -1.037661032 
-6.308212156 2.866236363 -1.747074147 
3.058342086 8.792966552 6.114884132 
3.519085967 9.003522226 5.632311233 
-6.064407574 5.707267564 -7.498266701 
-6.326704815 5.667114423 -7.382062768 
-0.457053147 7.587196530 2.400330069 
-0.138705437 7.137952061 2.281742844 
-3.923550464 6.734650652 -2.824754341 
-3.220937417 6.059762768 -3.010041572 
2.356320606 11.630934138 2.613848959 
-1.180860888 12.025309552 4.457284586 
-6.872382885 6.994586562 -3.737922371 
-7.059381306 6.429537980 -3.762361828 
-10.464721389 17.155029775 -6.626499322 
-10.387436345 17.169831756 -6.630423605 
-2.861824678 20.266733992 6.168348352 
-3.923749242 19.800117473 6.819783121 
-5.222480174 11.855416873 -5.862029364 
-8.446772678 12.335132982 -6.883943312 
-7.084210707 10.657582739 4.959785886 
-3.358563327 13.210859655 5.538161324 
-8.250625040 15.182310873 -3.128695347 
-8.005152885 15.129248865 -3.817856064 
-2.644126932 17.431706135 2.442021734 
-3.058854320 17.094822380 3.472051720 
-10.567461232 18.720004783 -1.701192548 
-10.542875057 18.764879009 -1.578755421 
-3.447668547 21.601091344 0.177591668 
-3.599734313 21.617269084 0.264192541 
-8.834703062 18.428669060 7.047402170 
-8.061404145 18.756788693 7.181501319 
-5.858357782 19.490536591 -7.034142233 
-5.613426234 19.620475107 -6.944881687 
-7.984670353 15.027611240 3.057128448 
-7.093194449 14.786250317 4.633365494 
-3.292810307 16.961979909 -2.837024622 
-3.180703229 16.357587095 -4.048652659 
-1.487279928 12.628986801 5.499810408 
-1.659471824 13.096058186 6.261164314 
-3.522286341 11.792116909 -5.117164694 
-8.266751425 10.835174004 -4.927125168 
-4.624045196 17.741047764 7.678437061 
-5.048818087 17.757693893 7.637572001 
-7.138556523 16.806829456 -7.427343539 
-6.972385538 17.003105808 -7.422203504 
1.550538429 2.278989078 5.055455202 
-2.377996170 4.153468237 3.423911575 
-1.303612445 4.684670631 -3.443993430 
0.957962509 2.936613679 -3.851984364 
-2.195536154 3.550766576 3.325022778 
-8.212894864 10.490058848 4.957255949 
-0.739278028 7.569420547 -3.259554303 
0.018334868 6.466990118 -2.885761406 
1.901481267 4.320556650 3.084242807 
1.155456479 5.275691141 3.445972217 
-2.730431211 4.600821888 -3.959226516 
-4.981349713 4.151451746 -2.492343890 
-1.569876992 4.658724226 3.600013186 
-2.021364869 5.012519058 3.521455720 
-2.840341220 4.120374946 -3.339741148 
-2.568868590 4.700319684 -3.359997450 
-3.001146222 2.936249811 -4.668331944 
-2.929445397 2.735955751 -3.910752275 
1.392399771 4.183284684 3.890449506 
1.505948467 4.195843155 2.977047058 
-2.438978519 6.472558255 -5.588611903 
0.023934192 7.282669252 -4.691527557 
1.930231704 8.664614055 2.710843640 
1.611486675 8.086914729 4.353574030 
-3.949660055 6.316650866 -3.131006826 
-4.609004645 5.722720508 -2.653359354 
-0.603106861 7.791166954 3.211671867 
-0.562528498 7.251172321 3.190859214 
-5.710847538 6.471191935 -1.567641406 
-6.219396132 6.353144505 -0.991228512 
0.537928903 10.838270214 1.616685074 
0.221546886 9.022525497 2.133388532 
-2.652870692 11.491671152 -7.072767103 
-2.883988245 13.295399448 -7.564608912 
-6.689212006 11.238942579 5.739527359 
-5.802727681 12.782228899 6.689705511 
-8.199775601 14.570876508 -2.965988709 
-8.134621073 14.584211219 -3.281414733 
-3.127824056 16.653770959 3.269779699 
-2.659771637 16.890012111 3.008130386 
-7.717892441 20.701243517 -4.666922553 
-7.542949118 20.790661121 -4.605931091 
-8.775501901 20.289722737 4.179183987 
-8.335234842 20.490622597 4.208061764 
-6.384284973 20.569534017 -5.529282844 
-6.131633436 20.671171576 -5.447503081 
-9.376966834 19.318259243 4.751358111 
-9.179448665 19.419005783 4.764934491 
-7.371554336 15.249539312 3.435952402 
-7.109606264 15.417087709 3.806993308 
-3.841110270 16.673076167 -3.112780415 
-3.407441140 16.880698500 -3.034907295 
-5.713278860 13.414617185 6.343531806 
-5.985403935 12.849335309 6.446988278 
-4.816433815 13.743375263 -6.247174490 
-3.362507949 14.233688998 -6.101915635 
-4.638493446 19.067318788 8.284421163 
-4.272703743 19.212726063 8.158493407 
-8.271912996 17.443782576 -7.928521670 
-6.582991879 18.217344096 -8.002913274 
-5.236481074 19.888803894 6.987048654 
-4.304851695 20.259986360 6.561988952 
-8.857754985 18.156347588 -6.603290365 
-8.618028385 18.378022112 -6.506359290 
-3.449105976 6.565888304 3.196331422 
-4.986514619 5.736095454 2.403998944 
-0.175114521 8.097733337 -2.844496130 
0.637617695 8.061263268 -2.556562849 
-4.332205931 4.003713951 5.300358083 
-4.556364040 4.087480809 5.350113801 
-0.806074165 5.807880389 -4.433487116 
0.709587952 6.096637205 -3.412447015 
-4.042106259 4.936013587 8.233548544 
-3.163843891 5.309319061 8.425081160 
-0.973150536 6.386299572 -8.289753286 
-0.668046266 6.504479804 -8.224887432 
-4.667342132 6.427235666 8.400278427 
-4.420396434 6.550348304 8.476105047 
-1.208407817 8.251889609 -8.413928447 
-0.496860061 8.546585692 -8.202337763 
0.710629226 7.846781948 2.434710811 
1.029381387 7.454327738 2.677065607 
-5.292536230 5.799688072 0.887607661 
-6.187555667 5.497223643 0.200287294 
3.436457030 3.601028196 -3.294316314 
4.044862587 3.914490569 -2.298460871 
-6.358083181 1.409658446 0.742525824 
-6.108124781 0.836717875 -0.161432847 
-5.819174534 4.727929595 -6.739578789 
-5.953675735 4.659859795 -6.664436297 
-0.359424389 3.589374926 4.872561033 
0.575583137 7.367119930 7.521818871 
-0.015572065 3.137725134 -8.326287385 
-0.539412056 3.106469226 -8.225514751 
-2.466542350 4.694291623 3.970299072 
-1.651401798 4.594430297 4.097791564 
12.986160428 18.579610919 -1.017897219 
12.413128245 18.360357388 3.495712268 
-19.375412423 5.432631524 -5.975016877 
-18.708561910 5.130619695 -6.974914142 
8.367832582 18.138228022 5.728483518 
7.674405794 17.677651738 7.129964842 
-16.000813067 7.722122501 -7.581014677 
-17.183299271 7.480275777 -5.115795092 
2.771351813 12.091376622 1.498401403 
1.762914291 6.507940496 -2.656494599 
-12.853886688 4.870115626 4.743742161 
-14.770266033 4.866878236 -0.377976355 
2.497020845 8.147670421 0.979390589 
10.838202396 12.423472452 1.227117404 
-15.977742043 2.960472258 -1.777665121 
-15.687639661 2.851619893 -1.778237292 
5.783907785 18.249262069 -13.022167843 
8.378662778 20.035484581 -10.655830994 
-20.868729723 7.936235411 5.054598042 
-20.691274622 8.302585953 6.062588127 
6.970559011 15.790834021 -9.282663023 
9.411606206 16.467212136 -4.743451811 
-17.102573505 5.861263348 2.709493032 
-7.844813465 12.029093486 5.934356280 
0.869816918 11.346626817 -4.866316397 
2.342802638 13.879261827 -6.446206431 
-6.501358609 6.173944032 2.865222147 
-10.635001599 8.464101900 5.546527662 
4.490587483 19.856192858 -10.524830699 
4.676344751 20.628431295 -10.193922606 
-17.805541768 10.445679297 7.148494432 
-17.095813359 11.386774721 8.953369779 
0.145480259 27.665803844 8.874923286 
0.046136461 27.613000436 9.022902599 
-17.371528850 19.577469716 -9.900651051 
-18.208405091 19.483738570 -8.752475128 
1.879887369 25.378685433 4.913770919 
1.729185512 25.284781482 5.550896723 
-17.414027820 17.098398048 -4.792476552 
-8.796773844 11.705445227 3.103683978 
-5.638629309 20.598650283 0.894336272 
-5.322247487 21.971340862 2.219865033 
-8.986331344 19.212920052 -0.125404187 
-9.131886298 20.535603672 -1.022260882 
-5.666387576 25.837193846 7.930851399 
-5.471698946 25.778496699 8.072403326 
-14.145949890 21.976291543 -8.069869833 
-13.275146864 22.534853442 -8.077590246 
1.757025811 25.778679409 -11.855141307 
1.909612086 25.687510849 -11.832772401 
-21.802022128 15.232385022 4.154875118 
-20.830003573 16.867280477 3.884405851 
-2.746723594 24.821504113 -8.959581382 
-2.088651015 25.100072492 -8.029675099 
-17.491333871 17.998885903 4.732049018 
-16.577459180 18.860741243 5.149063151 
-2.947334594 18.658270336 1.281919302 
-1.928758246 21.826936753 -0.147385126 
-7.279622169 17.076488703 -3.588507879 
-12.209295588 17.321447431 -1.231057777 
4.735070771 24.313148564 -5.690990326 
5.213758724 24.086274094 -6.414033857 
-20.231439340 11.705922603 3.619331100 
-19.796577468 13.417289052 2.269606706 
6.896340947 17.446256355 6.714833483 
2.736836609 8.536493498 1.670470509 
-14.650297851 9.392824938 -8.853862927 
-6.129937886 4.241435613 -1.168453040 
11.595456401 20.735060385 2.274720908 
11.840543577 19.904597760 2.268524037 
-19.289800800 6.900855549 -6.711532339 
-19.041550956 6.894732667 -7.195791125 
1.112932970 29.713763771 -1.781966571 
4.503418940 29.104411514 0.061193564 
-21.521659542 11.758991810 -3.666646079 
-20.830319496 11.346451862 -5.971667331 
6.367535101 24.728656635 3.464626244 
-2.690804572 27.645734359 0.296359868 
-20.182467060 12.861964368 -2.312913650 
-19.052298668 20.181926297 -0.814662312 
9.704031274 15.254698607 -1.312140202 
0.174588095 14.332890315 -6.145380544 
-8.544845956 9.831934367 2.713163499 
-14.084432766 6.233121994 0.974431509 
9.346680539 18.625404460 -8.930136049 
9.890289541 18.166152225 -8.490183039 
-21.166383089 7.295514066 0.583285623 
-21.274529958 8.260945289 -2.105373856 
12.140541599 20.423370893 0.614026400 
11.741959215 20.642442411 -2.409745778 
-21.028103516 8.152785226 -3.269760442 
-20.954420453 7.710056720 -2.228371739 
10.514236085 19.143498239 3.987576724 
-2.240183536 14.592948113 7.833366273 
-18.478627252 8.221123784 -6.007856427 
-7.775584017 12.265209777 -6.397274669 
3.030959770 24.415849376 3.638059568 
3.911239799 24.009884572 4.704739009 
-17.941732241 14.741713373 -5.537581646 
-17.918680350 14.698230375 -4.548664311 
2.540969516 26.723628765 9.068222685 
1.451283310 26.227489996 10.630977201 
-19.457332076 16.569075770 -9.198738813 
-16.854273282 9.281597833 -15.690050317 
4.066930120 4.577789479 3.285297599 
7.698632622 10.318491148 6.307335724 
-4.645960528 1.750505385 -6.922371544 
-3.355476910 3.343231559 -5.071988180 
3.676075739 7.552798106 0.672171531 
3.265866959 7.629215320 -0.195114604 
-6.741257398 4.175100164 -1.981874818 
-5.665021448 3.542486468 0.810591404 
-5.151396631 24.089633134 -9.445190594 
-5.002634608 23.642225711 -10.076491882 
-15.061225205 19.609685280 4.606316981 
-14.235485424 19.796912277 6.553475822 
-3.583510889 17.589181615 -20.443661832 
-3.954351911 17.468648495 -20.573181149 
-18.737229198 17.785458814 8.581144906 
-19.570358453 17.885820775 6.304456139 
-3.948106453 21.520028619 -16.507765639 
-3.722343652 22.242004990 -15.878985315 
-14.606343283 18.100864231 13.194993990 
-12.600473002 16.725132588 15.778264420 
-4.196941457 21.978427370 -14.133748414 
-3.053343158 22.178828929 -14.015309283 
-11.586847776 19.070260059 12.848217858 
-12.373077243 19.194938195 12.078900433 
8.368194686 23.545771507 -12.736751736 
10.036453732 24.488349555 -9.636778950 
-19.778878636 7.077412339 -5.894238328 
-20.800315441 7.084978425 -1.635214117 
1.016100022 12.815225818 3.296899051 
0.986531271 14.643362340 5.530112751 
-8.335102498 9.784225923 -3.168942628 
-9.739035724 10.050042320 -3.450789983 
9.665684881 19.121561352 -7.154322309 
-2.343579226 14.529183419 -7.922835051 
-19.249249666 6.374473316 -1.952618743 
-8.090708421 12.100417363 6.260154383 
11.334214242 20.837965682 -5.522952354 
11.344575712 20.903398395 -5.329182606 
-21.071159692 7.293117052 -1.921371340 
-21.159494311 7.282759255 -0.206877908 
9.745441041 19.521142386 -8.107594863 
10.654055268 19.082720385 -6.578393826 
-20.508756926 6.894055419 2.391429639 
-20.921258164 7.932811851 2.636366753 
4.703462880 17.612611549 -9.586986734 
2.504809116 8.491465547 -2.114447413 
-17.880917158 9.612339024 2.994338730 
-17.340433284 9.766836263 4.138908689 
5.544044838 24.528248208 -5.222139316 
5.943617752 23.937212843 -5.481288117 
-20.162534386 13.227408271 1.009557788 
-20.124314644 15.052608016 1.055913227 
8.213240048 24.208474914 -5.139429099 
8.383513975 24.169394482 -4.790012260 
-21.831001998 12.380040619 1.852549522 
-21.562182937 11.624365125 3.398770307 
-0.971066182 25.262049817 13.514459032 
0.873896173 26.494818690 10.142708056 
-17.548515788 18.063415810 -10.695008768 
-17.154491752 18.597449110 -10.622213700 
-3.977983719 24.687868002 7.420469819 
-3.385160454 24.700218831 7.491527426 
-13.980989743 19.738497978 -7.260963752 
-13.521737233 20.168873533 -5.585187451 
-8.171729002 14.463476702 16.048798233 
-7.302452854 14.378735504 15.907126703 
-12.766067863 18.269913002 -12.792244567 
-12.068806844 19.061377307 -12.515268422 
-2.950164747 22.556116241 15.515731136 
-1.966866302 23.481823283 14.579901987 
-13.499069972 17.978906931 -14.231328422 
-13.499838124 18.252407450 -14.021475863 
0.819189123 23.463519671 -15.484805066 
3.163846135 18.254697412 -19.232505677 
-20.250136712 16.563855756 7.470018106 
-20.328479619 16.460161898 7.215327205 
2.171881739 24.017964841 -5.949706566 
2.761225916 24.033393508 -5.882109443 
-19.108075718 13.659532613 4.239628200 
-17.902107168 14.973142748 3.382111545 
3.636043317 7.638963214 -0.295580449 
3.257363754 7.656998649 0.056327861 
-6.798109767 4.147495673 1.914088533 
-5.730743115 3.584310988 -0.255571466 
3.889838089 4.649101266 -3.617352921 
5.873953987 10.731820599 -15.230076369 
-11.985174788 1.821938420 2.996576508 
-5.865969348 1.665418892 7.405578081 
9.222298954 15.784640753 5.381934949 
9.411221865 16.082215032 4.500956663 
-16.059786024 5.963082697 -5.901227039 
-8.453897890 10.677794916 -6.237620759 
10.006769353 20.734055495 7.642719970 
10.941447654 21.348567142 5.325017608 
-19.923057182 8.822465253 -8.287638578 
-19.267871656 9.105943608 -9.244521957 
7.288383869 19.190987466 7.102825950 
5.670359784 21.747190055 8.939971693 
-15.938855367 10.902989232 -9.992955563 
-16.865654629 11.018012851 -9.021304007 
1.489884638 11.722217651 4.193357571 
2.434633995 13.961211607 6.249832237 
-6.525527198 6.107584067 -2.743987630 
-10.847490265 8.321778472 -5.226031635 
7.335189777 17.844728926 -7.752721779 
7.771615561 17.571991821 -7.258526780 
-17.717300965 7.596441363 3.511747637 
-18.039584377 8.053229253 1.705121725 
10.523489793 17.284504359 -8.816539091 
10.792238456 17.846183688 -8.344411026 
-20.495259923 5.305253720 1.595564517 
-20.390644409 5.572310123 2.469752695 
1.801355790 8.789685311 -2.268150662 
1.747498360 7.684140490 -0.714696495 
-15.883061497 2.724447032 -0.165475903 
-16.037668477 2.883074945 -0.812570633 
1.116576033 9.300492016 -3.139499984 
1.715675735 9.413059050 -3.349691727 
-12.587749878 5.230082507 -4.973389811 
-14.796339408 4.757483767 0.817003177 
-1.505491667 25.722377346 6.441080054 
-1.058677220 25.489513683 7.023040719 
-16.051637592 18.664742764 -7.435160526 
-15.465038299 19.294958788 -6.800654947 
3.620779634 27.170718926 7.258802905 
3.328292780 26.711547252 9.144915438 
-20.522999236 15.351844578 -8.173774128 
-19.380858856 16.730386417 -8.930468613 
5.014709958 24.255655149 0.367303666 
5.213278689 24.370031612 2.272200334 
-19.268367765 13.846993004 -5.690534792 
-18.856235360 14.122335542 -5.568881393 
-5.337924111 17.909771772 -3.178330739 
-2.062608829 21.715299613 -0.874500902 
-17.467793804 14.556203761 -3.080247416 
-12.107432467 17.575945915 0.714347417 
1.264388216 24.892836836 -7.340268517 
1.181540726 24.875834740 -6.894760758 
-18.082222056 16.875685490 3.097022475 
-17.551145851 17.585489515 3.288290462 
-0.930799796 26.638443128 -11.446411559 
-1.255105010 26.040456188 -12.698175043 
-19.189812949 18.444287746 8.642372595 
-19.466428545 19.214802155 6.858297968 
-6.306014444 25.433516101 -9.245975523 
-5.356084469 25.786680401 -9.013486574 
-14.002104512 22.199332548 7.704726031 
-13.932409364 22.373655223 5.986492573 
-5.498943253 20.623492788 -1.121069360 
-5.673213902 21.854193908 -2.348941453 
-8.535773356 19.427650694 0.215758664 
-8.576535448 20.740127381 1.091202354 
-5.730840893 13.394538990 -6.383212919 
-5.953182672 12.997838663 -6.446239665 
-3.666387342 14.228058989 5.983714044 
-3.571417240 14.120437568 6.173964530 
-7.026644815 15.392055897 -3.598403428 
-6.867428771 15.542447662 -3.899058078 
-3.143807763 16.956685935 2.580949019 
-3.380152455 16.918483543 2.971898767 
-5.136228703 19.852756395 -7.098760092 
-4.229960318 20.192094929 -6.717775011 
-8.985987677 18.306029174 6.315106247 
-9.539034184 17.928093892 6.318507500 
-5.721926598 18.639254970 -8.535880339 
-5.550996013 18.622352461 -8.635216153 
-5.178528593 18.821421690 7.701177210 
-9.149770048 17.131633046 7.647123040 
-8.631854678 14.454249167 2.388331813 
-8.297795320 14.583443990 3.067584421 
-3.415865182 16.530439014 -3.545723217 
-2.823156070 16.796272685 -3.212124700 
-2.578600935 11.513532370 7.054861243 
-3.181390881 13.219210885 7.683810250 
-7.172971128 10.931673862 -5.589150873 
-4.790248704 13.253647077 -6.634337035 
-6.380534030 20.697534951 5.276288886 
-6.234278358 20.717699703 5.288973557 
-9.321495556 19.208833156 -4.982511603 
-9.051010850 19.431333644 -4.893756115 
-7.737998325 20.752261184 4.528600083 
-6.786305987 21.111846874 4.474770927 
-8.178713860 20.488364569 -4.350379235 
-7.549824177 20.758854020 -4.335151699 
3.426080972 3.603284687 3.304498748 
4.134663499 3.932363135 2.226049469 
-6.354396428 1.342904478 -0.702564191 
-6.091594141 0.825705110 0.104515443 
1.816917568 7.876339535 1.067231624 
1.869095090 7.849902035 -0.291264613 
-5.337420744 5.784426312 -0.805064306 
-6.263611459 4.115083621 -3.928176449 
0.928701826 3.606482911 8.099799133 
1.906135119 4.167752191 7.658924929 
-2.715774307 4.556166950 -3.945690918 
-1.709955981 4.565212991 -4.101287719 
-5.961976447 4.652232397 6.606003829 
-6.107921781 4.660416324 6.635767055 
-0.057522603 3.645203934 -4.779549157 
-1.997091075 1.803015324 -5.870309898 
-4.403555288 3.960793659 -5.327225882 
-4.555045606 4.148492240 -5.302368221 
-0.828310052 5.787193316 4.481432404 
0.623639632 6.096189169 3.420278826 
-3.412547976 6.575460915 -3.210940010 
-4.085565564 5.977521213 -3.167678268 
0.011963882 8.182159377 2.633029714 
0.796400096 8.133390856 2.372424698 
-4.177800901 6.612158319 -8.537026563 
-4.232532637 6.611650222 -8.532737324 
-0.537468328 8.522983836 8.216890574 
-0.812103905 8.458768532 8.286534555 
-3.633276152 5.156257614 -8.382511291 
-3.553905001 5.155629700 -8.362876849 
-0.937354049 6.471330523 8.294921494 
-0.925541688 6.359960508 8.265921080 
-7.694964465 15.104056103 -3.342645177 
-6.840142987 14.858496775 -4.738541050 
-3.253864183 17.365165382 1.233232499 
-3.395354564 16.286456816 4.210237893 
-8.355154506 18.562797076 -7.219681902 
-8.540553838 18.508120487 -7.182532860 
-5.571798618 19.695471862 6.842307748 
-6.231904491 19.310393575 7.111361587 
-5.598277968 17.474266282 -7.791121073 
-6.797780593 16.834806236 -7.920363543 
-6.182635128 11.388695317 10.402847003 
-7.420915488 16.738796512 7.333692050 
-0.765078393 12.764940676 -5.085641060 
-1.759601146 13.054208237 -6.304625719 
-2.846776448 12.009847000 5.036636105 
-8.216638146 11.700116553 4.386480265 
-5.010754910 11.463384934 6.395485011 
-8.772683184 12.273509583 6.608016320 
-7.035327968 10.669679034 -5.007232920 
-4.011394928 12.950754843 -5.655054755 
-10.929283441 17.096662084 6.159856493 
-10.684835804 17.124426665 6.366828024 
-3.842952210 19.793101975 -6.857324982 
-4.436932588 19.571763420 -7.075896026 
-10.570426744 18.783281850 1.285145273 
-10.670691536 18.697689600 0.977033144 
-3.620314926 21.538390315 -1.015832097 
-3.553236871 21.564082316 -0.862003985 
-8.436909168 15.149575351 2.920018866 
-7.939586951 15.141094127 3.876168369 
-3.093336012 17.240051246 -2.970332191 
-3.036283321 17.100237642 -3.430570708 
-2.659377682 6.481470427 5.583625335 
-6.396105557 5.876817802 4.824959753 
1.885824826 8.684851073 -2.747223413 
1.621051400 8.079868638 -4.348454315 
-3.408444850 3.396035841 5.080299843 
-2.899042365 2.763697488 3.922808835 
1.459700763 4.183956579 -3.820863873 
1.527825618 4.188059444 -2.941806299 
-6.656167594 7.994432641 1.455008936 
-6.284345920 6.513607388 0.849710161 
-0.213753611 9.751810728 -2.364792976 
0.182040834 8.850677197 -2.304326883 
-4.231851380 6.260364010 2.988748686 
-4.722584647 5.696449953 2.538094914 
-0.695671941 7.721476639 -3.219062194 
-0.526027450 7.263367393 -3.157233400 
-2.191545020 3.523379880 -3.320060401 
-8.521339390 10.273004650 -4.580031938 
-0.430161560 7.694587063 3.040206961 
0.128681512 6.520229399 2.796953960 
1.659745128 2.260786562 -4.986223587 
-2.179053652 4.240759617 -3.464132057 
-1.297743277 4.695734313 3.431247868 
-0.747361949 4.758795069 3.231227045 
-1.549892382 4.665917850 -3.604117308 
-2.100504816 4.998068373 -3.505975523 
-2.879479293 4.101298372 3.330869937 
-2.614597654 4.683318999 3.351680082 
1.786004978 4.276912588 -3.251431183 
1.186327132 5.143046472 -3.440409707 
-2.659561086 4.610180003 3.964221179 
-5.046358362 4.139932733 2.395378736 
-0.724161540 28.530764664 9.220560906 
-1.551329734 29.558658799 8.060237426 
-16.906787288 18.135288215 -12.382146012 
-16.781099518 17.631438291 -12.652620997 
-5.956998656 18.281265919 12.084243070 
-2.410594946 23.367623224 11.384414025 
-15.503497567 16.301828955 -11.361908264 
-15.806635059 17.418686996 -10.953713574 
5.326900426 25.437527240 7.874119452 
6.469218991 25.721174482 6.001869212 
-20.440379934 14.366914331 -7.536560236 
-20.520072455 14.623486137 -7.193481922 
5.402924003 28.211651177 6.073846794 
6.186209857 28.400770749 4.788680163 
-21.152544694 16.319261015 -7.680729508 
-20.582916377 15.553831742 -8.786181741 
3.347470553 5.480276457 0.415589529 
13.202515010 11.344025496 6.223407123 
-17.663144780 0.737537164 -6.507700453 
-17.989580133 0.762579838 -5.810602414 
3.435094514 4.881838035 0.418667672 
8.963794386 8.489164882 6.774334506 
-13.189956836 1.992456463 -3.274073262 
-13.148753143 0.396953621 -4.384113190 
12.884911905 15.365521301 -2.193060934 
13.206506170 16.278769438 -0.859086744 
-19.496351197 4.794879377 -5.536081633 
-19.485946103 3.804289745 -2.817680659 
14.025225831 16.373123221 -1.189662377 
14.146041074 17.452999770 -0.013011396 
-20.132341880 3.572487128 -4.427831571 
-19.593463969 2.643225327 -3.338394714 
13.432301908 17.372489628 1.449483931 
13.682084313 16.708520472 5.891395389 
-18.939238655 4.039699648 -8.746694443 
-19.603937665 4.729233374 -7.294830843 
7.898687213 19.265919118 -3.509093830 
8.335486917 18.977045358 -2.310432070 
-19.234968440 6.382758977 -5.211245697 
-19.211158383 6.810309843 -4.467746351 
9.041323513 21.912754458 8.059950932 
9.035960174 21.945504125 7.899812092 
-19.282605763 10.170773717 -8.950313746 
-18.431102716 10.081385735 -10.402365033 
10.810166132 20.344201305 9.536234032 
9.712232128 19.628978897 12.459223784 
-19.024427753 8.148703667 -10.842702059 
-19.868663934 8.297398085 -9.499791077 
-11.990142387 20.603162473 -15.430548200 
-12.094109470 21.000614271 -15.151281432 
-7.571743016 23.130762361 15.257906897 
-6.728047017 23.154761641 15.589996391 
-11.929158593 21.722825771 -12.192725466 
-11.340795695 22.463550038 -10.847011902 
-7.388651924 24.700874953 8.515951316 
-6.794190696 24.655325496 9.757982961 
-6.427445343 23.740189096 -14.626214420 
-6.205422418 24.313597389 -13.746330502 
-13.858631502 21.392788942 12.103309106 
-14.435241121 21.650744874 10.827004139 
-7.213799188 23.236696289 -15.854658099 
-7.104300518 23.884766848 -14.963532108 
-14.587587407 20.334889495 14.041762751 
-13.610013932 20.666467612 14.532032000 
-7.855700484 14.742780049 -3.455643212 
-8.955783792 14.236071427 -3.068172800 
-2.412037370 16.923730896 2.552393368 
-0.924636146 17.430173629 0.593587373 
-10.079443820 18.336820150 -5.239771081 
-10.476292899 18.184622172 -4.891670111 
-3.000926948 22.798991924 -3.974576036 
-4.508355960 20.731592699 5.062252358 
-8.572826552 9.297790785 2.520122497 
-7.926774169 12.135819330 4.219101671 
-0.935773716 15.065723980 -4.109214385 
-0.581879668 16.535577334 -1.801774503 
-9.142548622 12.994210759 -0.556810247 
-9.100510390 11.315108759 0.073607168 
-0.009448409 15.845213749 -0.895752735 
0.151431399 16.401468941 -0.606226786 
-0.605162404 5.209646950 5.765582628 
-4.602203880 11.985576837 6.428785353 
-3.915125000 3.291646445 -4.492640233 
-2.893375019 4.024620937 -4.753800391 
-2.931740563 5.119007595 7.666312911 
-2.117400965 5.577355737 7.794544831 
-2.083881814 4.892541914 -7.039752524 
-1.994906799 5.031255465 -7.092467146 
-2.384356865 6.747790787 3.297601150 
-2.394133471 6.346141586 3.275635549 
-2.108648931 7.628166649 -2.922190426 
-1.801683626 6.903303749 -2.919511970 
-1.035998350 10.487137522 6.664768983 
-2.437929457 11.442940136 5.546763023 
-5.415838702 8.106686176 -5.463304937 
-6.841242568 11.309191749 -7.361636213 
-1.595644536 5.188787828 4.265571341 
2.341288682 4.352134260 2.771986257 
-2.431535252 4.931960426 -4.312455704 
-4.245946097 -0.087248706 -2.004527153 
1.460578513 4.151056968 3.419483455 
0.990992722 4.069216162 2.918830402 
-2.910526667 3.968708065 -3.306839009 
-3.307172125 2.553137960 -3.043537402 
3.454656329 6.105801560 0.108214973 
3.682438039 3.478995322 2.334623081 
-3.828495166 0.301354375 -3.714043915 
-0.630413145 3.688579920 -3.329227254 
0.170362555 7.908340800 -3.612377065 
-1.976976482 3.834584134 3.784150047 
-4.851737075 3.883451005 1.717401040 
-6.976969284 5.306687633 1.993475952 
-3.803306618 6.054070893 -3.008900698 
-4.748536320 5.553292923 -2.443690855 
-0.267088709 7.615068897 2.600124417 
0.598487194 7.812350969 2.354015379 
-3.279058624 2.844941486 -3.686735581 
-2.486457990 2.775406428 -3.851515935 
-1.430515271 4.649316043 3.469778908 
-0.820313575 4.744606979 3.243989970 
-7.179022528 11.040366823 -5.520977938 
-9.355409603 11.237907052 -2.212950173 
0.792585958 14.843745925 0.085153374 
0.466318512 14.591994504 2.656623148 
-7.808129767 6.929088735 -4.520965385 
-6.171408298 6.864938438 -5.886708032 
2.091351612 11.043096830 4.473289192 
0.764794758 9.550358140 5.288331438 
-2.385845920 5.494931394 -7.811039892 
-2.546900270 5.410235203 -7.781992374 
-2.328961571 4.788440738 7.007326992 
-2.364172641 4.889121332 7.080587854 
-0.216721038 12.818118806 -4.700366462 
-0.561753225 13.063593805 -5.745886603 
-4.118062087 3.001084114 4.004576279 
-3.148734182 3.925983428 4.762826251 
-0.742676677 10.658609711 -6.479127704 
-2.658310871 11.386018386 -5.632131568 
-5.253457610 8.068525809 5.509472178 
-7.487221377 11.006139622 7.146753712 
-1.972763557 6.577074566 -3.332526189 
-2.548319708 6.278544991 -3.278849163 
-2.216312837 7.600903094 2.952159381 
-1.959802363 6.884661856 2.961222516 
-10.203387219 18.392810767 5.185205073 
-10.223700746 18.417340340 4.945205814 
-2.611305428 22.978922088 2.410701970 
-8.426175435 16.344539343 -8.675574360 
-8.207625455 14.619726448 3.134172504 
-8.863882337 14.289719039 3.099169543 
-2.722805332 16.804372034 -2.939897872 
-1.585741056 17.242503134 -2.304609451 
-9.122222398 13.048799017 0.030615334 
-9.004230589 11.379060084 -0.171487882 
0.092890972 15.844311897 0.606665232 
0.178576535 16.389577947 0.393497781 
-8.582099466 11.741862288 -2.934397774 
-8.172100811 11.983840380 -4.038938549 
-0.649594843 15.189444632 3.742533546 
-0.363328386 14.669073454 4.676917033 
-12.064328391 8.164571173 6.877433046 
-2.639226217 2.746655687 3.771597420 
0.008083836 3.620065318 -3.774644490 
-0.000623543 3.720531590 -3.314310761 
-3.716028058 6.120892662 3.012620478 
-4.828724150 5.484228004 2.350307997 
-0.563806219 7.525186748 -2.817079400 
0.813122142 7.962005844 -2.038718913 
-7.510193942 6.921003209 4.788648563 
-6.543011959 6.898186577 5.761244605 
2.243876071 11.347840478 -4.325106151 
1.841751403 10.157034420 -5.180900150 
-8.777880754 11.083254712 3.730974682 
-9.379934848 11.216390768 2.194717587 
-1.493012491 13.136217013 -5.592988081 
0.400327330 14.569538548 -2.810473651 
1.412769510 4.148713853 -3.462184230 
0.904338721 4.053640521 -2.949719712 
-2.933119847 3.955456841 3.298850379 
-3.285057107 2.568835654 3.072383056 
-1.532817873 5.142776991 -4.276304767 
2.253176247 4.324600332 -2.895551385 
-2.527848440 4.877098768 4.306551310 
-4.273356794 -0.134968177 1.936328473 
0.796654714 8.024820061 3.189299959 
-2.069593524 3.788983386 -3.766510589 
-4.824006751 3.889330618 -1.791480710 
-6.919221714 5.330588768 -2.208943703 
3.497080532 6.068046647 -0.273082934 
3.666027200 3.508822191 -2.293258446 
-3.880193480 0.262564023 3.587350998 
-0.669269078 3.706508893 3.302058771 
7.378731095 3.459919908 -4.461449905 
8.778285494 8.460502493 -7.170032776 
-11.151023975 -1.008399960 1.045349383 
-13.124450092 0.340717105 4.407456428 
11.788299572 11.538061885 -10.359703427 
12.410402658 11.755812579 -9.037957789 
-18.165370266 -0.235630242 1.958648794 
-16.270783404 -1.168292492 -0.811892788 
14.059116443 16.169667737 -4.033253906 
14.052399097 16.769224075 -4.119390545 
-20.134421269 2.830047747 0.442601977 
-20.091644177 2.985423154 0.840558918 
13.093928033 15.672072587 -3.595111805 
13.248261096 16.043996043 -1.962955220 
-19.129532002 3.302897626 -0.714006745 
-19.351450325 3.539277920 1.434590734 
-1.924824258 21.802247413 -12.374767612 
-2.210302019 21.024097299 -12.160143873 
-19.026644670 19.623631810 8.353874460 
-17.581304704 19.794976671 9.223064315 
0.031272769 26.841234372 -10.648642332 
0.056349150 27.875846522 -9.609037637 
-20.086471762 21.085814166 8.090651475 
-20.555960625 21.449780576 7.373936008 
3.863588267 26.472809681 -9.865914491 
3.094852679 26.433822259 -10.353408897 
-23.008541102 16.149799446 3.528952293 
-22.370068448 16.518578648 4.908235441 
3.389244883 23.866613097 -10.798341611 
4.769072268 24.611336600 -9.245266438 
-20.917441771 14.908782721 6.564462961 
-20.524224434 14.740325654 6.891224915 
-12.192833838 22.087567760 8.989799017 
-12.321369991 21.957346030 10.532387404 
-6.957534558 23.466190446 -13.796683406 
-7.741935796 24.451354441 -11.513263927 
-11.850314458 20.173323016 15.899663744 
-12.316558657 21.111532190 14.621895692 
-8.698849836 21.087488197 -17.352663595 
-8.740601133 22.099651334 -16.524236111 
-6.454118301 24.413964026 14.649477863 
-6.072008805 24.210830883 15.057660715 
-14.167428289 20.274064895 -14.489653161 
-12.589879331 20.748138288 -15.173478616 
-5.835607440 24.921195658 12.816084748 
-4.992886847 25.163458983 12.850912761 
-12.194721161 21.597984040 -13.462407816 
-12.495201169 21.697005396 -12.950564964 
11.281096421 17.642796680 -6.779769666 
10.390511965 18.448737579 -4.324933802 
-19.341411256 5.767931991 2.057061299 
-19.593313642 6.511688635 1.446413808 
12.671718829 15.171767820 -10.873080672 
13.149885024 15.731206727 -9.130696419 
-20.077602216 3.711871862 6.071349959 
-20.530802364 3.846529521 4.506367448 
9.422191890 19.471331445 -12.548536487 
9.409375913 19.621846496 -12.700677771 
-20.398806650 7.758801635 8.762480888 
-20.136770660 8.193608693 9.522214632 
8.182263650 20.442819196 -11.823232476 
8.428705704 20.820680772 -10.588029008 
-20.408836507 9.342984401 6.283161719 
-19.692132188 9.277563875 8.199475651 
