-0.930540451 27.255532941 -3.430468415 
-0.258790442 27.520129050 -2.465151204 
-18.195405152 20.037887368 -0.551120529 
-17.773536515 20.417001980 0.230416829 
-0.902680320 27.397321097 -2.755811240 
-1.140973355 27.304490306 -3.324406918 
-18.138316260 20.081691340 -0.919593345 
-18.069439580 20.159746326 -0.824833295 
-1.549728377 27.459562815 -2.284999026 
-1.734452265 27.366643231 -2.197883954 
-17.660280067 20.632410554 -0.011545736 
-17.035371606 21.121668825 0.202847035 
-0.692926935 27.656729951 -1.974170341 
-1.108065575 27.694177329 -1.312925993 
-17.406742032 20.757985305 0.943380115 
-17.071584347 21.102749803 0.995080942 
7.496010220 22.275329958 5.164215649 
6.701632643 22.197948612 6.585708114 
-17.588855368 11.414230750 -7.814282290 
-17.291885878 11.835408688 -8.461220701 
6.038434956 21.277922273 8.439335761 
5.974099489 21.597202841 8.078589475 
-17.623724510 10.807700620 -7.607147353 
-16.805269313 10.821093142 -8.668236515 
5.003037927 20.380804437 10.158878911 
5.096624869 20.546799628 9.741866148 
-17.471883188 11.677451076 -7.913614281 
-18.001222129 10.803021077 -7.288355872 
5.124700447 20.368911417 10.006430889 
5.664450957 20.204306693 9.480613381 
-17.416452897 11.886502718 -7.968954969 
-17.155308361 11.750011245 -8.113414004 
7.528274061 10.653719655 10.116171039 
7.308982558 10.436238221 10.236349877 
-10.714992270 3.934810456 -11.086560291 
-10.288740210 3.748097728 -10.952342370 
7.277457192 10.543604203 10.292572459 
7.159174851 10.422528185 10.435971037 
-11.474244720 3.920384143 -10.641915456 
-11.801654553 3.197196540 -9.471555995 
6.884709501 12.584738168 10.990916211 
4.933650287 7.896237689 12.804814312 
-14.879141285 5.302863894 -7.643725635 
-8.878000425 2.846822553 -10.612571797 
8.133480959 11.024820261 9.461207988 
7.908782466 10.961175338 9.934856495 
-8.153601561 6.472728100 -1.561513050 
-9.669469639 3.560627838 -10.866458632 
-5.615935056 12.524858401 -15.825579885 
-4.748814207 12.242327383 -15.926170461 
-7.258237221 10.947646861 15.089196975 
-6.919237049 11.820763855 15.289328744 
-5.514981804 12.725264189 -15.904381247 
-6.163708491 12.657991187 -15.798585817 
-8.665078868 10.257574481 14.822910260 
-6.845206691 11.844127072 15.335922211 
-3.433757329 13.887727780 -16.054711522 
-1.574765553 12.327582348 -13.708951306 
-6.344575768 11.408923747 15.139773636 
-6.455333615 7.139717540 5.466962949 
-5.956541547 12.061186159 -15.868860239 
-5.010918747 12.031981982 -15.786673606 
-7.063933391 11.369592532 15.207114689 
-5.851647456 12.523451612 15.327023846 
8.007889540 20.742488919 0.518263384 
7.877828250 20.935263726 0.253010945 
-17.901706244 9.965943032 -3.580638816 
-17.785272612 9.720300568 -4.042977969 
7.759329516 20.646851079 2.438455435 
7.647614035 20.642686926 3.079210516 
-17.786524160 9.946596869 -4.332341291 
-17.982904671 9.844337381 -3.544895643 
7.656405750 20.480449000 3.549652638 
7.569715707 20.596394116 3.466252954 
-18.157377562 10.149930732 -3.236004369 
-18.243767385 10.124573671 -3.082907550 
7.656920378 20.171692458 3.776246592 
-0.877477695 18.363054118 3.924985527 
-17.697597340 9.641584423 -4.158379739 
-10.325303298 15.049017252 -2.473124493 
6.330347904 21.228940867 -4.433329171 
6.318765257 21.320339312 -4.376120170 
-18.425745788 11.557266863 0.021021488 
-18.558601593 11.360443300 0.975853170 
6.319699213 21.028964963 -5.081169420 
6.711073226 21.338536030 -3.795101282 
-18.573961729 11.783023727 -0.686041964 
-18.522203816 11.718088843 0.050266543 
7.791671089 21.142385447 -0.751610413 
6.924211036 21.609698602 -3.194979955 
-14.070247150 7.389462099 -3.735688860 
-14.647278699 8.253552770 -1.012439720 
6.646121706 21.244114407 -4.306933452 
5.404302362 14.971732200 -0.274976404 
-18.407941277 11.546208930 -0.662276582 
-18.343503035 11.004667996 0.910467414 
-0.035271670 21.258862391 11.157505227 
0.426557717 21.424090191 10.801176369 
-14.971881404 14.460209914 -9.607029665 
-14.623078228 14.877631741 -9.660114917 
1.298777364 21.833575945 10.024725269 
1.642573532 21.716156080 10.070110086 
-14.639118491 14.166442254 -10.279465704 
-14.810307408 14.488167562 -9.834620591 
1.932223327 22.329076502 8.999955869 
2.133330978 22.332252195 8.939938759 
-14.487843684 14.668342038 -10.087335642 
-13.756116032 15.063343310 -10.553949597 
1.235505999 21.807615150 10.075476949 
1.605482802 21.979763384 9.648132616 
-14.374704884 14.793479023 -10.039470700 
-13.827531366 15.172479344 -10.331247347 
1.457855448 20.605076334 -11.285121616 
1.943473381 20.801990755 -10.833687313 
-15.891358944 13.932391601 8.114726942 
-15.662924853 14.050187577 8.412944688 
1.761758521 21.267111627 -10.361295818 
0.892300987 19.803213876 -12.443922226 
-15.584895380 14.123868540 8.466120315 
-15.945627488 13.631738730 8.277590413 
1.212058779 20.325988009 -11.781631137 
0.660661779 19.945805374 -12.399695305 
-14.865725740 13.850593288 9.641731639 
-15.129487244 13.992596592 9.187824573 
1.243186354 20.601527871 -11.393544614 
1.259363394 21.435453854 -10.361668935 
-15.454648140 13.736671044 8.909137072 
-15.079895335 14.187498613 9.092975484 
5.177063223 16.590233402 -9.760643152 
3.923296873 16.665312646 -10.695190043 
-12.556713800 9.863255493 10.036937479 
-14.049906938 8.705282684 8.349431105 
4.919639195 16.556705201 -9.978713521 
5.642140244 16.741454843 -9.151540223 
-14.068431012 8.845603209 8.580109602 
-14.615697189 8.699118186 7.911241164 
3.008298504 15.788295900 -12.008101814 
4.090016982 16.079113874 -11.202466243 
-15.084439464 8.175577432 7.076258468 
-14.373537368 8.748135177 8.233566620 
4.866589746 16.229071340 -10.554925915 
5.010965101 16.703305895 -10.046405617 
-15.828233782 7.997526141 6.001400818 
-14.558793055 8.637530047 7.935179775 
-3.754694677 26.206107123 0.063507201 
-3.365832342 26.276422088 0.131490243 
-14.630281665 21.691855611 0.901460569 
-14.127481702 22.020468414 0.885635102 
-3.847309598 26.187035133 0.003714207 
-3.393824705 26.291766885 -0.262677393 
-14.487070419 21.734546501 1.358027786 
-14.412141862 21.798930823 1.131595821 
-3.517495918 26.322205150 -0.577797638 
-3.242011789 26.335070398 0.333145680 
-14.234688589 21.960228322 1.074632396 
-14.332078000 21.883078548 1.233258488 
-3.174478226 26.383208053 -1.204099340 
-3.307546357 26.374838394 -1.014906846 
-14.733996214 21.638281042 1.086775796 
-14.348136682 21.876345935 1.272541132 
-6.868960691 13.846282961 13.664632558 
-7.345384526 13.867700503 13.703475271 
-5.345962654 14.874035767 -13.639254873 
-4.365945880 15.236416049 -13.569950925 
-7.400177330 13.880708712 13.645143126 
-6.109809196 10.809297109 11.651397368 
-4.806623428 15.046564202 -13.672801656 
-0.282280047 11.165459712 -10.240820411 
-7.981284785 13.792603939 13.593840487 
-7.242700085 13.985633837 13.731342665 
-4.512115264 14.836896328 -13.596224543 
-3.544495895 15.251300663 -13.432215313 
-6.370939037 14.365650887 13.918845871 
-6.802364066 14.457028776 13.853678352 
-4.152600615 15.167323150 -13.499496117 
-3.926656930 15.384712694 -13.511577812 
5.610757630 9.579800891 -10.375501675 
-0.021556849 5.728838027 -8.763560763 
-6.383213090 7.628434920 3.369980745 
-6.544206606 7.733082479 3.061608855 
5.813455227 9.642828432 -10.159586712 
6.342714725 10.178054552 -9.573263887 
-10.704773337 3.606533782 7.665412956 
-11.278930055 2.910262781 6.563179341 
5.115594843 9.527184275 -10.876842695 
5.484897820 9.907244977 -10.498289926 
-11.648036025 3.247484093 6.884389586 
-11.899021216 3.355262758 6.705703932 
5.553590200 9.832479634 -10.577193800 
5.904758803 10.077698682 -10.202350363 
-11.824402549 3.307593534 6.770999620 
-11.385729958 3.280971368 7.322954816 
-5.071303435 10.369663110 -5.942027553 
-3.563005593 10.943848359 -5.947108223 
-5.981118556 9.778839726 5.362966131 
-2.185908189 11.524941208 5.761246589 
-3.005603356 9.795542260 -6.184001757 
-3.506365617 9.568288795 -6.219986892 
-5.120430106 9.263769316 5.296080319 
-4.968844430 9.288299911 5.354229881 
-2.523150610 9.540714285 -6.106790040 
1.673415407 11.556373633 -5.380784889 
-5.178885759 9.792331669 5.071673297 
-4.940399405 9.483983744 4.802613042 
3.109238582 13.889609103 -0.518124938 
2.522898008 13.428625798 2.449324922 
-11.239766834 12.717556186 2.044389380 
-11.140405695 12.954423740 2.274607510 
-4.386929062 19.235314293 2.941135693 
-4.840074713 18.897365908 3.547398356 
-8.678042262 17.384330174 -2.409067413 
-8.807766597 17.200522985 -2.651616385 
-6.362635143 19.880172752 -0.633217575 
-6.341918183 19.893579284 -0.658912410 
-7.840417554 19.284876263 0.901270754 
-7.867588560 19.275006518 0.870482085 
-7.209650814 16.951427027 -4.355566718 
-6.151610465 17.094342951 -4.743976527 
-11.197723984 14.032422485 2.713623458 
-7.668404757 15.825566380 6.844287885 
-4.029126413 19.527521718 0.414815221 
-3.902504946 19.584579077 0.002335830 
-8.945912114 17.512840328 0.216198645 
-8.981582019 17.569039523 0.124655725 
-1.605160555 13.959402747 7.597076214 
-7.008331150 15.783054631 7.072468548 
-1.096654475 11.912868103 -6.173454581 
-0.724984167 15.787690111 -4.913764400 
-2.148104342 8.995160213 6.721831438 
-2.130170183 12.257418660 7.640952825 
-3.368825717 8.085065832 -5.628406347 
-3.478131745 9.513560938 -5.159011299 
-1.684039949 8.150389000 5.615862673 
-0.687172853 9.014451580 5.421544788 
-4.774726507 18.695888896 -2.407166963 
-5.156242806 19.013440436 -2.876260191 
-6.114452691 17.881872550 4.456320590 
-6.485508946 17.593292230 5.088877695 
-5.714339981 18.000844345 -3.997340639 
-3.969700681 17.468642593 -6.211314191 
0.896957369 12.031014341 2.455490086 
1.520385726 9.017929522 3.321013442 
-8.208150800 8.619542592 -0.547820656 
-6.421806803 6.687110569 -2.365206052 
1.464382239 10.417615480 1.627935889 
1.570409116 10.383668210 1.443346878 
-6.452787681 6.890516135 -1.704759407 
-6.359804428 6.927220194 -1.907090622 
1.042043266 10.078932706 2.191743060 
1.565252619 10.234947686 0.917289480 
-6.322222233 6.630009089 -1.893027748 
-6.964084531 6.978634932 -2.268008564 
2.186290475 15.173515557 -3.658706332 
2.479988370 15.723047680 -1.135245537 
-6.276519535 7.080594301 -1.993688042 
-8.446924518 7.095352303 -0.211226449 
-0.602496209 13.292815448 3.886829764 
-1.445704344 13.159216562 4.467651635 
-7.382776143 10.931738766 -4.705381473 
-7.494019482 10.972644535 -4.640732024 
0.174247069 17.583131737 -0.834869836 
-2.870766182 18.087675938 3.013222813 
-10.133680714 13.593071282 -1.784134672 
-8.123357649 12.351924134 -5.099395238 
-1.830991827 13.295196645 4.703310543 
-1.170295975 13.532689350 4.230626310 
-5.821002089 11.787241103 -5.390951726 
-6.509508408 11.524902704 -5.182469020 
-1.960797644 12.325907524 4.569710333 
-1.453385909 12.594457073 4.246171708 
-5.980965215 11.069623775 -5.185554256 
-6.537007605 10.937982019 -4.944416224 
-0.198886900 11.413189878 -3.082276647 
2.944662593 10.962412777 -0.536013900 
-7.104650371 8.426649828 -1.084436681 
-7.782457014 7.548151446 3.026371101 
2.889963973 11.048156284 -1.628222672 
2.775373949 10.345926350 -1.293744152 
-8.742076574 6.355359453 0.563230925 
-8.199344530 6.176222234 1.329925283 
1.467195873 11.451246705 -1.879124214 
1.074507988 11.312918575 -2.714063739 
-7.725486534 8.054933830 1.475590636 
-7.505055994 8.047389643 2.281968159 
0.572675240 11.510169583 -3.334879926 
0.636408052 11.510913623 -3.277273238 
-7.288625585 7.320578114 2.242751599 
-7.269873485 7.347148339 2.229875241 
-0.817234124 17.158406866 0.996851073 
-0.648661347 17.002868199 2.237428976 
-9.527464796 13.596657465 -0.769783763 
-9.565123182 13.409690842 -1.349921429 
1.051947738 16.439849274 1.052782911 
1.267528169 16.166943336 1.519794276 
-10.403040630 11.659228974 -0.894703246 
-10.437407884 11.448367423 -0.329505419 
-0.464309074 16.921145830 1.192767324 
-0.521968731 16.807890446 2.002138496 
-9.217455156 13.384601775 -1.510867696 
-8.904196285 13.780782074 -1.358083180 
-1.130019708 17.021409237 1.428843672 
-0.982279530 17.007072659 1.674189482 
-9.133169179 13.696799845 -1.154851502 
-9.234915223 13.668147524 -0.880695475 
-4.165098577 17.864317621 -1.969223189 
-4.338717401 17.760472846 -2.255561955 
-7.683309351 16.395386698 1.649777146 
-7.450649130 16.476234349 1.756263203 
-5.275185674 17.725473899 -3.679874984 
-5.533678215 17.626387733 -3.748274130 
-6.170478218 17.343797636 3.188263627 
-6.707021486 17.131977766 3.253179953 
-4.868262456 17.532622814 -2.478437236 
-4.849919845 17.545534817 -2.407426819 
-7.280736384 16.484070792 2.023665270 
-7.208967609 16.512733297 2.017390461 
-4.382979064 17.626816451 -1.812244783 
-4.320170870 17.634971415 -1.833458137 
-7.547686198 16.262856807 1.512486266 
-7.379671264 16.331848347 1.587241516 
-6.111100993 17.689455941 -0.574907412 
-5.557680853 17.886585395 -0.578262145 
-10.421610681 22.204238894 -2.261057280 
-10.165676004 22.145300148 -1.692547955 
-7.417190270 17.253952366 -0.285158556 
-6.628117576 23.614901987 1.547207958 
-10.443773284 22.231987583 -2.302297456 
-10.389297071 22.240745965 -2.203798369 
-5.845146643 17.386245502 -0.883971533 
-6.215864734 23.933710952 1.723291530 
-11.040794130 22.068114075 -2.598816675 
-10.745353124 22.170745007 -2.414215876 
-6.438047028 23.805118818 1.734758609 
-6.247876491 23.918910750 1.658433766 
-10.733523964 22.118551039 -2.569517307 
-10.690725475 22.173121109 -2.471236060 
2.318680530 13.856142880 0.547128813 
1.094566381 15.376346573 2.833370934 
-11.821851365 7.336414030 -7.142669479 
-11.913170406 7.607785298 -7.011387890 
0.826937788 14.269127735 3.478172021 
1.000770176 14.171789401 3.565116641 
-7.383807505 10.131197179 -4.953345118 
-7.372386368 7.152113849 -1.192888937 
1.278767925 11.452397439 2.707725690 
4.280419572 14.193977312 8.271197881 
-11.490732547 7.552952611 -7.579929990 
-10.958595037 7.924831298 -8.146203854 
1.196164543 11.712526901 2.950953533 
1.392028726 11.846446251 2.596269802 
-11.731148667 7.807752237 -7.340739582 
-10.867049525 8.221463682 -8.224907680 
1.891369844 12.729526180 -2.518715106 
3.610803106 11.403690757 -1.867127007 
-9.528373931 5.385499147 -1.827297134 
-8.625496207 4.771320707 -3.627384458 
0.098187337 5.438819079 6.234065647 
0.256026822 5.373500173 6.261461289 
-3.739020514 4.867648855 -5.629385495 
-4.031841682 4.457566787 -5.607196650 
1.272011786 5.692063458 5.602970151 
1.131401037 5.811431430 5.641080807 
-6.284376936 2.900811918 -3.643348558 
-6.259616533 3.038659118 -3.732251937 
-2.426943728 5.937390719 5.837830750 
-2.604505268 5.847388070 5.815342523 
-7.303730556 2.984495267 -0.390609429 
-7.323280899 2.961373166 -0.497666546 
-8.497242980 11.318176482 -4.875975465 
-9.160618690 12.593221014 -4.078420355 
0.854472884 14.509539005 3.115735069 
0.127307818 15.871445865 3.606706691 
-3.824843439 10.761260227 -5.474536133 
-7.053551577 12.725618379 -11.391936457 
-1.846645377 14.476645884 10.891036574 
-1.447598933 14.791674849 10.737578895 
-3.443548866 10.479640006 -5.080207646 
-7.740648902 12.307172519 -11.200130555 
-2.756699958 10.862249044 5.148250894 
-3.746496878 10.471916612 5.342728590 
-7.902292535 12.326102032 -11.145459534 
-4.939668961 10.379940283 -5.324624512 
-2.163749017 14.645321649 11.043410599 
-2.658810616 14.323162168 11.187294633 
-0.284494366 11.286784684 4.446855317 
-0.368698281 11.226250606 4.520652414 
-8.057312663 5.637582809 -0.765683543 
-7.810833504 5.918205128 -0.916389025 
0.296237228 9.651451724 3.783132480 
0.633193624 10.371078247 3.814852434 
-6.601897456 7.630360637 -3.547511938 
-6.563536569 7.608687070 -3.597686764 
2.206717389 14.552577303 -4.036760715 
0.565066394 8.754729457 -5.099287751 
-10.337206906 9.900891740 1.877650886 
-10.274078223 13.855592835 4.006585786 
2.610325731 12.709923710 -3.250463279 
2.792705825 12.540242403 -3.085062355 
-9.527070348 8.639634149 2.968613146 
-7.657612588 8.020024668 -5.425367545 
-1.287201134 11.777613390 -5.023709379 
-1.327152779 11.745882928 -5.027567213 
-6.787236394 9.550973564 4.606966139 
-7.180856695 9.409582307 4.279493137 
0.349555736 17.835182573 -1.762055603 
-3.789988277 16.866969198 -6.575516129 
-6.052507186 10.146254013 5.028739140 
-7.506516814 7.999776721 4.990628781 
0.683560571 15.231696927 -4.355308011 
-2.910922541 19.470853490 -1.325643482 
-9.539545819 11.074272045 4.489371334 
-9.472039404 16.722353836 2.427773766 
-0.447269623 13.678442320 -3.938894404 
-0.982099330 12.234027716 -5.150576733 
-7.773159996 9.972601366 4.462787538 
-7.142406895 9.955196332 4.941000794 
-4.185821565 18.199633404 0.921429402 
-3.974836311 18.224429435 0.960219418 
-7.859464638 16.537799438 -1.500621200 
-8.045774865 16.458987490 -1.396592245 
-4.964172388 18.323770365 1.767056351 
-5.174303346 18.231721263 1.951615069 
-7.236961597 17.290561489 -1.892310865 
-7.153589484 17.339306211 -1.855811064 
-4.136886367 18.717517785 3.717418024 
-4.338855608 17.877082548 6.149928896 
-8.027442400 17.114520423 -3.495394062 
-7.587355737 15.585128522 -5.572060567 
-4.868244314 18.403283655 0.712536008 
-4.482938846 18.417668304 0.790584343 
-7.873769488 17.045312395 -0.833597419 
-8.058049602 16.895143702 -0.701218374 
-1.292126661 17.630275879 -0.225937013 
-1.055682916 17.567221091 -1.145794776 
-9.916005932 13.779834442 0.119914476 
-9.767675246 13.958841144 0.064748162 
-0.701679912 17.524873243 0.356189299 
-0.514320898 17.480636069 -0.656605989 
-10.204088703 13.332696219 -0.779171932 
-10.358642721 13.149452678 -0.721750982 
1.983671338 15.197197585 -3.158214624 
1.347074225 15.946074874 -3.322524098 
-8.669626476 8.969540882 -0.487889017 
-9.471100059 10.644628263 -1.609482203 
2.720775658 12.642320717 0.127079658 
1.657344626 14.945717473 -3.476391671 
-8.921420681 8.484840856 1.535306839 
-9.375845785 11.249938466 2.514556929 
2.277356362 10.365989659 1.391243776 
0.260809559 10.767727891 3.374352282 
-6.857186190 8.180547188 -2.672621534 
-6.840316105 8.035708363 -2.739563133 
1.584705956 11.377161272 -0.543256961 
1.016476573 11.387854359 -0.287522909 
-6.726601824 8.651866870 0.940719480 
-6.840172829 8.411961723 1.542034000 
0.868518018 10.183469670 2.156188076 
0.773756920 10.156009859 2.333370119 
-5.796467415 7.461407489 -2.958547479 
-5.988189850 7.967593005 -2.687250222 
0.532744649 9.900000121 2.549931747 
0.682594087 9.982223805 2.268925581 
-5.581314382 7.378830769 -3.075284200 
-5.488846145 7.457366456 -3.150045037 
-1.744043693 17.634839886 -1.872565720 
-3.571458098 17.440944040 -3.718272932 
-8.566651319 15.839687347 3.035435664 
-7.548966020 15.650536392 4.835460273 
-1.104345316 12.766505383 -3.948279752 
-1.930452908 12.635456266 -4.459233715 
-6.476499802 10.916419938 4.893851670 
-6.890569232 10.800352370 4.669424235 
-1.856944083 12.087406087 -4.233140353 
-2.302548319 11.945400637 -4.472137204 
-6.810242840 10.389826074 4.333978602 
-6.599892642 10.405949292 4.537527629 
-1.795027012 12.750105736 -4.425832546 
-2.509755294 12.492797569 -4.718731840 
-7.000793408 10.850722851 4.487694049 
-6.210563228 11.154738092 4.907457979 
-5.672343849 17.432989325 1.307690009 
-6.690693174 17.178806958 2.623839051 
-6.263941034 17.136478680 -0.896599365 
-5.295844209 17.768186401 -2.112153759 
-4.941705303 17.488690967 1.270928355 
-5.031374285 17.447941407 1.330100867 
-6.798804625 16.738811605 -1.036013887 
-6.800050271 16.715661906 -0.969560081 
-5.141081837 17.295800804 1.061718239 
-4.974430233 17.321576252 1.222440412 
-6.879060000 16.528839578 -0.742384685 
-6.905151149 16.537227864 -0.662074097 
-5.145549243 17.347993045 1.325481235 
-5.000391064 17.365990239 1.426457943 
-6.663473821 16.698137707 -1.029955894 
-6.565983200 16.751025236 -0.981865810 
-0.183800313 16.462558479 0.501540946 
-0.427296223 16.520848118 0.590561352 
-9.664240571 12.499447001 -0.268646355 
-9.573202529 12.609140898 -1.109358932 
-0.830523696 16.782185884 -0.651854732 
-0.889011752 16.814746910 -0.624242335 
-9.154172172 13.452510091 0.070563939 
-9.204408272 13.461919892 -0.217419514 
-1.197593350 16.761545876 0.064857900 
-1.007556343 16.747457873 -0.287116316 
-9.194176283 13.357572669 -0.765991230 
-9.069941230 13.484687859 -0.945978751 
-0.595700693 16.657236012 -0.586815402 
-0.782633155 16.687304407 -0.417210345 
-9.321616265 13.159084484 -0.621461399 
-9.289044710 13.194072711 -0.509074997 
-6.318681044 17.532570224 4.600394345 
-5.746679130 17.766091767 4.532951827 
-7.578495088 16.810092221 -5.066388945 
-7.190872759 16.945992356 -5.163282152 
-6.861032176 18.202941903 -0.391183831 
-6.811148861 18.218716151 -0.407536362 
-5.866212139 18.596163483 -0.371141217 
-6.057923938 18.533241642 -0.146013898 
-7.979651935 14.818167751 5.319320163 
-9.507258521 14.130405843 4.105157658 
-8.897225738 17.737874437 -6.576480135 
-3.271775795 16.967191276 -5.997642289 
-7.419569222 18.365046481 0.012409723 
-7.191137870 17.843505245 3.859019720 
-4.449106620 19.287324057 -1.833685955 
-5.568769957 18.080772348 -5.385904396 
-2.880045137 9.273104633 6.544614156 
-1.250870520 10.378717122 5.520736458 
-8.241894519 5.593713601 -3.870206694 
-6.434376645 8.011389247 -3.170200408 
-1.114026728 8.685749947 5.632101937 
-1.177079491 8.723148930 5.661722976 
-5.292190929 7.148263819 -4.469933239 
-5.009248896 7.269417970 -4.707354780 
2.919511758 12.684876056 5.755136128 
2.247212404 8.305699971 4.727498443 
-7.441769433 5.759216380 -4.158275592 
-7.042940788 5.369870100 -4.541607315 
3.722503608 11.258979372 4.634776852 
3.270440447 11.860224970 4.220680277 
-8.183379330 9.348990126 -3.984185678 
-9.701936361 8.472890065 -3.197313030 
2.255175249 10.915733549 -1.633444819 
2.480067053 10.920460007 -1.097471028 
-7.978915330 7.239308090 1.332347263 
-8.001424894 7.206842291 1.178701661 
0.662805198 11.227994069 -3.401493656 
2.490591051 11.461455550 0.862868248 
-8.009094374 7.943125459 -1.058775042 
-8.408950208 8.021192074 1.175200747 
5.529336780 12.591345661 0.547212531 
1.936830339 14.809451923 -1.458068325 
-9.298925327 4.412094238 -1.257573603 
-8.200930543 3.479556237 -0.862884216 
3.682444838 10.060440899 0.306519862 
3.667588933 9.823867547 0.323007852 
-8.564997617 5.891837677 1.001853785 
-8.456819446 5.835920253 0.743761875 
-8.936358563 13.703643079 -5.700293034 
-8.917696956 13.713563148 -5.721110383 
-1.704046654 16.552735148 5.537056323 
-1.393098522 16.870487176 5.025528964 
-9.512882580 13.991633665 -4.536448862 
-9.362517871 14.518610030 -4.039454191 
-1.702595247 17.428991799 4.113592970 
-2.206998221 17.179433281 4.670392145 
-10.511204326 13.205347340 -3.224340898 
-10.590236209 13.433136315 -2.864710485 
0.404591562 16.306540565 3.965594223 
0.636311146 16.517476237 3.731019884 
-3.207839988 10.429604465 -6.438228839 
-6.128522801 8.482247713 -5.296373049 
-1.955084096 11.050449131 5.628907783 
-1.506160089 15.571025997 6.032739459 
-6.065755769 17.721862647 -0.727302441 
-5.579407594 17.853606752 -0.848407317 
-11.511229354 22.063234693 -3.564781114 
-10.854895447 22.260835141 -3.046042119 
-7.310528522 17.319054462 -0.228798719 
-5.788922533 24.199862042 1.988684744 
-11.482662110 22.053645638 -3.872090439 
-11.304695305 22.122869584 -3.862845907 
-5.845836610 24.145293983 1.596437848 
-5.906987095 24.280392349 2.412219967 
-11.804045214 22.024859113 -3.479001309 
-11.615726735 22.060899347 -3.556324508 
-6.039716838 24.233299958 2.843410439 
-4.800360415 24.794126117 2.607726553 
-11.216912255 22.180632963 -3.857401398 
-11.310972250 22.158645771 -3.644338413 
-0.108080941 14.374739689 4.978927269 
4.075883641 13.896596826 8.629979432 
-12.292382593 6.586452477 -6.981569553 
-11.878824943 6.910352499 -7.557268615 
6.285307098 13.720330389 6.945538372 
6.029171613 13.714256698 7.241298258 
-12.841122116 5.877804143 -5.971213369 
-7.239439098 7.412365542 -1.906608243 
5.594516392 13.751157093 7.859684528 
6.751968935 13.937735851 6.296604683 
-11.939894852 6.835907554 -7.466829265 
-11.677355178 7.044974248 -7.688195327 
5.618279096 13.850839600 7.514035075 
5.691240684 13.888719464 7.585258426 
-12.443906178 6.398815596 -6.616732198 
-12.227765471 6.373313118 -6.877416913 
2.888730158 10.016436291 -1.981885067 
7.030298039 8.745146350 5.911938191 
-6.158444816 7.901982170 -4.333639069 
-11.458204264 3.611290808 -4.147550932 
2.701391456 9.472095354 2.533257276 
2.861910472 10.840998859 3.234652070 
-4.125884039 5.000666712 -5.478635075 
-5.061427117 3.946605784 -4.855264526 
1.553352206 6.021473054 5.265527295 
1.764930938 6.163195040 5.036276595 
-5.974728331 3.267078656 -4.050850630 
-6.183777246 3.166709052 -3.805433378 
1.066659178 7.551548114 4.467566558 
0.107026050 7.145462167 5.141662189 
-7.190415306 3.148581686 -2.206079585 
-7.184879697 3.166629994 -2.241603724 
-8.373051497 14.180056980 -11.701935234 
-8.312299533 14.319303926 -11.748199598 
-1.554042334 13.871861467 5.564680167 
-4.015200666 14.613084292 6.493456556 
-8.108804867 14.505377598 -11.834662810 
-7.430299526 14.578954919 -11.942845556 
-3.658529757 16.274750691 11.761836511 
-3.258265082 16.526675769 11.633991577 
-8.831064917 14.075573757 -11.728185260 
-8.740283541 14.284766350 -11.708915165 
-6.884854041 14.823040937 12.228947364 
-4.959961344 16.093080955 12.072530798 
-8.983535581 14.209255574 -11.624459115 
-8.877012516 14.380969109 -11.661648365 
-4.749053170 16.274352243 11.981516558 
-4.239911800 16.217620299 11.941843157 
3.297044965 10.043219643 0.026604645 
3.434600795 9.728769132 -0.082147757 
-8.124770731 5.761008707 -1.215742616 
-7.744990045 6.000986081 -0.902760368 
1.701561547 10.754543301 2.308866988 
1.574293128 10.715331293 2.522098598 
-7.058925139 7.404715056 -3.008734024 
-7.147771875 7.361182917 -2.865260806 
3.218728792 10.599946536 0.738612229 
3.607634092 9.761430952 -0.087781533 
-8.800516908 6.331755972 -1.393330883 
-8.501534251 5.962465515 -1.145997776 
2.091139961 12.619267282 0.303779964 
1.528854745 12.499212288 2.484246723 
-8.918487927 9.059176117 0.356767956 
-6.787525552 4.836514707 -2.033416910 
-1.257274769 11.776573033 -4.945751126 
-1.189262072 11.876241839 -4.870756295 
-7.929648715 9.187512649 3.255270583 
-6.349410834 9.686925839 4.858822210 
-2.549049301 12.482294786 -5.855220355 
-2.510637396 12.521784814 -5.840793492 
-7.381140663 10.419616428 5.161996382 
-6.911557003 10.804535437 5.550564689 
-5.795900901 16.869691054 -5.123508724 
-3.294863521 16.191137763 -5.214129296 
-7.412518935 16.008083437 5.546419606 
-7.088314722 14.469097984 6.152714294 
-2.863298203 18.013512189 -6.794581520 
-2.763260874 18.528712798 -5.587173160 
-10.774997039 15.086768267 5.414740766 
-9.126415744 16.625925614 6.024883176 
-4.677927982 18.040690480 1.588714042 
-4.783790978 18.027768717 1.494185679 
-7.143595610 16.933057856 -1.319533772 
-7.423423455 16.754866679 -1.488410300 
-5.308639914 18.196246418 2.000408958 
-5.458423193 18.120224963 2.170814543 
-7.280498271 17.268572875 -1.881989965 
-6.897917022 17.437353555 -1.845282329 
-6.814155378 17.713278034 3.285008656 
-7.167218247 17.468637599 3.526787451 
-5.607721429 18.160664047 -2.712586892 
-5.646454492 18.120985731 -2.969220461 
-4.847934624 18.382132311 0.931492324 
-7.630079140 18.255212715 0.767954692 
-7.457654600 17.221638151 -0.944196031 
-4.687263820 19.185270933 0.268445724 
-1.343222976 17.647686133 -0.321260949 
-1.160771425 17.584026403 -1.065123416 
-9.898375191 13.877757500 -0.502471293 
-9.835171191 13.899562984 -0.072901477 
-0.242295892 17.397337508 -1.309808758 
-0.122969834 17.382122457 -1.219673528 
-10.336673668 13.167831568 -0.790040229 
-10.331057999 13.173965304 -0.631648069 
1.587821700 16.437124904 -1.218088079 
1.672912359 16.184520760 -0.634448627 
-10.696259642 11.492685384 0.501899371 
-10.697483111 10.957855624 0.310903903 
1.976374045 18.884283058 -1.209897242 
1.897658138 14.680150555 1.353410746 
-12.808553088 12.755139095 0.716772547 
-10.171563392 10.376847803 -1.917485109 
6.455621144 11.119011613 -8.335050545 
7.566813997 11.178022523 -5.764916512 
-11.394280356 2.824545788 1.282799063 
-11.777441237 3.059754136 1.994494822 
2.193268454 10.991554299 -0.162132755 
1.079717208 11.405139164 -0.362769500 
-7.689227829 5.762349629 -0.822863152 
-6.738517205 8.488274615 1.530546879 
7.507700468 10.744800078 -5.898332186 
7.990200252 10.983010939 -4.577396575 
-11.403453561 2.796638772 -0.406281930 
-11.870390881 3.002040368 1.209671366 
6.563500266 10.928613132 -8.185414263 
6.845215574 10.971379448 -7.567315598 
-11.288719242 2.787158644 1.640428512 
-11.414282142 2.874664650 2.159540860 
-1.635497146 21.927601094 -8.187186949 
-1.052756226 21.908863671 -7.965720270 
-14.567327884 16.477801292 6.860005771 
-14.654416757 16.482143384 6.538923334 
-1.682478379 21.784651655 -8.403788643 
-0.927866942 22.719653992 -7.457855415 
-14.444628678 17.951015453 6.915350372 
-14.003329507 16.563636698 7.417095554 
-0.626178058 22.233254559 -7.555858470 
-0.659284646 22.328092265 -7.558746308 
-13.494011535 16.943007537 7.963301485 
-14.451282420 16.727196969 7.343148906 
-1.215023680 21.356154350 -8.471711673 
-0.075670813 23.428896388 -6.361575926 
-15.559380445 21.950693120 1.752750537 
-14.014289278 17.423045611 7.347681031 
-10.399872825 19.918169131 8.955354507 
-9.002229260 20.656705460 8.665507360 
-8.376964790 20.745568042 -9.374433761 
-7.423737183 21.186832605 -8.951962475 
-10.312423192 19.761029808 9.102182307 
-9.686556164 20.146326167 9.138008482 
-7.287075584 19.252318196 -12.288378561 
-6.987458679 21.146381745 -9.366105589 
-6.707566744 15.404981862 8.549397156 
-9.015081889 9.698195430 11.483229039 
-7.161447359 21.253285392 -8.772444681 
-5.007903340 9.140871534 -5.894502704 
-10.474794211 19.923104549 8.787754633 
-10.666505618 19.443058560 9.845753690 
-6.789482350 21.381591300 -8.795685804 
-6.498529666 21.298304713 -9.374252730 
6.047861151 16.558380812 -8.390710728 
5.923522602 16.647914045 -8.286368593 
-16.038990859 7.794788484 1.455639923 
-16.069633632 8.072722623 1.366110491 
6.462544631 9.914825937 -10.949438112 
6.779833297 10.206563929 -10.856934395 
-5.957048221 4.768915711 4.801789028 
-5.990596742 5.869417470 4.925626347 
3.263781720 9.244976473 -5.800780638 
3.683001166 9.342027389 -5.260387200 
-5.662110913 4.470948157 4.658346063 
-6.964394429 3.488839735 3.824792476 
7.391110919 15.971524775 -7.084348631 
7.359375628 16.669244380 -6.082843282 
-12.986518496 2.505629479 5.862816128 
-12.248805323 2.542820015 6.502177143 
-1.121647756 12.789625081 3.941536964 
-1.957344080 12.556731802 4.427539071 
-6.802472448 10.841617017 -4.687157467 
-7.266445551 10.920270809 -4.351757166 
-0.123039197 17.437739316 -0.098867513 
-3.735166824 17.313906560 3.905319094 
-9.617962823 13.467839241 -2.510226943 
-7.742591629 15.601579628 -4.732751138 
-1.859922014 12.675017052 4.395326407 
-1.904268951 12.699398621 4.389535296 
-6.122940884 11.183857766 -4.941962491 
-5.817337267 11.285752341 -5.053199632 
-1.689606202 12.086143998 4.140915349 
-1.728157574 12.138216772 4.157187498 
-6.109180197 10.656952018 -4.740559771 
-5.403025983 10.849848846 -5.022882473 
1.482686937 11.400202048 0.769765425 
1.033771140 11.415250941 0.550958631 
-6.925031503 8.427644599 -0.537776599 
-6.814823228 8.460343232 -1.445849908 
2.299265797 10.377186358 -1.205222138 
2.085394020 9.923632301 -1.598166431 
-8.072238998 6.684022245 0.797419936 
-7.550315901 6.553361573 -1.661563779 
0.651230899 9.910817016 -2.387275002 
0.491828381 9.850155055 -2.610310791 
-6.066726884 7.254316699 2.405982965 
-5.695231267 7.361337062 2.929439918 
0.158154348 9.911965209 -3.160899626 
0.374672862 10.002007043 -2.891062788 
-5.556685984 7.661657026 3.188656735 
-5.404160001 7.695759747 3.301853822 
-0.920556776 16.792168563 0.573571454 
-0.970807533 16.816719970 0.200624681 
-9.200753490 13.449362762 0.110106933 
-9.176161226 13.457925217 -0.236174206 
-0.137376923 16.497202351 0.215731370 
-0.165844167 16.470345149 -0.401706596 
-9.589425522 12.565808365 0.012469170 
-9.405022104 12.768063535 1.546785505 
-1.089567144 16.719578566 -0.353430924 
-0.813354450 16.694972117 0.283897535 
-9.245313654 13.160853721 -0.343893296 
-9.216408567 13.251907466 0.052114699 
-1.162424929 16.755295389 -0.247150950 
-1.404119245 16.794741394 0.126666354 
-9.090316248 13.484201601 0.551165129 
-8.968461673 13.601224214 0.342605917 
-4.884469573 17.514630556 -1.360536813 
-4.674511118 17.567422506 -1.041034938 
-6.847162645 16.694272521 1.063356131 
-6.844047041 16.664899344 1.088398384 
-5.558823334 17.469217452 -1.299266748 
-6.735272272 17.180413088 -2.583297140 
-6.395111172 17.084298324 0.952019238 
-5.474822295 17.666957356 2.269530248 
-5.124624790 17.364650440 -1.195019032 
-5.350719076 17.259134660 -1.600399419 
-6.491227700 16.792042661 0.960377488 
-6.834222146 16.630346641 1.018967110 
-5.001438598 17.316456030 -1.185202021 
-5.046962044 17.307350953 -1.134969196 
-6.828523793 16.567350164 0.676941694 
-6.709177850 16.620743288 0.683825298 
-5.017419782 17.812735802 -1.160047729 
-1.916970740 18.030983787 -6.146926267 
-7.064999677 16.973528904 0.790366040 
-9.701648049 15.364884472 4.434542842 
-4.867197269 17.963159376 -1.347955339 
-4.599997229 18.056065839 -1.280877961 
-7.169626986 17.001036494 1.062416126 
-7.032937976 17.086391133 1.256885619 
-5.085333724 17.562077189 -1.608211536 
-5.141503841 17.564732959 -1.411219309 
-6.652523016 16.934264419 0.970220908 
-6.793503083 16.870999186 0.979399234 
-4.885253935 17.748113939 -1.335127554 
-5.036165761 17.684742414 -1.580110400 
-7.176710118 16.819749200 0.620075742 
-7.200737362 16.801979074 0.623561628 
-2.259056139 15.715837196 4.860554547 
-1.850658251 15.698378814 4.683053134 
-7.792090117 13.393323667 -4.260691370 
-7.841686305 13.137779548 -4.367032397 
-1.977224045 15.852653167 4.563121571 
1.000977789 16.322103153 -1.561060490 
-6.713266836 7.811888733 -1.342269450 
-7.037504748 12.564736358 -4.132824135 
-2.768359873 15.884654183 4.501747652 
-2.232370461 16.028159027 4.227231778 
-8.191477913 13.422206292 -3.666798686 
-7.932566887 13.552031266 -3.881316987 
-2.430313379 15.779787870 4.634286356 
-1.534275232 16.062801129 3.842429320 
-8.246993134 13.143706035 -3.767228600 
-7.807291055 13.424974551 -4.033525321 
0.565183952 10.170043455 -4.853625926 
1.709711428 11.862903845 -2.050441583 
-9.545299949 6.212000376 1.159524867 
-9.248986041 4.165569272 -0.228451134 
1.250728330 11.295946772 -1.818961851 
1.176432239 11.276523176 -1.947448480 
-6.675093126 7.839300180 2.619280471 
-6.699052887 7.816099311 2.565223571 
0.531028534 11.165622366 -2.858980756 
0.639304902 11.221402244 -2.666183266 
-6.443728410 6.966139001 -1.437091149 
-7.046463696 7.667660667 0.167307673 
2.620802951 12.181077387 -0.642817875 
2.172990515 12.574995335 4.336789096 
-6.883468792 3.045802999 -2.739060708 
-8.858942085 9.161388432 -4.072044781 
-1.730394970 11.834762966 -6.122894846 
0.213845383 12.608763504 -5.685808323 
-2.962343906 11.655455412 5.747909890 
0.181669131 15.542207265 3.636785592 
-4.505350473 11.446945522 -5.997332095 
-4.382308395 10.167277354 -5.587887910 
-3.668484590 10.961073782 5.512714823 
-1.963670303 11.289271610 5.211266851 
-5.214416478 9.916232144 -5.035330692 
-4.938419286 10.035795055 -5.099053492 
-2.172483463 11.223255041 4.965433420 
-2.316287517 11.182671759 5.022732095 
-7.381961583 9.968554358 -4.572515094 
-7.591636547 10.086874004 -4.191723833 
-4.296975911 8.866618554 6.048007145 
-2.887873663 9.417740707 6.220552650 
5.894328500 16.425514443 4.959208861 
7.685730818 17.322981769 0.882794076 
-7.835487077 8.080731701 -3.600132288 
-14.618043969 8.080026117 -5.309867079 
5.622340263 16.261588463 5.201442752 
6.098322828 16.541802624 4.750132745 
-14.888669747 8.005101080 -4.491327460 
-8.832910345 8.802917412 -3.094010458 
2.468009760 12.297658535 -3.894797941 
6.391086819 12.070837055 -0.630123504 
-11.575661854 6.401119087 0.767067028 
-12.353040647 5.166035720 -1.041702334 
3.326576237 12.671697576 2.282890557 
2.979446851 12.922999397 1.882986832 
-9.478880561 9.724602078 -2.189032032 
-7.489500090 8.026871604 -5.301404950 
2.505757666 18.360700211 -9.190581471 
2.562208801 17.878794199 -9.188436920 
-15.233444885 9.624400030 4.994666121 
-15.838666959 10.652379738 4.783754163 
2.606881652 18.022584714 -9.120264834 
1.396062037 11.211663931 -4.057792821 
-10.873154387 12.997407090 3.426171301 
-9.975960648 15.438038631 4.066609208 
5.248347556 17.255353296 -1.085436097 
4.279723978 18.415422433 -3.172727151 
-13.886749415 9.973253246 -0.529075979 
-14.874506954 10.445719510 1.656991256 
4.240946085 17.963564569 -7.447649319 
4.023058084 17.597483384 -7.808363986 
-14.900872068 9.530601876 5.418576972 
-14.994849364 9.625688114 5.365952938 
0.023500521 23.160257699 5.217887860 
-0.145618007 23.110456898 5.634345882 
-12.568740873 17.598148091 -7.844513571 
-12.732842373 17.665919067 -7.665472954 
-0.149406862 23.199566333 5.167151874 
0.231300681 23.136622244 5.146935790 
-13.749041286 16.927456622 -5.970777538 
-13.728202431 17.086475601 -5.385001453 
-2.406123745 22.333525146 3.921625350 
-2.105971866 22.876971875 4.267362271 
-11.490378589 18.479114651 -4.010786081 
-12.087272101 18.480884001 -4.892630163 
-0.181581865 23.015049620 5.316384552 
-3.764958961 18.796462412 1.278360638 
-14.063464768 16.842385926 -5.199900279 
-14.256906761 16.959059973 -5.352537900 
2.307309084 21.534350736 -7.027232073 
1.900919597 21.088032970 -8.336312723 
-16.464412909 13.332696407 3.775980782 
-16.479546615 13.797834054 3.121964500 
0.717722733 22.278805589 -6.370621548 
-1.460815945 18.968345067 -0.601174808 
-16.183036535 13.683628087 4.157732132 
-15.980040995 14.443038963 3.689416306 
-1.669663230 20.820474457 1.090305691 
1.415174709 21.804808213 -2.788726334 
-11.922651081 16.394735355 -1.266122025 
-14.628449130 14.946965375 0.309079955 
0.701096702 22.505091814 -6.051706178 
2.026486899 21.589771523 -7.270698184 
-16.223444506 13.826276159 3.799377760 
-16.236722337 13.804606397 4.085317590 
2.976336245 11.085084051 1.318125416 
1.098124847 12.038239117 2.945728128 
-8.177077006 8.317301942 -1.886159518 
-8.156497877 8.215901862 -1.626771951 
1.115456515 11.314060259 1.667111716 
0.996770886 10.610304015 2.417817817 
-6.738849864 8.520787560 1.616160931 
-7.638692408 8.100274563 -0.002260100 
1.265800174 11.760771927 2.169386462 
0.955117234 11.674988380 2.716001742 
-7.238718977 7.352676477 -2.297968804 
-7.220448649 7.358885844 -2.325418656 
1.495987554 11.504060963 1.661739145 
1.924849971 11.498652179 0.620018434 
-7.430104130 8.114908577 -2.343715116 
-7.506355579 8.023909500 -2.269860049 
0.865370810 17.427901761 0.416528502 
-3.252267499 17.751835223 -3.652006539 
-10.254770100 13.851758810 0.744311847 
-9.411927384 15.298019684 3.208516511 
-0.933110990 13.165704397 -4.222642599 
-1.470888504 13.176749848 -4.534551613 
-7.366906913 10.916862876 4.738723037 
-7.178004964 10.990498230 4.914183574 
-1.763192800 12.541677450 -4.464184122 
-2.566004113 12.122982226 -4.847795334 
-6.347389165 10.921386685 5.038785093 
-7.010005642 10.749046342 4.673591260 
-2.314280380 13.116973904 -4.988139902 
-2.011449249 13.266604300 -4.809194202 
-7.591458284 11.136875596 4.521086539 
-6.340546305 11.537144160 5.265956351 
-5.383975699 17.700131038 3.624407192 
-5.318781344 17.686273987 3.720550969 
-5.809910615 17.486518931 -3.075136868 
-9.464266336 15.475950126 -0.474297485 
-4.136577170 17.847123749 2.009977411 
-4.291761393 17.743884996 2.316136794 
-7.200641003 16.598625133 -1.773605993 
-7.454822406 16.467128849 -1.769946049 
-4.216279352 17.677224412 1.697543264 
-4.520684134 17.538479470 2.082923706 
-7.448157112 16.255751167 -1.693592623 
-7.591562633 16.199981515 -1.639504363 
-4.570252862 17.622219225 2.396097014 
-4.746629863 17.557499274 2.452814492 
-7.107806290 16.537244051 -2.085580450 
-7.277840020 16.461194161 -2.058638037 
1.197305563 16.389895459 -1.010187562 
1.239820425 16.281859185 -0.244693169 
-10.082908782 11.836168025 1.649287903 
-10.397340639 11.351928195 0.820272380 
-0.689591269 17.124892169 -1.129666982 
-0.548460449 17.029901431 -1.899861528 
-9.565201511 13.561366020 0.659587662 
-9.606964528 13.537356046 0.543136269 
-1.194202838 17.048843287 -1.303335511 
-1.080100793 16.955251149 -2.001286400 
-9.464848012 13.553408649 0.124883071 
-9.497630447 13.548321651 0.035427417 
-0.623831627 16.888823717 -1.682718970 
-0.652936325 16.898529198 -1.631449990 
-9.744466156 13.125511981 0.253840617 
-9.588952558 13.302505642 0.323887543 
-6.261193274 19.931793963 0.598239114 
-6.297203915 19.922369617 0.589401615 
-7.719713822 19.323981677 -0.986848161 
-6.102515663 17.607652974 1.818337053 
-3.874416716 19.488002950 0.886432728 
-4.684030990 19.009754715 -3.340496433 
-9.056806279 17.366057223 -1.322759699 
-8.708168297 17.260432936 2.721685569 
-3.996952447 19.496804607 0.421414986 
-3.868193952 19.565456812 0.383088408 
-8.836909960 17.594678654 0.363235601 
-8.929709742 17.607184435 0.224386628 
-3.475613530 19.397713150 -3.356574578 
-3.633293697 19.351739054 -3.486998370 
-8.487768894 17.400121738 3.547357767 
-8.574267376 17.347486611 3.545706475 
-2.965314770 9.836331264 6.177745438 
-3.280688569 9.673447135 6.215749174 
-5.561202932 9.126255805 -5.097848325 
-5.509163904 9.020288205 -5.145261290 
-4.317992995 10.669046618 6.020467427 
-5.596554009 9.953987618 5.945951911 
-6.247088160 7.917788376 -3.379046363 
-8.451334939 6.423351991 -3.576757884 
1.923582335 13.706102978 -3.008712868 
2.592775423 13.434697664 -2.294817289 
-11.322270601 12.645587157 -1.949088665 
-11.232608939 12.856612945 -2.274141977 
-3.307534416 9.574410626 6.070559416 
2.037831884 11.698483945 4.798829636 
-6.317613191 9.669484762 -3.995167155 
-4.853711650 9.501322727 -4.870816099 
1.356531356 10.380178184 -1.882686884 
1.413501816 10.363780288 -1.833638926 
-6.555100822 6.846776643 1.487006552 
-6.479475623 6.876000491 1.649546725 
0.839619406 12.022791996 -2.571829811 
1.459896117 9.011189768 -3.386342324 
-6.390335692 6.412685200 -1.097480378 
-6.714626122 6.446235658 1.588767551 
2.473631290 15.375171439 1.113686329 
-0.267467518 8.488099489 6.418614383 
-6.271633445 4.792888932 1.418897261 
-10.877376573 10.407005387 -1.081492750 
1.062421797 10.083592284 -2.213898433 
0.961707389 10.093974199 -2.236281354 
-6.110371089 5.515950347 0.769975846 
-6.933024434 6.707457598 1.573668114 
-8.703742228 13.243590964 -5.390946811 
-8.811545774 13.179774073 -5.313015033 
-1.698710798 16.117536818 5.340060875 
-1.894591882 16.075787164 5.443536566 
-0.684348998 14.197684952 -7.344151126 
-7.824617987 15.473300480 -6.728557214 
-1.162974699 11.862948940 6.205380277 
0.196203179 15.886719251 4.266577765 
-5.631803030 18.078305084 -4.369212075 
-6.961116217 17.319353368 -5.234691440 
-6.387431738 17.759780685 4.081398528 
-5.729629055 17.875376987 4.718559428 
-1.621027444 8.143435430 -5.591961912 
-1.457487380 8.641866309 -5.801247039 
-4.675346997 18.739702050 2.197278330 
-4.496841953 18.771576726 2.393551610 
-3.543257000 26.254661787 -0.182197165 
-3.041073154 26.349275037 -0.542476000 
-14.409001827 21.805509296 -1.563488588 
-14.446360542 21.774694299 -1.416454106 
-3.331085319 26.285133104 -0.322127752 
-3.283786273 26.314297803 -0.144625414 
-14.416353642 21.841875979 -1.179219741 
-14.108680302 22.016276889 -0.872210529 
-3.080996473 26.390156920 -0.235895939 
-2.892924937 26.407652950 0.319629164 
-14.667573509 21.728902727 -1.734576896 
-14.440774506 21.820697069 -1.324871122 
-3.228488399 26.322071672 -0.735729813 
-3.135174546 26.334810046 -0.560415378 
-14.574479810 21.737283404 -1.398866379 
-14.343645710 21.866201650 -1.596195257 
4.917072648 16.767031398 9.920147588 
4.560414209 16.661203304 10.240862035 
-14.295024934 8.367801353 -8.159319474 
-14.775414754 8.426679513 -7.728388030 
3.820870194 16.183005260 11.008393726 
3.851196182 16.449114606 10.888237362 
-13.902216769 8.883378646 -8.633409760 
-14.150680948 8.733559530 -8.329194691 
6.037300148 16.849501533 8.922711942 
6.606146388 17.130835978 8.033476879 
-15.467749210 8.135475356 -6.610232109 
-14.880210786 8.518327485 -7.588892030 
5.085536366 16.770274882 9.977149515 
5.135641972 17.041765776 9.640316787 
-13.714558525 8.827621794 -8.913655815 
-13.400852167 9.039144272 -9.305257811 
6.433905954 9.997470874 9.309212597 
6.306990690 9.836771699 9.494985719 
-10.120030002 3.737400773 -8.245779117 
-11.101424933 3.462440453 -7.427081303 
6.424952264 9.764228930 9.129424652 
0.142969667 5.882674370 8.682791993 
-6.331079157 7.683960975 -3.450386753 
-6.314504183 7.432387523 -3.348795270 
7.526574922 11.087149938 8.134821154 
7.922158765 11.525019348 7.535397697 
-10.523995794 3.765677530 -8.344530407 
-9.718110181 4.033522641 -8.944352245 
7.027833178 10.601978192 8.758195769 
6.826056195 10.612791225 9.003235436 
-10.612029248 3.680062683 -8.164034828 
-10.821288748 3.502438126 -7.788884459 
-6.858387665 14.331222882 -13.769899448 
-7.868079845 9.845923677 -10.995424755 
-4.810676437 14.727203766 13.538035916 
-0.502979936 11.090079614 10.376109190 
-6.823228145 14.229365160 -13.849247740 
-6.096641171 14.556742476 -14.022863073 
-4.631721100 14.816799745 13.506268360 
-3.109118984 15.598881076 13.281200744 
-6.930872031 13.885380639 -13.870939339 
-7.522020647 13.898853523 -13.791533917 
-5.117306199 14.797944499 13.670040322 
-4.385780718 15.378474229 13.545497889 
-8.105310153 13.496327321 -13.587324069 
-7.562845492 13.537471611 -13.681093202 
-5.002122843 15.096690967 13.612382731 
-5.275397706 14.680334644 13.620411410 
7.057990715 21.774863161 1.725285724 
7.218411146 21.842108400 -1.260869590 
-18.305013564 11.089599550 -2.383057969 
-18.326375422 11.337191104 -2.173571090 
6.857755165 21.778404196 1.831612924 
6.946341744 21.820607000 1.408618179 
-18.211188462 11.079803946 -2.614460832 
-18.232512726 11.169855689 -2.758026536 
7.290782994 21.247292441 1.906479250 
7.381236709 21.088023611 1.632842271 
-18.426474274 11.234664277 -1.587828194 
-18.344782407 11.344254347 -1.135908928 
7.271626850 21.742115453 0.646487054 
7.553627208 21.655030556 -0.845998179 
-14.602134451 6.217665979 1.446568204 
-14.641713128 8.260258231 1.080616202 
7.024424397 19.921947743 -5.814318782 
6.966682659 20.345883609 -5.226709675 
-18.444339976 10.034896442 1.496664737 
-18.307543164 9.845156907 1.888147106 
7.322282384 20.194630358 -4.563912871 
7.710807307 20.367618195 -3.179258583 
-18.298912201 10.011022916 1.241080870 
-18.184919073 9.906418249 2.191363467 
6.677777446 19.674412748 -6.456552353 
-0.963559157 18.377326919 -3.883918461 
-18.234009484 9.952237947 1.817112715 
-10.895624294 15.014631202 2.318775614 
7.566904482 20.474996496 -3.630879387 
7.434737045 20.507962819 -3.979002527 
-18.303777331 10.520259816 2.813424437 
-18.515065583 10.429286056 1.422616014 
2.565037705 21.401702150 9.742938186 
1.425865532 20.685311472 11.298306082 
-15.025614768 13.854387134 -9.407236014 
-15.094115369 14.109251941 -9.113381994 
2.377089329 21.126331586 10.160884137 
2.446311305 21.163556322 10.091851877 
-14.533712973 14.396546475 -9.573121333 
-14.505199198 14.548488921 -9.499666258 
1.503912913 21.604327652 9.997944356 
1.959085964 21.592800161 9.780447492 
-14.047755349 13.610976691 -10.643503200 
-13.887015648 14.314456086 -10.334484715 
2.717556905 21.779879232 9.123247847 
2.484605106 21.384574068 9.887417150 
-12.868231306 13.909026598 -11.551439919 
-13.750463746 14.074154597 -10.696889331 
-0.419744118 19.871290651 -12.991233099 
-1.466343436 19.874384119 -13.101891379 
-16.325133285 14.292399235 7.849348322 
-16.337785560 14.393905626 7.713664163 
-0.081224876 20.401688656 -12.227079094 
0.210635751 20.886156675 -11.596525744 
-15.983646470 14.640336836 7.981537203 
-15.263082913 14.883831880 8.829497033 
1.100009896 21.373900706 -10.763143740 
1.585676792 21.884775508 -9.837173829 
-15.050097478 14.764957210 9.233578977 
-14.601564186 14.985483023 9.607016890 
0.758723106 21.315545238 -10.984316824 
0.290412199 21.015092199 -11.481151445 
-15.599028276 14.499602308 8.775543780 
-15.409084635 14.640250558 8.929294372 
5.632558361 20.150140439 -10.238537516 
5.976494006 20.265247706 -9.142518289 
-18.570842730 11.144777829 6.037569638 
-18.092504147 11.731091565 7.200564293 
4.389943182 19.923029252 -11.101961473 
4.830178076 20.281073101 -10.681148969 
-19.143802506 10.573400246 5.034453088 
-17.841727937 12.093746116 7.723067843 
4.892716491 20.020830680 -10.460087513 
4.617389618 20.028436580 -10.618168582 
-17.492289382 11.932552991 7.674700498 
-17.568479471 11.512191830 7.631341485 
4.962521363 19.937319581 -10.906816046 
5.085445443 20.438545423 -9.814819971 
-17.845603970 11.263656380 7.301097257 
-16.753653501 11.832066897 8.947028452 
0.908038504 27.688151961 0.802491627 
-0.464253657 27.668499115 1.410084077 
-17.861946483 20.280647754 -1.013455148 
-17.669548642 20.541818574 -0.757897396 
-0.511553819 27.795152173 0.418963539 
-0.283955997 27.758989945 -0.060750834 
-17.599951447 20.367426409 -1.555512302 
-17.042277820 20.741874519 -2.182087761 
-1.578466534 27.549235345 1.694488816 
-1.341947887 27.663672618 1.199436274 
-17.335371579 20.785636038 -1.029255789 
-17.296375222 20.863164890 -1.236753323 
-2.065476509 27.464883548 1.816268102 
-1.529132707 27.491812276 1.372338115 
-17.986297831 20.149919072 -0.284855796 
-16.846610547 21.245401882 -0.535512591 
-3.157771660 13.089464979 15.906559260 
-2.801506752 12.787526325 15.585700236 
-4.955662663 12.577844952 -15.405258011 
-4.383536028 13.106739535 -15.447670548 
-2.433007235 12.939141681 15.696027061 
-2.679024021 13.140633921 15.734766232 
-4.749841644 12.818774391 -15.504309173 
-4.506766734 12.469397949 -15.336107317 
-3.586222848 12.587595984 15.746397770 
-3.836483287 12.651970960 15.911748392 
-4.948386655 12.822689165 -15.495188070 
-5.793681684 12.121302981 -15.390570399 
-5.438938363 11.586814895 15.378751889 
-0.962998488 12.512175926 13.480080882 
-6.674561395 12.273437678 -15.423069451 
-5.490342377 10.342427852 -13.170330494 
5.113931109 10.805502704 -13.247031872 
5.623119082 10.583893917 -12.580057773 
-12.811001005 2.598077832 7.478516721 
-12.200010414 2.627952382 7.980951281 
5.433696660 10.464324360 -12.646135588 
5.449493184 10.475361401 -12.743027898 
-13.419092582 3.032340733 8.119686306 
-12.417654021 2.678464965 8.114725220 
6.561261017 10.583128628 -11.672248854 
6.127640840 10.299866775 -11.909830130 
-5.858110301 1.114396310 7.573106122 
-5.313585751 1.728096493 8.753382285 
3.712964720 7.235455203 -13.085892085 
4.539391797 12.190869869 -12.330473109 
-15.371398201 5.098488085 6.873064210 
-8.045018576 1.379821401 9.536184223 
-1.760548887 22.980201528 7.732554450 
-1.615973878 21.993614271 8.177226449 
-14.655920816 17.170912463 -6.439074241 
-14.149384767 17.547629076 -7.210769440 
-0.895001846 22.234667736 7.749601754 
-0.281695347 21.944861005 7.490654165 
-14.497142114 16.425335485 -6.823158338 
-14.326314352 16.897099397 -7.000817219 
-2.674372658 27.119397451 1.417527018 
0.453533707 23.327716931 5.981471607 
-12.815754922 17.086369315 -8.425137950 
-12.224040294 17.673682211 -8.735987339 
-0.481524926 23.094134355 7.149179576 
-0.608795857 22.453439163 7.453636336 
-13.003955105 17.013183664 -8.301771853 
-12.923109760 17.171060529 -8.386471644 
2.097296375 11.054606413 0.172435555 
1.019071667 11.434141866 0.455712774 
-7.684487915 5.787893858 0.826649015 
-7.597308834 5.741156187 1.055913592 
8.214711087 11.314191439 2.979599108 
8.371911293 11.076190270 0.794669229 
-11.649160136 4.413427935 -5.683131788 
-11.308097638 3.742286355 -4.635189650 
7.800858462 10.663640182 5.262585730 
7.464790738 11.398047724 6.245191459 
-11.440314952 3.427069523 -4.042855881 
-11.010950282 3.528664295 -4.404699055 
8.369667921 11.183514859 2.107454531 
8.413084996 11.201737285 2.167803749 
-11.780291383 3.053682304 -2.040693279 
-11.669181554 2.993873289 -1.599623121 
8.773191581 10.874483503 6.760379635 
8.641347777 11.305135155 8.001193138 
-5.869122603 4.812563724 -4.893054826 
-5.835932511 5.933884548 -5.060606968 
7.051131543 18.198718197 1.702626656 
6.891923591 18.396104665 1.424914405 
-15.195255507 8.123987942 -4.637123061 
-10.468334492 2.791633251 -8.153461027 
7.723505980 10.575134769 9.115663629 
7.632015675 17.145542346 4.711739436 
-14.314954778 4.405447982 -6.995684424 
-12.373565717 2.735195516 -6.967856496 
3.350592794 9.297033088 5.627913104 
3.348043998 9.139967747 5.860346827 
-5.396066172 4.603135007 -4.878929821 
-6.918679906 5.237143461 -5.378551836 
-9.354467757 19.086345880 -11.608931915 
-8.976598328 20.270107706 -9.780865703 
-6.152448504 21.131081667 10.135339966 
-5.684845273 21.838070784 8.603284780 
-10.226341474 19.844928679 -9.237804930 
-8.797594838 20.333014861 -9.991810552 
-7.618746793 21.339485277 8.201404221 
-7.308518113 21.362706122 8.574442999 
-10.991304113 19.168673685 -9.881649362 
-10.305570998 19.869532115 -9.018659126 
-7.673991167 21.074702479 8.942044168 
-7.444601867 21.403369806 8.119528326 
-7.130315624 15.254660442 -8.484866790 
-9.688452718 9.567670808 -11.105262931 
-8.205262338 21.101519990 8.258696756 
-6.264927400 11.575634664 7.543995410 
-2.365907050 12.523338747 5.792870448 
-2.523530624 12.477674688 5.850840476 
-6.736792517 10.555661509 -5.541331072 
-6.672985079 10.901959778 -5.667721230 
-1.162571476 11.818356231 4.897504149 
-1.054291745 11.865151963 4.832498935 
-6.417066694 9.712989799 -4.820971414 
-6.614584879 9.596302773 -4.701398722 
-2.512282898 18.112905527 6.607700326 
-2.882012957 18.487361399 5.688575053 
-10.957154113 15.028583133 -5.183626464 
-8.507979014 16.727663512 -6.144717283 
-3.148567618 16.458398816 5.170639861 
-2.810056348 16.364595055 4.939888610 
-7.622414432 15.930286975 -5.487143232 
-4.190197564 16.706341460 -5.859127836 
1.574842426 10.733662955 -2.427620263 
1.283495814 10.631940619 -2.951314444 
-7.578394794 7.338565852 1.797654322 
-7.036003604 7.434698816 3.028985009 
3.306345793 10.031016036 -0.063848090 
3.412789210 9.753172011 0.030673859 
-8.140877606 5.756179433 1.216788875 
-7.792913628 5.941003438 0.998019339 
1.534561505 12.544884247 -2.107996251 
1.450181535 11.364534092 5.144101772 
-8.764918440 9.068631524 -1.066463802 
-6.932667661 4.732941560 0.632438238 
3.400115883 10.523339149 0.106388146 
3.462079601 9.779717023 -0.709297813 
-8.875847641 6.442103409 -0.053285180 
-8.556730304 5.939188892 0.696935262 
-0.484559209 17.475081217 -0.440336053 
-0.491806542 17.483355061 -0.135036610 
-10.356296615 13.064108689 -0.511626086 
-10.284336060 13.178257275 -0.431021112 
-1.595688991 17.671443779 -0.798403548 
-1.362653424 17.658202199 -0.294110318 
-9.654819937 13.864411831 -1.157422391 
-9.588334252 14.037057652 -0.804411725 
1.731710652 19.018433578 -0.125814196 
1.628490949 14.617940226 -2.351839787 
-12.779835375 12.676040410 -0.872711580 
-10.138736251 10.393583647 1.908454585 
1.438587136 16.534631908 0.682677065 
1.837332039 16.093948096 0.905863876 
-10.568653447 11.504369209 -1.151938858 
-10.665552027 10.898347618 -0.787447748 
-5.277162569 18.140499576 -2.292848933 
-5.546799241 18.031461954 -2.464484823 
-6.910440597 17.483075424 1.705347898 
-7.223918453 17.328468377 1.770866557 
-4.375807795 18.064392022 -1.671881515 
-4.603445667 17.993156601 -1.919803171 
-7.673691780 16.727223177 1.135165285 
-7.589237073 16.732220486 1.267194564 
-4.985260011 18.331661320 -1.302069196 
-7.561812324 18.290961926 -0.835953523 
-7.489707561 17.234795067 0.819362364 
-7.359724409 17.340388221 0.389870953 
-6.819093789 17.719282328 -3.288938511 
-6.971224947 17.557851624 -3.562750254 
-5.528901555 18.195386855 2.652984055 
-5.732507825 18.086130299 2.963855264 
4.489273223 13.669014680 -8.713975289 
5.004749423 13.999842245 -7.823193715 
-13.092316118 5.158641353 4.734290262 
-7.402009374 7.185520659 1.260498631 
4.637679256 14.071785987 -8.409682518 
4.345422522 13.807620792 -8.741921577 
-13.207321229 5.482066015 5.052029512 
-12.473285474 6.234747467 6.331670751 
0.541800758 11.095554110 -3.878793833 
5.231436456 13.861148764 -8.065851250 
-13.014340845 5.663373640 5.452016679 
-12.599423078 6.063648616 6.322476159 
3.600186652 13.570212228 -9.445211252 
4.676481676 13.799045472 -8.564885570 
-13.037926621 5.834055521 5.605443826 
-12.742466034 6.081866752 6.150218879 
-5.343434770 24.517229764 -3.373161570 
-6.019781759 24.230819020 -2.625876230 
-12.249492793 21.798372122 3.543055030 
-11.463245814 22.079702299 3.566409125 
-5.973047670 24.098420648 -1.993337669 
-5.698748675 17.815843727 0.847786145 
-10.932622181 22.181886863 2.696410989 
-11.847752713 21.947206072 2.785504860 
-6.114773402 24.220013547 -3.033653948 
-5.918805525 24.315160312 -3.006982647 
-12.269852180 21.813255684 3.640026637 
-11.724970732 22.039944025 3.462690970 
-5.749105759 24.342385244 -2.350669452 
-5.569537221 24.532231746 -2.603612596 
-13.221607127 21.639304112 3.044664784 
-11.865356986 21.990189159 3.328271731 
-8.806796109 14.316926587 11.582901893 
-8.726773812 14.097506217 11.629194053 
-6.171577745 15.909076631 -12.235750342 
-5.186345344 16.141767214 -12.122601078 
-7.281457957 12.296599578 5.700317812 
-5.531279439 14.739275816 5.626191393 
-5.003185890 15.796980197 -12.048844056 
-4.217790368 15.673121381 -11.853685751 
-8.524108171 14.481276369 11.743579650 
-7.209644514 15.273503453 12.030674311 
-4.178427877 16.121857012 -11.968434440 
-2.843042424 16.557568035 -11.587889872 
-7.832575130 14.106538883 11.747550764 
-8.395166012 14.509700533 11.857129812 
-3.889371309 16.618156844 -11.850060640 
-4.182197058 16.607853880 -11.916020084 
1.834674783 10.225033657 -4.709627026 
2.566561605 10.665443811 -4.002921679 
-4.093919359 4.940436106 5.495242242 
-5.149774460 3.871829955 4.794739992 
2.928113772 9.999805966 1.961753649 
6.549531553 8.368961362 -7.199709639 
-4.847891235 4.117210913 6.237069861 
-9.978781771 3.327083886 6.450777387 
0.253269085 7.228898148 -5.037237328 
0.051024954 7.098319465 -5.205034534 
-7.265937402 3.071232444 1.844193672 
-7.258002647 3.065666913 1.921050462 
1.346997563 5.922091358 -5.452972740 
1.373680519 5.899010411 -5.470533063 
-6.360239097 3.038561968 3.557545315 
-6.363751884 3.013649766 3.577497445 
-0.785112473 8.892013464 -5.429342947 
-0.990885523 8.732486195 -5.579411009 
-4.642045564 7.460821805 4.833091213 
-4.913867906 7.300077232 4.716339664 
-0.583193339 10.094193319 -4.421562613 
-1.238616622 10.283975504 -5.498666645 
-8.343014623 5.545290463 3.666546887 
-6.543546312 8.071591795 5.297561337 
2.716730757 11.709138147 -4.743459792 
2.900084201 11.764187277 -4.839874311 
-8.420196960 9.232281688 3.913920743 
-9.808099040 8.458540924 2.888564274 
2.710124219 12.717233270 -5.996002953 
2.193437834 8.313319220 -4.764875368 
-7.368896571 5.778412763 4.236132239 
-7.355204166 5.210331338 4.232537839 
-6.942339051 18.168365664 0.270135195 
-6.841085077 18.205892698 0.328980228 
-6.098572200 18.518012528 0.088191893 
-6.143494102 18.503724357 0.064970869 
-5.852454090 17.481600356 -4.847543980 
-6.042232288 17.598714594 -4.636457618 
-7.340175563 17.148716508 4.919849377 
-7.122597820 17.131014008 5.022536493 
-7.282674546 17.562453923 -4.032853443 
-7.070232821 17.885776050 -3.887034130 
-4.403680345 19.326872849 1.541584828 
-5.264316337 18.211699889 5.229573587 
-5.279826655 19.036675385 -6.504729565 
-9.594886707 14.078177202 -4.033411989 
-4.585106592 18.122204325 5.287994212 
-2.385656647 17.312743711 5.459623791 
-9.119488279 14.508786529 4.414923768 
-9.746857274 15.222953469 5.747168673 
-1.863227382 17.253881266 -4.447495820 
-2.188134297 17.323937378 -4.398979360 
-9.019530327 13.675727527 5.640521821 
-9.377784867 13.543864123 5.380012068 
-1.535243771 16.676728368 -5.294167681 
-1.845287372 16.557692215 -5.547605790 
-4.715929954 9.691444596 6.027721387 
-6.650455162 8.203207623 4.957508267 
-2.882061201 10.778817451 -5.891219867 
-1.260592183 15.593914223 -5.897351821 
-10.468040227 13.226291256 3.293834073 
-10.754210113 13.327199973 2.786249611 
0.907523673 16.452861538 -3.218029036 
0.822466892 16.542900899 -3.513408359 
0.394410741 10.815224487 4.098766129 
2.513790810 11.432095058 -1.121115103 
-8.056206760 7.963569115 0.817373699 
-7.569328620 7.723242576 0.010948880 
2.453833053 10.920397826 1.176709622 
2.570798114 10.940063840 0.672758922 
-7.577008926 7.315546217 -2.562478861 
-7.671579817 7.230895333 -2.377401690 
3.590393369 10.182358602 -0.065786253 
3.691979247 9.717839782 -0.601067358 
-8.602109958 5.913510925 -0.370617913 
-8.379985462 5.836649689 -1.263401943 
5.490835845 12.500033631 -1.582987092 
2.052176165 14.784971138 1.175094903 
-9.557326685 4.398627971 -0.067941561 
-8.238322671 3.400902492 0.363857460 
-6.061142353 18.473897278 -3.825931786 
-5.896723620 18.477072224 -3.945066695 
-6.861664929 18.144315686 3.259817542 
-7.487199117 17.847447408 3.291830476 
-4.235165229 17.086594467 -5.484327637 
-6.758518621 17.355506198 -6.215019201 
-10.506885400 14.036201388 2.583218813 
-7.974004331 15.683933678 4.336482419 
-3.885591801 17.668575028 -5.249395150 
-3.391837086 17.387112825 -5.666750231 
-7.450876822 16.254494634 4.722644870 
-8.092015785 15.568002377 4.939030314 
-5.521215996 18.820979209 -3.681671756 
-5.572158320 18.789612183 -3.733751850 
-6.563681030 18.427549737 3.249510819 
-6.664708259 18.359186431 3.296212878 
-3.984983477 17.406076549 4.888174386 
-3.471490878 17.607216020 4.571082987 
-8.171847273 15.521662273 -4.193563958 
-8.028111788 15.595522550 -4.276844569 
-3.954117035 17.903303696 5.225179425 
-2.341892800 16.927736001 5.965093040 
-8.333155287 16.153359243 -4.611009207 
-7.894909489 14.492296231 -5.833844762 
-0.332763608 17.553947876 3.506531625 
-1.262672401 17.872036234 3.798017854 
-8.119148769 14.506987339 -4.149961279 
-10.602308113 14.415404013 -1.652446136 
-3.035262952 19.575105387 2.821562341 
-3.719739952 19.529939029 2.704037691 
-9.350994896 17.111542770 -2.504261310 
-9.344132005 17.135416615 -2.559473759 
1.871524009 7.687467874 5.510593253 
-1.364862677 8.668077409 6.255838978 
-5.049072087 7.694150352 -5.897227582 
-2.911298136 6.101981062 -6.113775117 
-0.238465428 7.015850954 6.973337417 
-3.334263915 10.004597205 6.985749364 
-5.298514836 6.380793523 -5.859426067 
-4.247237632 6.321419792 -6.173480440 
-2.032077481 5.423971940 6.563884934 
-3.272195459 5.085828136 6.427452847 
-2.978703883 9.309608711 -6.388579241 
-1.827394324 5.990222584 -6.282715143 
-5.239505365 7.629712061 6.055909597 
-4.469508527 8.426166435 6.769141147 
-2.791600027 8.289331868 -6.536629680 
-3.824143148 8.545338347 -6.781363186 
-3.745595127 8.146311725 -6.149097570 
-4.228265488 7.636467513 -6.083365775 
-1.051900531 8.603913559 6.016510181 
-0.687297177 8.451173937 5.733738505 
0.300766116 10.675441223 -7.160415620 
2.335210879 11.881893907 -3.725636113 
-1.299966585 11.485941006 5.929791412 
-2.439423084 10.366513606 6.971393167 
-0.767669453 8.461634655 -6.959748092 
-1.766409736 7.926945062 -6.766905981 
-5.089110677 7.135461907 6.201088870 
-5.203810525 7.290147118 6.091190546 
-3.683599161 8.930919844 -6.076460668 
-4.655492259 8.482664938 -5.839235364 
-2.391245299 10.373705016 6.071307566 
-3.895593092 8.771429732 5.760789540 
-0.977816286 16.538994713 -6.534002710 
-1.132116948 17.956367851 -5.688410774 
-10.433657726 14.350027593 3.606579617 
-9.878797693 15.271137788 4.350176573 
-4.569480770 18.029767464 -1.280127925 
-4.659866804 18.054918570 -1.245356382 
-7.786593243 16.697463658 0.767687252 
-7.615169016 16.815488145 1.071837507 
-4.801732382 17.666728733 -1.276363988 
-4.885879984 17.658144562 -1.103141128 
-7.493175193 16.534799918 0.540200804 
-7.374496512 16.592682540 0.615282441 
-5.015042046 17.740281368 -1.138165153 
-4.968352517 17.748086156 -1.068002916 
-7.338634437 16.740343595 0.480238365 
-7.229247319 16.788921215 0.489574518 
-2.389403552 15.644819741 5.033427940 
-1.950701150 15.644812074 4.837063265 
-7.748919431 13.392049833 -4.339731285 
-7.109501799 13.531788052 -4.700887024 
-1.505955457 15.920718316 4.354234081 
-1.792106210 15.629121847 4.814226004 
-9.022225704 12.703285439 -3.196211129 
-8.113490137 13.141543284 -4.010826650 
-2.465819027 15.901372605 4.477753412 
-2.305095041 15.964377050 4.320911711 
-7.553398336 13.760696923 -4.051333777 
-6.622250445 14.180851104 -4.438426002 
-2.668285641 15.686751923 4.808759110 
-2.119042710 15.901506817 4.316580452 
-7.512078588 13.539602494 -4.214774166 
-7.378241867 13.682570537 -4.212892973 
0.606805108 9.589216025 4.765399972 
-1.231081927 8.064962160 5.352672655 
-4.907567075 6.856416566 -4.724775733 
-4.132787615 6.921927573 -4.509300734 
-2.151598820 8.850536183 6.370358551 
-2.467047528 8.921096308 6.649463174 
-5.955377342 6.858057013 -3.084328137 
-4.349048233 7.328477694 -4.342376496 
-1.880349238 8.758093883 5.072509080 
-1.403461526 8.965466259 4.856992034 
-4.013100671 7.781030756 -4.073016119 
-3.872900879 7.858294498 -4.110712360 
-1.480023237 8.688712402 4.717423573 
-1.437975657 8.781594174 4.630328795 
-4.026376054 7.603343742 -3.932514000 
-3.685095191 7.720865629 -4.002456317 
1.430906309 13.211896135 2.202625775 
1.217899007 12.860444840 3.338002250 
-7.551349894 10.210493864 3.064355508 
-5.124829047 6.061275122 5.331739636 
2.344420905 8.628918892 -5.087675937 
2.609978403 8.668487984 -4.547247467 
-7.501831997 6.069294857 3.301523231 
-7.688969484 5.279449897 2.538386249 
-5.311890038 9.881218183 -5.019897794 
-5.450924417 9.825100630 -4.985284213 
-2.258966897 8.786113277 5.317094106 
-2.858051870 10.914696974 5.190844833 
-3.660998002 5.768387956 -5.380359416 
-4.124961661 5.692706727 -5.139669399 
-2.440703504 9.671615051 6.062799740 
-2.540181248 9.561121431 6.142243563 
8.069432833 17.450824333 -2.929743449 
8.082253650 17.445947959 0.428319720 
-15.992799120 7.687726150 -2.432424170 
-15.693276182 7.513318807 -3.190603752 
7.937460829 18.014925751 0.389993978 
7.849462283 17.677796783 1.780373192 
-16.178562867 7.859580306 -2.219170767 
-16.535058964 8.206634294 0.154242641 
3.421741486 16.028038419 -2.126848680 
3.104184110 11.611966227 -3.626666929 
-14.731013214 9.722826182 5.910195103 
-16.423593130 9.877320633 0.652859761 
2.425830034 13.542770208 1.293888985 
8.174520150 17.062624066 0.428397871 
-16.474882322 8.233879436 -0.627870768 
-16.337351440 8.100649565 -0.580959767 
2.963884236 18.773153519 -8.442595696 
4.472683311 19.932787825 -6.934788554 
-16.897811451 11.102790554 3.269179393 
-16.846503103 11.338168022 3.804172611 
4.132320601 19.889088021 -7.267783511 
6.099448007 20.441104769 -3.375375006 
-17.011910803 11.191147278 2.147514562 
-10.825084104 15.239762437 2.933104757 
2.454876023 16.425743951 -3.535514554 
3.710706966 18.494305448 -4.066884912 
-10.967653857 9.208846393 1.524800349 
-14.560901780 10.302117245 2.496141495 
5.305467371 20.299286061 -5.188431808 
5.207166925 20.795493313 -4.798790993 
-17.071754237 11.411126170 1.863760204 
-16.935727560 11.711123395 3.546551371 
-1.396459844 22.521962756 8.382863112 
-1.513916236 22.483035542 8.488688813 
-12.539708046 17.472341530 -8.798247387 
-13.341829554 17.263988376 -8.110841108 
-0.953670668 22.425704018 8.383135953 
-1.120118226 22.220936202 8.896348591 
-13.193332727 17.179791156 -8.088236680 
-10.184690441 14.758666159 -1.057677053 
-3.315455979 21.618208028 5.491839496 
-3.367932707 21.654785176 7.148026318 
-11.753623193 18.044412904 -4.434403732 
-11.528957026 18.676270984 -5.367914721 
-1.981368902 22.116285607 9.295841522 
-2.334955335 21.732889519 9.851044441 
-13.252332410 16.721028761 -9.072894160 
-12.960565092 17.191388959 -8.896193518 
1.414269127 20.809087311 -9.804635799 
1.395907669 20.671195885 -9.918440369 
-17.072939720 12.623502897 4.075186430 
-16.433646251 13.744626916 3.848041181 
0.545710340 20.716732092 -9.967711762 
1.265179935 21.042006181 -9.017395001 
-16.365443402 12.834525400 5.753868067 
-15.851534228 13.635856422 6.114066770 
-1.101746578 20.699027272 -3.222347445 
0.229523059 21.579902274 -5.047327515 
-11.951144194 16.544506585 -1.174784704 
-14.091403784 15.409311353 3.406321883 
1.650181804 21.206105048 -8.873377782 
1.940909195 20.929285177 -9.361399591 
-16.126725354 12.479784589 7.072101496 
-16.035167951 13.532995965 6.164479037 
7.187858907 19.019930650 1.594372128 
4.481037839 12.940201498 -1.035087884 
-16.339401178 9.534202581 -3.758316010 
-10.625686946 5.623113654 1.371077763 
7.044875585 20.475316137 -0.618409047 
7.314647402 19.962853272 -0.671229534 
-16.962346122 9.845730606 -2.840443612 
-16.853080441 9.842136993 -3.248927202 
4.087294200 25.240916458 -1.375817489 
5.672187073 23.842589319 -0.054069602 
-16.993828097 9.683651142 -1.536832682 
-16.573735981 9.375119110 -3.269044168 
6.926206960 19.893212920 1.200094009 
2.045799706 25.686448952 -1.341070049 
-16.813715468 9.639144113 0.378038258 
-19.013975466 15.148927851 1.084836221 
6.952609610 19.771344194 -0.343598286 
0.711975353 18.954765590 -3.364284113 
-10.309369133 14.086601101 -0.203432359 
-15.123947059 11.515782186 0.809245324 
6.233496339 19.564159825 -4.645528367 
6.498115419 19.322161417 -4.459337078 
-17.492122635 10.756859182 -1.313867581 
-17.132419646 11.561304773 -3.128585672 
7.255381400 19.729258658 -1.587899154 
6.642175092 19.600109492 -3.838720542 
-17.282039486 10.362159843 -0.059747325 
-17.201151932 10.409216147 0.586188218 
6.884125616 20.345154240 0.219934159 
-0.371071161 19.162507137 5.759402416 
-17.138481356 10.885465391 -1.538563246 
-11.450925450 14.912910455 -3.458620396 
1.137115592 21.991797873 8.039646176 
1.709333216 21.436274775 8.866547542 
-14.047132808 14.610837266 -9.248745579 
-14.326091676 14.807476153 -8.531208237 
1.308938768 21.474458140 9.315232605 
0.193586651 20.979637076 10.440765263 
-14.620600437 14.164026606 -9.105930090 
-12.701252117 10.022093132 -12.336382711 
3.532593940 9.735002709 5.224675184 
5.252514782 14.934670155 7.742661100 
-8.094402766 6.048699998 -7.623005841 
-7.243261138 6.712274990 -7.158537833 
4.890971614 11.675100340 4.019090330 
5.604428152 11.612241403 2.547262501 
-8.906072716 7.364614779 -5.828581461 
-9.325355798 4.184425881 -3.109805543 
-1.558054905 20.477244704 -11.176096291 
-2.202743417 19.578843052 -12.196638332 
-14.845338233 14.863304255 7.079708576 
-13.365149347 15.139227482 9.065122248 
-2.799355241 15.542881422 -15.508516165 
-3.145936537 15.425246493 -15.649298237 
-14.285398712 14.744260239 8.722289540 
-15.335252436 14.650270401 7.108868472 
-1.411575827 20.018846312 -11.990096249 
-1.208258990 20.227496632 -11.537796539 
-13.957123328 15.204776669 8.684702639 
-13.063069472 14.663927151 10.810112577 
-0.285166151 20.654285522 -10.698558855 
0.539821532 20.766665830 -10.286565035 
-13.109755863 15.202963685 9.444197378 
-13.663566398 14.982154580 8.999570536 
4.528745222 21.626520012 -9.454258438 
5.563860445 22.296832936 -7.558313210 
-17.184272944 10.301401371 -2.442203384 
-17.365516500 10.622872527 0.553401733 
0.672713053 17.550757229 0.569063199 
1.246399410 19.135570186 2.505394240 
-10.512375923 13.834812473 -0.248837164 
-9.681861173 15.280328707 -2.211840904 
6.925523982 20.318426460 -2.697925260 
-0.386398597 19.104541501 -5.945928411 
-16.331548414 10.096468665 -4.536962686 
-11.672010179 14.752039467 3.215712150 
7.422564949 19.989611096 -1.914523807 
7.318163493 20.179529214 -1.801926343 
-16.883838413 10.336985784 -3.509367724 
-17.082926739 10.137963243 -2.329231624 
6.504143474 19.859453947 -3.810188113 
7.043132189 19.567060697 -2.603201483 
-17.205439801 10.125357521 -0.394616029 
-17.333342584 10.782783915 -0.224715765 
6.250355601 19.086392273 -4.660123465 
4.382823420 12.959562282 0.380927623 
-16.938314851 11.116801572 -2.081266853 
-16.899604637 10.859451679 -1.098811936 
6.501679679 19.970565523 -2.536243483 
6.786202089 19.568958260 -2.472948336 
-16.685866431 10.016335111 -1.549069794 
-17.277608838 11.235246569 -1.410296584 
6.806264408 19.587486023 -2.699610163 
6.858283567 19.537228836 -2.451702409 
-17.186141823 10.095061923 0.290814338 
-16.992777782 9.607299944 1.317455375 
-1.050320867 20.049355247 12.088232777 
0.347404213 21.125386746 10.020909096 
-13.186738390 14.949330430 -10.053307960 
-12.947795254 15.271215585 -9.990802384 
-0.464591973 21.254732312 9.604811462 
0.042683284 21.161437273 9.601152223 
-12.687614801 15.182810952 -9.773146179 
-13.279520430 15.561762896 -8.260298128 
-2.962870435 15.646628479 15.299437441 
-2.210158244 15.856579043 14.949244735 
-14.021638512 14.851063809 -8.848459591 
-13.500649405 15.358008492 -8.895059958 
-0.597730995 20.632394240 11.058541384 
0.013992558 21.025948633 10.191371960 
-13.239675647 15.340703245 -9.528296278 
-13.197117861 15.470679019 -9.400868600 
-0.845809632 18.742940937 -13.452215198 
0.693318594 15.948231052 -15.028726848 
-15.521863005 13.993809431 7.926562118 
-15.549519054 14.016994307 7.798603288 
-0.503019066 21.308429600 -9.729468699 
0.428179943 21.180782001 -9.776343536 
-15.606414611 13.316194928 8.321703011 
-14.732774365 14.937740522 7.703852530 
4.971155079 11.851294053 -3.481531077 
5.508642664 11.640221102 -2.760071162 
-9.036707266 7.307987071 5.742107029 
-8.861034431 4.527030630 4.044378420 
3.111736540 9.683170753 -5.760285715 
2.194273588 14.579764092 -14.329345752 
-13.910817578 6.335685901 5.184601412 
-8.751594118 6.225006174 8.503260483 
5.880280243 19.845955095 4.288567149 
6.092155641 20.121801441 3.344928924 
-16.298027139 11.208249185 -4.817054551 
-9.355185354 15.588591574 -4.933780195 
5.463421989 20.372955107 4.752734863 
6.071896739 20.774924179 3.072132098 
-16.355671054 11.644110884 -5.387162416 
-15.939704688 11.838774269 -5.988877227 
6.634242961 19.918540137 1.784026935 
5.580208534 21.501107185 3.518338070 
-16.486098313 11.189760367 -4.605780388 
-16.836429861 11.556758884 -3.625070299 
2.868699489 16.712893104 2.400512454 
3.699045715 18.567601343 3.798783283 
-10.969012058 9.141658360 -1.328110950 
-14.649436642 10.200385886 -2.044371687 
7.642880924 18.070003401 -2.405200715 
7.915439469 17.767062964 -1.907731985 
-16.273444057 8.285328800 -1.605793517 
-15.966004260 8.906865510 -3.156035620 
7.281036729 16.932560781 -4.526884631 
7.417523279 17.266698597 -4.178711455 
-16.369481619 7.887950927 -0.738186096 
-16.309859821 7.956926904 -0.121345581 
1.350849652 14.157377507 -2.619567703 
3.212660305 12.806399736 -1.503318397 
-16.374300263 8.092819389 -0.715044980 
-16.396189766 8.259357656 -1.341871181 
3.520140524 13.728711705 -1.078129247 
3.648295645 14.111703156 -1.478440431 
-14.262658904 10.085133203 -6.399107893 
-16.510544423 9.762308694 -0.141085072 
2.148990119 21.859549151 7.094149236 
2.195639826 21.370204968 8.092632607 
-14.902348790 13.478978512 -8.197956872 
-14.593224014 14.118271725 -7.894901041 
2.923510846 21.883785418 6.445229234 
2.680049876 21.545351990 7.752611150 
-15.925600848 12.782002409 -6.975842574 
-15.115797145 13.755621000 -7.496929998 
3.326207071 22.063419420 5.006371561 
2.988548079 21.775867909 6.465966675 
-14.613424840 13.980846215 -8.483178530 
-14.269768805 14.325593713 -8.439188229 
-1.856750511 20.960735738 -0.621077773 
0.678016509 21.811452998 3.728918468 
-14.894764798 13.806570994 -7.744781949 
-13.621887139 15.782201917 -4.103907803 
-2.039481000 21.637063245 -10.029503383 
-2.185228839 21.755490255 -9.653347381 
-14.431623816 16.729171183 7.011732128 
-13.895335177 17.165763167 7.183954826 
-2.522319161 21.678338570 -10.056127666 
-2.936095402 21.266804022 -10.847408797 
-14.164488743 16.601677514 8.048608870 
-14.594118049 16.907175217 6.916936058 
-2.691807741 21.576353548 -10.382708133 
-1.885032220 21.771316766 -10.086792397 
-13.405783824 16.902008377 8.703665118 
-13.893741687 17.128655380 7.346333287 
-3.464214350 21.477268286 -5.879364643 
-3.925916289 21.570987764 -7.342383707 
-10.459384829 18.700295903 5.058426004 
-10.558301096 19.150002982 5.735801469 
-1.507058931 15.887839030 -4.398385276 
-1.706052724 15.673314553 -4.769830276 
-8.344128943 13.131085232 3.782565099 
-8.248836628 13.058853738 3.907707070 
-1.921339019 15.770741112 -4.752771938 
-1.655662296 15.728717934 -4.646029914 
-6.824125809 13.895774731 4.740094048 
-7.032518986 13.556950044 4.730658211 
-2.613439669 15.655219685 -4.874524373 
-2.072184713 15.852393685 -4.410486105 
-7.626100431 13.633584703 4.037638855 
-7.939302599 13.368973337 3.977643525 
-3.056853427 15.695683757 -4.862605915 
-2.955347313 15.648151167 -4.959519854 
-5.799351500 14.576033508 4.428099446 
-7.999525245 13.582230272 3.740218807 
-4.714570002 17.957343937 1.743541389 
-4.600315778 18.045289077 1.445590377 
-7.813581678 16.684412506 -0.609665128 
-7.633036721 16.804903576 -0.944066913 
-0.895481303 16.555201406 6.484857137 
-1.362787356 17.908613987 5.942179906 
-10.847251759 14.035313039 -3.326707751 
-9.033891687 15.757752224 -4.625510636 
-5.043290959 17.727519988 0.979603241 
-5.055498310 17.720967611 0.971723817 
-7.366903303 16.732085094 -0.599917569 
-7.273859661 16.771181663 -0.555926871 
-4.923855607 17.645297500 1.130043762 
-4.649174795 17.734708870 0.862062110 
-7.330130722 16.628976388 -0.669720176 
-7.220797687 16.671978018 -0.817632312 
2.311957933 8.618991121 5.117676781 
2.682890941 8.689211615 4.462459740 
-7.553604720 5.986542658 -3.261388963 
-7.664578428 5.273272922 -2.588364480 
2.042779063 12.768839342 3.373803658 
2.226899642 13.213360777 0.513180891 
-7.663616569 10.174621790 -2.949866801 
-7.342649872 7.928402522 -7.523047635 
-3.087205058 6.036038275 5.483009465 
-2.491521567 6.330492277 5.448320794 
-2.889147141 9.496967770 -6.118922500 
-2.644062458 9.526886520 -6.144185566 
-5.407402124 9.836878180 4.985080073 
-5.540730880 9.812425792 4.953807743 
-1.749098344 8.920741811 -5.167286482 
-2.926086134 7.214598661 -5.444687645 
-2.315827410 8.845425387 -6.432460616 
-2.375101293 8.951290886 -6.564688466 
-5.952831412 6.892901712 3.067969015 
-4.447590139 7.282922324 4.302879300 
0.634793236 9.652400825 -4.706747443 
0.188089686 8.819531403 -4.574404452 
-4.567393977 6.948026291 4.865098146 
-3.866928948 6.970774754 4.556745968 
-1.305734436 8.829367799 -4.595297478 
-1.329256321 8.819669035 -4.617143841 
-3.723097982 7.690835645 4.008107141 
-3.849143752 7.630955813 3.973030980 
-1.625936798 8.844234683 -4.992804254 
-1.606002333 8.868742954 -4.955169931 
-4.054174659 7.870834471 4.117622988 
-3.998687869 7.769908534 4.072440455 
-3.471960223 18.154337663 -4.787480027 
-1.995050274 16.907823522 -5.845756925 
-7.778388190 16.724813241 4.064997096 
-8.195855277 14.366920534 5.676376244 
-3.694179788 17.508204965 -4.691289964 
-3.819196843 17.441237025 -4.793810229 
-8.040911554 15.704104112 4.154406303 
-8.409014010 15.367206308 4.128434449 
-3.564089260 19.455601208 -3.167728315 
-3.912277397 19.216050135 -3.978952103 
-7.991327986 14.769525574 6.615359990 
-9.421830496 17.103610957 2.327520451 
0.366636251 17.491245360 -2.637116904 
-1.345559436 17.852963763 -3.890792613 
-7.451244790 14.806121683 4.457410678 
-9.788357585 15.554310287 1.001443811 
-4.097885007 16.728890015 6.307827750 
-6.991355351 17.295478202 6.145595663 
-10.516310294 14.011350264 -2.662324768 
-8.528411863 15.404738313 -4.058355996 
-6.201481166 18.411909635 3.938694231 
-6.034503260 18.435811212 3.982257186 
-7.364692561 17.924323322 -3.255975992 
-7.750010444 17.721974506 -3.260645411 
-5.783269123 18.709333264 3.816801620 
-6.073283436 18.616828940 3.837006068 
-7.175175369 18.157160285 -3.302102130 
-7.037722408 18.213703265 -3.299356156 
-4.259964137 17.480584344 5.530277236 
-3.269327973 17.539286353 5.378064999 
-8.158055527 15.940885455 -4.516648150 
-8.052307666 15.584183986 -4.968965769 
0.051556689 10.675444452 7.298891458 
-4.557117132 10.091248890 7.518634345 
-1.370576984 11.445382009 -5.990360630 
-2.429318403 10.364914329 -6.963172113 
-2.670246799 8.635273113 6.586306883 
-4.099031083 7.686193024 6.108829328 
-0.853924165 8.675162255 -5.938296087 
-0.594457781 8.483953928 -5.691770182 
-4.678754798 9.481006848 6.236822900 
-4.802326391 8.481535234 5.788139812 
-4.177302876 8.953500932 -5.899330500 
-4.123010600 8.652553817 -5.724580848 
-1.234793940 8.150185458 7.091870773 
-2.045376781 7.821134133 6.805313673 
-5.241674778 7.198001098 -6.144872553 
-5.134226637 7.345470365 -6.110460519 
-0.191801091 6.988743889 -6.937107225 
-3.825673668 9.716930449 -7.001900160 
-4.743283867 6.605167607 6.070078003 
-4.032406734 6.424993598 6.216862044 
2.039898844 7.661963483 -5.405529583 
-1.063906400 8.837318270 -6.123619850 
-5.027249635 7.691827626 5.917782676 
-3.641705471 8.239008946 6.151867888 
-5.203352596 7.643125104 -6.067545536 
-4.640262521 8.359182392 -6.738580741 
-2.896668304 8.260509256 6.551835639 
-3.918370113 8.520809306 6.757420171 
-2.300780630 5.280760298 -6.580903487 
-3.236195196 5.058869918 -6.429345121 
-2.844477085 9.339879459 6.358223682 
-2.013014357 5.954328972 6.293667067 
0.395112011 24.961728681 5.327618722 
-0.142897986 25.605758905 4.672958684 
-15.374318789 16.145309340 -7.612172029 
-15.294675745 15.832257693 -7.796325581 
-3.500799087 21.494901689 8.531779234 
-0.749879463 24.493273657 6.384561862 
-16.233157716 17.192603932 -6.089681727 
-16.402418828 17.856347930 -5.618087312 
0.792147017 25.455683293 4.956863291 
1.726220756 25.888739681 3.452991870 
-17.129786639 17.922500465 -5.201814692 
-16.966694117 18.042699598 -5.016322003 
0.874882097 25.829612259 4.309287798 
1.460652264 26.179601163 3.345566630 
-16.362225168 18.038450111 -5.835196912 
-15.973589872 17.457760239 -6.674783529 
2.464053061 10.725141911 -0.217422268 
9.154630435 14.221822793 4.125880814 
-15.831373944 5.203750234 -4.098282714 
-15.995847933 5.261493598 -3.596619971 
3.884574348 9.979147808 -0.820692258 
7.890298303 13.732031412 6.429658131 
-15.111686252 6.928701523 -4.167454848 
-14.797890865 5.508920124 -4.937730406 
9.864136928 14.986012056 2.254105150 
9.871998201 15.844070862 3.341625293 
-15.296499624 7.175625494 -7.934345468 
-16.064926036 6.341381394 -6.118264146 
9.843018896 14.851939220 1.878761628 
9.842593356 15.640047336 2.716608815 
-15.295896461 5.677661096 -5.682077693 
-15.040617369 5.072620203 -4.983070144 
8.564516366 17.049261974 3.738616753 
8.362188397 16.427873367 6.748142948 
-14.745434474 7.401892316 -8.270719452 
-15.202414196 7.839275041 -7.391456026 
7.824386298 17.392430463 1.540331592 
7.755236112 17.150916981 2.722670785 
-14.857255798 7.048333296 -8.299529461 
-15.001828074 7.292311376 -7.807507176 
8.236903765 16.672888942 7.077467420 
8.313852674 16.632168158 7.367496642 
-15.115322993 7.077317855 -7.451151332 
-14.191366706 6.924364471 -9.343289736 
8.439539559 16.020367897 7.282617141 
7.823262476 15.577964164 9.400177349 
-14.676892006 6.642519565 -7.977513360 
-15.398482905 6.806009597 -6.832394914 
-7.703683846 19.075280424 -12.549426157 
-7.775471559 19.254152500 -12.439850684 
-8.654728462 19.090944058 11.853438561 
-8.002237254 19.185387978 12.173883726 
-7.492216428 18.817637496 -13.116157005 
-7.047944608 19.532708817 -12.263011481 
-7.981725955 19.788623185 10.639679964 
-7.444504476 19.576416395 11.421115352 
-7.527722597 18.586349262 -13.485621310 
-7.410932568 19.112364884 -12.988185644 
-9.074912323 18.918878143 12.278288243 
-9.713049811 19.110171407 11.398918951 
-8.079197799 18.915079356 -12.714245261 
-7.875946266 19.437829201 -11.982273738 
-9.819853074 18.686653645 12.106634427 
-9.050628288 18.693479033 12.376966646 
-4.073699339 18.431400611 -4.421023936 
-5.611977334 18.362075149 -4.006599481 
-7.530067378 17.030618999 4.170017483 
-5.471801377 18.308827951 3.354622872 
-4.917533534 18.371674845 -3.556929466 
-5.182670078 18.286302405 -3.690367599 
-6.596017727 19.245184376 -2.078424375 
-7.991407990 17.003983098 3.216588810 
-9.629445137 14.134317472 4.299176365 
-7.923613349 17.431850329 3.778412190 
-4.621890415 18.855932899 -4.124260957 
-4.996943772 18.883428988 -3.749184977 
-8.146155719 18.025059876 0.814552344 
-9.291110038 14.483532737 4.222342984 
-3.757766854 19.298838223 -2.219364730 
-3.730250740 19.208128876 -2.861887420 
-1.425999814 10.350840843 5.545131617 
-2.985753358 17.078042895 5.791304090 
-6.031375626 7.977478874 -5.395667899 
-5.178643563 8.670699126 -5.811437211 
-0.572270742 9.388070171 5.336889186 
0.027714978 9.637249438 4.942291003 
-6.142711331 7.335688042 -4.406664880 
-6.082460693 7.373952302 -4.412602772 
1.498913218 10.069960978 5.195617663 
1.590404445 9.631037074 5.093175238 
-7.099043999 6.380648540 -4.456911488 
-7.009413355 6.255087422 -4.397266445 
3.593895155 13.074819229 6.261502807 
1.273017786 14.639096958 3.237554759 
-10.279272490 6.467398871 -4.180633232 
-11.997007086 10.901583842 -5.959330512 
-4.520988677 9.367545003 5.958816257 
-0.862331437 5.378933682 6.789823642 
-2.963535776 10.056267011 -5.762849409 
-5.258965717 3.661543814 -5.574249740 
1.140223792 9.420999054 4.751128296 
0.650848473 9.126963829 5.073767488 
-2.946587173 8.122607851 -6.444980834 
-5.249761582 6.991599339 -5.576440011 
3.178186313 11.381152018 -0.413908805 
3.766982117 8.376455245 4.862055092 
-7.155277444 4.683104189 -4.015027512 
-5.640857245 3.925551460 -5.546079247 
2.521735044 12.608212512 -2.084979574 
2.577602602 6.108750026 5.687563675 
-8.359945782 2.379827784 -2.033898596 
-10.118435276 8.143936292 -0.958655670 
-1.584216424 8.644762826 -7.127837778 
-2.223792198 7.799090566 -6.576371624 
-4.128077996 8.047325813 6.270899419 
-3.098052912 7.903257743 6.237825249 
-2.409352066 7.682060420 -6.161195320 
-2.551283261 7.744863097 -6.239119222 
-5.197998641 7.685589193 5.840693928 
-3.739620318 8.223797318 6.122321093 
-5.829236805 16.046350475 -6.861104911 
-8.738099606 15.927204753 -4.650939905 
-0.510027444 17.011778731 4.694737109 
-3.209241354 17.361421261 5.260445920 
-8.454989485 9.956518791 -8.798824905 
-6.392943363 10.955758892 -9.331480943 
0.089725245 13.586812811 8.599552763 
-2.118901063 12.652189737 8.570463066 
-0.201515926 9.607199544 -5.070501347 
-0.292453318 9.549108416 -5.139482502 
-6.310316720 7.269668232 4.284116689 
-6.351489961 7.239642846 4.256753167 
0.686846118 17.525617899 -2.240945548 
1.817495254 16.861850822 -2.709301048 
-6.162403528 7.587244719 5.525614181 
-5.559553499 8.531863095 5.707747991 
3.824714404 13.296878454 -5.775508303 
1.116604549 14.633604281 -3.503118996 
-10.069945158 6.247918868 4.332415488 
-12.506497522 10.590902793 5.320052205 
1.555573960 10.371527105 -5.137272621 
1.355428781 9.518963232 -5.339911990 
-7.257957663 6.326851305 4.284392964 
-7.224165791 6.160608338 4.173619950 
-4.980398383 18.251868925 3.724059188 
-4.952009486 18.345962776 3.658248413 
-6.498128606 19.293158020 1.649403695 
-8.593652164 13.638460057 -4.001581833 
-4.571977738 18.258779231 4.666736067 
-5.488738863 18.398386752 3.998833153 
-7.965209279 16.813667385 -4.103051321 
-6.785769996 17.864102495 -3.589088539 
-7.928103066 18.143206468 -0.895198645 
-9.067303809 14.604647426 -4.278377932 
-3.545166879 19.352221244 2.076891847 
-3.525882886 19.217856258 2.880559378 
-8.637839623 16.924291076 -3.876298420 
-8.147125231 17.289911850 -3.792098243 
-4.323909384 18.987825586 3.907246282 
-3.491623244 18.916439080 4.057580105 
-7.737659176 11.393967337 6.884215418 
-2.593543110 7.687995573 6.222544998 
-3.368625772 7.349082212 -6.027291802 
-2.683589757 7.748405182 -6.010220838 
-0.991599743 8.670840557 6.835380091 
-2.480483361 7.713820145 6.597168213 
-4.698378835 7.797905880 -6.192559361 
-2.560833477 8.112043075 -6.205140996 
-7.913587694 9.984988991 9.076847682 
-6.920488185 11.019119602 9.142976013 
0.352673536 14.091126294 -8.348016677 
-0.807641386 12.778748854 -8.982569742 
-8.401123228 16.297834107 4.735917455 
-8.780882250 15.910153405 4.630252757 
-5.657555354 16.288380699 -6.556161482 
-3.355484206 17.278121826 -5.366239666 
1.021735954 9.400816366 -4.850298405 
0.328694657 9.030016752 -5.227091606 
-3.000763330 8.102662246 6.448305117 
-5.142878819 7.025999510 5.634063031 
-4.472206666 9.308581832 -5.997458538 
-1.093982792 5.283590804 -6.815796528 
-3.117804205 9.990540596 5.781504043 
-5.408474578 3.605680125 5.476986939 
3.153502534 12.112781057 0.942669784 
2.411391181 6.048001384 -5.848703028 
-8.401510262 2.351746114 1.883310461 
-10.197890139 8.119904283 0.631890499 
3.281262842 11.354209371 0.192878323 
3.765872963 8.429032544 -4.772195649 
-7.358773169 4.531740245 3.666648145 
-5.681515569 3.942138347 5.531356022 
7.238237004 8.719546846 -5.952671677 
7.649375887 13.702791863 -6.901720215 
-13.586897186 3.579114407 2.650072118 
-14.780247797 5.446599675 4.980540061 
8.355909300 14.207539828 -7.185009338 
8.639811388 14.437177064 -6.267552194 
-16.085657956 4.602043133 0.779356909 
-14.879654556 4.034305568 -1.043420819 
9.092819442 14.926858971 -5.797437752 
9.156711839 15.109401121 -5.712564195 
-15.606112350 4.724843307 2.751356686 
-15.641551024 4.954391684 3.212082908 
8.707788299 15.136792904 -6.685253982 
9.279897414 15.843843888 -5.601499888 
-16.009858539 5.135925756 3.283974582 
-15.848922882 5.644232369 4.949880505 
-0.470570550 23.564395186 -7.485533890 
-0.962074138 23.212044729 -7.397001646 
-18.193792405 18.568189121 3.125531330 
-17.318442278 18.987150494 3.901856273 
0.855440636 23.917613850 -6.189296789 
0.879201523 24.564571733 -5.428069270 
-17.241412216 18.024221032 4.672346988 
-17.531829543 18.228121692 4.279051819 
-0.199014559 24.677332352 -6.762346465 
-0.770623414 24.473073844 -7.102926541 
-17.933065700 18.010696848 3.322530192 
-17.319916128 18.260248667 4.052180240 
-0.435546842 24.467552809 -7.033028098 
0.577522402 25.103466561 -5.897386365 
-17.185439870 18.243713983 4.561582229 
-16.893491956 18.141014956 4.810069130 
-8.145911501 19.351713222 11.253718298 
-8.197475326 18.940537581 12.239142891 
-7.653905966 18.125911720 -13.591248912 
-8.060318410 19.142517565 -12.388102035 
-7.644775681 18.846649281 12.809640100 
-7.869582367 19.317672592 12.149837420 
-9.321301747 17.927420397 -13.029521468 
-9.345042662 18.497914366 -12.561283151 
-7.354988271 19.699014376 12.135602495 
-7.231770192 19.667696619 12.366029273 
-9.464578012 18.732217794 -12.322305991 
-8.136238011 18.914513920 -12.711361720 
-7.089223606 19.694184807 12.341399880 
-6.399336270 19.973110257 12.591220939 
-7.545189235 18.929783625 -12.898713082 
-7.794623420 19.105524145 -12.414401165 
7.343378238 15.516463739 -9.791199559 
7.431629116 15.965197298 -8.083130184 
-15.754699238 6.368492044 6.040664657 
-16.029901612 6.562406559 5.499577594 
7.347054825 15.258873298 -10.017928701 
7.768523570 15.705384922 -8.854588869 
-15.844303535 7.035970631 6.477082586 
-16.283169675 7.042674494 5.448472308 
7.461925858 15.638314866 -9.274317143 
7.580722731 15.657754548 -9.502109023 
-15.719532343 6.276361000 6.456322302 
-15.635778329 6.514598487 7.016504496 
7.274340235 15.335836258 -10.361059385 
7.524583071 15.629539796 -9.455128283 
-15.941613233 6.323989500 5.947031109 
-15.258757883 6.308238939 7.414219098 
