-1.285002779 31.069589514 -5.312723678 
-0.333619510 31.518051989 -3.965659400 
-21.543394201 22.621375941 0.018690706 
-20.867641591 23.230074379 1.152823742 
-1.303903187 29.667425088 -6.361476089 
-1.792707995 29.466760738 -6.956564371 
-21.147596591 21.529077203 1.750189947 
-21.011232076 21.609719282 1.928236850 
-5.363095381 28.537845470 -3.890329370 
-5.603804128 28.332047194 -3.744943235 
-16.827796972 24.231425470 2.150481762 
-15.691115638 24.571416397 2.339494759 
-4.292827213 29.677695787 -3.097954158 
-4.777905587 29.605455022 -2.426527991 
-16.479545740 24.770778262 2.106175182 
-15.922754005 25.091547287 2.025083773 
10.117573828 24.848749929 7.340038620 
8.915757812 24.707161303 9.237037702 
-20.497502778 11.277968942 -10.946650427 
-20.108865663 11.905653492 -11.674784875 
5.682082749 24.349073500 11.401558725 
5.461840931 24.721920296 10.956189143 
-19.781971457 12.870886037 -10.676791010 
-18.635971955 12.854289212 -11.965395055 
3.085966082 19.297807785 13.821273480 
3.320797833 19.438924288 13.475570890 
-16.228601748 12.188239250 -11.979705890 
-17.198006200 11.425865563 -11.453619914 
4.068201874 18.886871434 13.871933397 
4.812941878 18.643465791 13.370191185 
-16.482808239 11.564287213 -12.137201932 
-16.003673478 11.297819136 -12.212703874 
10.538130352 8.500848793 12.269385392 
10.246368781 8.206204328 12.413382868 
-11.535288250 0.703291033 -13.767352425 
-10.852584450 0.437625526 -13.598686988 
7.929531179 7.310135978 13.023764374 
7.769592383 7.149484141 13.124691124 
-10.315110433 1.470953904 -13.947028193 
-10.607698403 0.321642122 -12.409204656 
8.082068950 8.606689725 10.249990794 
5.817844674 3.669182817 12.313311712 
-13.539628038 1.352022002 -6.958060140 
-5.812199949 0.005552840 -9.727176518 
9.831466124 7.265012670 8.310497951 
9.694976632 7.211756722 8.875285154 
-5.112333312 5.794909302 1.305447951 
-8.304818609 -0.388557581 -9.891845278 
-6.839724650 11.356310781 -19.748245443 
-5.554740796 10.921481506 -19.908582555 
-7.025805001 9.830641287 19.202961061 
-6.492723638 11.211030806 19.506489839 
-4.965861076 9.984132971 -19.140935088 
-5.894444153 9.883650910 -19.043164624 
-8.523867161 6.820609196 17.378635408 
-6.472490180 8.903676394 18.425748068 
-5.334181856 10.364822202 -17.585642480 
-3.778512333 8.786791659 -13.115298264 
-2.457331469 10.222001416 16.461972790 
-2.514618322 6.287943151 3.887706192 
-8.994898390 9.138854281 -16.607893340 
-7.991527295 9.083976625 -16.642487874 
-3.391114258 10.744949548 17.309404878 
-1.944158070 12.365761152 17.077238801 
11.625003541 19.478863391 -1.360265172 
11.465179579 19.760714487 -1.721724204 
-19.672821249 6.223013810 -2.531418207 
-19.501834979 5.922434349 -3.099584476 
11.983309071 21.335286047 2.636381411 
11.851814772 21.380717615 3.471643153 
-21.148628190 7.401331149 -5.102058942 
-21.365389439 7.258566808 -4.027136383 
10.183949016 18.306803536 6.209660996 
10.152446264 18.524279092 6.176750219 
-18.697728161 6.837158225 -5.889432464 
-18.841852863 6.743106978 -5.641580101 
9.879956386 17.225867333 5.904330600 
-1.252596663 14.845004059 6.454490384 
-17.108447905 6.018410377 -6.314140473 
-8.807187563 12.177804856 -5.384688252 
5.568476465 23.638065777 -7.888532075 
5.537054220 23.816221083 -7.756042793 
-20.843798607 13.694309926 2.806937714 
-20.860736818 13.657056951 3.729584481 
8.023341087 23.478049858 -8.168739988 
8.642527248 24.008938163 -6.540266730 
-22.609974989 12.381840347 0.604464540 
-22.457532411 12.279862552 1.649472423 
9.791599828 20.422731361 -4.461890995 
8.269399808 21.116692420 -7.239653360 
-12.981421511 3.880395668 -1.669588905 
-13.365330994 5.366453927 1.764748228 
6.841216828 20.283327297 -8.457525427 
4.937543406 11.169979124 -2.266923987 
-19.455693922 9.881220279 3.110229001 
-18.741797434 9.355471256 4.806976898 
-3.055708145 23.470219420 13.210945975 
-2.474403806 23.645184510 13.008075929 
-14.785364201 17.371873906 -12.698097843 
-14.373680219 18.119738993 -12.418331548 
0.968103451 25.052797558 12.825894438 
1.405271109 24.933121424 12.892156621 
-16.633541610 16.074829131 -13.538478607 
-16.933344647 16.691358909 -12.828588042 
0.650960162 26.266163461 7.963270192 
0.859735349 26.302797560 7.967380719 
-16.731613007 18.248978511 -9.421935482 
-16.071738234 18.589828598 -9.859215450 
-0.347441218 25.467223127 8.593315590 
-0.281354295 25.578581209 8.377557790 
-15.864005955 18.635533767 -8.965075488 
-15.242913898 19.035130223 -9.227150313 
5.609607063 21.546707231 -11.531878461 
6.097817743 21.804346439 -10.744074111 
-19.515487002 11.865763258 7.210930740 
-19.319705332 11.981475762 7.677529448 
4.712041835 23.959156102 -11.920805642 
3.759863600 21.896431359 -14.841121840 
-19.758170868 13.869206293 9.409105038 
-20.119288523 13.189665569 9.147029822 
2.707234602 24.141895468 -10.565063865 
2.275222611 23.786142811 -11.418915602 
-18.459184104 15.521048102 8.004049573 
-18.523243813 15.902192170 7.410514621 
2.975707523 23.910347647 -9.347605104 
2.646269113 24.574423105 -7.859478143 
-18.588179128 15.076888047 6.338229952 
-18.201001345 15.533379882 6.525021540 
5.723111626 15.949023041 -13.951764377 
3.907181037 16.057446038 -14.914995680 
-12.136216477 9.409126089 14.258069432 
-14.268970627 7.684136856 12.492702975 
5.146522060 18.388063420 -13.844845016 
6.175062633 18.666841278 -12.943293331 
-15.953856939 9.903920726 12.279801018 
-16.753618708 9.719789701 11.478938708 
6.091381850 16.706579043 -14.844990176 
7.502022389 16.993426355 -13.622827209 
-18.719273954 6.189533592 8.135873604 
-17.908937594 6.897281446 9.793355194 
8.462669566 16.221988839 -12.895008466 
8.701909500 16.855623016 -12.215887963 
-18.965087958 5.224286218 6.893535018 
-17.580818339 6.080631913 9.583478058 
-6.732751239 29.238735595 -0.287808182 
-6.235566216 29.423156445 -0.219783385 
-15.157795780 25.908303344 0.448103258 
-14.406798914 26.290943878 0.893341031 
-5.748447535 29.588169823 1.756502606 
-4.824856173 29.874878941 1.601190006 
-16.621980462 24.856419324 -0.658890533 
-16.344851659 25.072331828 -0.851277674 
-2.277225089 30.229348240 -1.761793866 
-1.885349314 30.327242107 -0.384527351 
-17.860475572 23.912617374 2.235654628 
-17.919550544 23.839768282 2.511977917 
-2.593596370 30.031804748 -3.357110855 
-2.736682648 30.073524783 -3.090706249 
-17.807613660 23.871477558 3.050731477 
-17.368540190 24.197848258 3.234897794 
-9.578321968 11.882272778 16.301336605 
-10.095857196 12.004477723 16.400009546 
-2.771692386 15.262427485 -17.037071153 
-1.543165866 15.745484458 -16.750387334 
-8.002431017 11.646110686 17.242658343 
-6.556197322 6.674336544 12.730400314 
-3.900394277 13.694665954 -17.642157319 
2.511841384 7.934975668 -10.886560335 
-9.061711103 15.552930959 17.336387921 
-8.086318225 15.751146080 17.538620458 
-5.607603340 16.421615149 -17.426903772 
-4.364264455 16.942535930 -17.283437692 
-7.909544002 16.368787127 17.377513395 
-8.403799287 16.556000847 17.220293564 
-4.564645033 17.513668094 -17.066887175 
-4.311763549 17.855839358 -16.995468169 
8.211987572 6.292155912 -11.149985765 
0.601263925 1.555255648 -7.889906488 
-4.518627826 3.815665459 4.121592967 
-4.251076640 4.323780846 4.358568976 
7.054100191 6.546352610 -12.836059181 
7.912310115 7.249359851 -12.283100172 
-10.182613670 0.067561705 10.027493975 
-10.787039473 -0.731026256 8.774474333 
7.976883273 9.848600518 -14.050917083 
8.429827044 10.427278709 -13.554926178 
-14.969225655 1.351173657 8.805816001 
-15.300802769 1.549044829 8.568137948 
9.149133238 10.283709828 -12.858030560 
9.597342575 10.584194379 -12.319816644 
-15.398724766 1.178441564 7.803401046 
-14.863287002 1.105839961 8.551885207 
-5.893540967 8.009633097 -2.563834749 
-5.176037709 8.217745798 -3.149093477 
-2.603214285 8.613610459 3.353786011 
0.285902514 10.496354578 2.507654906 
-3.890899904 5.648109751 -6.928279012 
-4.486802059 5.413548519 -6.771268940 
-1.998177848 6.866544178 7.047665833 
-1.776863857 6.991880101 7.097564619 
-1.459946766 5.471446757 -5.430978999 
1.139963472 7.407161506 -4.201118311 
-3.223895989 6.148013048 4.295345101 
-2.427647172 6.157918387 4.024455598 
2.119235834 9.768418906 -0.347410518 
2.001508316 9.335170674 1.355252533 
-9.023027013 9.204435175 2.422660576 
-8.925976443 9.513767908 3.206242874 
-7.468195326 16.248169570 3.354449954 
-7.725307459 15.832163196 4.297424184 
-4.657271779 17.098266943 -3.900000164 
-4.928318946 16.898436641 -4.417644874 
-10.404821452 20.633637189 -1.838531001 
-10.459324292 20.652437642 -1.564208658 
-5.532362569 22.730230922 1.977361612 
-5.559888376 22.737590190 1.900750482 
-8.076706772 12.904992610 -4.706114975 
-7.368726056 13.166554909 -4.770487270 
-8.247548211 11.984524840 4.971739260 
-4.130026969 13.368220860 6.712399097 
-6.088822978 17.469588543 -2.635877443 
-6.240110847 17.446756130 -2.735753920 
-5.704883396 17.655341543 2.912084495 
-6.052623733 17.481340911 3.115214732 
-4.654404542 11.074081034 6.548948079 
-9.116193516 12.808000901 5.101508511 
1.781902537 10.103148277 -3.768588436 
1.513367093 14.803013473 -1.428597677 
-3.706685979 5.260829472 5.194732291 
-4.418876901 8.677859956 7.832537313 
0.386498600 6.715497344 -4.352885295 
-0.141770909 6.848797563 -5.638185905 
-4.559379650 5.045737331 6.449892378 
-3.295177674 6.102386252 7.107054936 
-4.149051587 18.187292165 1.772762822 
-3.334090197 18.447684551 0.970807263 
-6.873235440 17.475517808 0.202252236 
-7.294991015 17.574877454 0.856845674 
-5.652543232 17.984648253 0.340881164 
-3.989186107 18.704512083 -2.151129047 
0.117278659 8.437303707 4.089126227 
-0.028325466 5.849959533 5.604528757 
-6.177491386 6.011709417 -2.768124084 
-3.947956494 4.834677945 -5.167262714 
2.487099987 8.359538005 5.143467111 
2.654281612 8.564489854 5.135317047 
-6.211532036 4.943110775 -5.496746866 
-5.879472646 5.039414711 -5.700907809 
1.414900111 8.595629953 6.169981176 
2.890211367 9.079949559 4.805242405 
-6.522408498 5.512574336 -6.007250506 
-5.951276091 9.416198661 -5.657680446 
0.656585562 16.155363685 0.258461496 
-0.138337428 16.241413768 2.249569508 
-6.155557611 6.871832859 -6.252157313 
-9.124497654 9.600371192 -3.599873285 
-2.335934619 9.510582112 3.590772405 
-3.381956616 9.459786438 4.144543384 
-3.521738549 9.455603241 -5.181274157 
-3.618388891 9.577611762 -5.378652259 
1.345942403 14.396890720 1.849333583 
-1.934294458 14.779814007 5.659133701 
-8.068262841 10.868067096 -4.423891774 
-6.955728123 8.241102206 -4.926334691 
0.117266962 10.068403973 6.705874817 
0.959236460 10.427066569 6.215707519 
-4.978751215 8.203104693 -7.528029203 
-5.878472077 7.855632208 -7.252631175 
-0.725029623 8.694663534 6.530292619 
-0.037375744 9.087972892 6.298570113 
-4.866202927 7.556408217 -7.369114749 
-5.634610061 7.357304394 -7.132670770 
0.017448481 7.399502105 -4.603112127 
3.367799612 7.000510701 -1.254338956 
-7.081012688 4.674654353 1.021909417 
-4.709526825 5.629042720 5.313330366 
0.092250332 8.050340037 -2.823184448 
0.079884973 7.545101882 -3.085372911 
-4.885651107 5.999054532 2.353911571 
-4.512282039 5.620074340 3.379383705 
1.567057319 9.885392858 -5.835237165 
0.591930497 9.504474262 -6.536886544 
-7.819506735 6.469236304 5.417056744 
-6.792086851 6.818125443 6.294587300 
0.235422970 9.135642327 -6.878486171 
0.325163647 9.169108384 -6.844962473 
-6.429894978 5.784864125 6.129575130 
-6.443944403 5.800578425 6.120119128 
-2.850752109 17.010893478 -2.652794696 
-1.867965689 17.479699341 -1.781113923 
-8.254915626 14.834697637 3.011664763 
-9.017246013 14.639207712 2.652762090 
-1.923268682 17.060704240 -1.838650531 
-1.441655368 17.011258009 -1.589841361 
-8.889202806 14.154092594 2.114608434 
-8.780820160 14.081830099 2.505607481 
-1.730558815 20.786085545 -0.034979594 
-1.566018855 20.763494059 0.881891880 
-11.262801625 16.948855199 -0.482826508 
-10.722501736 17.442269186 -0.179552900 
-2.087203241 20.826996697 -0.266525526 
-1.813755204 20.817567846 -0.125694102 
-11.350817428 16.993874900 0.414667038 
-11.318547124 17.025389882 0.749614172 
-5.625007208 16.819449082 1.749868752 
-5.491211953 17.069089532 1.691741993 
-6.103867171 16.664925735 -2.160595909 
-6.132693756 16.884869503 -2.188686165 
-5.421603025 17.727488878 0.523646843 
-5.387562313 17.754649870 0.452480808 
-6.652070877 17.245225587 -0.991094536 
-6.880072413 17.118224611 -0.946037380 
-4.207442943 20.890651265 0.064117501 
-4.283904269 20.878743020 0.188380335 
-10.178039148 18.316412800 -0.517169026 
-10.044002384 18.437333159 -0.513735522 
-4.554730472 20.848409686 0.997989861 
-4.458236886 20.866919820 0.971632383 
-9.882554009 18.583948546 -1.219071614 
-9.852280754 18.623312641 -1.047372653 
-7.826011614 15.413460524 -3.671383245 
-6.996886272 15.963229169 -4.061897273 
-9.122847953 25.945191417 -0.635965748 
-9.304910109 25.549046214 0.756118383 
-8.992653813 13.731845319 -1.516668910 
-10.605477590 25.163471482 1.181135539 
-8.988873582 26.004868330 -3.663861433 
-8.879602936 26.042478580 -3.425864492 
-8.434327651 19.061573180 -3.857363467 
-7.022974030 28.126385290 2.091400694 
-13.665724409 25.374220387 -3.240569183 
-13.242995821 25.609258121 -2.920374659 
-7.208061539 27.993218879 1.287796123 
-7.105277617 28.054903284 0.950847945 
-13.373636600 25.460805304 -2.211901100 
-13.318308008 25.535026107 -2.103502482 
0.443124580 14.241721853 4.265155184 
-2.186442091 15.258009957 5.413235144 
-11.441795599 7.716045431 -11.399038187 
-11.770765090 8.330151860 -11.231724332 
-1.777358316 11.816698125 5.537366104 
-1.863254287 12.218776312 5.802871484 
-3.309647244 10.679110210 -5.550402040 
-5.771131806 5.022744669 -4.593982328 
2.434165055 9.327988799 6.194410851 
7.243155946 14.822858133 11.303050195 
-14.232687101 5.940505339 -10.451895892 
-13.551953813 6.540054722 -11.261419208 
2.516728880 10.028348053 6.594268070 
2.943865800 10.418745635 6.281147663 
-14.724592838 6.884284220 -10.264994458 
-13.498161852 7.448319880 -11.523553754 
1.159043783 8.629854422 -3.667875612 
3.151702326 7.277821934 -3.123681006 
-7.346391059 2.574777249 0.559734933 
-7.210709331 1.582094406 -1.120335531 
2.083696849 2.276794762 4.096246370 
2.159352388 2.126956614 4.178051588 
-3.109056517 0.787712014 -4.351399302 
-3.318574653 0.383888557 -4.333410762 
2.860891951 1.854099024 6.711279129 
2.629696279 1.950827291 6.776987016 
-6.006793222 -1.204719024 -4.933743625 
-5.824034387 -1.001446640 -5.158002846 
-2.879915889 1.614876579 5.483859318 
-3.041509785 1.528332321 5.420945004 
-7.692426355 -1.152836291 -1.494897556 
-7.646012586 -1.172555283 -1.646033173 
-9.526847070 8.002154725 -2.313049430 
-10.514851161 9.432256661 -1.448171414 
3.322520800 12.102002699 0.519476995 
2.031582339 14.413391111 0.290518541 
-5.338829151 7.769786810 -3.072613981 
-10.245502470 10.374079118 -13.004902745 
2.181256948 14.774069431 12.304457584 
2.625876031 15.216108189 11.998987463 
-4.038242713 6.504109542 -6.682217271 
-9.434205192 12.221458662 -15.133867395 
0.487522711 8.494685700 6.724595248 
-0.882806256 7.957877250 7.364414615 
-8.900349169 11.807119527 -15.279363820 
-5.337992173 6.430580849 -6.881396150 
-1.477526289 14.794840942 15.263949147 
-2.158403159 14.422609778 15.439314589 
-1.469639585 8.076869147 7.056973972 
-1.607682152 8.064360655 7.150502905 
-6.172810585 1.904858675 -1.438794651 
-6.147385940 2.212066776 -2.147766310 
-2.005299217 7.190314140 6.465419301 
-1.254706146 8.240322132 6.987908698 
-4.470140403 7.190140663 -7.184182834 
-4.295343606 7.281151456 -7.187979976 
1.527659805 10.255464316 -3.818317583 
-2.427921386 5.689881471 -4.127526457 
-7.337738239 6.733431207 2.067206442 
-6.224767585 15.045649545 5.044998007 
1.715040135 8.505688236 -2.417128508 
2.206509519 8.411697871 -1.733328162 
-6.491665838 5.749071364 2.214101769 
-4.532209316 5.862729831 -3.517006214 
-1.109012632 7.791157895 -6.621282213 
-1.117425197 7.763265572 -6.615781410 
-4.738380740 6.266666403 6.461101838 
-5.305866705 6.058193747 6.210450333 
-0.567252436 14.492846035 -4.223942781 
-6.204232414 13.476175921 -6.478008221 
-4.572268317 6.209994942 4.465475096 
-5.020158593 4.658503178 4.064259951 
-3.332849492 14.553684083 -5.571607169 
-6.672421525 17.426870244 -0.935085820 
-6.244614115 13.312020497 5.973984014 
-5.500277805 17.912666850 1.325208450 
-0.261516915 9.313632810 -3.654483943 
-1.689146981 8.183306421 -3.739639866 
-4.031822289 8.254939957 3.651352327 
-3.309921619 8.568104558 3.896576868 
-5.631323849 20.413038886 -2.465092854 
-5.320963623 20.508370832 -2.416080652 
-9.863282803 18.668663013 1.615849105 
-9.695323609 18.727238531 1.848174710 
-4.670041402 20.756900246 -1.723229273 
-4.535487669 20.806621873 -1.392261824 
-10.073069454 18.538521303 1.011824762 
-9.968372720 18.593921349 1.071871607 
-7.606816178 16.323439063 3.331962315 
-6.910105864 14.633101587 6.053219228 
-4.007318835 17.958095122 -2.450086347 
-3.448068899 14.919740702 -5.726682438 
-6.412948710 16.042535989 -2.354547096 
-5.975166337 16.276070676 -2.507097193 
-5.668050973 16.405212670 2.639588290 
-5.689263493 16.441004613 2.739271072 
-2.708652777 20.545300919 2.582539633 
-1.939813957 20.711010179 1.629708531 
-11.362138482 16.677011351 -2.691059827 
-11.109505107 16.908820189 -2.746621064 
-3.157564244 20.721666610 1.716846811 
-2.630675515 20.844748025 0.829658838 
-10.950320688 17.266562126 -2.186916472 
-11.211501262 17.068994350 -2.106343161 
2.723308088 13.120285587 0.583222804 
-0.707319851 17.150120875 0.207896318 
-6.574101091 6.041269912 -2.605368458 
-6.596786728 10.280804542 -4.520085355 
0.004649231 10.984966312 2.807914371 
1.435035072 14.347360645 0.773195304 
-6.782235478 8.425269964 -2.064524630 
-9.077843577 10.557372640 -1.679436634 
-0.211867351 7.315643255 2.805972216 
-3.054202861 9.613575917 5.721642942 
-4.535682483 9.434465654 -5.988227354 
-4.450791676 9.324878412 -5.996091413 
3.017833226 7.425405226 0.161140581 
2.158451664 7.451421696 1.011917643 
-7.005762203 4.774958394 -0.950225415 
-7.578589971 4.893733142 -0.878117630 
1.651909557 8.173897712 5.854035304 
1.452486786 8.114100030 6.029395663 
-5.053068744 5.548100843 -6.697799237 
-4.469635233 4.487928885 -4.663903738 
0.442095016 8.258721421 6.478758722 
0.854372906 8.460389069 6.238567947 
-4.514675814 6.564414119 -7.116033576 
-4.293942985 6.651731190 -7.167689272 
-0.305203237 14.320327721 -4.140437979 
-2.829706264 14.123394554 -6.348262559 
-7.766580190 12.379636670 5.367592145 
-5.437288327 12.947215329 7.378432621 
-2.802396733 8.999422350 -3.712621313 
-3.870429529 8.988343572 -4.163071399 
-2.631247612 9.526255040 5.193355289 
-3.070967348 9.454286593 5.485041776 
-0.938101173 8.795864007 -6.861161977 
-1.500204160 8.608003381 -7.070977702 
-6.673400516 7.005672708 6.953127137 
-6.122057882 7.078524437 7.217252960 
-0.218695448 9.839915708 -7.090512208 
-1.025122454 9.469842260 -7.330324698 
-7.229226651 7.219134431 6.717025498 
-5.957099108 7.707206549 7.407807375 
-5.342063339 17.183340519 -2.866123353 
-6.821226728 17.419819888 -1.556077055 
-6.978439741 16.510864943 3.192362122 
-5.410117677 17.951271583 2.062665289 
-6.462358012 16.265930062 -2.298279060 
-6.382459414 16.545004053 -2.465526987 
-5.318068719 16.618603340 2.711770825 
-5.258716108 16.963905435 2.837113628 
-5.837970862 20.686123151 -1.466212984 
-5.414958282 20.834018689 -1.176706566 
-8.965545998 19.403793406 1.629821194 
-8.661495802 19.540541463 1.837293677 
-5.226347329 20.879798224 -1.064257303 
-4.888444423 20.957195869 -0.871020714 
-9.302370164 19.211010211 1.172905750 
-9.047731116 19.348442923 1.306594995 
-3.392940959 17.134010198 3.095397818 
-3.620860014 17.132744659 3.239976890 
-8.321989298 15.112292214 -3.243658258 
-7.802868949 15.387697883 -3.705868224 
-2.447503649 16.781327139 3.160703319 
-2.459117433 16.861219516 3.234087710 
-8.246359164 14.540583443 -3.832372055 
-8.076341767 14.667799867 -4.045334321 
-1.523425984 20.414165065 2.271243517 
-1.137900112 20.460041714 1.845082433 
-11.575513799 16.158115639 -2.957699454 
-11.313261560 16.366960966 -3.170883781 
-0.942697742 20.639267954 0.860542047 
-1.248258597 20.643261400 1.073399442 
-11.692915552 16.313394952 -2.191687292 
-11.675577520 16.366834138 -2.028224653 
-9.676512253 16.069812979 6.826700099 
-8.839769314 16.395425004 7.169500737 
-5.305443514 17.396464848 -8.649923620 
-4.690743273 17.567207070 -8.589159311 
-10.468906482 18.175846200 -2.668692497 
-10.615366986 18.134595745 -2.338052957 
-3.128293056 21.107949912 1.731215647 
-3.650543588 20.936433269 2.437838374 
-7.870072016 10.778867381 4.679695679 
-9.210286686 10.046423290 3.699643763 
-5.430937810 15.781101481 -8.062742882 
-0.845060803 13.729299655 -6.381063214 
-8.975207212 14.616401197 -0.958058711 
-8.948591765 14.171217798 3.008122291 
-0.908235978 17.244455159 -1.175891426 
-1.821727491 16.348094034 -5.094967205 
-4.499535071 5.393983046 5.659712574 
-1.707162532 6.398439097 6.602405770 
-4.773530682 3.095151661 -4.657766998 
-4.014962351 4.762467168 -4.348720655 
-3.628966199 5.289816187 6.450091361 
-3.661516228 5.313483524 6.500840855 
-1.865285722 7.090140220 -7.021506905 
-1.304847856 7.128454720 -6.862519490 
0.952934394 8.874354762 5.356734766 
-1.157008587 5.906022762 3.536974339 
-3.271916451 6.002519140 -3.195753965 
-2.893318473 5.213969175 -3.295830645 
2.772889248 7.427843591 3.090618087 
2.033939254 7.787113583 3.189275774 
-5.517759942 6.305726857 -2.334711396 
-6.099363083 6.123338693 -2.556012192 
2.095619118 8.650684537 -5.277685711 
2.565559545 8.768409954 -4.815932054 
-7.084155135 5.197031593 5.001985232 
-7.218506952 5.256190167 4.932453198 
0.835035192 7.373596188 -5.085504931 
3.799671963 7.961873991 -0.940404117 
-7.809672146 4.310685857 1.074749960 
-7.539830269 4.526886348 3.231639179 
3.308433518 11.916637416 -2.946115825 
-0.598011005 13.107960269 -4.395942036 
-8.284981807 5.911791784 2.402600914 
-7.892207353 5.288135388 2.790146561 
0.887086015 7.526135274 -1.697291285 
0.996260581 7.082318441 -1.678344298 
-4.571721669 5.897687314 2.400070402 
-4.490472898 5.198828842 2.341122220 
-12.875598276 13.044767801 -4.152247097 
-12.857711359 13.049563968 -4.164635870 
1.727513656 18.822136984 4.310575006 
1.748904218 19.271608480 3.363165318 
-13.206065768 11.913400264 -4.425550727 
-13.242896666 13.030762299 -3.271034155 
2.369642239 18.679529397 4.070485656 
1.831320502 18.414157094 5.178945021 
-9.684530004 11.323540506 0.282680586 
-9.650602552 12.074792436 0.870490990 
1.931992082 14.406698535 0.517888452 
1.933940559 14.971442302 0.025317717 
-3.729982724 7.086187367 -3.736755541 
-6.239620144 6.675370628 -1.347238186 
-0.095267378 10.140627215 2.019710118 
0.937755718 13.245162471 3.686774401 
-8.516264392 15.197616480 -3.034742815 
-8.139859027 15.529030589 -3.294060177 
-10.715441343 26.161870961 -2.594390742 
-9.847960373 26.191837974 -1.655386351 
-9.040449292 13.768593918 -1.133932164 
-9.387703886 26.153999762 3.238810705 
-10.761429758 25.806680964 -5.809794893 
-10.456244490 25.931850403 -5.630172496 
-6.531325100 28.368798202 1.782836607 
-6.336010654 28.504674955 2.935475579 
-14.821918875 24.935593393 -4.258058135 
-14.553716762 25.098136740 -4.213768066 
-6.497177679 28.475860382 2.523872657 
-4.798713477 29.047676776 2.219546608 
-14.179422242 25.252957230 -3.952339038 
-14.295547340 25.221665440 -3.756749516 
-4.023998145 13.989816518 6.372535013 
2.948418083 13.484038941 12.749713446 
-12.151664648 6.493064490 -11.269678239 
-11.426043478 6.892524346 -11.825286467 
7.774579989 11.438977396 10.249962284 
7.429730543 11.414198071 10.572505032 
-12.723472801 2.941744638 -9.090366402 
-5.316835949 5.255165539 -5.129433590 
8.841910471 14.674313663 10.488119853 
10.405591120 14.874942271 8.328776084 
-14.989927687 5.257978465 -10.015325881 
-14.601329427 5.464051872 -10.383005536 
8.327666743 15.433576591 10.429300776 
8.402256232 15.542911405 10.457370486 
-15.745688375 5.444446427 -9.169458104 
-15.435409618 5.420028822 -9.554129944 
3.356547819 5.869117625 -0.973249461 
8.706130610 4.801140368 5.418206506 
-3.485981241 4.600382235 -3.730581700 
-11.082145046 -0.647875596 -3.564157238 
3.215097087 5.381263250 1.255381549 
2.957843206 6.736642255 1.882177737 
-3.215425811 0.939094711 -4.297351873 
-4.078277787 0.106740716 -3.143047056 
3.076115527 2.230127023 6.546639455 
3.365125640 2.439833438 6.396057999 
-5.497782180 -0.725208274 -5.576276844 
-5.921642207 -0.863145356 -5.277122281 
1.278051485 3.316999913 5.495205469 
0.112816614 2.861853069 5.941736078 
-7.420158193 -0.864207346 -3.664694334 
-7.434857830 -0.858671098 -3.660789964 
-10.562698321 11.168559009 -13.825241539 
-10.520690481 11.366813557 -13.938379954 
1.965281709 11.953511797 3.966992748 
-0.165955351 13.887363333 5.223609060 
-11.875955172 13.709624306 -13.685644175 
-10.980199136 13.526818518 -14.101061295 
-0.542170038 18.092753206 14.077286830 
-0.105522647 18.508860691 13.749573553 
-9.935058599 14.394937736 -15.849863569 
-9.842715784 14.709729964 -15.826955608 
-8.341950734 15.150179237 16.218632676 
-5.653124132 16.794862225 16.234952724 
-9.670185733 14.033207723 -15.843567572 
-9.509366737 14.248897743 -15.892946451 
-5.346547110 16.311513546 16.207722672 
-4.700171183 16.280246019 16.189902965 
3.619018093 5.876760445 0.293217457 
4.045166672 5.704034352 0.906441177 
-6.072894951 2.089988170 -1.634776450 
-6.122914020 2.268631283 -2.118074043 
0.751963246 8.969213306 6.077385359 
0.533122824 8.928423928 6.256120043 
-5.369204720 6.845639668 -6.878632041 
-5.571167046 6.790086535 -6.788607724 
0.367108869 7.880953180 2.423491975 
0.666327835 7.305048814 1.863054075 
-4.834677969 6.109416230 -2.916540793 
-4.440401908 5.976909144 -2.551178683 
1.525706340 9.271036766 2.651800849 
0.524595749 8.919861325 4.411026631 
-7.215153194 6.347784890 -2.144732158 
-4.963826637 6.450045428 -5.490382300 
-0.998191554 7.794885367 -6.538566705 
-0.796691680 7.939872915 -6.532880004 
-6.698371736 5.541711221 5.165224815 
-4.131723701 6.453907179 6.610960560 
-0.897893294 8.732578506 -7.005132909 
-0.814524446 8.816218946 -7.034913874 
-6.382968188 6.336176787 5.915522078 
-5.995493831 6.775843074 6.563277760 
-6.100567425 12.693638197 -6.102274086 
-2.817316431 11.912351611 -5.391616004 
-5.025025434 12.827137704 7.226614798 
-4.825113662 10.869046916 5.766403518 
-2.082592420 14.072376621 -8.216772440 
-1.607056398 15.044901656 -7.846388288 
-9.479933710 11.339720221 6.945311818 
-7.659650898 13.375290961 8.421203585 
-5.138450444 20.684015955 -1.744625928 
-5.399473292 20.645561827 -1.824965558 
-9.373273590 19.004385942 1.662338591 
-9.728412665 18.776617698 1.485921140 
-4.585697840 20.798433740 -1.307140468 
-4.433426655 20.865010723 -0.931561190 
-10.221837617 18.414616569 0.967567218 
-10.082234144 18.488271167 0.780320897 
-6.416343422 17.470522507 -0.941216649 
-6.419236827 17.596566621 -0.673821963 
-6.155637029 17.580517844 1.464114449 
-6.308074892 17.578037769 1.203636871 
-6.114464576 16.162729041 -2.358000410 
-7.791431894 15.751769628 -2.581791131 
-5.940616475 16.261934940 2.810440087 
-3.085459130 17.081265917 3.501839989 
-2.730891668 20.627047829 2.412756184 
-2.121412146 20.758608345 1.629023833 
-11.022117948 16.954387128 -3.237092819 
-11.157898066 16.910161645 -2.808347818 
-2.123805333 20.877991964 0.246116744 
-2.008825364 20.873788471 0.309364633 
-11.141749350 17.088689867 -2.217252235 
-11.170389757 17.091160921 -2.054253366 
-1.376007785 17.099466444 1.742166911 
-1.431331324 16.921968555 2.186706917 
-9.008190690 14.067345167 -2.416814894 
-9.163858806 13.701399548 -2.566849401 
-1.599569956 19.469366973 0.448188412 
-0.743141005 13.275458624 4.391630611 
-10.709119528 15.706187109 -0.930818267 
-7.093475357 10.907000638 -4.789086213 
10.461399122 9.576331964 -8.225035893 
11.332708000 9.467206752 -4.624273433 
-11.891300249 -0.784962712 -0.977122803 
-12.656113401 -0.635400839 -0.002865037 
3.285011514 6.902220309 0.248982561 
2.232961627 7.478752669 0.955708480 
-6.075723051 1.808365745 -1.390516639 
-7.542749411 4.951745696 -0.845159461 
10.836750360 10.361904373 -8.559775838 
11.574618338 10.626206071 -6.892046721 
-14.074588264 -0.479272151 0.249122022 
-14.607829723 0.015179259 2.580818629 
9.504293034 11.264951965 -11.246152240 
10.072460326 11.350551985 -10.332592192 
-14.292724996 -0.194524869 2.307295267 
-14.427841231 -0.007758465 3.139578806 
-0.370252613 22.226732572 -12.268533827 
0.506452540 22.204544211 -11.950528253 
-17.215001221 15.203539218 9.990446654 
-17.376210909 15.134457470 9.567473305 
-2.906713132 22.457477359 -12.453610986 
-1.727597411 23.928480609 -11.498014249 
-15.397753589 19.526386844 10.800245776 
-14.623708087 17.210892673 11.607184038 
-0.400662875 26.090052722 -9.383603895 
-0.457594582 26.218318104 -9.315450352 
-16.544768473 19.357011186 9.735277333 
-17.688867854 19.130875755 8.750480767 
-0.120687159 24.814776930 -10.764223902 
0.971104733 27.474292038 -7.199105051 
-17.814462376 24.384813860 -0.914186738 
-17.564129534 19.491628037 8.504119744 
-11.774373265 23.964087181 9.306989027 
-10.382011229 24.710384461 8.524554612 
-10.789180825 24.224618265 -10.105179741 
-9.773467565 24.742318136 -9.436908625 
-13.978267083 21.994685558 9.113398946 
-13.246349700 22.541854348 9.236043920 
-6.472103282 22.639089320 -14.812896092 
-6.364264204 25.338079371 -10.072791338 
-7.035533260 11.158041868 9.027997432 
-8.762668099 5.426700755 12.215201475 
-7.428513812 23.498066526 -12.403234457 
-1.608269364 7.855656518 -3.549917623 
-12.281206842 21.711170293 12.222395375 
-12.274791056 20.534236997 13.639303460 
-7.735190906 23.478638518 -12.390336896 
-7.070915877 23.091859729 -13.201872532 
8.370143135 20.089919204 -9.159838531 
8.224283836 20.233244018 -8.841100911 
-19.997881448 8.782925770 0.123469732 
-19.989744517 9.190919073 0.025416507 
9.977880266 7.674954358 -11.981427187 
10.422176001 8.142097914 -11.801205761 
-3.692529810 1.223795383 4.275669120 
-3.435095738 2.528090766 5.233549868 
1.253645123 5.359811614 -5.640551182 
2.105240952 5.252244143 -5.474912907 
-1.555022653 3.921745296 3.698792735 
-2.634158560 2.957238581 4.100250133 
10.482707680 16.353767810 -9.986418414 
10.657821315 17.407482000 -8.687992844 
-12.101416576 -0.450614234 8.822282906 
-11.012214636 -0.229011841 9.510265826 
-2.789309635 9.028534870 3.685370391 
-3.813148897 8.874173970 4.050906874 
-2.997180754 9.432058780 -5.321267599 
-3.794988094 9.336243117 -6.168205027 
0.926543130 14.333502507 2.650111070 
-3.044794994 13.938530990 6.471904395 
-7.296663756 11.011939614 -5.116057196 
-5.721005915 12.884987014 -7.332275718 
-0.170021155 9.666918691 6.916883882 
-0.155136616 9.750119360 6.929942925 
-5.780005788 7.800393531 -7.506875577 
-5.236503080 7.960607983 -7.661374630 
-0.759420625 8.758417008 6.730998153 
-0.743510690 8.885536243 6.807311518 
-5.394320276 7.515835606 -7.556979121 
-4.107072247 7.826005724 -7.789437469 
2.993433948 7.490134212 -0.017440672 
2.234794720 7.525893271 -0.830838080 
-6.848439072 4.494267580 1.238971693 
-7.543898522 4.918229276 0.944829495 
-0.130199694 7.344056320 -2.740123335 
-0.369294372 6.921831952 -3.268487710 
-4.342654317 5.942840586 2.623950498 
-5.157410446 4.633037044 1.304541775 
0.679135127 8.356639673 -6.350162750 
0.298639567 8.218227239 -6.541818999 
-6.070508305 5.960512381 6.447036063 
-4.900740340 6.415652844 7.001407011 
0.111883350 7.597634229 -6.758380193 
0.589000561 7.792325416 -6.545981219 
-4.512087839 5.841911283 6.924647354 
-4.192722957 5.960037843 7.023524556 
-2.532948554 16.783515991 -3.248309676 
-2.779090525 16.799072181 -3.563250835 
-8.082550856 14.576169492 3.936815403 
-8.528518121 14.492740721 3.753115915 
-2.992917617 17.239700003 -2.741031566 
-3.268101809 17.233682032 -3.125400414 
-8.412053408 15.075191978 3.138383172 
-7.361339429 15.602935858 3.865647529 
-1.867469878 20.545887222 -2.051677732 
-1.307421728 20.631600283 -1.240586652 
-11.976639791 16.173113193 0.858339881 
-11.756815277 16.374119661 1.413335760 
-1.538187116 20.371434282 -2.512032286 
-1.724554464 20.443972297 -2.112537493 
-11.562713889 16.276692840 2.640029391 
-11.516242861 16.388795582 2.353901585 
-6.168732816 16.265020980 2.257789872 
-6.678208919 16.472000905 2.405383659 
-5.377461793 16.694741861 -2.715383030 
-5.673217031 16.930673675 -2.864524242 
-5.293062388 17.195394134 2.878147100 
-6.860620565 17.365938722 1.593866836 
-6.817010916 16.588431800 -3.194133596 
-5.503917624 17.996273961 -1.907410907 
-5.430034571 20.830725280 1.258517529 
-4.910404323 20.953653817 0.519221341 
-9.079581242 19.308898245 -1.322467949 
-9.332120882 19.195177330 -1.284950010 
-5.448108862 20.823793113 1.218391509 
-5.637514887 20.767988641 1.314919252 
-8.780031703 19.478081233 -1.779789598 
-8.706781172 19.520189972 -1.751261199 
-6.808613038 15.549149517 -4.217372411 
-3.446516376 14.640988177 -8.110971365 
-4.239176371 16.492108600 3.865298567 
-6.634051145 13.788846002 6.859892234 
-7.597266436 15.401442210 -3.231422351 
-7.238122468 15.636789928 -3.517205288 
-3.261432085 17.155110528 2.560597749 
-2.984973970 17.363710442 2.445929818 
-7.950430928 19.140205935 -4.374002041 
-7.770735268 19.217633281 -4.363659465 
-5.610492920 20.096128903 3.662488738 
-5.925762216 19.978352571 3.797185509 
-6.945858302 19.546638238 -4.606200039 
-7.521444895 19.328388077 -4.626060583 
-7.515468568 19.327512201 4.047863629 
-7.594735010 19.279222988 4.069067280 
-6.362583139 15.326590812 4.532251409 
-6.002923322 15.471797269 4.776248582 
-4.579588561 15.985617948 -4.189038928 
-4.777420855 15.951155204 -4.412088818 
-5.666163082 14.400377880 5.864067261 
0.449900313 16.230511027 2.605588688 
-5.284079117 4.557455923 -3.652271319 
-3.164678951 12.466711690 -5.456551180 
-5.253987739 18.256191736 7.060587877 
-4.412388076 18.574920455 6.875706930 
-8.761607846 16.569217274 -6.489512300 
-8.287168780 16.793758918 -6.636621046 
-4.810700941 18.644982789 6.702743445 
-3.355034234 19.163830747 6.104045534 
-9.078521741 16.563707698 -6.142714153 
-8.356765974 16.996270642 -6.271770454 
-0.038659758 5.935751331 -4.173921983 
2.046601399 7.563212621 -2.577737020 
-5.362668619 5.861030572 2.042727166 
-5.450936007 3.420845586 1.628118232 
0.104067578 10.939340084 -5.892640833 
0.001593157 10.859459352 -6.018414702 
-5.683087095 5.540991257 6.117392456 
-5.762766904 5.560130213 6.103263127 
1.819125260 7.958477255 -5.389315694 
2.050141393 8.073007598 -5.201396404 
-6.015108832 2.961502404 0.182167886 
-5.917145609 3.709305527 1.638735467 
2.909570508 7.878468212 -0.720332361 
1.766296101 8.837678505 2.490892156 
-7.916871403 -1.063358815 -3.168223894 
-6.558582108 6.193837516 -2.301957827 
-2.012561538 7.561225743 -5.492542790 
0.176037260 8.298892530 -5.725956632 
-0.394584234 8.307817329 4.776899592 
2.237246929 14.330054184 0.402852725 
-3.665410074 7.372272840 -4.768668695 
-4.504778900 6.569976485 -3.222469283 
-1.022091329 8.442114147 3.335213919 
0.614089971 9.155618925 2.555612019 
-5.154616089 5.678052055 -5.893007118 
-4.839073657 5.822750706 -6.065710312 
0.609580192 8.117198408 6.084892545 
0.434715402 8.075430251 6.214283180 
-5.215225846 6.386652805 -3.756751985 
-6.004562214 6.183868236 -3.433810970 
-2.925679084 5.089791759 4.706333019 
-1.400292842 5.714639162 4.621894778 
7.507938506 16.160404093 8.911122776 
10.693438616 17.518315208 3.920210969 
-5.396059150 6.666291081 -6.800452636 
-15.810202998 6.668102083 -9.171045463 
4.617809019 16.132565753 9.318240066 
5.311423469 16.469376484 8.920641207 
-14.491549642 8.196563013 -8.730553625 
-6.799312964 10.431890772 -6.408124543 
1.609843323 8.222981479 -2.875227901 
5.278028801 7.913387945 -0.873706585 
-8.091877096 4.004017694 1.298159933 
-9.021285593 2.640882101 -0.119907169 
1.882494868 8.827549049 1.406345067 
1.606911404 8.838220302 1.819023906 
-6.826402250 6.450013800 -2.599776747 
-4.397787182 5.854349266 -3.536782802 
4.353275212 17.152327021 -12.867507118 
4.549754050 16.492243792 -12.722286527 
-17.062853196 6.254477600 6.885560331 
-17.865030704 7.669507222 7.092736945 
4.520670417 14.698087919 -10.999159135 
1.069619659 7.252430618 -2.468697529 
-8.994739445 10.191670605 5.948932354 
-9.504283710 11.797305808 5.835842149 
4.360238083 14.073969251 -3.605502987 
3.949100849 14.955645261 -5.611187419 
-11.616673994 7.891443627 2.308953100 
-12.640228145 8.021879898 4.335531102 
3.440303257 15.383553621 -10.765967186 
3.273703058 14.745437309 -10.918719134 
-13.155753485 7.220277277 8.579453054 
-13.278822489 7.495858198 8.662990141 
1.172541272 27.021969863 3.773351809 
0.953735821 27.039151046 4.340588584 
-16.421030423 19.435006752 -7.647904013 
-16.495294697 19.682135399 -7.353539068 
1.207914928 25.440283570 1.795170789 
1.836128917 25.274785080 1.831385006 
-17.074369125 16.603317521 -3.357103365 
-16.826762988 16.957001036 -2.473360639 
-5.222824624 21.819480440 0.939720153 
-5.276439889 22.930615453 1.545123063 
-9.335621848 19.993119896 -0.820797772 
-10.298042233 20.665173589 -1.811069286 
-2.241681957 25.447290992 2.465087620 
-5.266588403 16.679686399 -2.083450791 
-14.482857582 19.860537141 -2.184629340 
-14.464952657 20.397020415 -2.806476934 
2.505873085 25.813106973 -7.007902055 
2.192946735 25.353850867 -8.642086549 
-19.764702196 15.949862607 2.973708014 
-19.563910520 16.670260927 2.370529748 
-2.395970740 25.186148958 -6.468626958 
-5.504010860 18.948065451 0.451347932 
-17.145821209 17.720861283 3.166207684 
-16.489647899 18.654592924 3.298682756 
-4.539765115 18.877560911 3.390158095 
-0.548548895 22.020781695 0.919810496 
-8.608650961 17.175286457 -3.660370746 
-12.638924292 16.650325653 -2.973546897 
-0.236732212 25.252497646 -2.904010341 
2.930913782 24.283710110 -4.064923719 
-17.910751587 14.746382921 -0.016295903 
-18.007425289 14.931091475 0.352964823 
0.234905324 8.104708063 2.674119996 
-2.242024444 11.166768014 5.445883426 
-6.006662872 9.651593193 -5.278129220 
-6.258478709 9.457482844 -5.236365839 
1.097796977 7.828332021 4.222640102 
0.680229301 6.997571157 4.783619340 
-7.109500429 4.812719707 -0.551227027 
-7.137846371 4.882427642 -2.841661169 
1.736891647 9.750089442 5.918185648 
1.093694711 9.519091945 6.407435008 
-6.372741828 5.820946736 -6.177866463 
-6.297456265 5.842444704 -6.205814508 
1.802340569 10.004174252 5.625227641 
2.799550234 10.288488389 4.598353848 
-6.687570581 6.871605726 -6.343177939 
-6.797991213 6.809643812 -6.290331300 
1.805512074 14.154165766 -2.224752975 
-2.491494478 14.283318198 -6.127218561 
-8.880498214 10.792244151 3.434451730 
-9.612234210 11.409447415 4.832655471 
-2.686201913 9.419232897 -3.699108142 
-3.472326553 9.509357418 -4.204237072 
-3.490442999 9.472904513 5.178852137 
-3.246825784 9.641592106 5.336024288 
-0.447304342 9.027642902 -6.565682067 
-1.516782678 8.433504507 -6.803773560 
-5.450044123 7.299053202 7.154667744 
-6.339881503 7.064990329 6.787232646 
-0.612512246 9.845697599 -7.117286471 
-0.155540324 10.077099740 -6.930807319 
-7.584965267 7.217938957 6.205373735 
-5.661216507 7.834807712 7.277693645 
-5.464055796 17.734107563 -0.587724772 
-4.986376102 17.863794464 -0.470395136 
-6.663396823 17.236596950 1.037463446 
-8.843012586 13.724139173 3.343398737 
-5.611483746 16.876091097 -1.733113546 
-5.521125477 17.203106974 -1.654780843 
-6.336116386 16.507518956 2.257266286 
-6.226218884 16.810284748 2.204217544 
-4.447482842 20.828558942 -1.202596487 
-4.326610857 20.904504841 -0.551240012 
-10.103468237 18.474064009 0.802929814 
-10.071716300 18.491543689 0.985207759 
-3.922193120 20.911680761 -0.245184920 
-4.051899097 20.905780207 -0.092984359 
-10.149410385 18.355162045 0.281060247 
-10.209777518 18.314439170 0.420175682 
-1.802978452 17.056542884 1.843196158 
-1.970336106 16.890044161 2.409782590 
-8.979943591 14.134273335 -1.678577458 
-9.004999415 13.913791089 -2.214575337 
-2.669098253 17.047347379 2.548878137 
-1.970049943 17.485434338 2.063267325 
-8.256781648 14.873964113 -3.098803960 
-8.344460740 14.994105064 -3.216367658 
-2.221222981 20.819621506 0.437705980 
-1.817897989 20.835831643 -0.343841656 
-11.259500317 17.020670248 -1.606277640 
-11.232864084 17.044552893 -1.712874218 
-1.830364171 20.791652666 -0.516625277 
-1.892339973 20.796344622 -0.482048848 
-11.482660628 16.807553468 -0.944019766 
-11.243823781 17.032704476 -0.859273080 
-10.390429142 20.709587507 1.436882610 
-10.432086384 20.689843423 1.411249177 
-5.405470485 22.728093844 -2.184250619 
-3.493733927 20.249257468 3.954822265 
-7.262452835 17.039332474 0.018180160 
-7.602474046 15.975685378 -4.149090304 
-4.948633419 17.995349018 -0.345248047 
-4.743965674 17.024557979 4.302502127 
-6.888308135 17.191651442 2.458292439 
-6.520781582 17.320783528 2.720706925 
-6.430677375 17.326844832 -3.083152693 
-6.505116746 17.268090829 -3.169926680 
-7.689213933 19.260959667 -2.482242091 
-7.804872366 19.221391734 -2.430079199 
-5.736581950 20.086969263 1.644496829 
-5.820044390 20.071822052 1.692352218 
-3.853243477 5.693766367 6.939686177 
-4.242910505 5.531672024 6.870691680 
-2.678336118 6.671930756 -7.135957968 
-2.423792619 6.744864455 -7.100204035 
-5.539137068 8.174796124 2.873716429 
-6.123468652 7.784500524 2.291043298 
-2.252788366 6.666891515 -3.371660818 
-4.314358998 5.678653243 -2.853889584 
1.334685432 9.606955521 -2.082318926 
2.033652811 9.334893242 -1.242299187 
-9.090795727 9.141734008 -2.334253386 
-8.999047771 9.427068365 -3.194139860 
-1.950279116 5.574526063 5.195567014 
1.448974977 7.505360851 3.813137595 
-4.165094087 5.974345094 -4.043466868 
-2.376639172 6.175235237 -4.011805374 
2.166795983 8.475364837 -5.605853241 
2.236102368 8.526420376 -5.603256314 
-6.326538386 4.635312657 5.064691266 
-6.158924184 4.791127203 5.326792338 
0.035284724 8.414814644 -4.169014037 
-0.114535086 5.832644231 -5.640208571 
-6.181688516 3.640163094 1.943927048 
-4.827882022 4.415219584 4.733714768 
-0.079618760 15.803424966 -2.336410485 
1.508044787 8.414190107 2.614387718 
-5.816649532 7.217064021 4.740984749 
-9.537829339 12.539233230 2.420497441 
1.432017550 8.564447393 -6.179627327 
1.321153385 8.580530988 -6.208471491 
-7.757643951 4.705313371 4.565818915 
-7.044403973 9.062646589 5.151432783 
-12.924574895 12.979694590 -4.699365890 
-13.017805769 12.928310523 -4.509708360 
1.513140458 18.929751295 4.959172277 
1.305003816 18.913427158 5.184070574 
-3.892050302 11.351698638 -6.754562335 
-9.585040850 12.638363628 -4.311280930 
1.745256807 10.053852611 3.838439001 
1.828104168 14.789813200 0.468279744 
-6.929400825 17.449014989 -0.276447066 
-7.300226848 17.603237711 -0.953825804 
-5.853236918 17.916449322 -0.222285080 
-5.398092268 18.368096220 0.450833629 
-4.496549571 5.060376122 -6.488892370 
-4.331993599 5.667857646 -6.845160768 
-4.464590979 18.109505944 -2.011885208 
-3.871324947 18.324685539 -1.805514192 
-5.095311594 29.674307288 -2.219834540 
-4.423586883 29.881537110 -2.542060445 
-16.495154171 25.066700860 0.281999990 
-16.456366754 25.061389247 0.468692072 
-6.224242801 29.417188707 -0.231069629 
-6.118066418 29.516386536 -0.070612161 
-14.843638392 26.099363946 -1.101320746 
-14.343338110 26.282852180 -0.950797260 
-2.269350321 30.265803614 1.389865989 
-2.037054675 30.182513139 2.143713569 
-17.626371863 23.850334639 -3.970109258 
-17.485532934 24.080150620 -3.319281811 
-1.953837362 30.363268418 -0.123578762 
-1.798214642 30.347653315 0.085687532 
-18.207942799 23.527726266 -2.765180444 
-17.929314096 23.710051417 -3.014836797 
5.154035348 18.767865173 13.700618904 
4.652567316 18.582455211 14.073281892 
-16.225577376 9.174704323 -11.894913487 
-16.990685326 9.305797126 -11.285510432 
3.800483110 15.315597913 15.189763941 
3.790577699 15.756996901 15.102073471 
-14.070624729 7.927042844 -12.795624687 
-14.432306376 7.740238752 -12.476025545 
9.924073565 16.984920966 10.724086893 
10.620977598 17.317302005 9.511794609 
-18.578370366 5.410224879 -7.714272977 
-17.919505421 5.876832074 -9.050238604 
8.706840162 17.849673943 11.991927197 
8.762333935 18.250596508 11.587599184 
-17.141181677 7.009560267 -10.722742117 
-16.749572767 7.249542354 -11.281962735 
7.952032834 6.907511133 11.849040544 
7.778125606 6.707217107 12.021274065 
-9.396925782 0.301995710 -10.701062838 
-10.727984057 0.007503104 -9.937386688 
9.051864674 6.441111183 9.540745570 
0.731765874 1.688986782 7.872045914 
-4.484663051 3.858189898 -4.183481844 
-4.015980532 3.950067563 -4.461465722 
11.519686362 11.903709864 9.438905732 
11.955731303 12.527816502 8.537848120 
-13.858230958 1.695332886 -10.052935583 
-12.840577221 1.939390526 -11.009775894 
10.487599482 11.302397269 11.180818253 
10.205788407 11.374002012 11.511235999 
-13.665579691 1.962109881 -10.608139710 
-13.898422129 1.695886969 -10.142031706 
-7.249889586 12.358982917 -17.557249724 
-8.633734859 5.648956645 -11.587610861 
-3.656523527 13.154527054 17.351167248 
2.272612087 7.853608218 11.077920766 
-9.488659302 12.509415968 -16.721637227 
-8.493090352 12.920607043 -17.174195167 
-1.762846191 15.116393269 16.653969180 
0.055909786 16.194673693 16.103465640 
-8.625880799 15.673022115 -17.382526455 
-9.341121374 15.757299182 -17.201016173 
-5.798764517 17.166326304 17.166661503 
-4.933360678 17.893397302 16.969576885 
-9.198816157 15.062877197 -17.423169529 
-8.505602953 15.064769328 -17.579022750 
-6.325935290 16.919801613 17.240257045 
-6.619935237 16.297656277 17.349116124 
9.256401323 24.752718892 3.880666922 
9.768018796 24.941292422 0.245033956 
-21.894595300 11.448508857 -4.704257444 
-21.950064845 11.828875130 -4.409554001 
6.584466128 24.735337453 4.898828139 
6.735188798 24.850490460 4.402198778 
-20.072829746 13.207966804 -5.818292885 
-20.056606496 13.394481258 -5.915396559 
8.279975304 20.203239730 5.905169616 
8.475942709 19.844182644 5.541861803 
-18.830383289 9.972893395 -5.639248699 
-18.785850813 9.761048404 -5.062486131 
9.406956785 21.246693523 4.321092210 
9.942386831 21.378734034 2.697992069 
-13.066690861 2.952596860 -0.784303290 
-13.376613383 5.385433095 -1.715051545 
11.077565015 20.374893122 -7.141969871 
11.063150707 21.019626235 -6.283207343 
-21.971479535 7.618103763 1.260929123 
-21.757692576 7.300110227 1.848468243 
11.307755862 18.917760865 -3.714496560 
11.572661405 19.014183450 -1.989860298 
-19.956818944 6.454128060 -0.441818216 
-19.895201202 6.262446457 0.752812659 
8.306715510 16.568304503 -8.854045578 
-1.369014288 14.862745989 -6.416550632 
-18.227139279 6.060101887 3.565173541 
-9.461510211 12.152165645 5.262100156 
9.996417521 18.409577293 -6.469341289 
9.891214196 18.427518834 -6.796701170 
-19.104073854 7.015273353 5.144458487 
-19.515470532 6.909297986 3.648156406 
5.693500734 24.029782222 11.031670101 
4.355154309 23.114823934 13.263250951 
-19.064579995 13.414567985 -10.779258397 
-19.206795727 13.805421791 -10.291369206 
6.482389603 22.212807553 9.725226098 
6.596969364 22.110228137 9.848447626 
-18.248003863 12.306545889 -9.289783626 
-18.253176330 12.521256356 -9.191225267 
2.759562116 24.757545753 7.439527804 
3.120524113 24.741870668 7.172339065 
-17.735549859 14.541426450 -8.686510919 
-17.368319714 15.501158379 -8.177047712 
3.555223001 25.442804862 7.096106857 
3.565239305 25.114817276 8.089252255 
-16.841738400 15.307223054 -10.743675388 
-17.549545529 15.606100674 -9.431070729 
-1.259856117 22.232776474 -16.450909450 
-2.628404939 22.543680530 -16.245904599 
-18.991573032 16.482983177 10.387528042 
-19.019630442 16.630834269 10.198618912 
-3.006014170 22.128590576 -14.786570560 
-2.720481098 22.978133525 -13.886865873 
-16.191830091 18.012945427 10.594224729 
-15.200870679 18.210007701 11.499624768 
-0.838779614 25.069036601 -9.888476461 
-0.438734625 25.482889913 -8.788576588 
-16.474188340 18.566436095 7.960018593 
-16.001494502 18.817043580 8.375512698 
-0.388553411 25.380143959 -10.336606840 
-0.675230522 25.128827443 -10.823895409 
-17.764381955 18.053869188 7.793204375 
-17.536821648 18.220511263 7.958850235 
5.259618885 22.948679606 -13.459601695 
5.572374240 22.903023929 -12.488317419 
-21.115248476 13.377978185 8.650993682 
-20.372191994 14.204936817 9.856399305 
5.567103097 21.223919799 -15.011137903 
6.264764756 21.814566236 -14.408215488 
-22.736445471 10.238556544 7.308607629 
-20.870057309 12.373580443 10.720246343 
3.799708994 18.435101101 -14.287454450 
3.437176016 18.417931701 -14.410262806 
-16.518770447 11.552201074 11.819755333 
-16.574899881 11.031349589 11.759256338 
2.919105864 19.043340118 -14.561925130 
3.286906161 19.312321468 -13.533670172 
-16.749155110 11.672044458 11.412779781 
-15.048754034 12.518332507 12.807334879 
1.735254396 30.559600344 3.849783959 
-0.276407853 30.394353658 4.698523479 
-20.231796392 21.814303241 -4.225527466 
-19.985601490 22.281842989 -3.906153169 
-0.626169469 31.984292502 1.267810756 
-0.215907253 31.956358196 0.736225475 
-20.592032555 23.069863741 -2.968512396 
-19.713541277 23.663234020 -3.800714330 
-5.483324666 29.228703550 2.210721669 
-5.076452633 29.512295236 2.184118841 
-16.364024308 24.678927444 -2.501973706 
-16.296623515 24.836238459 -2.479793796 
-5.949540052 28.430284115 3.320713046 
-5.258293066 28.641955759 3.136356849 
-17.381467660 23.530641092 -2.847020770 
-15.324098297 24.696622141 -2.544309402 
-1.892167915 10.352246919 18.952645734 
-1.607725586 9.772720600 18.376530210 
-3.927282696 9.877366675 -18.563345612 
-3.342105441 10.563236827 -18.732181796 
-2.569696401 11.691676965 19.784220822 
-2.859129673 12.042128477 19.851366445 
-3.958413449 12.437670000 -19.683049043 
-3.283307091 12.029070843 -19.416141992 
-6.418438047 9.640116002 17.000729609 
-6.557605833 9.623755962 17.239105480 
-1.049973983 12.399907926 -17.221303327 
-1.912991701 11.795901765 -17.164686921 
-7.922817688 8.113453412 15.390845411 
-3.081050229 8.895160567 13.072217185 
-3.027984426 10.940607038 -17.236418555 
-1.565295828 8.981746797 -12.555430601 
5.004102004 8.157680576 -16.600095215 
5.782012783 7.682177849 -15.719885347 
-11.924490082 -0.640647671 10.132724258 
-10.976359001 -0.577908655 10.540511576 
7.655396510 8.526655414 -15.731586870 
7.757700194 8.553601158 -15.782999899 
-15.005493788 -0.517835922 9.914060951 
-13.516129074 -1.053692578 9.888149037 
8.396954832 6.771622553 -11.000982639 
8.041371259 6.557482517 -11.093399803 
-3.551999317 -1.567242221 5.024162159 
-2.915171262 -1.175790430 6.545898645 
4.475690848 3.096589040 -12.081130549 
4.069455142 7.995577677 -12.456810072 
-13.907116571 1.184785843 6.258754731 
-4.731770345 -1.282224631 8.685466409 
-3.090518092 24.420387810 11.556037001 
-2.818163948 22.832664107 12.209211210 
-15.864952591 18.057914245 -10.460281620 
-15.042661919 18.625473105 -11.269025528 
1.056128568 22.920730112 11.510377351 
1.647752237 22.254006348 11.311769221 
-17.028020709 15.073241936 -10.007156759 
-16.786886638 15.833657124 -10.353227773 
-3.115536879 30.442240164 -1.206547737 
1.495083218 27.377955585 6.829385031 
-16.228353439 18.727662069 -10.435283334 
-15.499651201 19.535132028 -10.759842849 
-0.327235756 27.179810316 8.344525515 
-0.293382911 26.375667965 9.120992152 
-15.925733703 19.436776078 -10.273593115 
-15.823309430 19.649872355 -10.324880815 
3.246724156 6.983585315 -0.265607379 
2.190088693 7.532482425 -0.914658435 
-6.078362112 1.825699979 1.360017635 
-5.926232900 1.863859857 1.968530213 
11.539437812 9.562842528 0.931518561 
11.158189739 8.888538207 -1.616762714 
-13.840528990 0.767576884 -5.081622061 
-12.875913007 -0.069035453 -3.439994118 
11.608338333 10.727960058 7.203264920 
10.969914777 12.002074939 8.588007793 
-14.474444698 1.007668375 -5.828590579 
-13.873137599 1.024248467 -6.358351892 
12.369283750 10.948983869 3.602343362 
12.410705194 11.060649736 3.694677319 
-14.432720122 0.144594724 -3.703514449 
-14.246180367 -0.069188030 -3.116147913 
12.411217917 8.599431480 6.648506516 
12.494560496 9.419610503 8.143413125 
-3.634176977 1.259133043 -4.307796012 
-3.303597913 2.565863091 -5.237071821 
8.674552127 21.835537707 0.134473483 
8.415531996 22.072041535 -0.170055240 
-19.380202934 9.040304842 -4.329812532 
-12.459073570 -0.218589800 -10.468653908 
8.258362645 7.631339027 12.156292754 
11.175229279 18.041747679 6.915858552 
-14.906102611 1.823786925 -10.328153281 
-11.447962191 -0.006117998 -10.113810252 
1.337922089 5.408902805 5.554834441 
1.713859555 5.065617112 5.871828131 
-1.338246177 4.002617496 -3.711359553 
-3.159363609 2.961343141 -5.398637173 
-12.959647660 20.832588647 -13.184346765 
-12.540676784 22.589274546 -10.386698392 
-5.232308728 25.169721095 11.297807263 
-5.098807711 26.095317135 8.740615030 
-11.710072094 23.843694019 -9.682129550 
-10.113965388 24.323821530 -10.886310372 
-9.859896036 24.989073788 8.064037838 
-9.628248128 24.962876577 8.816488153 
-12.801119161 20.149845879 -13.615375005 
-11.936066610 21.735308018 -12.506840593 
-8.754809141 23.006085150 12.588818584 
-8.698434959 23.814340435 11.429866423 
-7.491678760 11.003462685 -8.875524773 
-9.479317171 5.292025170 -11.796762015 
-8.906173641 23.476527414 11.745052894 
-3.857190126 8.137132397 6.537821452 
-0.697816342 8.741799104 6.857738267 
-0.823102706 8.752871293 6.995444490 
-5.445936260 6.552514200 -6.324194541 
-5.671458972 6.920460082 -6.762670139 
-0.862946576 7.850510655 6.514496652 
-0.737265330 7.920085984 6.494947250 
-4.317936585 6.439631230 -6.618481687 
-4.489217596 6.337267167 -6.520345292 
-1.674210058 14.190563893 8.044088959 
-1.813169394 14.978609766 7.943686302 
-9.768292196 11.239528350 -6.706537408 
-7.433268318 13.246903876 -8.371179419 
-2.378066252 12.248480451 5.194663167 
-2.334899455 12.090011051 5.211944383 
-5.360387810 12.700780005 -7.268674336 
-1.378730406 13.474231411 -5.657903985 
0.565098696 8.981209733 -6.189850396 
-0.024883590 8.735299809 -6.543313303 
-7.055285165 6.216098148 5.872497582 
-5.303476271 6.891031947 6.889184384 
3.622236056 5.864355224 -0.319000351 
4.047871212 5.730958201 -0.931709887 
-6.078642633 2.089955392 1.624121822 
-6.099571359 2.230489024 2.178014190 
0.580712405 8.944564874 -3.872137273 
1.684232592 10.897831830 1.185269123 
-7.343148446 6.266669050 1.503180795 
-6.430350954 6.154294354 4.541971795 
0.703567768 7.961039978 -2.018201599 
0.362632180 7.219262379 -2.234509147 
-5.296576252 5.929797771 2.200831804 
-4.611793821 5.932714027 2.395997193 
-2.874136163 20.682397376 -1.915165333 
-2.804780468 20.736137101 -1.618589179 
-11.632596777 16.831490523 0.934593901 
-11.437357532 16.998782191 1.012817320 
-3.562131931 20.350272723 -3.492206776 
-2.987158337 20.525005938 -3.002506090 
-11.830008645 16.569685329 1.312728151 
-11.464126230 16.865414232 1.785848840 
-2.052258258 19.412280107 -1.311039907 
-1.364388597 13.029311657 -4.949161260 
-10.768916783 15.640317385 0.863897889 
-7.066060873 10.916399969 4.781305442 
-1.708781595 17.055351047 -2.114157308 
-1.146393721 16.939177771 -2.017240754 
-9.214598920 13.974788692 2.020191098 
-9.356390222 13.599747562 2.235375068 
-4.201626971 20.967634980 0.698894660 
-4.112388704 20.950860348 0.295980930 
-9.739427400 18.648322933 -1.273155096 
-10.009858054 18.522921001 -1.221743572 
-4.884769364 20.767817739 1.602659848 
-4.775641912 20.844174300 1.254392592 
-9.293093489 18.947423516 -2.141795703 
-9.420216006 18.894314856 -1.938054132 
-5.715621833 16.314393461 2.260437735 
-7.380887198 15.974212368 2.639937906 
-5.570716345 16.409027840 -2.785987976 
-4.825688052 16.694724371 -2.917502976 
-6.385711041 17.474508079 0.930309489 
-6.257995551 17.643217696 0.640834844 
-6.224550833 17.557520091 -1.496419005 
-6.403175525 17.549932265 -1.211197755 
5.120335488 11.334896807 -12.247350425 
5.778498091 11.840401795 -11.439974881 
-13.096575344 1.953075685 7.577146158 
-5.760544319 5.069403410 4.653907420 
3.850378510 13.896061046 -12.624373444 
3.343567187 13.444783820 -12.896383072 
-13.626907327 4.656134877 9.239959389 
-12.359204223 5.950157469 10.605293097 
0.941128535 9.261143014 -7.695174431 
7.747171184 15.495480033 -11.123359154 
-16.546073385 4.552815051 7.587696365 
-15.957317995 4.957679053 8.741736084 
6.107661773 14.308208552 -12.846565263 
7.628973087 14.627204846 -11.562521578 
-16.441698675 3.937142599 7.361244851 
-16.039555123 4.271405053 8.192980272 
-8.508930546 26.654970579 -5.297956534 
-9.575346577 26.183438295 -3.984980428 
-11.875879754 25.587467462 5.523071884 
-10.634232033 25.956301131 5.196175642 
-9.697467533 25.830931777 -0.767625967 
-8.212657613 15.450046955 3.296907000 
-9.977106530 26.076513384 1.176439443 
-11.399089894 25.888958104 1.142883070 
-6.467411958 28.483477290 -2.879817135 
-6.270512065 28.572414466 -2.729801806 
-15.408783849 24.687347876 3.454880160 
-14.665337161 25.129488923 3.212018142 
-6.158453086 28.578161060 -2.786402961 
-5.729204553 28.762291843 -3.169983761 
-16.647674601 24.120839717 3.505288025 
-14.851331532 25.007763732 3.866987225 
-12.696533365 13.510318538 13.162682305 
-12.530768183 13.056550919 13.301096374 
-3.880255073 17.851299405 -15.305473699 
-2.608710905 18.151523382 -14.896879593 
-8.783696310 8.491577309 4.259044690 
-8.194069246 11.653547611 4.637295251 
-2.145782062 14.904799854 -15.132760508 
-1.126793398 14.626878010 -14.633605418 
-9.042964150 14.532826310 15.986006426 
-7.164465245 15.441635982 16.297772605 
-4.453568870 15.974351357 -16.234836765 
-2.606198462 16.633646015 -15.863697937 
-8.685209024 14.426155467 15.928440048 
-9.258971330 14.954922016 16.020719194 
-4.190667779 17.606154369 -16.004186883 
-4.607466852 17.501839964 -16.079796325 
2.133743012 6.478398296 -2.588980548 
2.785221828 6.584416610 -2.587206516 
-3.238321831 0.881443340 4.267343887 
-4.131241584 0.065486842 3.033337286 
3.376781787 5.847328851 0.966780840 
8.291061393 4.457342698 -6.675731910 
-4.406105519 0.611310814 3.741347067 
-9.615298881 -0.914122854 5.738769175 
0.311786895 2.954391848 -5.879144325 
0.022309332 2.805880465 -5.961509883 
-7.547788655 -0.978080167 3.207892219 
-7.489048767 -0.989125290 3.297319501 
2.791872478 2.118936958 -6.756019168 
2.825376184 2.067334999 -6.714682413 
-6.062178545 -1.018949109 4.955184237 
-6.039097479 -1.031894272 4.999660666 
-3.165872270 5.492878075 -6.570424088 
-3.505329379 5.356658679 -6.488681127 
-0.834727828 7.255483577 6.769129603 
-1.210218871 7.216935207 6.864896889 
-0.451975400 5.918360305 -4.732609630 
-1.650213233 6.350539538 -6.677665212 
-4.914953041 3.017742387 4.527073719 
-3.264642016 5.568420405 6.515497749 
1.954002357 7.801569923 -2.962261858 
1.747815719 7.719387857 -3.615318512 
-5.617245488 6.301447472 2.305807441 
-6.214479130 6.050766196 2.377926838 
0.786092599 8.897697960 -5.526793846 
-1.190740351 5.898648990 -3.546803327 
-3.221586980 6.049935866 3.199441290 
-3.135405123 5.115341196 3.238299819 
-10.702333608 18.061797093 2.293864011 
-10.720128258 18.074448339 2.114875694 
-3.745697447 20.901819553 -2.558942603 
-3.834215156 20.870501495 -2.639604776 
-8.899079396 15.978736989 -7.456149062 
-9.314131773 16.175681338 -7.013333576 
-4.705070242 18.162340551 8.139166733 
-4.478256873 17.949568913 8.298666418 
-8.299398039 13.482375818 -4.286729931 
-8.848930263 14.198802971 -3.161191519 
-0.938995824 17.286025860 0.570148876 
-1.542231599 16.480887541 4.696136857 
-6.467141296 15.094290208 -7.557312281 
-9.293802805 9.993230676 -3.597651717 
-1.597119679 15.529273531 5.099599882 
0.121147253 14.114223567 5.637827905 
-13.006847231 12.872240713 4.122321578 
-13.380612150 13.580700226 4.255543684 
2.231929774 18.399864911 -4.732165203 
1.813005712 18.732948469 -4.618066753 
-12.936824858 13.056363682 4.009525130 
-13.180235388 12.962147492 3.476639950 
1.760139750 19.010682053 -3.842347475 
1.524143130 18.917944006 -4.325942728 
-5.811544478 7.834862409 2.408748311 
-6.373080519 6.506163303 0.967296686 
-0.551719107 9.919365097 -2.554604245 
1.073088397 13.279079901 -3.434866812 
-9.695025730 11.323276031 -0.219258880 
-9.762587782 11.998275216 -0.961867195 
2.056426422 14.394253696 0.286785264 
1.994522941 14.944782026 0.210671613 
0.178257197 6.792325011 5.405218281 
3.846524496 7.951027410 0.731220215 
-7.764045813 4.327951232 -1.281668621 
-6.659825823 4.173111174 -2.072251606 
2.532169501 8.663665279 4.830822439 
2.902049701 8.824714497 4.397382665 
-5.761585241 5.787811470 -6.140075808 
-5.967827048 5.754014036 -6.039846494 
0.808301855 7.535240174 1.817314910 
1.043991334 7.072852716 1.549675646 
-4.775383174 5.843075600 -2.173599861 
-4.285790442 5.297074416 -2.537892771 
3.606801183 12.012246811 2.125715119 
-0.401549357 13.155184555 4.216616537 
-7.885689547 6.097751146 -3.396336253 
-7.685147995 5.316830435 -3.205990747 
-9.782501442 17.098353746 -5.411905694 
-9.694493394 17.153986687 -5.422848831 
-3.278990296 19.752597835 4.941468715 
-4.172720124 19.374432203 5.517555760 
-5.712071966 13.151996586 -6.011132441 
-8.741331591 13.694701272 -6.994681195 
-7.736701431 11.887809437 5.007093964 
-4.113475690 14.379485542 5.548612814 
-7.511856800 15.527919912 -4.259294330 
-7.143993461 15.373239382 -4.884121559 
-3.382048938 17.188813191 3.599620436 
-3.928137307 16.663616526 4.470250589 
-9.572514407 18.099406632 -2.455484906 
-9.581971692 18.120546584 -2.353964233 
-3.542009653 20.538800713 1.075972480 
-3.674027259 20.543224975 1.147784158 
-8.097542339 17.791379602 6.050651694 
-7.438082958 18.069047590 6.143788319 
-5.782118219 18.619484296 -5.948333359 
-5.574728054 18.727607092 -5.877206800 
-7.361452134 15.482014860 4.218269177 
-6.123039427 14.938440681 5.621220065 
-4.142065463 16.831412274 -3.934531313 
-3.876251153 15.790025849 -5.113711517 
-1.638204822 14.011462227 5.588772418 
-2.013800626 14.442098200 6.226470642 
-4.287121065 12.940541354 -5.312018335 
-8.824701908 12.100726692 -4.765587036 
-4.855001959 17.838786821 6.307018531 
-5.307725911 17.768070818 6.269188362 
-6.968668718 16.997198643 -6.056428932 
-6.846998677 17.153796903 -6.043377105 
1.814574914 3.510853355 4.462076859 
-1.850604442 5.435191533 3.537453643 
-2.429198145 5.503474451 -3.432932467 
-0.275620605 3.577143923 -3.793593704 
-1.137736693 3.949233323 4.138041665 
-7.215551969 9.607990376 5.368776709 
-1.494118313 6.583348098 -3.894063611 
-0.819726397 5.682552567 -3.674259871 
0.810498368 3.869196190 3.826685566 
0.136594642 4.474796698 3.962884316 
-2.063503004 5.669137097 -4.555896489 
-3.876351486 3.880366582 -3.302053912 
-2.708950588 5.459488705 3.550802108 
-3.130371948 5.815568141 3.775002009 
-2.474097091 5.437998016 -3.610649883 
-2.265947451 5.947357876 -3.898894363 
-3.064524976 4.281256719 -4.308407622 
-3.137304554 4.103683193 -3.768722588 
0.989655386 5.510488701 3.759131802 
1.093698419 5.522258956 3.038142950 
-1.848661568 7.241629459 -6.591392282 
0.838233320 8.360033034 -5.029564574 
1.702096042 9.428658423 3.853057243 
1.056843394 8.768199032 5.432686265 
-2.852218341 6.170324800 -3.978433349 
-3.590621111 5.612347536 -3.596091176 
-1.438689199 6.926669647 3.918198365 
-1.554657596 6.548237622 3.868362269 
-4.722922101 6.573496017 -2.544548661 
-5.344189276 6.361590418 -2.073860534 
-0.162334033 10.019520259 2.501482564 
-0.753613224 8.276058602 2.788512200 
-2.257619420 12.683013470 -7.678854276 
-2.527165731 14.617110834 -7.816346047 
-7.748978324 12.117778919 5.960950278 
-6.845786387 13.695401091 6.818903524 
-7.266356622 15.549483487 -3.305031662 
-7.221246152 15.604838205 -3.532156741 
-4.517757873 16.659820983 3.378917103 
-4.022615040 16.948883837 3.287923757 
-7.024140874 19.514642736 -4.431325337 
-6.851180484 19.606396244 -4.362440073 
-8.333882058 18.993287103 3.915713057 
-7.922976284 19.183204017 3.960500743 
-6.715937537 19.584950989 -4.598876435 
-6.515161046 19.676425738 -4.550814412 
-8.252984695 18.955423160 4.009361902 
-8.069306737 19.041956361 4.012368557 
-6.481628194 15.311146295 4.508896191 
-6.108893527 15.452305934 4.776094120 
-4.585639537 16.052580280 -4.116264016 
-4.021411359 16.258940606 -4.120366163 
-5.154547200 14.618455838 5.915671129 
-5.456828863 14.111035205 6.182980959 
-5.963547405 14.231424936 -5.622373158 
-4.602970284 14.723605536 -5.700361781 
-4.801960964 18.343570119 7.103766121 
-4.498037521 18.472523244 7.000316669 
-7.648532114 17.081069727 -6.734795183 
-6.215874558 17.740791228 -6.746516935 
-5.158212742 18.507280489 6.811522252 
-4.261998573 18.870047610 6.475052733 
-7.905083314 17.156872958 -6.405186805 
-7.684868901 17.359027070 -6.327406312 
-2.177116620 6.616229630 3.765039696 
-4.012685916 5.585822429 3.388633299 
-0.936423938 7.194853979 -3.586823651 
-0.134453072 7.225536272 -3.360402666 
-4.506491046 5.379878292 5.442873150 
-4.750291058 5.455956451 5.519341484 
-1.984400026 6.522516186 -4.635110228 
-0.289068531 6.990212227 -3.793711115 
-4.149323319 5.753215665 7.108640006 
-3.408585525 6.071303514 7.285008624 
-1.120821204 7.142974280 -7.127314053 
-0.851765622 7.235817663 -7.053527151 
-3.981346907 6.301816185 7.192206387 
-3.771430029 6.401318600 7.252113063 
-1.298831673 7.668647416 -7.149788382 
-0.680243485 7.925819031 -6.968314045 
1.549833629 8.907425170 2.097573671 
1.763110287 8.634450251 2.608962546 
-5.681691479 6.471241905 2.044745132 
-5.667786276 4.869632666 1.331747930 
3.708070595 4.966114628 -3.231895066 
4.169469897 5.300142564 -2.317528495 
-7.039556805 2.624948833 0.741107013 
-6.807569770 2.040405872 -0.173945307 
-5.241260397 5.641663798 -5.859522692 
-5.364798377 5.580365802 -5.801613085 
-0.884697648 4.744952236 4.301909720 
-0.208668430 7.724340325 6.428403141 
-0.710806551 3.252905779 -7.122849109 
-1.163257104 3.233344082 -6.986729557 
-1.747176140 5.790408054 4.441303423 
-1.157201675 5.814688406 4.547148219 
11.827584625 17.812189703 -0.907329140 
11.247382281 17.624733983 3.298587517 
-18.055919700 5.696223561 -5.610063884 
-17.432717031 5.424217594 -6.500755558 
8.974834777 17.842618826 4.508418580 
8.406463103 17.377262125 5.983752160 
-16.321534496 7.054972701 -6.399462879 
-17.377100785 6.976657521 -3.831896615 
3.543967487 13.142453521 1.008034403 
2.674705517 7.549182616 -2.506475980 
-13.937634407 5.644585697 5.160042842 
-15.814178168 5.789002874 -0.382108850 
2.078867132 9.276727676 1.685979049 
10.182221133 13.524256156 1.773022095 
-16.136943657 4.268116859 -2.234935803 
-15.891850508 4.155126041 -2.223905923 
4.844519841 17.704491542 -12.148090233 
7.255243265 19.388165560 -10.148313110 
-19.505301669 8.227522540 5.052184938 
-19.339254629 8.628420275 5.995200646 
6.294220101 16.984524688 -9.530702437 
8.891339651 17.718553990 -5.064994549 
-17.544343210 7.098022061 3.178198355 
-8.582581982 13.206576340 5.853143910 
1.762417506 12.405010303 -5.021187770 
3.153199184 15.011912510 -6.432993175 
-7.870222947 6.307468700 2.653398145 
-12.003166145 8.530879757 5.291066791 
5.126404540 19.388478049 -9.375239521 
5.273942595 20.121012245 -9.042879803 
-17.619741846 9.943120754 5.861198967 
-17.042299974 10.731417817 7.725658727 
-0.407630374 26.673714699 8.066753074 
-0.507978265 26.632045326 8.204746103 
-16.365684849 19.368034431 -8.958135535 
-17.111945047 19.276171731 -7.919638256 
0.874032095 25.346091785 5.878827745 
0.729382248 25.225754582 6.518711973 
-16.662632824 17.819435428 -5.719837233 
-9.346306889 12.915382559 2.686408769 
-5.293207979 21.548925897 1.856979552 
-4.951525443 22.640768024 3.385025394 
-10.017805787 19.570450441 -0.995516737 
-10.086982841 20.730484498 -2.018647805 
-4.372214275 25.337302404 7.790650777 
-4.213398899 25.183428345 8.118585458 
-14.510062925 20.646303143 -7.862981137 
-13.753469249 21.259381311 -7.787385029 
1.543884662 24.980811424 -10.731921730 
1.711369095 24.867215571 -10.725267491 
-20.598766273 14.996126795 3.491829208 
-19.606908447 16.565967374 3.291206770 
-1.441085901 24.398679221 -9.206357750 
-0.768537711 24.687341599 -8.192776297 
-17.926491065 16.674610496 4.711583721 
-17.136442149 17.585367672 5.170809310 
-2.326205198 19.708853923 0.604406785 
-1.335025983 22.511328147 -1.206362076 
-8.647919750 17.349840782 -3.550209611 
-13.243292747 17.307941094 -0.296783988 
3.496806502 24.083469434 -6.289655758 
3.956131239 23.875203045 -6.973892454 
-19.389177658 12.596302261 4.284635326 
-18.939484577 14.168611707 3.070137282 
7.546851740 18.236063873 5.767621420 
3.777025273 9.291633908 1.141144191 
-15.730877856 9.330530744 -7.974922780 
-7.301119393 3.824162257 -0.540810920 
10.253034983 21.091861798 2.156517994 
10.529819425 20.355787209 2.138097543 
-18.778419735 8.136985694 -6.318642464 
-18.539525718 8.128300511 -6.789515198 
1.887017084 28.868915736 -0.986916352 
4.806461081 27.941630576 0.765855019 
-20.263352664 11.192389429 -3.866809592 
-19.532437114 10.842286231 -6.004145968 
7.114237811 23.557154956 3.339165230 
-1.363609279 27.895087481 -0.046335955 
-19.813540151 11.566120284 -1.952379502 
-19.778904568 19.061809660 -0.416844493 
9.756794969 16.618738850 -1.027850832 
0.578947025 15.662413905 -6.103604453 
-9.515441936 10.786087966 2.427564429 
-15.046900480 7.238482390 0.986833837 
9.094706245 18.381293025 -7.580777525 
9.586965541 18.042832211 -7.136923496 
-20.178096126 7.564036621 -0.362619242 
-20.126577676 8.510053441 -2.852978920 
11.252987313 19.599439111 -0.077206112 
10.806224117 19.726818686 -2.885137219 
-19.946291751 7.976717965 -2.407548634 
-19.853816043 7.672604878 -1.375716632 
10.253228366 19.534436158 2.674254583 
-1.830499783 15.907795318 8.047263600 
-18.723539709 8.471848707 -4.657770248 
-8.864155973 13.134671558 -6.352134765 
2.981342800 24.388548517 5.031182186 
3.828166883 23.884635375 6.089241736 
-17.610038279 14.696832384 -6.890945662 
-17.697534903 14.762664576 -5.922177212 
2.944318202 25.407097811 8.850247203 
1.883576408 24.922772839 10.408590358 
-18.712278142 15.431764626 -8.891038011 
-16.269560573 8.989463925 -14.460536131 
4.315694220 5.943442717 3.161451901 
7.800282805 11.664126187 6.648962406 
-5.930465145 2.258303700 -7.102011919 
-4.566150574 3.527225818 -5.733568943 
4.549808592 8.118979298 1.598913368 
4.370498444 8.068096423 0.533039516 
-7.460723979 4.288547775 -3.170021139 
-6.532712337 2.944356724 -0.101182518 
-4.295746142 23.683583492 -10.468249790 
-4.395078574 23.107440658 -11.209742357 
-15.569858295 18.787198119 5.610809447 
-14.464598038 19.019791314 7.686185334 
-4.143019134 17.195171551 -19.229152136 
-4.497393029 17.134885395 -19.335260896 
-17.363968376 17.719123727 8.812236370 
-18.272848908 17.748581004 6.790773167 
-3.802455355 21.648907997 -15.126779773 
-3.544178923 22.255587935 -14.497679413 
-14.424760886 18.077530730 11.812493317 
-12.741022781 16.948640272 14.410567292 
-3.073442727 22.372593348 -13.407034689 
-1.994511702 22.553565409 -13.190999254 
-12.607342409 18.481692357 12.101484549 
-13.356775681 18.497256076 11.381571815 
7.571427190 22.465598606 -12.360515830 
9.186151103 23.387452018 -9.575999350 
-19.150384413 7.216690299 -4.657594963 
-19.909691470 7.376398480 -0.605412324 
1.296581676 14.170833794 3.166945351 
1.383712754 15.968798834 5.393980609 
-9.361787924 10.691260211 -2.928814898 
-10.170915113 11.344086980 -3.716554981 
9.690930607 19.523886998 -5.818973233 
-1.930636476 15.838949642 -8.160322009 
-18.824094082 6.917741761 -3.164741860 
-9.187723190 12.956923928 6.183185666 
10.744263371 19.991359874 -4.584829986 
10.743819948 20.100577298 -4.362551392 
-19.808278754 7.367078967 -2.507962004 
-19.942685612 7.292539334 -0.884387017 
8.558489805 20.007652891 -7.561835228 
9.444071940 19.620980736 -6.148285739 
-19.884599499 8.136781749 2.293223931 
-20.208688612 9.120318384 2.493185507 
5.569931942 18.382723793 -8.812101902 
3.570142471 9.272593887 -1.681651327 
-18.414575804 10.011604566 1.769825914 
-17.999804014 10.030620366 2.940970194 
6.357590988 23.410750177 -5.035012745 
6.744457893 22.832793612 -5.198340844 
-19.812348251 11.938828609 0.606787339 
-20.024748544 13.720127821 0.661385269 
7.707814009 22.913096516 -5.244384934 
7.854493549 22.888298772 -4.926933706 
-20.633946575 11.758500280 2.206732008 
-20.305296322 11.064766871 3.615453389 
-1.715503465 24.094878060 13.351772462 
0.045758355 25.390368379 10.324105034 
-16.157942122 17.966569546 -10.715019836 
-15.773683078 18.425979421 -10.671120215 
-3.083924349 24.429468055 8.458722381 
-2.483081138 24.415827407 8.513869246 
-14.074996155 18.970604659 -8.420910420 
-13.982985504 19.426960681 -6.670275033 
-6.979947958 14.960231513 16.576316056 
-6.123544611 14.942261344 16.390278477 
-13.715833662 17.805650603 -11.882354356 
-13.055517125 18.545732479 -11.677854023 
-2.843032082 22.572009395 14.125372775 
-1.955958932 23.357000112 13.192725959 
-13.410167227 18.034324615 -12.840648684 
-13.404228593 18.267253069 -12.631997746 
1.164309280 22.240858822 -14.910815066 
3.289069284 17.621859267 -17.998545804 
-19.505074153 15.412772977 7.218844306 
-19.564710012 15.310831507 7.029888665 
1.840639509 23.907786402 -7.299614075 
2.590954280 23.849426680 -7.252104110 
-18.910279510 13.443016684 5.602480205 
-17.818912020 15.046685725 4.770410217 
4.552341927 8.238361018 -1.158193883 
4.341918222 8.097619306 -0.700399694 
-7.537063309 4.251090167 3.091131979 
-6.488452244 3.057703030 0.788837496 
4.102492966 6.025499924 -3.561217115 
5.599528021 12.065287891 -14.935857449 
-12.963364544 2.816151930 3.002082989 
-7.079238671 2.274889149 7.711300459 
8.616599630 16.958062484 5.829576772 
8.877355529 17.305984397 4.897661875 
-16.424926621 7.235909284 -6.338141433 
-8.633254457 11.988637272 -6.673836154 
8.825687985 20.039616718 7.385871810 
9.736973934 20.650818263 5.292438001 
-18.584948214 9.117289254 -8.030191694 
-17.955820779 9.401661196 -8.884266205 
7.580659401 18.784552362 5.801264115 
6.173528100 21.186925265 7.768437154 
-16.011314716 10.242509145 -8.767057554 
-16.848015710 10.412787127 -7.767177329 
2.386350558 12.788683891 4.187239220 
3.236444935 15.099076418 6.205147106 
-7.887901779 6.237311036 -2.491787230 
-12.203839945 8.388083984 -4.913484759 
8.111967350 17.643305876 -6.612345163 
8.504798582 17.336823904 -6.097952224 
-17.685160425 7.073267100 2.219733375 
-17.892717298 7.596433410 0.397650084 
9.477730929 16.616645285 -8.181116637 
9.751964704 17.123764092 -7.765850902 
-19.117817006 5.511806690 1.536370343 
-19.018645630 5.797375387 2.393707825 
1.239213779 9.882870080 -2.927828893 
1.718829182 8.800522828 -1.547889621 
-16.079118681 3.968565945 0.433098431 
-16.250487849 4.122955014 -0.214868069 
2.202648369 10.167720635 -3.046155196 
2.685394364 10.406661009 -3.268136130 
-13.618924553 6.015257931 -5.490667308 
-15.841078301 5.677189212 0.869335389 
-0.158193649 25.364514677 6.406986701 
0.252019159 25.040975086 7.166240516 
-16.529604706 17.361755650 -7.567799625 
-16.015604642 18.030357505 -6.993410614 
3.170144693 26.157922675 6.413593429 
2.955675613 25.796990094 8.163351342 
-19.540960822 15.078173737 -7.222892150 
-18.479008095 16.374922076 -7.930918764 
4.063587676 24.214347098 1.386356812 
4.154568335 24.253977734 3.169758560 
-18.224805216 14.598801652 -6.229096174 
-17.814548839 14.886869674 -6.088763120 
-4.616219882 19.102242134 -3.102561877 
-1.338377400 22.468388760 0.047860625 
-17.457693902 14.704914225 -4.467021724 
-13.051716494 17.611214945 -0.309998606 
0.144639484 24.775676611 -8.162828188 
0.035924987 24.802429582 -7.683335303 
-17.497768713 17.529527761 4.181255517 
-16.914251670 18.195611765 4.366232976 
-1.372140319 25.782876479 -10.438063271 
-1.697852097 25.292097389 -11.610626799 
-18.049422742 18.370540253 7.843827185 
-18.228448073 19.066289455 6.238612587 
-5.008796651 24.941277412 -9.105633629 
-4.087313005 25.237777821 -8.844020636 
-14.417084136 20.889264910 7.468714506 
-14.413285159 21.085504699 5.764739560 
-5.198388400 21.541403279 -2.129010517 
-5.372891153 22.525901162 -3.532953971 
-9.375055862 19.890296313 1.230917121 
-9.406461659 21.012044367 2.177578826 
-5.165820891 14.598206628 -5.963058928 
-5.399562102 14.242205082 -6.153574908 
-4.887433390 14.709588707 5.512890485 
-4.799664504 14.615889736 5.742763685 
-6.047485620 15.474922046 -4.588813308 
-5.815240695 15.587848776 -4.811447338 
-3.710980889 16.443909351 3.747865374 
-3.970512058 16.301807893 4.073250502 
-5.073417100 18.472932856 -6.904348300 
-4.203053557 18.803949721 -6.601448634 
-8.052781974 17.277226633 6.186236704 
-8.565085044 16.938954286 6.199007410 
-5.731141841 17.976980003 -7.308706886 
-5.570012508 17.984388672 -7.397078789 
-4.986932632 18.251524493 6.442878893 
-8.387795380 16.806139282 6.527462061 
-7.781513976 15.383368550 2.986448166 
-7.390761539 15.576353456 3.428594210 
-4.809782165 16.536884229 -3.518664285 
-4.201783148 16.856129687 -3.397955192 
-2.174591750 12.705650919 7.653712699 
-2.845649506 14.539573110 7.969470268 
-8.274973485 11.766879796 -5.770061388 
-5.775522745 14.219147633 -6.822775339 
-6.721479838 19.685715637 4.378975577 
-6.616270656 19.708440846 4.407908206 
-8.212703196 18.857909601 -4.212461346 
-7.973113015 19.052187477 -4.096659721 
-7.032030899 19.569816922 4.308484960 
-6.140452449 19.904390627 4.218883343 
-7.782351844 19.181408206 -4.068133894 
-7.186817578 19.438038973 -4.082415649 
3.691333211 4.969923670 3.248138353 
4.253281303 5.318628983 2.241680993 
-7.044994790 2.552986618 -0.696468400 
-6.794044080 2.027681027 0.117744340 
2.181648068 8.635298881 2.178349132 
2.459577372 8.904575482 0.398508851 
-5.763247305 6.444197182 -1.956011704 
-6.662894129 4.414104342 -5.228037859 
0.091915696 3.650020385 6.985130702 
0.934599299 4.116614618 6.662101318 
-2.042130518 5.654248881 -4.475827290 
-1.226220655 5.785520562 -4.561540046 
-5.365578356 5.580271814 5.753887089 
-5.491932531 5.573812408 5.784328764 
-0.587445084 4.798410482 -4.208437356 
-2.194326580 2.930426136 -5.079031048 
-4.605080025 5.333147763 -5.469336364 
-4.722780716 5.520806734 -5.468246408 
-2.003150695 6.509531358 4.675210394 
-0.387987343 6.976018162 3.799273647 
-2.134285263 6.642562071 -3.763430768 
-2.865423427 5.997662029 -3.839134110 
-0.688209480 7.291864762 3.447389487 
0.071746107 7.300973867 3.222555931 
-3.562795183 6.462280006 -7.293878569 
-3.612117677 6.455935088 -7.294805388 
-0.722764467 7.905733101 6.979585288 
-0.945141993 7.848301497 7.040953365 
-3.802064143 5.946886286 -7.246022535 
-3.737919321 5.938027616 -7.225229975 
-1.084325074 7.186428741 7.106537145 
-1.080875668 7.123129394 7.110836562 
-6.931459530 15.633158081 -4.381911552 
-5.823922972 14.993057675 -5.681684368 
-3.857453284 17.402330400 2.489426345 
-4.148750636 15.693011060 5.220489773 
-7.700157267 17.904954598 -6.179759059 
-7.862954831 17.867632591 -6.148435022 
-5.531573234 18.778635584 5.793179473 
-6.108570365 18.459478773 6.016212309 
-5.687722911 17.594657388 -6.404988027 
-6.639608257 17.117097447 -6.566103986 
-5.894160401 12.307726527 9.394338899 
-7.190695836 16.942520882 5.975228938 
-0.802500641 14.157540595 -5.112859700 
-2.121810609 14.398336907 -6.274724001 
-3.557731858 13.186738106 5.263026736 
-8.675671908 13.003675053 4.214274592 
-5.534449499 12.740874725 6.586103860 
-9.063541935 13.633548178 6.722412211 
-7.693277139 11.897009498 -5.055636833 
-4.793117951 14.101335150 -5.636929367 
-10.111677236 17.070045283 5.030918950 
-9.915207225 17.109837561 5.206532093 
-4.071092161 19.360163234 -5.551735964 
-4.597523864 19.187530621 -5.747174679 
-9.672942471 18.109720097 2.112873810 
-9.831775645 18.018100626 1.856703125 
-3.852625576 20.416467738 -1.810543526 
-3.758105131 20.455874143 -1.680281640 
-7.802250463 15.437573994 4.127503688 
-7.023277606 15.437713017 4.881380619 
-3.979133496 16.932828112 -4.001972895 
-3.893906255 16.676232127 -4.441786528 
-2.101406199 7.236303912 6.615061571 
-6.360589638 6.700829827 5.946382501 
1.652231264 9.440245672 -3.894071443 
1.066630454 8.761054622 -5.427539195 
-3.694305819 4.748288584 4.915431876 
-3.087812565 4.134598692 3.785556369 
1.067472092 5.512524156 -3.672173710 
1.123950072 5.517365999 -2.995622582 
-5.703347587 7.814598407 2.456853765 
-5.447222117 6.462716148 1.961001231 
-1.171888582 8.889839844 -2.894995475 
-0.837755347 8.120582910 -2.907740874 
-3.204101292 6.038731062 3.904697536 
-3.743364317 5.567176510 3.519152193 
-1.569988712 6.881550671 -3.908008906 
-1.514230104 6.570442397 -3.850569928 
-1.125593391 3.917807882 -4.124385841 
-7.553150819 9.379018447 -5.032969385 
-1.127385311 6.731785186 3.769358904 
-0.686242690 5.747107359 3.620150414 
1.906955690 3.487620161 -4.375097197 
-1.661290551 5.530309041 -3.515811059 
-2.427500822 5.508931890 3.431307543 
-1.769296184 5.688723606 3.385938137 
-2.686464964 5.470335719 -3.557944134 
-3.220390694 5.790175299 -3.744788792 
-2.518873385 5.417945329 3.614171035 
-2.320917292 5.930335612 3.896006082 
0.666854256 3.803793810 -3.936117784 
0.153413257 4.367444751 -3.967329601 
-1.976753944 5.682910727 4.534656790 
-3.963355462 3.866335288 3.233357278 
0.032727966 27.433977733 8.811152438 
-0.767549444 28.430298842 7.833697767 
-16.641555062 17.006978696 -11.607365225 
-16.496713337 16.535537260 -11.842014851 
-5.343782543 19.509006424 11.838049412 
-1.718417812 24.236598018 10.544931409 
-16.389400160 16.615619282 -10.332348762 
-16.655491865 17.692871523 -9.884582952 
4.117777557 26.057559449 7.560017492 
5.299592150 26.422923255 5.718779189 
-20.055775804 15.695973597 -7.360620898 
-20.051351311 15.929659001 -7.072458760 
4.201380391 27.571241817 6.375257673 
4.956194767 27.873068037 5.173892291 
-19.829876454 16.669052433 -7.950670547 
-19.248271838 15.906039518 -8.971618327 
3.395100516 6.585061108 -0.433239356 
12.576315793 11.828575401 5.078045775 
-17.345657794 1.385892728 -5.314985386 
-17.628342643 1.439914926 -4.648880689 
3.592352104 5.856476198 -0.565502032 
9.433298816 9.796867112 6.861408195 
-14.303727264 2.776429792 -3.573450106 
-14.203731142 1.274781680 -4.616737883 
12.802911894 15.060133798 -0.834657493 
13.041662782 16.051764408 0.505446681 
-18.746792744 4.999400544 -6.694279455 
-19.008085738 3.996036128 -4.112058435 
13.229762054 15.342456834 -0.690069049 
13.402045903 16.367971908 0.444255271 
-18.759271472 3.387779085 -4.585906808 
-18.222485492 2.563613254 -3.570383671 
12.218788983 17.999480748 1.728882219 
12.458011464 17.372077476 5.903966151 
-18.487895508 5.323577686 -8.443959564 
-19.056642211 5.997046131 -7.115860264 
8.543271535 19.184426230 -2.275524784 
8.845271100 18.925525981 -1.015669479 
-18.697752406 6.442662459 -6.496193759 
-18.748985907 6.826705300 -5.781077854 
9.585309116 20.649611365 7.828149763 
9.598341816 20.672219994 7.844041474 
-18.796814748 8.902926376 -8.631553626 
-17.872764036 8.805122784 -10.404047295 
10.610953113 19.549578299 8.407924437 
9.733623614 18.951363355 11.242628102 
-18.493747247 7.695918823 -9.635252276 
-19.271485184 7.929167644 -8.296617910 
-11.005431532 20.956834486 -14.508995889 
-11.052447584 21.306317947 -14.279251513 
-8.284992666 22.689239251 14.144438857 
-7.513698970 22.733715274 14.520265819 
-10.883597169 21.414062517 -13.061712362 
-10.348941506 22.213628267 -11.791741541 
-7.802913820 23.930353184 9.601531298 
-7.219276779 23.795660377 10.767551149 
-7.193885577 22.602890836 -14.879108759 
-7.011381376 23.223587539 -14.066502853 
-12.615154498 21.252197422 12.719236639 
-13.217322521 21.548394638 11.495350744 
-7.932335507 22.647213059 -14.814999341 
-7.756436067 23.269442563 -13.897671351 
-13.397744029 20.649923236 13.386094687 
-12.416419535 20.907004728 13.855788163 
-7.079238354 15.389057201 -4.416765637 
-8.399005591 15.099341186 -4.008471749 
-3.290190030 16.903765825 3.635433776 
-1.504996974 17.788826477 1.807498660 
-9.059926187 17.694957025 -4.539134523 
-9.393643456 17.561234505 -4.277863240 
-3.434153303 21.475206458 -3.917256415 
-4.706684427 19.564022331 4.330722063 
-9.144770214 10.147023279 3.467180381 
-8.134020027 13.393484548 4.780171915 
-1.689121479 16.018313937 -4.794830802 
-1.201868192 17.199964508 -2.857440878 
-9.406933447 14.359683325 -0.655414960 
-9.684369971 12.291735426 0.875400075 
-0.563342245 17.124958279 -0.903687674 
-0.462197883 17.611423310 -0.920140738 
-1.416132374 6.287260482 6.122230185 
-4.917189186 13.337289697 6.527380345 
-3.834849430 4.524397388 -5.141220548 
-2.753787748 5.300202516 -5.297183530 
-2.402437667 5.690031542 6.510382169 
-1.721186697 6.061602483 6.551007991 
-2.626609538 5.301361136 -5.823053848 
-2.534116832 5.416712852 -5.868551332 
-1.076563132 6.919987931 3.746845409 
-1.076052295 6.503410338 3.694576367 
-3.060329588 6.634347913 -3.147525840 
-2.863410448 6.040790131 -3.179598979 
0.125035243 10.969010776 7.269341348 
-1.754240718 12.657565095 5.561153427 
-6.599097372 7.462660273 -5.825811993 
-8.184110134 11.339511108 -7.732031633 
-2.838030019 5.672796836 4.671557932 
1.379903453 3.879917028 3.664371588 
-1.820743916 6.098269348 -4.770614341 
-3.839692507 0.625456120 -3.129383883 
0.915397441 5.410601058 3.175240622 
0.452223612 5.350784028 2.931881132 
-2.567187321 5.294022574 -3.568918528 
-3.379049187 3.936306486 -3.166663000 
3.495993269 7.248982371 -0.689084256 
3.954739912 4.842912738 2.296957863 
-4.309793023 1.487591922 -3.164896971 
-1.952603952 3.256755686 -3.352648660 
1.185692260 8.858819185 -3.686244757 
-0.677903642 3.645865591 4.253662038 
-5.460128066 2.832654452 1.029535662 
-8.212579353 5.787514261 1.569673628 
-2.785911781 6.081541261 -3.961120869 
-3.743159805 5.426857756 -3.400230039 
-1.142223991 6.943991890 3.453165601 
-0.144995154 7.070636078 3.269443357 
-2.835035164 4.164584770 -3.666465843 
-2.273736249 4.148741135 -3.792432481 
-2.569009029 5.449548348 3.439890807 
-1.857770338 5.656779522 3.400498872 
-7.567315508 12.379012339 -5.607876048 
-9.815875124 12.544502628 -2.375278486 
0.590520085 15.988544057 0.857375117 
-0.048881401 15.846868290 2.982209177 
-8.192502171 7.069205199 -5.854537276 
-6.287933681 7.331541942 -7.193834548 
2.124417819 11.382698549 5.825747296 
0.412431873 9.927731244 6.581917309 
-1.944913373 5.994588857 -6.586865494 
-2.084039912 5.923338787 -6.573516129 
-2.832005257 5.223241736 5.782788896 
-2.848274296 5.297888518 5.841374213 
-0.341048748 14.205097912 -4.729551923 
-0.209838007 14.402170742 -5.601648891 
-3.978551314 4.168958234 4.754663848 
-3.061150524 5.201653524 5.316643777 
0.440875720 11.170448914 -7.010845185 
-1.983200305 12.604208313 -5.687885417 
-6.407051836 7.387966014 5.900146342 
-8.855673889 11.008561102 7.409039689 
-0.703067687 6.916991113 -3.792012427 
-1.252438589 6.423896554 -3.765694705 
-3.175145676 6.603613002 3.126086945 
-3.024916860 6.007721234 3.149365469 
-9.190286140 17.748132132 4.477912126 
-9.174044280 17.765177957 4.304574628 
-3.040423540 21.663996599 2.583478654 
-7.937557231 16.205571254 -7.379191062 
-7.547615687 15.225523564 4.202873936 
-8.290756075 15.148941337 4.033383663 
-3.693393679 16.731264411 -3.938308366 
-2.521359241 17.487634845 -3.306455205 
-9.396901255 14.407841338 0.178549058 
-9.558530855 12.370126450 -0.976445924 
-0.452871850 17.127414179 0.623566416 
-0.408913693 17.599938897 0.752788013 
-8.782702467 12.806704946 -3.813172823 
-8.417717302 13.219819013 -4.631630585 
-1.350822057 16.164885675 4.451130958 
-0.926460452 15.845496638 5.164820365 
-11.244542835 9.039995739 6.166692053 
-2.385364092 4.113841062 3.738299683 
-1.045513643 4.525044803 -3.674297964 
-0.944371459 4.737648114 -3.383568936 
-2.610568079 6.109186398 3.861965578 
-3.857808698 5.358298586 3.341883061 
-1.494133062 6.818006293 -3.577516178 
0.155464212 7.236560167 -3.029650436 
-7.807508984 7.071481863 6.143105887 
-6.731598054 7.380550428 7.054220845 
2.309586227 11.769812799 -5.652900947 
1.685798533 10.533210174 -6.512940403 
-9.349836420 12.349649952 3.588461752 
-9.843982360 12.521964158 2.355278082 
-1.984757440 14.442033560 -5.660717850 
-0.129429474 15.816330405 -3.143495933 
0.859227012 5.405689013 -3.223843367 
0.322553455 5.316032319 -2.980067911 
-2.592312869 5.280576213 3.565596598 
-3.350069210 3.952589881 3.192281107 
-2.775470456 5.624663117 -4.683398431 
1.264144789 3.836321629 -3.748112034 
-1.933098290 6.044456943 4.782847074 
-3.903585796 0.577919737 3.073623938 
1.779358117 9.008957362 3.095904397 
-0.785812852 3.595800557 -4.275127548 
-5.447679110 2.832571492 -1.126776253 
-8.172887511 5.808059174 -1.837788238 
3.568784996 7.219944519 0.509323274 
3.935509277 4.872703357 -2.238534455 
-4.367206313 1.429739800 3.003792515 
-1.985770013 3.259496773 3.345429159 
8.053761678 4.631473895 -4.793253952 
9.227160299 9.771402859 -7.304751894 
-12.336073764 -0.332250467 1.327230761 
-14.180727468 1.215963424 4.643982394 
11.421451804 11.898547901 -9.063805014 
11.956859773 12.199285224 -7.798435507 
-17.649229512 0.618810293 0.985495452 
-15.855405826 -0.097166824 -1.598662218 
13.120664313 15.188928144 -4.352307764 
13.172790879 15.712815459 -4.343386505 
-18.784847626 2.647083720 0.741555424 
-18.759587278 2.801399894 1.203274672 
12.544988555 15.336068255 -4.832321669 
12.865704080 15.881346016 -3.292553983 
-18.694873731 3.182024105 0.605730398 
-18.811101285 3.534955675 2.718488615 
-1.244372724 22.758859901 -11.622745403 
-1.673591899 22.108393034 -11.470706948 
-19.579061902 19.413339847 7.091477601 
-18.256772775 19.750632083 8.006316406 
0.738928749 25.812160635 -10.029214080 
0.784314998 26.815212664 -9.076111340 
-19.613037608 19.816533767 7.761749847 
-20.043834954 20.173405589 7.156249886 
2.618541376 25.851276470 -9.777162294 
1.894624000 25.739799290 -10.220708006 
-21.849612455 16.519998400 4.210697876 
-21.134608358 16.882682847 5.438374058 
2.269878844 24.561695050 -10.341172140 
3.647301906 25.335572694 -8.848066214 
-20.418196187 16.206549578 6.455739034 
-20.035228066 16.041252191 6.797033093 
-11.394074575 21.884010168 10.114273809 
-11.446859898 21.641444627 11.568885635 
-7.460134234 22.318399374 -14.407714240 
-8.163730413 23.421653538 -12.350160107 
-10.924236574 20.574395109 14.937669197 
-11.208714159 21.412833697 13.834075016 
-9.232956613 20.935299543 -16.073901138 
-9.330162933 21.786391781 -15.302288762 
-7.218185790 23.672825753 13.748817052 
-6.870742455 23.556801623 14.122721763 
-13.018239781 20.616327138 -13.777404566 
-11.457824179 21.023170708 -14.410076385 
-6.663620214 23.859240854 13.178777568 
-5.798708701 24.128022301 13.318905897 
-10.891258720 21.373163371 -13.904543180 
-11.170345857 21.547481798 -13.353623795 
10.765965580 17.416034627 -8.055072583 
10.225439502 18.135988170 -5.671701867 
-19.091167399 5.755901464 3.428447321 
-19.360321515 6.341610380 2.808541999 
11.553222124 15.910723508 -10.490327313 
11.985442642 16.439814311 -8.846057065 
-19.586442569 5.011890004 5.960714248 
-20.012646731 5.138845629 4.519972149 
9.363037797 18.915962395 -11.270666265 
9.421277845 19.003642139 -11.452655176 
-19.718091368 7.317802546 7.628305816 
-19.534473957 7.701355579 8.366962346 
8.660844887 19.138792427 -11.698369880 
8.929987273 19.525466072 -10.480457228 
-19.832429897 8.074489116 6.223129066 
-19.106813146 8.015487762 8.128295692 
