2.710070976 40.663555106 -3.892893758 
4.172723062 40.074426656 0.652813718 
-29.865179876 25.606990937 -5.629006700 
-29.058855163 25.892114195 -5.223095054 
2.554022607 29.190173920 -16.105581930 
2.044298745 26.823184611 -16.609024928 
-27.167019982 17.485591096 9.329993700 
-26.063376068 15.774876455 9.364000920 
-14.012598211 23.618516675 -7.219724076 
-13.128729926 21.455878129 -7.062473596 
-9.146221867 28.045068352 8.192686655 
-6.801756257 25.436423484 8.269679628 
-13.766824789 31.515253824 1.012985807 
-13.794287366 30.226605080 3.332840901 
-11.025920780 32.879869265 -1.708724256 
-10.252650365 31.947502853 -3.954396823 
20.179037218 27.747725045 6.686908595 
19.408022068 26.805832990 8.597764805 
-29.427460418 6.098454249 -12.809281807 
-28.602137487 5.459524833 -12.748235358 
1.681029394 34.034741176 11.869348197 
-0.025605014 33.805137334 9.459205341 
-24.526309566 22.164704359 -11.734833572 
-22.695131612 22.770064380 -11.791820638 
-5.870808261 14.704705365 16.783931076 
-6.191168731 14.726862192 14.967615208 
-7.577921442 15.116267706 -17.139851215 
-8.749572704 16.406847995 -15.773218297 
4.077277734 9.682529091 18.905626405 
6.176834012 8.563796332 16.750324111 
-11.353973074 4.925580801 -18.436973331 
-10.786260017 3.032465663 -16.610726031 
19.598911547 10.769614520 17.040087436 
19.227393033 12.147444827 16.732494288 
-19.846354618 -2.817417885 -19.112375583 
-20.021564929 -2.281124078 -18.431939924 
3.017826006 3.318424325 21.389304823 
1.045066911 4.018926331 20.858528171 
-5.134068512 2.813868869 -22.968247037 
-4.867719830 2.323044852 -21.233399861 
3.963724769 0.431448841 5.089960862 
2.599132866 -3.274211726 4.858525588 
-4.582673192 -2.904086925 -3.469750194 
3.301410319 2.289377966 -4.490390848 
13.837194277 2.873420780 -0.331904870 
14.383168495 4.639246132 -0.412249985 
-0.216647953 11.299195659 8.750331071 
-10.852714459 -6.205185317 -1.259073084 
-9.538450818 16.227139887 -28.638546856 
-7.951284175 17.173919650 -28.274738064 
-11.261507651 13.091182938 28.228352015 
-11.153141247 17.042128985 27.197893641 
3.091142126 4.909195845 -23.539191791 
3.015899994 5.007731945 -22.456027733 
-12.073112845 -3.045913279 17.039620024 
-11.108468871 -0.758413337 18.490187223 
-8.349968110 0.986473097 -13.980537647 
-5.237527609 4.422405957 -3.382559127 
6.493843398 6.907579195 12.101580970 
4.856675698 13.252122498 0.430711544 
-19.026102423 7.539968857 -13.990479822 
-18.440191459 9.523411783 -14.302818689 
5.686936208 15.799444963 18.748060658 
5.910555232 19.585964811 16.035185142 
14.305279978 15.552909640 -10.713865302 
12.061450214 15.277109865 -11.439905281 
-20.106786230 0.159848588 6.016642969 
-18.686005047 0.844744618 6.303415490 
18.344699108 29.669546627 2.940565272 
16.462959502 30.983225274 4.658198798 
-31.478080129 8.614294384 -6.461694714 
-31.601859506 10.327751929 -4.809481546 
10.444002923 15.881601314 16.412034307 
9.120939363 17.771563502 16.819402154 
-17.882087540 4.932711185 -16.173930255 
-18.120833161 6.462320929 -16.330447358 
8.487115348 7.278735025 8.945718313 
-2.396228236 4.437246256 4.798092755 
-8.963491506 0.102890425 -9.282538770 
-1.960097806 4.086608144 -5.111998169 
-2.083259414 30.024340346 -11.157944759 
-3.438574359 29.418812611 -9.461512999 
-21.226021692 23.465407317 6.601587458 
-19.412866273 24.035388247 5.981809261 
15.542697636 30.754777569 -8.874827689 
16.757288900 30.618844147 -4.231131135 
-32.081506523 12.492696532 -3.905731303 
-31.617884381 11.840259725 -3.896136584 
16.301266464 13.247851361 -8.487029581 
14.910379568 13.597465738 -11.010182119 
-6.014248867 -3.849078029 -3.173218520 
-6.341107074 -2.484264832 -0.355376038 
2.386309557 13.372564901 -14.975271735 
-4.013279350 5.697144024 -4.319853325 
-14.476785731 6.061436405 11.515851776 
-10.796733380 7.108837093 11.647779188 
-12.489822678 21.390139841 17.302413419 
-11.762388943 19.806371636 16.735830925 
-7.609647017 20.640862347 -19.616418504 
-5.601452923 21.081854904 -17.817480662 
6.640809514 28.848799035 20.790004125 
8.735881861 27.313528530 20.340768922 
-23.264720201 13.159724991 -21.128039716 
-23.850730541 12.591189659 -19.914143407 
2.956362295 33.536463007 0.762904654 
4.684834545 32.632213440 0.209708158 
-24.684847713 21.383746514 -3.339741317 
-25.065344863 19.403225157 -4.082657188 
-5.595171733 28.692799806 0.098650537 
-7.142899107 26.677159986 0.213180037 
-14.628996660 25.480040306 -1.112708375 
-12.306524464 24.737536881 -0.636888396 
14.645866968 16.297382495 -10.621927268 
14.113880037 15.010225272 -8.629434536 
-22.238758592 2.033678250 4.773284786 
-20.271104197 1.640792636 5.033878680 
7.214487958 27.875388535 -21.326103766 
3.041699401 23.661677835 -25.387463728 
-25.639020374 14.123840326 18.090861035 
-24.612912647 13.706923062 18.862954230 
-1.202436550 33.547824321 -8.052141940 
-3.176948970 32.861421840 -9.735925036 
-22.078346204 24.973633676 5.249483898 
-20.154609092 26.427737396 6.207936414 
3.569859621 27.411785379 0.524849323 
2.337609129 24.805519762 2.857716040 
-19.603763953 18.136742480 -3.644899009 
-17.581117685 17.170744119 -4.050682503 
2.677601975 8.789253680 -20.989411901 
-0.006617060 7.485113141 -20.020235667 
-4.407578200 6.882090764 20.886600979 
-6.233095830 3.782305218 18.418224335 
0.329625906 26.249696595 -18.845461849 
0.817960102 27.263573188 -16.441760029 
-18.888385694 18.761392692 17.071171311 
-19.763656752 19.585850301 14.389825621 
14.959512409 22.300257108 -15.149995233 
15.703638159 23.426482838 -11.127711817 
-28.079204540 4.320887289 3.781773923 
-27.466793230 6.075378256 5.016493846 
17.797992375 11.437564350 -12.760726827 
17.347925248 10.692452542 -10.752517354 
-21.556513249 -4.625750225 4.381919089 
-19.473791384 -4.176900459 7.126807630 
-16.481933063 29.863595274 -4.116889580 
-15.877069226 28.623098889 -4.834717765 
-9.059908989 34.434028638 0.820577801 
-6.657803520 33.093528745 3.817216862 
-8.840985887 32.477425251 11.353863856 
-5.533747575 31.614355405 12.152363216 
-20.000208280 26.666373140 -10.424291704 
-18.532780991 25.655389858 -11.326322937 
6.721918972 35.499870315 -2.893024662 
7.957494638 34.229557345 1.286835949 
-27.845933063 21.244058989 4.042242335 
-27.577097741 19.403837783 3.908648326 
-0.728045507 32.961827875 -13.257344539 
-1.318806633 31.434527598 -13.628129089 
-21.376951994 25.232184089 12.820034078 
-19.460766512 24.582365192 13.739492837 
-18.614483521 6.635788639 15.346765767 
-19.031324801 6.776857005 13.625434932 
7.428273845 17.055859632 -18.699678647 
8.854601070 18.083334276 -15.610567167 
-3.196353332 3.742483349 22.187606480 
-2.075001412 -1.522963513 7.468979113 
-3.921730328 4.534247345 -22.752535257 
2.934921788 -1.533234517 -5.959684946 
-5.422788516 23.015217918 23.747251424 
-2.335550202 23.215767638 22.647315322 
-14.420761198 18.858778487 -22.571214921 
-13.950624574 18.260382323 -21.890805417 
-13.532900497 24.969166814 19.491819690 
-14.448378643 25.407633941 17.044785486 
-7.048724963 27.369616996 -19.653686822 
-6.289986177 28.383560185 -17.316047733 
12.588374739 -1.409745192 -5.530810743 
5.898722371 -2.610412744 0.415936674 
-4.219648281 -5.518772166 -0.644057023 
-4.222747378 -5.311843120 -0.301703587 
2.323919322 -0.334964554 -19.186887499 
2.151158110 1.103885295 -18.908114397 
-2.976955060 -3.698118585 16.652281718 
-3.183909600 -2.681251544 16.070587735 
9.672048087 16.025473742 -22.360319761 
8.018290207 17.198723359 -21.855399869 
-22.933362960 4.116955855 15.047971540 
-22.205747843 6.166470015 15.341916051 
17.709313932 16.344198467 -12.755199473 
17.620869449 17.261642986 -9.887484632 
-25.427921447 0.941804711 4.730789629 
-24.559640729 1.268139405 3.987409211 
-12.902000909 7.692577528 5.212389077 
-14.878667351 8.533648004 1.374570989 
5.879319298 12.806970277 -1.090052281 
6.049104343 17.095022632 -3.650382168 
-0.797726258 -1.722658358 -13.716061450 
-0.792877383 -0.946974393 -14.560431724 
-1.444336548 -1.910834183 12.765257864 
-2.879376001 -2.239937577 12.428786262 
6.450814467 -0.099847893 -1.354253605 
3.059925729 2.769575483 5.209538733 
-6.238707957 -3.551580005 1.666481399 
-5.838721569 -3.652524792 1.422221847 
-2.738136682 2.840308510 5.760664053 
-4.699512044 1.800653717 4.763450757 
-3.306128263 3.759620258 -4.554286740 
-3.800860085 3.536104131 -4.099719195 
-8.555608834 7.058741071 8.289839228 
-5.721903788 6.544475167 9.269393174 
0.757455373 10.269007560 -9.739218894 
-1.177198706 8.228787013 -9.499754646 
-16.691242874 28.992633965 -2.629300689 
-15.159527988 30.275422097 -1.945652013 
-7.091731376 33.093713703 2.434746986 
-9.126112143 32.844892464 2.011862965 
-2.599037345 4.025487309 -6.040919696 
-1.200254254 4.377642784 -4.804943902 
-4.280808440 2.274775411 5.227859991 
-4.302259149 3.028253857 3.685608423 
-3.305798969 10.979372900 -10.405569026 
-2.227123762 9.968469654 -9.323028894 
-2.274568398 11.524260341 10.716366900 
-4.440948467 8.948903301 9.449771217 
-6.357603390 2.332195115 1.156330933 
-5.492943962 3.007706720 2.909575437 
3.164925246 3.789338221 4.465969183 
3.781652672 5.218666702 2.618154413 
-1.665996767 -4.985151461 5.657694509 
-2.774929923 0.296070632 14.301351346 
5.228293136 -2.330791162 -2.217924276 
4.344477038 4.243875457 -15.016982724 
-7.126832931 -1.334010335 14.368754873 
-1.785412958 0.465017516 16.096513446 
-7.302715210 11.303467917 9.047192998 
-6.779504946 11.903733661 8.731084597 
-1.279329415 15.630332618 -8.489197859 
0.063470345 16.420481609 -6.868871087 
-9.734718470 12.168459556 8.072371453 
-10.143792650 13.998261955 5.313115393 
-5.722506214 -0.095030095 2.612690893 
-5.591714340 -2.793037593 2.544022415 
3.655584927 3.191563832 -4.893588972 
5.502057103 -0.000227528 -3.681193490 
11.286711711 4.481886748 9.333776360 
12.505983488 5.250910943 7.747567525 
-9.257664789 -4.305993597 -9.397615750 
-9.951717517 -4.490980610 -8.425125673 
8.992756166 7.532891865 13.345175046 
13.028012059 8.426389224 8.228597806 
-12.867395250 -0.120192642 -12.177719025 
-10.463991654 18.730023671 -8.438643420 
-8.347817818 19.819949102 4.231315097 
-10.594424961 18.619768437 1.697585049 
-10.862684582 11.607464932 -14.344281816 
-8.476358667 20.326268171 -3.166521716 
-11.727348516 4.943359170 4.179312524 
-13.878074667 7.544734762 5.094086254 
5.918114459 13.064739497 -7.939969698 
4.583260155 15.214093784 -9.350727544 
1.228358101 4.275771830 3.996635821 
1.114698565 4.767885057 4.179490385 
-0.331804315 4.021079837 -5.378446660 
-5.482755006 2.970040882 4.325696255 
9.748479825 7.873610805 10.237968586 
11.589969843 9.651872862 7.361368709 
-10.427661412 0.236333475 -11.641154378 
-13.094927791 0.127143535 -9.003782483 
1.324447217 5.411588796 16.280431108 
1.991325264 8.046829041 16.771478199 
-5.664436204 3.939522145 -17.183366505 
-7.935427375 5.245118265 -17.385017746 
5.517889988 -1.108987112 -1.749358587 
3.415607895 -1.336865427 5.374507822 
-3.720651400 -5.100943069 -0.626093610 
-2.058264799 -4.750202009 4.927111327 
-10.233676876 6.991032925 -4.178724874 
-10.554646695 8.322626713 -4.173065600 
2.510654473 12.297336264 6.238533723 
3.435148092 12.692438209 4.713349675 
3.994488997 13.362116282 -15.430503138 
1.394965553 14.327680894 -16.073977386 
-14.274628421 6.762517618 13.680706236 
-12.716960308 9.249621522 14.890481233 
6.671513479 4.540808701 -13.770594882 
8.325330577 4.743605912 -12.434262929 
-10.426112611 -1.376753723 12.673946219 
-11.466405602 -2.264561415 11.085264349 
-1.972285766 11.800559718 -11.708145266 
2.370264285 12.548211538 -10.296952375 
-5.954780900 10.287363035 12.175889360 
-8.668186908 8.210693004 11.220604250 
-12.328612450 15.849970526 -2.331681723 
-12.121923344 16.690038859 -0.758722095 
-0.738454119 20.678567895 3.101812858 
-1.002397381 21.177145168 0.478262138 
-4.173512995 29.918479308 4.511634591 
-5.100181975 28.564752953 7.329971052 
-14.759802212 25.522679969 -5.414474022 
-12.432311220 26.049381506 -6.334955922 
2.549267357 30.153692894 -1.501135092 
4.710426982 29.303821757 -0.657032457 
-21.355285681 20.149095662 0.640073092 
-21.936027872 18.405390292 1.266203404 
-13.764161909 11.493075502 5.656095985 
-14.524054730 12.371945984 5.027295574 
3.193603544 18.607094519 -6.589798756 
3.653493247 19.811889907 -5.419323157 
0.318383691 13.700596823 8.319040954 
2.592120388 13.805444352 6.420829542 
-9.080909749 9.974110657 -8.146809174 
-9.632779155 8.634141631 -6.890784108 
2.128603743 29.246737525 0.340162074 
3.344830640 28.375798853 -0.512488156 
-20.616147237 19.350007789 -0.801804821 
-20.724050771 18.071524631 0.318665213 
-7.813514925 30.819790984 1.139068800 
-8.721942449 30.581365609 -0.562143670 
-14.882354909 27.804197849 -1.256038312 
-13.610913975 28.529636505 0.564307963 
-4.241470899 8.623874070 -10.819903893 
-1.096694293 9.814069631 -10.562670975 
-3.654793345 29.108375159 7.738740088 
-6.601401425 25.265118853 11.125431145 
-9.075420260 3.764672381 1.688727936 
-19.466611011 20.731061469 5.266709569 
-3.509379157 29.507374683 -11.895673426 
-3.324081354 28.011560627 -12.378385630 
-15.355134491 26.903737230 -4.632432861 
-2.494332473 35.042685056 8.912206319 
-21.541296306 27.856547190 -9.712653975 
-21.173264050 26.876926463 -10.018586050 
-2.441373208 36.355193103 -2.884044657 
-2.080834962 34.641509511 -5.852225737 
-22.898143346 27.410252241 1.733228250 
-22.940651784 25.750686190 2.614454749 
-8.065983005 19.206936659 7.869636187 
-12.185929184 17.025426770 1.933919213 
-7.250714270 14.627974521 -18.083561299 
-8.911368563 17.524618000 -15.937643919 
-6.278886509 2.686643099 2.899564795 
-5.998429089 2.625028870 3.342969573 
5.045747632 7.933996137 0.215964170 
-1.430786757 -4.638800083 -5.494443856 
9.929509054 2.526080976 8.957449523 
17.864528354 13.790088172 10.284908475 
-22.143106755 -0.947068817 -10.612385422 
-21.313180042 -0.808123115 -10.486134815 
10.296439342 11.540456273 13.466406439 
11.330264382 14.302082419 11.713951703 
-24.983990934 8.565926105 -11.665461481 
-23.695762830 10.563164182 -12.590740096 
-6.317063956 1.350454222 -3.013065972 
-5.619853134 1.247375565 -3.704050291 
1.495537994 3.120294097 6.198768711 
-0.076792326 2.812655704 6.797875479 
8.308224149 1.383682654 -4.287954542 
7.906873880 2.846369734 -4.830505028 
-6.119912231 -5.552360200 3.408806435 
-6.616085007 -4.286143159 4.704792034 
9.987771191 -2.010491526 13.365454044 
10.422618761 -0.178893014 13.821634902 
-12.230375816 -8.468195189 -9.242219430 
-13.408207607 -7.304950776 -9.354369230 
-7.255005871 -6.384134132 10.659991186 
-8.686014179 -5.198196557 11.560246229 
-14.010657661 -7.054761757 -7.435052737 
-14.489810651 -5.480931029 -8.675667822 
-4.860241605 1.826527803 4.764145325 
-6.093395595 0.499719517 2.171438303 
2.575412099 3.507610523 -5.419613897 
2.706813863 4.614581951 -3.882185473 
-13.302828491 6.263732785 3.558252389 
-20.088520875 9.421056538 -8.878515060 
11.115195731 19.136936124 8.960934812 
10.311880556 20.463361318 6.680355361 
-7.307202765 2.044162751 -15.595994033 
-13.825159330 20.391240719 -20.503427786 
6.424645137 8.081728561 15.359954175 
2.497516655 8.715988450 17.506670888 
-4.552912169 13.782747305 -24.619609765 
0.016192880 2.160793600 -15.124639775 
-6.782946772 12.650314466 24.056740144 
-9.290525841 11.461743544 22.873266050 
3.309438999 1.099401610 13.260846025 
4.853717938 1.392289627 12.497051431 
-2.154854068 -5.478223458 4.862492929 
-2.488457848 -5.209019325 4.689538098 
-3.166605778 6.311799115 16.849502540 
-2.614736689 11.871548650 16.979235651 
-6.151979844 9.671087441 -17.238057711 
-7.359026206 10.847325352 -16.818706746 
-6.130940480 3.202758188 -2.909401427 
-11.754215182 6.991980121 1.006912079 
2.603998874 4.508157306 4.206325906 
0.620693192 20.412523659 -1.240214327 
-5.543847300 1.199959997 -4.233286344 
-5.231926778 1.278603070 -4.567770691 
3.603492367 3.921751946 4.241963263 
-5.376027232 -3.178167121 2.126281774 
-1.464900570 3.315481348 -16.100292541 
-2.124141702 4.970907507 -16.912255482 
-3.924521561 2.178628397 16.085088185 
-6.489390960 3.164630815 16.461402461 
0.874835465 4.149348810 -4.352566567 
-3.449518504 3.357467662 -4.440407213 
-6.394101940 -1.698200791 -2.152972773 
-4.797526723 -2.436567165 -3.846505947 
-12.792912337 18.148387794 -2.797937855 
-10.038538816 12.011036751 7.692607641 
-1.750089506 22.531949015 3.755504301 
-0.803378015 15.998966042 -8.132794059 
-5.669949167 0.423822869 -3.354808639 
-10.625862985 3.162649160 -0.743608666 
6.124741567 10.599203364 2.993248114 
6.072967963 13.715881702 3.937783226 
-11.070595979 29.232121192 -4.090102972 
-11.066604368 29.547261877 -2.059301363 
-13.321943770 28.447246677 3.179724894 
-12.246879390 29.134403121 1.605287580 
1.804236664 28.229961603 -5.223417549 
3.406469905 27.939588340 -2.343591614 
-20.538326032 18.689102731 1.740410851 
-20.612909450 17.606111461 0.299610553 
-10.563247929 6.806876445 6.626370354 
-4.288421248 4.451338176 4.162209743 
5.380108752 13.892676361 -4.793905211 
1.860430098 5.959751286 -3.429160167 
-12.982695002 7.977354513 -3.595075684 
-13.922813245 9.101043398 -2.771213187 
4.339120974 15.760314943 5.671417911 
4.951111225 17.265120268 3.671510853 
1.339131766 28.584697109 7.965769486 
4.919700170 28.179199139 5.101340177 
-20.449750420 18.714325136 -7.522260508 
-20.927539850 17.553248352 -6.996853882 
-7.035970142 29.539812968 -2.438176741 
-6.955467274 28.609439881 -5.162830421 
-15.052154679 26.072710795 1.767536735 
-15.249356882 25.038774091 3.813109814 
-0.061649844 4.053037994 5.062839573 
-11.344306370 17.050970547 1.568010567 
3.303031220 3.568453793 -5.072098725 
2.505060084 4.550156480 -4.462413067 
-4.792831912 1.757189113 4.250574899 
-0.928682512 4.766946149 5.114784663 
1.773019747 3.519391016 -5.675963637 
-1.792449152 3.738217013 -5.759972896 
-10.489448838 6.385142743 4.661026742 
-11.500826981 15.940994214 7.623029312 
-2.459818794 18.735390206 -10.381930619 
-3.761168799 19.574943959 -9.078675204 
3.259967146 -1.540836200 -5.280350856 
3.425104462 -0.828666628 -5.726407344 
-3.759551650 -5.037508151 0.657243312 
-3.834299148 -5.036082856 0.220656986 
10.004587454 5.110820270 11.414218008 
10.870844453 5.081204316 10.153224003 
-8.622785245 -2.773647568 -11.996929605 
-5.368052665 -5.597861138 -1.151541797 
1.605933075 11.739344490 16.304786703 
2.185252070 14.147632827 15.225855531 
-8.086854154 9.094448057 -16.649962304 
-8.649432215 10.707745686 -16.080042106 
2.970118136 4.550659079 -2.569308252 
1.287329488 4.582679538 -4.211528347 
-4.659584685 2.574589213 3.563379544 
-3.933624915 2.534823973 5.398366275 
-12.245265604 4.512503419 -3.247829943 
-14.436899658 7.215337822 -4.047490946 
7.014178722 13.419860971 6.460718647 
5.269273196 15.270046113 8.867627087 
0.464239027 7.149953740 -17.125570876 
-1.782591969 8.414497946 -17.780622293 
-10.950381614 4.052554046 16.064449528 
-10.242228843 5.991399718 17.051569898 
8.933804555 7.866172609 -11.822531134 
8.797187123 8.888012278 -11.581746340 
-14.179816561 -0.514687995 8.124076131 
-13.681071102 0.490075562 9.192103946 
1.353976971 12.779988310 -9.635578338 
1.148768591 14.360303362 -8.047185127 
-9.601171279 8.288938331 9.159985268 
-9.204393247 10.149513866 8.370583430 
-13.595679388 9.432113292 -5.809520660 
-14.560725419 10.147541823 -5.109809564 
3.998244673 16.343804779 7.507317194 
5.013480261 18.151925772 5.652524293 
-10.939514537 29.838196136 -0.968185899 
-11.594426776 29.354639614 0.850446599 
-12.102758563 29.376324396 0.762333500 
-10.672094567 29.752263843 -0.729434613 
-0.468634122 30.227688916 -1.201043160 
1.551018735 29.387790418 0.669426885 
-19.304845641 22.313870995 0.532755939 
-19.529805124 21.114004730 -0.070649063 
-13.761706832 15.571180860 2.630267872 
-13.971423585 15.462468098 0.991509546 
0.013028928 21.363782036 -4.477904287 
0.552031741 21.677319636 -1.335291715 
-1.525338381 11.069086127 11.905887000 
0.425925702 10.546331792 11.399056042 
-5.570029342 9.637058572 -12.710246841 
-5.700791969 8.273756788 -12.312980104 
4.594171775 28.553778721 4.789561632 
6.898170232 27.406405839 3.286511891 
-21.637238458 17.273318116 -5.717314646 
-21.641425058 15.801059896 -5.980888723 
-1.770614424 30.266936341 -3.225703886 
-2.809311846 29.540973361 -4.698393591 
-18.220713615 23.641042665 1.513472954 
-17.199819533 23.573450314 3.666711561 
-13.508213256 17.238564950 16.519711734 
-9.885475885 18.974784975 17.520129677 
-7.411393205 18.690875811 -18.846347932 
-8.036297902 18.539769999 -18.723771226 
-14.405307282 23.567952709 -10.758083841 
-13.523526669 23.992275374 -10.825334220 
-3.612537735 27.865749353 9.738438549 
-7.156159504 26.428589933 10.949372125 
-5.893072639 3.723768850 -2.808686426 
-4.707451640 3.696499146 -3.663257078 
2.952626056 10.975011399 -3.937582896 
3.567366376 6.849136182 0.495547858 
-8.095766036 4.747990216 2.470909629 
-4.717101460 4.398877671 4.277056358 
3.310645284 7.978095929 -3.735903269 
0.383607934 5.830604856 -4.942993730 
-1.020473133 -4.497987945 5.533175570 
4.610535134 -1.628145816 3.389512803 
-1.722411999 -6.871893977 -3.745512281 
-4.510099434 -4.962608031 0.132682642 
-8.908167373 1.455911920 14.661567458 
-8.775496516 3.283439359 15.695447426 
0.509753816 10.597454715 -16.618878772 
0.530168763 11.431211468 -16.504238932 
-7.679275717 4.830005165 1.054166353 
-11.270447204 9.271472459 2.344049678 
3.734999012 13.604560750 -1.477793146 
3.567248526 13.557578505 -1.405116285 
0.097889843 3.040804702 -6.052756737 
0.361037894 3.180860033 -6.289674902 
-3.243794355 1.153021785 6.443324520 
-2.803535693 1.373085328 6.464085111 
5.416391035 9.863279421 -15.153821092 
7.167553039 12.061045569 -13.915390426 
-11.874212790 3.493243893 14.176035023 
-13.844129777 4.848519610 13.345992630 
5.428032061 -1.745864281 -2.720394038 
4.484229184 -1.756528040 3.410774892 
-3.866174649 -5.255327472 -0.535642329 
-4.052741490 -4.619407647 -1.081549736 
-6.464910663 8.647929651 -4.987070803 
-5.103520269 3.359431745 -4.297769162 
-0.920526192 12.295252574 6.338962872 
-1.571768551 13.190529162 6.313090520 
-8.473955467 8.564191609 -6.300554586 
-8.067945450 9.394156627 -6.883120028 
2.179344934 12.901849815 6.279508307 
1.993344504 12.415842132 6.866524682 
-22.414329239 17.171836770 -5.570032744 
-21.644191682 18.667301648 -6.630767823 
5.822478569 28.236942988 6.458565094 
3.767378559 29.524143910 5.746351514 
-19.656097387 7.519657063 -11.436502715 
-19.906975186 8.638085658 -10.420923366 
9.809300011 20.642964229 11.198387308 
7.158954641 18.835373437 14.469965035 
-3.341202482 4.170203857 4.580691488 
-3.293561005 4.293674802 4.517768787 
2.149612309 5.036145540 -4.146671278 
2.192725314 5.130308425 -4.071411657 
-9.660767141 3.865315625 4.249615611 
-9.897331351 11.215058432 7.660124318 
3.196851469 15.088624630 -6.593987630 
1.159007471 12.022570614 -6.947882769 
-6.912368209 7.604177078 -10.090382099 
-4.884662349 8.424967299 -10.626078320 
-5.224018501 31.332220334 4.695412490 
-4.251394581 28.456322944 7.201197717 
-8.832338293 3.948727958 2.496770711 
-15.265327979 23.588724190 11.826344007 
-5.841868892 29.056172198 -14.487256575 
-4.908473518 27.561768485 -14.655166334 
-1.874658461 36.829188738 5.876275574 
-0.804481869 34.811926205 9.607172509 
-23.520585844 25.685678135 -10.076656078 
-23.488986713 24.309761779 -10.080867251 
-1.780696618 36.428432387 -2.432701600 
0.746696609 34.892205317 -4.853891904 
-23.834229292 26.820666269 -0.159164881 
-23.981406473 25.018152731 0.827405510 
-13.449103023 16.292993373 2.368842832 
-6.860517695 15.081044553 16.760679105 
-8.102738164 12.454648487 -18.890930004 
-6.178387954 14.224682668 -17.617323075 
9.545852279 1.299529073 12.280370015 
9.000370307 0.811159499 10.630256404 
-7.603075061 -6.031163326 -10.906700570 
-1.321765100 -4.590989071 -5.555481612 
19.137174866 16.543351355 9.726784958 
20.216061525 15.484360179 4.050927703 
-23.640540557 -0.596896889 -9.049816634 
-22.500733767 -1.410494599 -8.104585658 
12.645758141 24.699737433 12.784383808 
10.909892566 25.880226565 11.786730619 
-25.615360501 8.684507493 -10.629040154 
-24.910582689 10.356822443 -10.380851007 
1.504731441 -0.715021775 6.927935063 
3.674259113 -4.063222430 2.173863666 
6.601507868 2.830312358 -1.715725388 
-2.592936669 -6.201277436 -0.236214965 
1.995284489 -0.578107793 -7.243309048 
-1.562469415 2.483225357 -6.774956034 
-5.805231189 -5.823183510 3.253856013 
-6.670977958 -3.357643792 6.640948795 
10.566633366 -1.369878694 12.947882550 
12.164031897 0.928955440 12.327372013 
-11.200369235 -7.752545733 -10.884412512 
-13.841985121 -6.837971480 -9.336290949 
2.802284679 -2.785469313 13.883346969 
-0.726960764 -2.145967469 15.377577500 
-11.921041241 -5.957225732 -11.656407979 
-12.112430601 -4.310644806 -12.664190553 
-11.341998545 0.711694163 -13.530652854 
-9.853554148 0.754200516 -12.609709691 
4.466232315 4.349912522 -2.785309988 
4.180444470 5.465234334 0.329611600 
-21.918104409 16.111879911 -11.833953328 
-21.053265073 15.552683585 -11.060273990 
6.127840371 26.104220391 12.914958156 
4.768079954 27.554996696 10.697258783 
-9.713031602 21.654916785 -23.416351496 
-9.320949708 23.577478287 -21.821654327 
-16.273367083 19.858962344 21.215125247 
-13.738837921 22.287882429 20.631297905 
-3.938994908 13.716203622 -24.624388894 
-2.069152268 13.309398968 -23.549452755 
-11.362640487 11.335440324 23.216299021 
-11.243217102 10.169352640 22.084575383 
2.616318750 -2.147565518 -6.379110501 
3.190134201 -2.626066767 -5.768569628 
-2.445744772 -5.080926213 5.128078633 
-2.511084092 -5.148855266 4.748021173 
2.003397075 11.447394568 16.190422807 
1.842130021 13.417572319 15.898707832 
-8.421875203 8.599410491 -16.760849778 
-10.502106841 9.499997383 -15.910319307 
-9.759449162 7.761438336 5.103042657 
-8.230716509 10.655401851 6.810758247 
3.227116115 12.566775050 -4.679134943 
0.755983067 14.250624398 -6.955622147 
-4.985655808 1.204000926 4.196686790 
-6.733882902 1.312139108 2.397597246 
2.183842465 3.050133535 -5.420476907 
1.068130639 15.324909668 -5.863986808 
-1.094925585 3.306684838 -16.017000386 
-1.279738274 5.360949184 -16.923040284 
-9.432164916 0.030627688 13.660442959 
-3.296602899 4.244211592 17.063231186 
8.576912565 5.143529910 -9.714918489 
9.600163651 7.003816866 -8.795062268 
-10.633433419 -3.021989527 3.833842315 
-12.329844774 -1.681374142 4.770240809 
0.128922072 4.259137967 -5.801247879 
3.545850114 6.457061973 1.379876320 
-3.581426478 2.567307938 5.594354401 
-7.117946850 3.997428587 -2.259097354 
-2.530184334 4.343642361 -4.321070654 
0.102290013 5.081918962 -4.439134947 
-2.009387533 4.364074321 4.584268977 
-2.457955352 4.692827755 4.949818477 
-10.360360407 29.538195294 -3.828228804 
-12.000698963 29.084519192 -2.101476136 
-12.299424393 28.909086829 3.499309629 
-11.786057492 29.289366579 1.829124558 
2.122831845 28.550330054 -3.524652669 
3.499245975 28.059482802 -0.517535039 
-20.706107824 18.415119781 1.377896347 
-20.527331924 17.583593549 -1.449049201 
0.710396008 13.995693334 -7.805499414 
2.726758260 14.798452402 -5.515530560 
-9.331941865 9.838759013 7.788015061 
-10.613203746 8.856661004 5.721939317 
-12.619817398 8.246785216 -4.543212942 
-8.204209847 5.039982055 -2.473822866 
3.317060153 15.174966773 7.591396236 
3.528097011 8.657619964 3.031012831 
1.412254009 28.661789366 7.730883023 
4.671449731 28.158130450 5.368820035 
-19.342149682 19.119804521 -9.250851589 
-20.774108244 17.359224005 -7.521006353 
-6.479604773 29.537898704 -3.764163180 
-6.242807646 28.745514280 -5.606562041 
-15.500091956 25.807738258 1.655377695 
-15.158895928 25.134289634 3.798981558 
-11.804666034 16.188686913 2.416744299 
-11.943492925 16.768206005 0.071953491 
-0.837248652 20.611505663 -3.039818917 
-1.603982338 21.087779807 -0.754976085 
-9.206668152 13.575903916 4.620605161 
-5.053419002 3.411198943 4.399186762 
-1.241794474 16.963888894 -5.262879242 
2.122573219 5.334808347 -4.278452300 
18.275464202 9.089757349 -1.246899800 
15.801240489 9.998826918 5.101822456 
-11.708019695 -3.517412494 -11.102124123 
-13.223035203 -2.095868811 -10.602837287 
2.909092722 -1.654124910 -5.805300089 
3.364635816 -0.894030372 -5.686140567 
-2.047638252 -5.731921975 4.679083887 
-3.882632593 -5.010167531 0.213462042 
12.713370499 11.528867040 -18.816725148 
12.522577293 11.490645230 -17.534685469 
-20.130456199 -4.111929978 8.006340203 
-18.287942410 -1.331643856 12.556487828 
14.103456496 18.895429204 -16.782818879 
14.709642883 20.409981940 -13.695727702 
-24.736870467 -0.631897439 3.184391669 
-24.987695926 1.626489078 3.946679921 
6.330551836 17.173013071 -18.559400519 
8.231969936 16.075465266 -16.146010410 
-21.391569662 6.126261188 13.186275805 
-20.987534273 5.114684566 10.757608479 
-11.137948520 19.899032874 -18.432055947 
-10.142158871 20.951378634 -17.425547196 
-10.077275908 22.851699758 19.205089809 
-7.099314305 19.964494708 18.725185278 
-4.959677975 35.470867758 -8.247993275 
-6.506963046 34.732040612 -6.895904922 
-20.793214077 28.829786983 8.234619348 
-20.169271979 29.104690775 5.710259351 
5.870211387 33.344708242 -9.590821151 
7.180601146 33.901097975 -1.275565099 
-22.841055322 23.194895585 -10.048734367 
-26.778132813 20.098970408 3.062590893 
-8.160664757 33.498318880 6.850500173 
-5.711822689 32.774862303 3.234053671 
-19.868208197 28.088873502 -6.546506198 
-19.575727984 26.397185203 -5.433059676 
-23.117408132 21.626015527 3.975997541 
-22.184326054 20.728514386 3.606945208 
0.033417764 30.863170088 -14.732718228 
1.283854293 31.382033698 -5.616012269 
-4.834070123 2.548688841 3.488430452 
-4.337625549 -2.216727126 6.189263129 
-3.289461254 23.164871519 -22.037671610 
6.116483757 13.896238292 0.759390743 
-9.994486668 23.125591002 22.360421524 
-7.170248562 20.694887389 23.062153394 
-13.129786469 21.670648451 -21.205744166 
-12.504672874 19.022397850 -21.498832883 
6.604931371 30.419114862 -9.627714080 
4.444855537 30.250675049 -8.367102998 
-25.420769521 17.545090155 -1.832520813 
-23.705411978 19.199575186 -0.902768348 
18.245714808 3.679951365 -6.913304523 
17.529830510 4.373437991 -4.720041654 
-4.090817105 -7.120391244 -2.055042014 
-4.105277251 -6.382858076 -0.680069424 
-6.965651666 0.764428254 -1.050268950 
-6.919837705 1.023749438 -1.619820274 
6.059487157 8.867022292 -1.554077205 
4.653658677 10.427871504 1.473331151 
11.264808422 16.733643957 -20.442572110 
10.384731583 18.408254365 -19.356929458 
-7.922418714 -0.799970996 18.437201319 
-6.821474982 2.048107162 19.108824624 
-12.182665300 4.434451492 3.318438505 
-14.321981925 6.808852014 3.844956127 
6.471487205 13.330295176 -7.556887559 
4.006664740 15.066811270 -10.766048088 
1.558137397 4.078321253 3.944719110 
1.330049766 4.541843815 4.209795972 
0.355992543 3.995944183 -5.308762164 
-4.041052817 2.503411819 -5.336681482 
9.072273231 7.731327377 11.487738380 
10.070991341 9.231237438 10.101375582 
-12.057291733 0.209241920 -11.119154361 
-12.557080579 0.699578707 -10.583714951 
0.916594396 6.990019203 16.932113687 
0.045433789 9.159599384 17.492296363 
-7.760707442 5.367270832 -17.549035746 
-5.218772020 7.815555388 -18.448178417 
3.268096063 -1.614110467 5.191275417 
3.292133767 -0.960487966 5.682822388 
-3.661032302 -5.166493634 -1.169223338 
-3.856204947 -5.017229913 -0.253250898 
-10.349388585 6.359468548 -4.862717750 
-11.052860965 7.816440580 -3.953430073 
3.171409566 12.067637860 6.633163291 
0.289189569 9.830540395 8.940651047 
2.156441670 12.071262938 -16.049196390 
0.920287311 13.635428930 -15.769126576 
-11.787648562 7.725974609 15.063007215 
-9.994666404 10.332335800 15.580104896 
7.011697003 4.064039458 -13.825682314 
9.407577807 4.636629284 -11.755441070 
-8.153946150 -1.803148182 13.118390375 
-8.567062906 -2.464877352 12.000657013 
-1.530175683 11.053741753 -11.974843321 
-0.435788132 10.309035969 -11.760867875 
-4.955188698 9.793955860 12.731777128 
-7.090912688 7.723812017 11.939450508 
-13.311198315 15.607787074 -3.723789056 
-13.720358066 15.794675254 -1.218993659 
-0.123044120 21.227975903 5.024255737 
0.801998362 21.669922646 0.464063081 
-2.733977915 30.450245273 1.291713792 
-2.860781720 29.589834276 4.438159983 
-17.534905460 23.800589531 -3.722810833 
-16.518942175 23.866790194 -4.593782454 
4.544811262 28.437673898 -5.336101982 
5.872004800 27.847133720 -3.639711956 
-21.768908554 17.537442696 4.722130968 
-22.185535598 15.955008535 3.276677075 
-13.053525235 9.413058800 6.202896483 
-15.258362429 10.088503597 3.119157298 
3.939780156 16.658982488 -7.517570059 
4.268906018 18.273471685 -6.628291097 
1.258924075 12.697946346 9.725786052 
1.147827812 14.309684723 8.041139495 
-8.957584785 8.559726136 -9.601094543 
-8.982391593 10.324828854 -8.545800302 
-0.745504589 30.184533735 2.031599194 
0.850593386 29.470769053 -2.506891697 
-18.992629998 22.700450180 -0.786716685 
-19.891004772 20.637902209 -0.136796458 
-10.338932036 30.083726455 0.597218679 
-11.776301658 29.281680898 -0.864103441 
-11.852179876 29.479696371 -1.033278804 
-10.338781496 29.878250934 0.462924264 
-3.827042261 7.858828280 -10.697839109 
-4.221959710 4.708501611 -4.271076314 
-1.189072023 8.689878518 10.180436975 
0.319217716 6.139379818 4.201477544 
-14.367801688 8.026089036 -0.107300857 
-14.288788536 8.708589777 0.621477069 
6.380283449 16.530973293 -1.519049603 
5.418941324 16.601603619 -4.165128222 
-13.517598176 27.945718343 -5.594581366 
-13.222647190 28.425171948 -3.763091086 
-7.633897009 30.336134673 4.715105001 
-8.640696382 30.320282955 3.040406417 
-4.838828787 26.500240834 -12.172935434 
-4.480272793 25.628541650 -12.745801309 
-15.089217835 22.417633948 10.617990540 
-16.409992964 20.657542811 10.011703614 
-13.199574009 14.752455420 -3.410452622 
-12.430484538 16.010250228 -3.791044652 
1.138694901 20.615504006 3.295069781 
-0.852499822 20.916207622 4.247645933 
-9.571417217 5.086575361 8.690496836 
2.686282681 7.806891927 8.858955720 
-3.256751714 -5.507320023 -1.413761054 
3.764432471 5.085726057 -1.844549845 
-4.285280114 23.683815833 15.983135205 
-0.852398264 23.188137072 15.869203173 
-14.806567783 18.437302119 -14.859352872 
-14.127817624 17.050058115 -15.620799265 
-5.181948957 29.084461816 7.671735432 
-2.698468151 29.695852600 4.205734674 
-16.640303359 23.798109829 -6.861495808 
-16.528393679 23.885087398 -5.465170481 
-7.365278008 -0.770973233 -1.000082076 
-5.397177398 0.126178313 -4.131643502 
1.975893406 12.088850306 6.206399885 
0.464030899 11.067226588 6.311143704 
-2.627992706 17.616566112 -13.506919795 
-2.365800370 18.998167433 -12.576352098 
-10.976966368 0.370279617 13.551632068 
-12.896407264 0.699350726 12.455852001 
10.899960076 3.862507806 -8.669536607 
12.247201235 5.854904791 -7.647472775 
-2.391091488 -6.271119201 -3.322828774 
-3.116560934 -4.812124098 -4.234927555 
2.727638007 -0.236169370 5.902010803 
-5.700627836 1.333953047 3.873211500 
-13.550912112 -6.986283502 -9.745474181 
3.658598945 3.538855891 -3.634902024 
-6.959341409 0.902947076 0.906356097 
-6.432646832 1.707023374 -0.501953717 
4.100325706 4.292683547 -3.803060737 
2.833096099 4.537409974 -3.872003724 
-6.400324875 -0.238872005 1.767203657 
-11.460636849 4.244695331 4.577897326 
6.653333111 9.112503297 -3.733321475 
6.334821686 13.446736099 -5.424848114 
-9.529397478 -1.000821599 -12.695185144 
-10.170440714 0.757404855 -13.860914097 
7.503646329 6.152485347 13.739231029 
7.002155916 8.034060531 14.683171110 
4.769927930 3.368427024 -2.925709552 
4.252228951 3.176854199 -3.448789180 
-6.110549188 -3.496652149 -0.309116015 
-6.506420469 -2.690560984 0.519643101 
16.045601606 19.679678673 13.887936585 
19.760067165 23.214641190 3.407519150 
-5.369588010 -1.569027334 -13.300256790 
-25.759690884 3.995295381 -12.119536103 
-2.650479455 20.578126648 15.440476995 
-3.010517113 21.212616071 13.736163783 
-12.524481279 15.685088208 -15.807298271 
-5.585942353 20.985164915 -7.924323079 
-5.986384738 1.118076191 -3.681776554 
-3.667608291 3.601076030 -4.862447299 
1.739330345 4.966230689 4.732337660 
-0.017610412 5.350097017 4.980558720 
3.368096219 1.611817626 -6.058331011 
3.163872349 1.700116461 -6.007684259 
-5.351299523 -2.563352589 2.601823042 
-5.358254017 -3.153601426 2.163562102 
11.056315211 21.327295306 -19.770890493 
10.638631326 22.402064516 -19.267978269 
-26.665609304 3.674642478 10.225231062 
-28.430784272 7.107127824 8.792111153 
10.851221135 6.907913830 -7.954730033 
4.575455324 4.015025250 7.118311725 
-4.370060565 0.854325529 6.072787956 
-6.746506110 2.624286801 1.160674067 
-3.668398644 7.391865943 -4.639623050 
-2.983430294 6.875320495 -4.652715932 
-1.509584732 7.948427024 5.156772559 
-1.978058254 7.389447070 5.032703461 
-3.190082672 15.013075635 -18.886165675 
-4.021788889 15.400190116 -18.740615798 
-9.055140059 8.896543275 18.086760072 
-10.433925411 11.477448591 18.199075969 
5.462898212 35.709928029 7.787748844 
4.928496441 34.832387613 10.532048226 
-23.814243188 22.339396630 -14.500969344 
-22.967339168 22.202843085 -15.516487758 
8.276509957 24.055087404 -5.832336339 
8.998664170 21.402585985 -5.142425482 
-21.957528002 8.814545557 1.697769119 
-20.363876266 8.111512332 2.439214744 
-8.962505563 13.543404971 -4.345941918 
-9.026121547 14.438275606 -3.851257310 
-1.394364872 16.466754852 5.086056396 
-2.570805798 17.127495084 4.753920063 
-11.815135866 29.559171988 1.248764730 
-14.524189188 11.376852896 -3.011201268 
-10.770239736 29.485655396 -0.276746268 
-10.132594037 30.038774915 -4.600757833 
6.196876288 33.302962946 -13.356358325 
5.865269583 30.808844688 -17.105787817 
-29.129593250 17.923491940 7.269512594 
-29.184013672 16.957152328 7.086394571 
-12.254216167 25.535320123 -10.043654886 
-12.705774003 13.211145690 -5.085712713 
-12.948038131 27.167046471 4.942201771 
-10.004115582 26.102240250 7.467392485 
-10.090512582 9.986014586 2.610869888 
-7.403939599 14.742113099 4.825287493 
1.694773520 15.160995092 -3.194730177 
-2.017909487 16.807549525 -4.538896419 
4.113845190 28.629568663 6.022772019 
12.008173058 24.768455812 1.617956554 
-22.327768157 9.537702575 -7.981047326 
-22.843087248 8.503390187 -6.731113268 
-10.018529138 7.060133366 4.501537836 
-10.978785630 17.342545832 6.160196095 
-3.192836845 19.067173774 -8.962601063 
-4.784716078 19.727283855 -7.959026216 
4.121198646 -2.196733197 3.671875744 
5.032983193 -2.563895365 2.715905330 
-3.768628943 -5.069966868 0.370618272 
-4.217326285 -5.199423087 -0.820313297 
9.567609108 5.737380640 11.629212828 
9.746220733 5.287873060 11.111230757 
-10.349054951 -1.330870784 -12.743795170 
-11.194240669 -2.155582631 -11.394800928 
4.609059062 13.670718224 15.044669938 
6.761926139 16.432255064 12.437899505 
-11.347399163 7.851004970 -15.691341131 
-12.747172899 9.229325447 -14.870838855 
-0.065863934 4.242308829 -4.689441697 
1.231754232 4.586114835 -4.199964662 
-1.407894367 3.855762916 5.371198065 
-5.892248032 2.134130830 1.309420883 
-12.169330722 5.007618211 -3.453771504 
-14.034236608 7.853089995 -4.890208590 
5.951961137 13.175482636 7.801704173 
5.206452872 15.361955884 8.595156942 
1.911152179 6.297592671 -16.417294105 
-1.554332930 6.383871407 -17.322979598 
-7.143396584 3.223224230 16.669755714 
-9.876847378 4.432432517 16.556118430 
8.578393858 7.491264178 -11.591459687 
10.182773026 9.305381973 -9.650450256 
-14.081419719 -1.014653170 6.550539494 
-12.882781140 0.152463250 9.208573390 
0.397360563 13.712486272 -8.296635630 
3.052359568 13.574792309 -6.117069757 
-9.724008887 9.716353041 7.675134211 
-3.735518400 4.531210817 5.269527969 
-13.783719902 11.650559809 -5.705215143 
-14.589590196 12.550909333 -4.952414619 
1.984864385 17.916612421 8.470392938 
3.459588171 19.762492560 5.705263250 
-7.497254356 30.858586603 -1.540044132 
-8.766497527 30.547811620 0.923531317 
-15.165126966 27.656826016 0.477781543 
-14.039963786 28.289621289 -0.790490987 
2.604480252 29.095848753 -0.936179349 
3.722239737 28.224437675 0.868950689 
-20.579885038 19.438487921 -0.101187086 
-20.856820598 17.779508304 -0.712721677 
-12.234483099 16.009856618 2.166766409 
-12.337558999 16.520187644 -0.295943287 
-1.007304101 20.468571612 -4.180425031 
-1.208118175 21.177849063 -1.036903769 
-1.748952441 11.934678409 11.654294439 
1.750995102 12.369933711 10.712598750 
-5.770230354 10.451954177 -12.276340385 
-6.627278723 9.097522070 -11.998392966 
2.285981220 30.178501586 1.889015626 
4.803459682 29.264306604 -0.400563486 
-20.916819638 20.291324073 -4.081375089 
-21.516118347 18.544143685 -4.335622128 
-4.720119324 29.695232394 -5.255506196 
-5.244636765 28.644313727 -6.971065902 
-16.560478431 24.784228969 3.598293888 
-15.166880095 24.666965507 5.562099626 
-16.661896753 29.112903026 1.704775082 
-15.142237616 30.314587694 1.557317630 
-6.895700931 33.090176772 -2.851058683 
-4.203898450 30.943652795 4.134911804 
-9.940738512 10.756547182 -7.954569875 
-5.771060062 6.825172746 -9.423919860 
1.168287301 15.301574783 7.751240999 
-0.692384017 8.527658295 9.445145880 
-6.598619601 9.824121935 9.933147122 
-3.337028447 9.480413994 9.341891140 
-5.142819367 10.196902432 -10.684206427 
-5.897734014 8.274036410 -9.023871667 
-14.792989106 25.023038847 2.650482861 
-13.440136185 26.633533518 2.875606785 
-6.154360709 28.578947103 -4.500552521 
-8.186200924 28.871388397 -3.952575487 
-0.607459886 -1.714333898 13.613965659 
-0.065334788 -0.777983096 14.455438239 
-2.858316129 -2.309479308 -12.556514083 
-3.674591045 -2.811463145 -11.784826043 
-13.424130631 7.581087830 -3.994980713 
-13.791379991 9.220833793 -5.045747637 
7.032423668 9.849839458 0.286582091 
3.885558439 12.423728836 -4.198477395 
-4.738980614 1.471314663 -4.473419328 
-4.632870180 1.864256280 -4.856893120 
-3.238639723 3.768979599 4.585022362 
-3.787540954 3.529955773 4.114943221 
6.601977188 0.765884614 1.454562977 
2.698747081 2.606472081 -5.592581985 
-5.998734413 -3.640424499 -0.207930010 
-5.871631613 -3.612406350 -1.437435800 
10.603056426 4.353201750 -10.280377128 
11.836212371 5.024445244 -8.829787929 
-9.739747569 -4.735252223 8.320466780 
-10.588494836 -4.739549040 7.427529878 
-5.755919208 -0.118600573 -2.511783687 
-5.583785535 -2.840944797 -2.507508183 
1.037210218 -1.479874344 7.580052656 
4.625194021 -0.631539445 4.824884903 
-9.830807086 19.184620246 -4.260171821 
2.315200113 17.477322556 -3.146363560 
-1.332844388 16.484952844 6.841933093 
-3.524790052 21.435745908 2.347094505 
9.013327576 7.382540159 -13.332491843 
10.276491046 7.760232460 -12.038074792 
-16.601579635 0.529141447 8.363558845 
-13.793074357 17.110016340 7.291465308 
-21.514143441 18.121266957 -7.832695366 
-20.598328703 19.439679360 -8.379474330 
3.706110750 28.536968819 8.561030126 
1.379577039 28.734956699 9.476419884 
-6.113046031 2.491255418 -1.720378220 
-5.691063961 2.867025767 -2.454004498 
3.222495836 3.795279939 -4.423507263 
3.374930934 5.040925667 -3.555378473 
-2.494538499 15.225386724 8.975119815 
0.892155966 16.822896838 5.939767338 
-8.949688429 12.361935599 -8.577589898 
-10.208799598 12.178972666 -6.881680668 
-6.930303032 -1.249801212 -14.508147077 
-4.415317594 -0.485559759 -15.618804899 
-8.161294862 10.933041831 -8.725595907 
-8.694121513 11.143881468 -8.142067756 
-6.805338252 32.437033823 -12.194487408 
-5.430579336 31.111991739 -13.140130072 
-19.735348916 27.528118891 9.950470092 
-18.927720217 25.759869526 10.874684744 
-16.194125271 30.448264362 2.867660813 
-16.203004776 28.884126127 3.503998413 
-8.572978543 34.402563968 -2.429024475 
-6.655137646 32.940479012 -4.335805092 
1.103088300 34.325500562 10.455656102 
0.770832125 31.956857187 12.335646665 
-20.524058692 24.833493002 -14.004373030 
-19.636916727 24.244324910 -13.816587778 
7.029160664 35.778125452 -0.302536775 
8.119722567 34.166087121 -1.326416875 
-28.000239379 20.447007857 -4.937239981 
-27.578774396 19.164555493 -4.067568590 
0.492312121 26.980831185 18.266792284 
-1.183475508 27.097452823 16.957321430 
-19.189056345 17.687659460 -17.257393989 
-20.208515032 19.020449157 -14.464585013 
0.116454283 7.637969580 21.318277650 
-0.376059605 7.172232245 19.984448844 
-7.311581977 4.629511865 -20.109642099 
-6.493360305 3.923482416 -18.581077053 
19.154231108 12.125631825 9.602466477 
18.756058262 10.811178273 6.981924745 
-21.443286335 -4.421993696 -5.441827513 
-19.354285500 -4.432111994 -6.497725142 
17.516438879 23.116484054 9.824393844 
16.544668387 24.417668650 7.550770813 
-27.150413472 5.116431587 -8.218280660 
-26.811339711 6.501986698 -7.671453538 
3.895733954 -0.233571021 18.376376591 
1.806501351 0.335433249 18.234376853 
-1.809522560 -3.002306371 -17.144609991 
-3.246838061 -1.557000005 -17.447075442 
12.903771598 -0.993014184 3.218014119 
5.860516011 -2.662568621 -0.443233376 
-4.233855196 -5.485751865 0.559258686 
-4.209776069 -5.533628527 0.497884275 
19.453738425 18.175705361 6.651755231 
18.574230019 18.959299017 3.083982248 
-24.203853998 1.005564040 -8.460954524 
-23.303873847 1.907906982 -8.697725669 
13.685951712 18.333851082 18.279439616 
11.062640358 18.888007213 19.109725103 
-20.499334674 5.192506367 -17.882637628 
-19.771343838 6.319184109 -17.822991973 
-2.189379866 4.793369796 -22.768704358 
-4.010767630 -2.404223403 -6.262800262 
-3.086532266 3.674774178 21.806965273 
2.902289262 -1.518893060 5.987471745 
-18.311431608 6.841024310 -16.472584582 
-17.428094417 7.133341592 -15.958937544 
8.498883882 17.161610504 17.408553429 
10.195974703 18.699710366 13.692088968 
-14.386763529 24.096324735 -19.808523143 
-15.493811063 24.531865163 -17.311575669 
-7.830060326 27.199019796 19.461039223 
-6.849150868 28.440261803 17.014553820 
-5.628231189 22.242460112 -24.186111239 
-3.049293234 22.380524360 -23.197002349 
-15.446279572 19.651471496 21.648239183 
-16.765539642 17.764968317 20.484899002 
16.747018668 31.760882026 1.686190517 
16.509148217 30.901511414 -5.579523059 
-32.216187826 11.135236073 -2.859783607 
-31.910120886 11.012498861 -0.542014857 
-0.599775116 31.667092776 8.121845709 
-1.883866110 30.810202114 6.658857724 
-20.151615379 23.080561400 -9.358085865 
-18.378620908 23.761278547 -8.056240943 
5.131086830 13.159933153 13.016378246 
3.647402896 12.275083089 11.407614720 
-12.492271525 7.231075034 -13.536296174 
-10.917489787 7.221614856 -11.885880617 
16.567093080 14.684615538 8.289556160 
17.520479094 14.107677536 4.845861448 
-6.158790617 -4.786056255 0.915031313 
-6.346186593 -2.481830071 0.322146232 
17.381726520 28.319627296 -9.817460279 
15.458245301 30.495273113 -8.684426543 
-32.315202306 9.269475243 0.706695255 
-31.981948826 10.504004289 1.824839169 
16.591037866 15.683528825 4.751099915 
14.028333259 14.751377313 7.534523879 
-19.150269824 1.277727039 -9.530002991 
-18.152310440 1.902003714 -8.880381540 
6.054483300 6.549086774 -11.011623631 
-2.371961259 4.438321862 -4.799942318 
-11.074748200 -0.771783071 7.071757342 
-2.250204717 4.357166490 5.043357089 
10.016457757 16.628568589 -16.808124672 
8.501704284 17.798051587 -17.405328370 
-18.475854099 4.044442703 15.184251607 
-20.013675037 5.885539619 14.306002002 
9.031202308 27.995971029 20.151177217 
4.238033190 25.940336389 23.603270675 
-24.057229698 13.721652787 -19.999049324 
-22.967154939 14.528055919 -20.299424648 
15.444691528 17.210504331 7.555415854 
14.469168694 15.187312534 7.616024297 
-21.272415752 2.388088148 -7.706687284 
-19.601481833 2.112006525 -7.032273638 
2.277320228 26.998684499 -2.800862258 
1.784143659 25.074251204 -3.460817794 
-20.961822745 16.958631829 0.997489255 
-18.184306550 16.918128005 2.418100504 
-1.638124672 34.129180556 4.333665890 
-2.754517316 33.634422553 6.547432085 
-21.610892937 24.439333273 -8.768774900 
-20.145711861 25.847240214 -7.624295717 
2.989999470 23.601100256 -25.943115278 
1.716134754 23.025478572 -26.030237642 
-27.160598875 14.227392556 16.571882108 
-27.363260608 12.641351840 15.615385637 
-12.074487239 19.048530126 -19.069710051 
-12.103010109 18.977835391 -17.179495894 
-9.981849551 22.446685458 17.790884651 
-6.794445519 21.358759252 17.358514179 
-7.132729552 28.886214709 -2.411987023 
-7.714079191 26.697543786 -1.006336562 
-14.692468585 25.218102785 0.046264879 
-12.692483433 24.434378684 -0.134417986 
2.726147227 33.488247305 -4.455888175 
4.973999117 32.315033650 -5.225568888 
-24.978875767 21.027880496 0.779813040 
-25.284426922 19.371714802 0.640893111 
2.296618132 32.952944663 -14.542456022 
0.743420346 32.470036083 -12.421515277 
-25.496440799 22.908819966 8.694012809 
-23.646884849 24.210718600 7.849512853 
14.556776606 23.524982181 -19.899618446 
16.549771431 23.119711010 -17.127171506 
-31.561699535 4.591580946 6.768019396 
-29.664763204 6.284148635 11.373381492 
3.696577308 9.097826683 -19.068669641 
4.416153714 8.286550908 -17.762008874 
-11.518899403 4.704015472 17.998350443 
-11.484639238 2.738635993 16.259359617 
-6.448898234 15.333162459 -17.485366360 
-6.273263450 14.678887842 -14.958051963 
-8.348301944 14.666689875 16.936166840 
-5.425238050 16.733326512 14.948236857 
7.805914021 31.026834673 12.393320328 
5.576148175 29.089383241 13.584383549 
-24.622900109 17.963753508 -12.939685624 
-23.629266497 17.164505414 -12.589129468 
2.402322293 40.801817155 -3.541100605 
2.912985889 39.621540864 -6.067180911 
-29.901293796 26.553239083 0.381594148 
-29.076130377 26.707629674 0.426936951 
-14.384365665 29.953252030 -3.296373623 
-13.867004054 30.030093007 -3.926441295 
-10.682019420 32.947297193 0.558612125 
-10.748391425 32.156808408 3.044435223 
-14.447352357 23.267550949 6.669352083 
-12.698263094 22.152858051 7.315135435 
-9.947360215 27.098353042 -9.334172216 
-6.126735523 25.459494427 -7.999664312 
7.065549536 5.630263165 21.691807143 
7.856916206 4.743572665 18.507890755 
-6.882673764 0.296299071 -21.646858130 
-7.498839828 0.901899191 -20.782756227 
-2.928878287 16.354701322 29.172121916 
-4.203489932 18.735788648 28.112765183 
-6.609471755 17.587498964 -28.428923025 
-6.798930147 17.839367142 -27.706312384 
-16.751186553 7.996984152 16.236049571 
-17.171613712 9.321839608 15.793866098 
8.195726795 17.338436271 -16.829979519 
6.064465496 18.938653879 -16.683186895 
-10.973920968 0.800199816 8.510878116 
-5.143575083 4.434826834 3.492717198 
6.013603666 6.594015690 -14.167309546 
2.309436519 6.018707322 -2.973131365 
-1.927079227 5.633727687 -24.059593797 
-2.125708116 5.394774583 -22.581060357 
-7.979984440 -1.706364146 19.793512871 
-5.377115471 0.407709532 19.625764590 
15.240524774 11.173414433 -22.474917780 
15.817459941 12.943416251 -21.314037980 
-24.532065280 -4.359884560 12.042222292 
-23.495375296 -4.287255957 12.081312122 
14.079811646 2.094074212 -3.527836567 
14.589723387 4.261548332 -2.924497675 
-3.172966407 -4.974278636 -4.858746878 
-3.926529339 -4.688924496 -3.494292398 
2.045649285 -3.938781819 -4.713421218 
-2.567379479 2.559255743 -5.965839094 
-4.638976215 -2.870957566 3.404079920 
4.504131953 1.236799740 3.841249257 
-11.262693115 22.721585020 17.909633458 
-12.031361596 19.803274379 16.770995821 
-11.098638876 20.205711332 -19.553558670 
-7.902110040 20.924019803 -18.917913901 
9.329217971 19.007292793 16.634399544 
9.693321240 16.083330249 14.786332385 
-20.897274084 5.887215719 -13.273122451 
-20.034371860 5.945135701 -12.900332846 
0.581693085 33.465872091 -10.548091070 
6.790923717 34.170455042 0.448194992 
-26.508490672 19.805929899 -8.642000113 
-25.874208165 19.087312752 -8.107364159 
-4.939979205 36.197486834 5.603249339 
-5.703981404 35.129197170 6.115174051 
-20.174375748 28.956741963 -9.113884441 
-18.570573439 29.678640635 -7.726911360 
2.980695340 -1.626246603 5.716658150 
3.369290869 -0.890997849 5.659062160 
-2.042722878 -5.647009192 -4.789281885 
-2.301143763 -5.299333157 -5.123568119 
14.898712910 8.973057064 -8.989019739 
10.863409838 7.961139590 -12.288786146 
-19.161354128 -3.740501354 2.751900065 
-16.429926289 -2.642044081 6.336055074 
18.257656694 17.884981792 11.022677238 
15.920800707 21.303606326 10.561252116 
-24.538233046 2.003782665 -8.617960663 
-24.007063294 3.432628347 -8.872952816 
17.362124124 12.620681447 12.676352221 
15.601533439 13.344135476 13.671574289 
-18.871335741 -1.882967937 -12.989902291 
-17.262426181 -1.573851033 -13.289607958 
18.749163278 4.759279229 -0.776585890 
18.024939588 5.813987009 -0.299823491 
-4.204330159 -7.063381916 2.037919584 
-4.234723126 -6.294414205 0.713166274 
5.087349553 31.460027400 -1.997040813 
2.864499293 31.165295514 -1.344911005 
-25.236510956 17.663178482 -3.165677796 
-21.768281457 0.918507261 -15.649173546 
3.289853469 4.457385057 20.832843588 
12.066602231 19.201334382 17.535840954 
-12.440021113 1.678441041 -20.525563685 
-7.723123965 2.318180988 -19.889662058 
-6.967642410 0.762875314 1.172332194 
-6.942089418 0.955401479 1.147847184 
5.995271458 8.745566301 2.098549681 
5.923309754 4.490602488 0.019035474 
-23.036357685 21.420326831 -10.333297425 
-22.008681106 20.921782144 -5.652532765 
1.217981946 32.771080344 8.038526513 
1.574823778 31.717782819 2.519309388 
-8.596392889 33.491333156 -6.996209447 
-5.651967251 33.391524605 -7.325458900 
-18.434584827 28.449281551 3.107557459 
-19.225886638 26.564167337 4.324392395 
-10.156985579 20.038423747 -23.767302893 
-7.098224559 23.202916991 -21.956789459 
-14.155777610 20.677713167 21.276231821 
-15.111543301 20.898976110 19.508632824 
-4.939944133 2.476185010 -3.360417044 
-4.469861396 -2.227057245 -6.077565662 
-5.693370033 23.742040973 21.727253843 
3.634490066 6.775676235 -0.920145267 
8.809011024 5.087150034 9.358296539 
9.593588469 6.924582957 8.729850606 
-9.426278981 -3.090602390 -5.287277348 
-11.998243435 -1.646561736 -5.567471552 
-0.815275168 3.410784709 16.015133050 
-1.191194799 5.357979533 16.890402094 
-2.867935895 2.653381474 -16.292030496 
-4.255809303 3.953024535 -16.965842816 
-2.403631200 4.405209115 4.337167356 
0.056701604 5.071533798 4.460755927 
-2.311594349 4.181253631 -4.572446492 
-3.344815233 4.145197952 -4.532618346 
3.670913442 6.227744615 -1.006472594 
3.451820037 6.382606236 -1.860381473 
-3.690697358 2.496318685 -5.535410582 
-4.362189561 3.353775526 -3.498656747 
1.561988435 11.661814774 -16.282597055 
0.492640166 12.957878701 -16.377969339 
-12.710667365 6.886868520 14.680854119 
-9.828624924 9.738539464 16.178296576 
2.632909721 -2.140966996 6.378060495 
3.195385866 -2.579166581 5.769395041 
-2.440062507 -5.053624050 -5.160832615 
-2.531748060 -5.137286975 -4.763691238 
-5.615774722 0.545446307 -2.950083362 
-0.625066716 3.311502102 -5.994559646 
1.638845751 2.927073854 5.767566778 
-0.914842700 14.920666914 7.382223408 
-9.081397117 8.217375307 -5.753036327 
-9.044932647 10.285540504 -6.352995443 
2.278425499 11.840801662 6.365972785 
0.146763834 14.108174673 7.436819758 
-6.461776202 29.801055956 1.823607157 
-6.258625934 29.083351463 4.147664035 
-15.060444724 25.778491492 -3.339294743 
-14.079135389 25.408766400 -5.085730450 
-0.717822940 27.788358756 -10.318218453 
2.572576055 27.347405775 -9.118137510 
-21.870593294 18.015288677 3.992849002 
-21.832585089 17.043049993 4.496249014 
-9.947924508 13.083528962 -4.070766441 
-5.492494055 3.142592351 -3.910286268 
-1.391841076 17.012102291 5.356145511 
2.139593336 5.326476727 4.267165639 
-12.135140853 15.915206234 -2.171144588 
-11.733894127 16.958899442 -0.320849916 
-1.191386479 20.515701474 3.710760162 
-1.768460595 21.082431243 1.018001639 
2.942940122 28.585880499 1.679570193 
3.800023713 27.929868822 -1.594828303 
-20.189904402 19.265304373 -1.940355072 
-20.663146180 17.557406223 -0.552870348 
-9.878010733 29.835086426 3.303310455 
-11.017632564 29.551667911 1.592269148 
-12.084445182 28.879791354 -4.026356444 
-11.370255248 29.429606862 -2.177959436 
-11.779281134 8.574836028 5.880969059 
-7.851414816 5.274989085 3.151369371 
4.145638436 15.323986058 -6.545406499 
5.872435332 16.274597033 -3.161682267 
0.789367855 14.000257137 7.744031738 
2.822550843 14.670016100 5.505732910 
-9.605596960 9.717554297 -7.589356552 
-10.597293867 8.791014407 -5.758627793 
6.178231380 1.154836040 -14.546042488 
6.411965822 1.180725323 -12.359298211 
-7.829121482 -7.026529191 8.880811528 
-1.382181824 -4.577028350 5.555419533 
-4.425583706 15.411957079 -18.888752828 
-6.239563270 15.455958523 -17.249919298 
-10.461934022 9.026523256 18.233480751 
-8.004429546 13.137909522 17.257735181 
6.446112416 10.836936708 -16.485301857 
10.076839069 25.828457920 -12.765071529 
-26.378483245 8.045583448 8.666394405 
-25.601087929 9.624519880 8.999583392 
16.272681976 16.020265492 -14.787555640 
18.228139967 15.436084110 -10.189931056 
-24.570655928 -1.869978797 4.155441253 
-23.605717624 -2.044669859 3.982289550 
-14.237039792 25.508936390 -14.012274577 
-15.230861403 23.595560387 -12.712548576 
-7.502655517 29.159802853 14.363165272 
-4.806175490 27.950676206 13.968476162 
-17.119206920 23.665200781 6.322426728 
-4.818966421 8.373514774 10.595526232 
-4.810162021 29.951427128 -7.090155249 
-6.805147274 28.282991286 -8.239796345 
-1.157956368 36.568576359 1.180320625 
-0.423290000 35.177776776 3.359970787 
-24.308398144 26.067429118 -1.929332663 
-22.972689827 25.633570338 -3.543223182 
-1.089049900 36.411672288 -7.579920425 
0.531409060 34.694297251 -9.535330715 
-25.989681151 23.590131363 8.252556314 
-24.122573564 24.079425014 9.165204249 
-22.585452403 15.895531688 10.599817935 
-22.103278617 15.772277878 9.321137902 
2.095302446 26.431845028 -16.111949190 
2.196006978 27.600423824 -13.316560885 
-6.418342575 -0.291093403 -0.772565947 
-6.948288923 1.884396445 0.636443812 
5.327567016 7.723344126 -16.745395305 
5.103574431 5.922051890 -14.099052690 
-2.981155352 14.882123424 24.539897618 
1.369531803 14.538546846 22.723152073 
-9.901278548 10.648989421 -23.449826962 
-7.942012830 10.412582042 -22.769727518 
-8.494895320 21.835846628 23.350557815 
-8.179346315 23.804346336 21.969835902 
-10.930156124 22.582684944 -22.318224447 
-12.489522303 23.059402603 -20.753848232 
0.728755162 2.557308830 6.972415779 
-0.486133863 2.521299030 6.699024004 
-5.909640131 -5.734570959 -3.385909583 
-6.641393487 -3.247778960 -6.824925897 
1.529433809 -0.743194353 -6.930308971 
3.735689270 -4.076891446 -2.092680341 
-3.967277520 -1.575780593 -6.491828419 
-2.745789912 -5.904292686 -0.768092721 
0.258256796 -3.496813342 -14.146955791 
-0.940771917 -2.297652113 -15.333315314 
-12.528270958 -6.297125721 10.754547458 
-12.751704459 -4.649564303 11.886768062 
9.989417781 -1.570086172 -13.436806361 
10.919701050 0.032129888 -13.436353872 
-12.340604403 -8.251318303 9.239317346 
-13.904015993 -7.277887809 8.743435119 
-7.692683918 1.901026442 -15.323259935 
-8.183802925 3.282383873 -15.902618701 
3.363083103 10.734688956 15.729203194 
0.648451779 11.820141763 16.363024929 
6.167802737 -1.534799472 -1.471473080 
4.576561869 -1.830592338 -3.672503720 
-1.855683115 -6.932115251 3.455945838 
-4.042277409 -4.174602547 10.906141429 
0.594808447 3.059001443 6.244980318 
1.154326761 3.241972608 6.050621161 
-3.323176116 1.035886269 -6.404126569 
-2.435895102 1.527033673 -6.564320027 
-7.658444072 4.803200749 -0.907481532 
-11.309053063 9.224657950 -2.279817110 
3.714423010 13.700498846 1.409506145 
3.358656373 13.553217144 1.981755910 
-15.333270629 23.375308597 10.059951275 
-14.039539036 23.978957203 10.418480621 
-5.540669574 26.973071990 -10.923757468 
-7.609774584 26.133014039 -11.177402397 
-11.449146738 17.031363908 -17.577238271 
-10.996432738 18.322133228 -17.375643051 
-5.687757785 20.539763855 18.309810709 
-7.400361775 19.558691970 18.484081375 
-3.057058214 4.535407815 -6.078240014 
-4.526655207 4.459885474 -4.390592805 
3.671054480 8.158629912 2.936918084 
0.716793489 5.974098492 4.720012377 
-8.407513778 6.096154657 -2.494086693 
-4.620674707 3.715002684 3.720828836 
3.610332681 8.964696560 -1.162367370 
3.328612496 6.727379984 -1.377250965 
-20.157919786 8.987948245 10.741234102 
-18.004021382 4.476263168 7.505692653 
9.149943323 19.996933585 -12.455187877 
7.723241771 19.570492993 -13.519150643 
-22.492042435 17.177156452 5.327951949 
-22.136754646 18.514860429 5.419429186 
5.691835893 28.575720054 -5.599057835 
3.639893842 28.951380382 -7.445250586 
-12.457651750 9.429431347 -5.529967261 
-9.282408088 11.225578837 -8.217246005 
3.966817429 14.967246343 5.419136909 
0.793925769 12.090452312 7.204640886 
-3.414056790 4.140080539 -4.557444380 
-3.266422798 4.296859453 -4.531827547 
1.742857220 4.822133339 4.521317148 
2.077387673 5.056578647 4.197105742 
4.971515612 -2.227393479 3.025130717 
4.391332643 -1.842903447 -3.465072373 
-3.891262249 -5.225799634 0.552972939 
-3.600914767 -5.140659370 2.144862933 
6.559973505 9.795042997 14.446650587 
8.065049389 12.217005552 13.152837439 
-8.219014948 5.288124947 -16.326129150 
-10.424021012 6.362724269 -15.767868772 
-8.736473266 8.185938918 6.101611220 
-7.725788767 9.738414385 7.087936157 
1.529094072 12.651752094 -7.031029725 
2.418117704 12.743266395 -6.312202379 
-5.926815651 8.889153936 5.244666545 
-4.982082554 3.441039727 4.407444462 
0.096955867 12.597579461 -5.515163315 
-1.237428024 13.389085721 -6.040540378 
-14.766923594 17.633916850 -14.625835877 
-13.439453556 18.631314953 -15.352676535 
-0.330362769 23.600405742 14.244395337 
-4.457712098 22.603382939 15.734299586 
-2.004095329 3.413690943 -5.023680783 
-4.429116269 4.152069086 -4.353717330 
-2.864840655 2.644339160 4.807233315 
0.433929929 4.817338777 4.334881818 
-12.851280689 13.039868566 4.429255661 
-12.042358243 14.308221806 4.597944152 
1.912351908 18.939650489 -5.296269725 
1.024010972 19.427817752 -4.635682665 
-16.950914611 22.927606859 3.225479827 
-15.720198189 24.853347646 3.289711980 
-3.026161584 28.579362504 -5.642509902 
-5.144578168 29.262352987 -4.912457372 
-13.485928387 22.649995100 13.624155749 
-10.188393374 23.759180000 14.797673094 
-6.537052846 25.084312850 -14.175796650 
-7.560060778 24.354576904 -14.780468583 
-11.786933091 12.180274710 -4.708456655 
-12.044387060 14.923879758 -3.323999647 
1.995873889 17.721708829 4.533057761 
-0.565869741 19.828362136 4.261457907 
-0.489029958 3.636480876 5.011258639 
1.382119272 4.442261040 4.609985367 
1.381998357 4.262931365 -3.914874846 
-4.580224112 2.330125500 -3.996681744 
-2.991171973 17.235053319 16.610456930 
-2.161594977 19.519458144 16.364596714 
-8.462874190 15.598989502 -16.347503932 
-9.954120050 16.414095289 -16.275953655 
-0.221842660 -5.741798785 8.905922153 
-5.710724011 -4.460382103 4.526239196 
6.091645626 -0.519568543 -3.416723983 
9.049836921 -1.021960334 -6.341106043 
-8.952055991 0.860771650 -2.055858040 
-13.209075012 17.975770707 2.349125531 
3.629308106 14.394353168 0.938556548 
3.869849235 13.469779023 2.053928650 
8.927064809 7.423126589 -1.775860834 
6.352104598 12.558165715 0.533909728 
-6.886349422 -2.418204014 -0.040696821 
-11.662512749 8.619071058 2.449741386 
5.841315519 -0.550913470 3.887718342 
5.580259706 -0.385099129 3.908662024 
-5.179855025 -4.492455473 -1.656377484 
-5.477799690 -3.946253949 -1.475502676 
-2.686140861 -5.766124018 -7.357084477 
-2.319728422 -6.126143211 -6.805884337 
3.964435359 -4.476362345 4.873940949 
3.971213504 -4.660560530 4.500444549 
-6.404549452 1.809689818 1.154283629 
-6.679508118 1.565381269 -1.564145775 
3.209797800 3.585663819 -4.700972533 
3.856352184 4.531069907 -3.995279214 
-11.062166225 7.662592362 2.391972256 
-11.310714405 8.748954723 3.161897727 
4.461636136 13.749003352 -1.475781583 
4.530294276 13.739053036 -1.267820027 
-12.146636951 5.985387975 4.821416926 
-13.100516121 7.957084759 5.146856404 
4.998292989 16.255564082 -4.140654877 
6.095074263 15.647492963 -0.893559226 
-5.310098210 3.759447143 -3.156386002 
-4.203300610 4.681546527 -4.284405437 
0.248112980 5.578469632 4.266088607 
0.219339511 6.121716726 4.250305998 
-14.307935005 8.273961562 -0.572717677 
-14.247814229 8.576136388 0.477846432 
5.921720973 16.701796633 2.382478762 
5.819146614 17.050365539 -0.959045482 
-12.237576756 28.476022802 -6.022078431 
-12.376597093 28.784157314 -4.047426296 
-11.615377936 28.796460653 5.703440381 
-10.633898056 29.551750155 3.714994242 
-4.055100086 26.999112895 -11.523723664 
-1.549914226 26.971862037 -10.633173561 
-16.824679491 21.549189675 9.475203881 
-17.617507338 20.289497127 8.722529802 
-12.958356555 14.926433646 -3.741290720 
-12.206129340 16.127373997 -4.020302646 
0.827787773 20.627651895 3.623942744 
-1.286431708 20.568197818 5.314630561 
-9.184041232 5.511075142 9.199918644 
-7.303809827 3.770455465 8.368120521 
2.572537703 10.379826012 -10.344758249 
3.868671719 8.975935014 -8.885033912 
-3.402872775 23.702919166 16.011400681 
-0.962561958 22.907596152 16.094833513 
-12.398616099 19.604150211 -15.743481235 
-9.262703769 19.265413164 -16.909191916 
-5.606973228 28.921728112 7.991064287 
-3.588241827 29.487900707 5.155759455 
-15.170239037 24.603928223 -7.745653537 
-15.765184529 24.386674420 -5.852124406 
-11.742075857 6.488247542 -0.525043713 
-11.339661950 9.080938799 -3.636729284 
4.456746719 14.281437755 1.986168632 
4.033575927 15.221396976 2.466262475 
-2.914619528 -4.943221775 4.404553026 
-1.364219562 -4.698782568 5.183646091 
6.811940197 1.094699648 -2.962352968 
6.058264151 -1.442184537 -1.875407828 
-3.162035148 -0.336141364 15.591716474 
0.584356876 0.670972514 15.636683422 
-0.180314950 1.332733539 -15.812831188 
-1.123328637 0.391608822 -15.298238159 
-9.121168139 7.439012349 16.265865885 
-8.662268146 9.707200443 16.198703963 
-0.759567948 12.194145426 -16.600070107 
-0.844870732 14.080641941 -15.742417745 
-4.817594943 0.942090166 4.447659681 
-5.273939266 0.696628649 3.754354912 
-2.538711060 1.550695695 -6.634709247 
-10.354687953 11.516484933 -5.689622717 
1.489401743 -5.263659579 -3.747479266 
1.936682130 -5.054887518 -3.814069134 
-1.829165353 -6.460398978 0.819408069 
-1.227952235 -6.836904869 2.066445063 
-9.708833761 -1.091605604 -12.546874626 
-11.284708998 0.131602502 -12.878626231 
3.034764435 -3.958556537 8.583298940 
5.487129965 7.040407528 15.478702583 
4.448341370 2.561727233 -16.229407782 
2.882348772 4.294890247 -16.853663944 
-6.944113249 -2.552660331 0.937854026 
-6.503313209 -2.664232605 0.936607904 
20.464789511 23.681850550 -1.913391741 
19.888744102 23.941286274 2.728433116 
-28.047037042 3.803716111 -8.185398737 
-27.902408770 3.886249831 -8.189158671 
4.235155138 20.112150964 13.587901030 
1.062338057 19.841873640 13.394294190 
-13.843012124 12.225004365 -15.183689487 
-14.504932498 12.247381355 -12.711743491 
-2.231483298 5.226004434 4.665825423 
-5.723212447 1.079761713 -3.901265734 
-5.612280025 0.153665251 1.861917082 
-6.602653892 0.362216310 -0.234890939 
5.612341572 1.079398970 -3.895366269 
15.321535495 6.297408243 -4.247333702 
-14.973424810 -5.506238198 1.392398257 
-14.928179926 -5.066376591 3.150720440 
11.926128493 21.960196048 -18.610532925 
15.297981225 25.995230092 -12.702478668 
-29.796746872 6.199327591 4.956040150 
-30.010555967 7.928864559 5.307570247 
11.330555568 8.016307879 -7.469176823 
11.185272907 8.001263572 -1.156853836 
-14.100521851 -2.107991589 -0.490118342 
-2.908188797 4.267776801 4.776234993 
-4.995716091 4.505992670 -3.794709095 
-3.347389312 6.726940052 -4.622977412 
2.394945395 5.223383773 4.247219963 
-1.297883582 8.402265534 5.155557073 
0.281698794 23.065321264 -17.922161358 
0.135200306 25.709847565 -16.606241436 
-19.043421669 13.897188228 15.471781015 
-18.076129801 17.515443588 15.960104156 
3.767445280 34.009776207 14.293923130 
3.417535697 32.713838110 16.109106876 
-23.815594839 20.852119481 -16.193287368 
-24.220890447 20.101857198 -15.896614987 
8.459807450 25.382279500 -1.368437628 
8.166560549 23.474590700 -1.001114333 
-22.181878393 12.244259272 1.244326542 
-4.621019961 3.369128999 3.769758600 
-7.515718686 14.115885544 -5.227135759 
-6.268598949 15.826992264 -4.811209792 
-2.319317647 16.372370579 5.402380966 
-3.085636391 16.914852763 5.176152552 
-14.135211335 28.979334503 8.998230555 
-14.326421280 28.460345908 9.474266656 
-11.650430687 30.595013541 -9.560355324 
-9.154377080 30.082955311 -11.774751172 
3.185162212 30.811105957 -19.297833608 
3.726526750 29.296227570 -20.274808614 
-29.596178417 16.636032419 8.631662871 
-28.737612789 16.968533353 8.887621580 
-11.330413431 27.372829875 -7.351964645 
-11.347623766 25.692851056 -6.784844094 
-14.497029709 26.582990014 4.935202949 
-10.916338130 26.315123647 5.166796457 
-7.174374555 11.564761934 5.155828016 
-6.300370452 15.580874238 5.318222940 
1.616569244 15.102614088 -3.272186311 
-4.011297521 16.564396354 -5.721541640 
12.894240578 25.667927179 -1.903669627 
14.278690993 23.923194828 -4.083767471 
-25.653491411 5.736942955 -0.593372456 
-25.162245237 6.801407991 -1.606947933 
2.508725306 12.232152316 12.742534266 
-5.186857992 4.894684531 4.826740093 
-7.479130009 9.836066960 -14.432314783 
0.647836240 9.126239275 -5.390611291 
20.342439129 18.309266434 2.866793261 
20.363900327 16.235246351 1.048396758 
-22.584271876 -1.238053701 -9.087307142 
-22.341976437 -1.841660595 -7.779690302 
-3.864852966 35.130664886 -7.131865672 
3.349761452 35.793840108 -6.386845704 
-29.719770928 15.405364408 -2.175050704 
-29.575529833 13.829163670 -3.753906209 
1.328299690 32.268947957 4.190362563 
-10.868947819 23.852119372 2.834652174 
-22.421886473 21.374715489 -4.601548995 
-12.484945254 26.221226416 -3.664663680 
9.126440617 6.360842939 -3.151525795 
-2.655972114 5.612772443 -4.774822989 
-2.476376989 3.613381304 5.064814062 
-6.442957109 0.941336978 0.463438877 
10.836748453 20.347855910 -17.736399628 
10.330261124 20.493697846 -17.542322919 
-27.588525644 5.721744622 6.828508465 
-28.739559366 8.681479903 3.521127882 
17.816924514 25.939919211 5.093192568 
16.514717891 28.278955837 0.144538138 
-28.097608634 9.483367647 -8.835529459 
-28.464227773 10.042551157 -7.297523888 
12.008052540 16.528252372 12.573290731 
-3.868290506 6.008441123 4.465369794 
-16.693796684 6.679397225 -14.794256871 
-1.076942275 5.964239541 -4.639331764 
3.239261489 24.419323055 -5.456909951 
3.364175223 22.924321494 -4.577299313 
-19.924557072 15.030038996 3.333226394 
-17.249345496 13.723448567 4.737828007 
-0.263646918 35.246389903 10.560103316 
-3.275087350 33.989325218 12.870509574 
-24.159254145 24.073900247 -11.269761524 
-18.798690048 12.067832839 -24.408932887 
2.331607001 -4.300883356 4.266664748 
5.171650171 1.454864477 4.864317549 
3.762311181 -1.487789004 -5.763594977 
4.746800360 4.318093196 -0.517651140 
-2.138958750 3.983437647 -5.319658491 
-4.695979882 7.177133237 -5.162295893 
-1.966407254 3.549998376 5.704967211 
-1.161199903 9.822056566 6.196844704 
-10.682584820 26.574115782 -2.664354589 
-8.728920258 25.201908404 -1.631079813 
-11.604254650 24.831932796 -1.990841666 
-11.168084850 23.476077156 -1.487865104 
0.245474233 20.102408344 -28.302250786 
1.402069324 18.526499303 -28.173570328 
-27.700306744 18.006648516 7.037817443 
-28.215007702 16.601896391 2.954554083 
-4.724246272 20.582369165 -25.522138369 
-2.990050706 21.096132671 -25.137619729 
-15.833652805 18.057907388 22.208131844 
-12.363158768 13.178101481 24.439026774 
-11.540397755 19.231093273 -18.749108673 
-10.368237964 18.003937872 -18.098163181 
-4.786088153 22.798971988 17.604501859 
-4.378732460 22.724194291 15.442415728 
13.482369922 30.701013668 -15.054500141 
14.109561199 32.887844253 -8.952374235 
-23.846603020 6.363590625 -13.998321095 
-26.565426919 7.259200485 -9.002713379 
-0.633917657 4.105818016 4.819762008 
-1.983446913 5.888696539 4.764206433 
-1.823076863 3.915475809 -5.226315631 
-5.916551197 2.073279076 -0.883758882 
9.290298131 16.431269911 -15.838135767 
-3.941651342 5.987948724 -4.433448820 
-21.888891225 2.934872232 6.043334769 
-1.254438530 5.898973577 4.675794531 
15.079801395 26.504504866 -11.571943509 
14.136518957 27.871898451 -10.917429757 
-29.321982200 6.997751579 1.893807334 
-29.394058415 9.324300371 3.740131419 
17.530983489 16.266634411 -11.500183514 
19.031809960 14.984731363 -7.340911477 
-24.493195401 -1.271733699 2.846268708 
-24.935334409 -0.454135525 1.587257272 
-1.049991389 12.523360591 -14.461586764 
-5.566436186 4.660152505 -4.590411098 
-14.227950159 7.027171264 10.911541263 
-11.117868563 8.653775585 11.044348249 
0.081708176 31.719971438 -6.325556423 
-0.988781760 30.179009318 -6.286677288 
-22.267825201 21.691326109 3.590605741 
-18.571355014 23.971232224 3.447931923 
11.560124490 32.621226462 -4.279323918 
12.612538170 32.007737183 -1.913630930 
-29.609365614 16.373945244 -0.661031626 
-29.731909084 14.566827618 -0.095082970 
4.030960106 32.789566593 14.519934677 
8.021750778 32.392139535 8.836687421 
-26.634659152 18.485906353 -10.518054346 
-26.440092784 17.564974733 -10.106038208 
-9.770170255 26.168714461 0.561442397 
-9.245207726 24.430952024 0.194860889 
-13.252810433 24.618472588 0.379014856 
-8.804006410 23.565637502 1.761238640 
-15.857525070 11.237618629 12.399818938 
-14.315776302 11.053982112 10.671252499 
-6.424890640 21.200226108 -18.619965944 
-4.074087064 21.397033628 -16.790496471 
-3.488564225 22.354264550 24.592479702 
-0.115877185 23.250707929 23.751221467 
-14.127759355 17.414567777 -23.289585927 
-14.810016142 16.070086072 -23.028493749 
-1.633046192 31.385561946 -19.223077274 
0.225411116 21.821326374 -27.372045018 
-24.964559728 24.148011606 9.190904041 
-23.752813313 24.809500059 9.689766508 
4.226646163 24.556009544 2.896492880 
2.919400199 23.266825238 3.448441212 
-20.214149352 15.092229905 -4.672897483 
-16.356438851 13.804703204 -5.775686484 
-2.459263630 3.863830155 5.279434793 
-4.588545804 7.197972080 5.206342478 
-1.899208513 3.585215025 -5.699131320 
-1.826657406 9.454462156 -6.503860763 
2.372016804 -4.309360048 -4.199142778 
5.613967717 1.757234839 -17.871340630 
-5.535080055 -4.592421196 3.231120989 
3.078907198 -0.492823268 5.752279027 
13.062453796 8.143891801 2.276993066 
11.315217028 7.902904803 0.358402138 
-13.598422403 -2.255272575 -2.874781912 
-6.651214365 2.748360079 -1.728081747 
17.664354608 25.390669019 9.188266663 
17.955116777 27.448554252 4.213931806 
-28.707307921 7.033406463 -9.826390729 
-28.555483692 8.791013024 -10.333510244 
5.303159979 22.003504586 15.521617489 
1.459601219 27.032745818 15.418555486 
-15.522724212 15.375134556 -17.902641764 
-17.603218119 16.848900246 -16.302179921 
-4.401392756 4.820300463 4.172705408 
-3.255678630 6.757718816 4.639924973 
2.328606196 5.177618674 -4.383321417 
-1.498394617 8.309339465 -5.214445462 
2.105887357 19.207629849 -15.070473390 
1.150917940 19.293521785 -13.645995172 
-17.830110928 11.161099130 11.878229949 
-17.355403117 12.455748734 9.936136373 
17.359571025 21.755416908 -12.815237583 
17.912453635 23.616158110 -10.236733443 
-29.508111773 4.091275424 1.822644564 
-29.607362103 4.955753845 0.967483895 
5.793411766 1.896009342 2.156383950 
3.482068311 1.288638773 5.874860053 
-14.631121272 -5.303455054 -4.257005233 
-15.009657743 -4.327874033 -6.689750985 
-5.910151443 3.601074370 -3.636189254 
-5.853397580 4.043071713 -3.424727156 
-5.720316581 0.391057900 -1.460006611 
-6.633417690 0.272569091 0.293249253 
-10.347002339 27.850337283 6.705695070 
-10.327767045 26.332257175 6.021604556 
-12.765661258 27.101359152 -6.584903757 
-9.864308145 26.659223535 -5.377873936 
6.617179455 33.646953427 12.897935016 
6.625448638 31.055847868 16.752256975 
-26.829267892 17.011168967 -14.517225272 
-24.556012759 17.391627787 -16.700892041 
11.341567247 24.412454827 -6.166731289 
13.378083212 23.889670043 -2.278368393 
-26.007862537 8.772809770 -2.284517857 
-25.155190207 7.499066128 -3.554510140 
-9.895560289 10.010680261 -3.082833068 
-7.128156021 15.161829260 -5.272972505 
-17.341487402 13.543575273 5.958202965 
-4.381756358 16.440943087 5.911893922 
8.584012919 25.454015230 -1.968363962 
8.610435725 23.156655347 -1.461256654 
-21.757451094 12.455036088 -3.952612746 
-20.169743924 12.040159185 -3.782204486 
1.927952302 32.066480242 -18.163053996 
1.028858823 29.314398922 -21.164650083 
-26.533582743 18.822187299 13.996780764 
-26.785994115 19.191296591 12.688226326 
-14.804056334 28.500192107 -10.318171652 
-13.987021793 28.046934777 -11.843828001 
-11.189536501 30.683759816 9.383569553 
-10.035868311 30.169758743 9.397771064 
-7.097688861 14.336840379 5.278645642 
-6.089282939 15.755978297 4.774665072 
-3.100164039 15.909172324 -6.199708024 
-3.433145547 16.662597730 -5.611812495 
-9.236063629 5.487207554 -9.188813839 
-7.487233035 4.013334635 -8.608332444 
4.205413489 10.924210596 9.114823129 
3.580803845 8.818024979 9.075851010 
-13.223269494 14.921411275 3.048935658 
-12.374463653 16.124248197 3.656183637 
0.333260755 20.199102635 -5.179423871 
-1.421384612 20.538728142 -5.445141126 
-5.415985847 28.872589977 -8.230402147 
-3.399223389 29.438723805 -5.531177382 
-15.175786632 24.940044162 6.982114723 
-16.737809983 23.795062263 5.139602048 
-5.487458764 22.871356383 -16.583988316 
-3.708699039 21.560453129 -17.328564404 
-6.474738863 22.367571354 15.976006181 
-14.682022678 17.138955357 15.197651348 
-14.157688651 8.500423590 -1.703183065 
-14.169542210 8.823078611 -1.398618102 
5.675105415 16.575781509 -3.563441074 
5.919375129 17.026907462 0.120668001 
-5.290149594 3.778692331 3.179403684 
-4.301492076 4.649310423 4.221581363 
0.033063460 5.553134077 -4.362134590 
0.659273224 6.199361550 -3.983056929 
-3.987432879 27.296571770 11.058149299 
-1.649967067 27.079406564 10.399647898 
-16.674916523 21.371354767 -9.882552718 
-17.314023198 20.319063308 -9.198671358 
-12.352714469 28.495511444 5.757067135 
-11.637613085 29.105677050 4.032010735 
-10.752062862 29.052739567 -6.007239117 
-9.950250038 29.789540637 -3.839873267 
1.526011910 -5.273030752 3.715471662 
2.040251275 -5.038666699 3.773810173 
-1.758170227 -6.489006949 -0.819469116 
-1.190763941 -6.831801286 -2.142099977 
-0.771741629 3.092343775 -6.213443529 
-3.101977899 2.279735224 -5.872079530 
-2.359797580 1.609713560 6.674626857 
-3.881597328 4.208249694 5.092438596 
6.323818286 3.489842359 15.419728673 
7.772576759 6.620858330 14.527571159 
-6.906106984 -2.696334697 -0.535366168 
-6.497887142 -2.699346036 -0.854290202 
-9.973239435 -1.265282257 12.228560676 
-11.645780937 0.192542522 12.714864476 
3.366780750 -3.881490526 -8.507154335 
-0.524982551 -4.309286354 -12.795673419 
-2.808871439 -4.955845267 -4.432210817 
-1.526812581 -4.697487648 -5.162580530 
6.768452277 1.022873495 3.065939935 
6.071340299 -1.373403828 1.889720272 
-11.747183717 6.375461304 0.408888545 
-12.083158152 8.247081169 1.184524003 
4.235710633 14.282382535 -2.656430904 
3.876402333 15.251121284 -2.905968302 
-8.178852963 7.786533168 -16.620915303 
-8.287597195 9.808691770 -16.338473032 
0.522713361 12.679113318 16.238822976 
-1.514928274 13.914778886 15.862653048 
-2.342012961 0.052351720 -15.799104880 
-0.202365339 0.381441578 -15.678339787 
-0.156320345 1.705881852 16.004064362 
-1.506467377 0.014520593 15.122748265 
-12.453604332 11.751984070 3.654375876 
-12.132972870 15.082379802 2.995084395 
0.378887408 16.910047215 -7.106992498 
-0.313137739 19.941790592 -3.856060845 
-12.459350659 22.920177528 -14.066639235 
-11.077191811 23.097250149 -14.931162716 
-6.001009945 25.611465277 13.736339153 
-8.796139537 23.733325604 14.952716527 
-4.882163912 16.831446906 -16.835757019 
-6.404073601 16.549995565 -17.263568834 
-8.254817881 5.452572155 16.976211222 
-11.075545533 15.878878611 15.911378048 
-0.466692675 3.709638632 -4.985313657 
1.364978514 4.433196407 -4.633906956 
1.720841199 4.301879975 3.665455018 
-4.752357716 3.089106191 3.577227532 
-1.565506876 3.155325976 5.243590050 
-4.587279969 4.113706846 4.265898630 
-2.780285551 2.675135870 -4.841872376 
0.108174970 4.707031627 -4.497707750 
-16.128987406 17.367274347 13.616842718 
-14.311996192 18.612333917 14.862655814 
-2.563141508 22.593871542 -15.417674151 
-5.556333068 22.078072525 -16.022190913 
-16.313609921 23.338962757 -4.099257550 
-15.108306132 24.998602497 -4.329330454 
-2.301771712 28.902194417 4.159782313 
-4.318643502 29.416531616 4.177857667 
-12.331884347 13.387306895 -5.118463912 
-12.446862875 13.948717438 -4.249989646 
2.463463986 19.183486824 3.975460630 
0.952269826 19.386629159 4.736586630 
-6.363127978 1.858828303 -1.324844295 
-6.078817481 2.121663535 -3.728495438 
3.200086017 3.658734420 4.694844578 
3.869734341 4.518251828 3.995996072 
-1.634101905 -5.427707736 6.078277169 
-2.400707410 -6.116420811 6.776432060 
3.968590096 -4.479854968 -4.942058966 
3.970322977 -4.664964199 -4.532569342 
-12.893452033 9.292921487 -5.017276881 
-12.892911961 8.520272793 -5.467465486 
5.979507929 15.428466767 1.070290879 
6.285871370 15.399985741 0.424173575 
-10.869546603 8.121863280 -2.963527269 
-11.190798756 8.834981739 -3.477627900 
4.644509843 13.525439306 1.351323522 
4.553616504 13.698738569 1.392869240 
-9.010379305 0.861687640 1.997863467 
-13.368179426 17.846803265 -1.942005870 
3.558007121 14.366445100 -1.741830333 
3.841660358 13.453897739 -2.341153677 
-0.004493580 -5.718153751 -8.974994008 
-5.345301260 -4.375193819 -4.970208624 
6.125392177 -0.466180520 3.327570224 
5.774333651 -1.812631951 3.884138367 
5.844177945 -0.569584164 -3.873405757 
5.531680861 -0.344484366 -3.969221993 
-5.193207590 -4.503618444 1.572877913 
-5.469039918 -3.972812122 1.428035222 
9.002952855 7.523071342 1.218398738 
6.528709162 12.271315449 -0.426089155 
-6.925821173 -2.432796406 0.208985072 
-11.612387910 8.613967672 -2.689926639 
-5.758871336 35.687600278 11.707277762 
-7.223570674 36.975853338 7.412845207 
-18.597428912 25.612832108 -17.277542061 
-18.681440700 26.089307930 -16.181394757 
-9.907023855 10.204252236 13.480942289 
-6.988183564 16.195478043 15.278647482 
-9.580505762 14.238973490 -17.949024559 
-8.779211405 14.825308144 -16.561217962 
13.149773898 21.222682093 9.823063923 
13.125671469 19.256564567 7.241629012 
-22.775152983 5.639600908 -8.598564060 
-21.673331858 5.337152111 -7.237575946 
13.179352381 32.406005279 3.906320216 
13.483814056 32.059241454 0.208911352 
-29.760906605 14.113921739 -5.738877007 
-29.342280177 14.378228838 -5.714442179 
2.835611579 -1.664672310 6.016419349 
16.053972584 9.508204196 14.948138730 
-19.680807984 -3.322421280 -14.393425828 
-20.126855511 -1.817732272 -14.548169574 
2.330141815 -1.470544179 6.799918750 
4.291211134 0.570283938 5.237641590 
-5.737580514 -2.841003481 -1.279977499 
-5.060031837 -3.780497234 -2.333309953 
13.203072370 17.352529333 -11.066225651 
12.165751802 17.246587510 -10.111923828 
-24.243655376 3.540061929 2.120062418 
-20.762075147 3.416954118 6.445881863 
19.133307630 23.218270257 -4.318357452 
17.994185724 25.845817140 -1.549977714 
-29.072694828 4.959771684 -3.482513348 
-28.654004318 4.967052206 -3.052416789 
21.284991245 13.114604226 -0.268350711 
20.754267421 10.646108361 6.809898275 
-21.688360811 -4.394302601 -10.759714332 
-21.326823171 -4.223976709 -9.401848882 
3.532701272 19.687470972 -11.478776383 
3.116322975 18.444008501 -10.061003296 
-22.572173432 6.023481935 3.240783088 
-20.301477685 7.441137399 4.803764809 
5.305528802 30.080618647 9.508167195 
3.534501887 29.495297469 7.285448817 
-22.286071619 18.517424253 -10.961488488 
-20.560848569 19.078176714 -8.938491890 
12.019482804 25.393364690 17.004805352 
8.559870275 22.337657046 21.345136244 
-22.307497036 11.068725221 -18.807504383 
-22.054672981 9.901115636 -18.456839653 
-18.324087733 18.095583183 -21.460652723 
-17.958346853 17.073469885 -21.297974321 
-2.833149783 25.819032828 22.543514492 
-0.941129502 23.825155416 22.917827479 
-18.675693882 23.611722525 -6.392232844 
-16.767251692 22.840765261 -3.232405449 
-4.640759922 29.555895848 1.331022954 
-3.913851332 28.582757653 1.765720322 
-1.366296353 31.078133978 -12.822595419 
-0.330532974 30.438297609 -9.800430630 
-21.897285100 22.198034732 7.919479759 
-21.572541787 21.143857836 4.792509113 
-2.447817296 26.896646914 -22.684610352 
-2.298723928 25.930331021 -22.731283441 
-22.269414910 18.092863526 18.369651631 
-20.665892778 17.120531577 19.555674364 
-12.705466500 10.641519488 3.069122497 
-11.088895175 9.498789292 4.749948137 
3.039712202 16.973343656 -4.742269197 
0.684504489 14.547621722 -8.191654745 
-16.610047878 22.664239559 -9.859102080 
-16.212701462 23.719887673 -9.789522697 
-0.315099559 31.484596895 -4.227629361 
-5.297404148 28.285014589 10.533313528 
-4.868134497 3.917460568 -3.802124504 
-7.067835639 4.713993094 -1.406068729 
3.786463183 8.865616016 0.569973921 
1.918683491 13.042159591 6.517020273 
-7.270426078 4.135633554 0.229594066 
-4.861681388 3.878085927 -3.602510386 
3.341422971 7.385657252 -0.997286480 
3.630295395 7.750196999 -0.351033306 
4.719547836 -1.758283932 3.389350070 
-0.929416187 3.568192282 5.006647186 
-4.537790935 -4.703693758 -0.205965350 
-5.421618012 -3.614758924 -0.001696256 
-6.344789657 1.547437722 15.300923256 
-4.425533566 4.389969176 16.783482759 
1.300188999 2.302195924 -15.074380298 
-0.046277391 3.605605152 -16.132795064 
-10.902790341 5.861353954 0.277630382 
-11.420735479 7.402794998 1.079690408 
3.958246779 14.218323094 -1.440720522 
3.928287259 14.236214571 -1.962804403 
-8.384438795 7.431077946 2.253060995 
-5.330251518 2.675633384 3.869089680 
2.168696617 12.230342335 -2.564556847 
1.354095174 9.831188039 -3.039672627 
6.529639047 2.055543644 1.728310930 
7.731215602 9.581621343 -2.837336439 
-6.426806501 -2.678598640 -1.418116188 
-7.964865342 -3.097404612 6.013349807 
5.140504617 -3.970193339 5.274706711 
5.289224847 -4.026174123 4.652131761 
-5.126973813 -4.695915675 -1.715061263 
-3.574736980 -6.707755937 -4.038106195 
3.327799300 -1.370916530 5.249401748 
1.401261298 -5.296509840 4.493955461 
-0.778738680 -7.405561464 -7.454967732 
7.728395538 7.523443329 -4.951916925 
-6.318094966 1.613152470 -3.036767641 
-9.829922079 7.917517864 0.452159316 
-1.168163069 11.053085987 5.952442150 
1.880574934 4.086869665 4.679476984 
-10.421351823 6.134680548 3.220257041 
-11.358446070 8.854674163 3.365366447 
5.179230452 12.282435268 -3.004576164 
3.875253527 14.592035518 -3.273169679 
-6.257609463 -5.728343731 -3.925071799 
-4.097184572 -6.081406637 -6.358377963 
6.049823896 -0.427198156 3.538156283 
5.820523870 -1.704629163 3.860437369 
-4.221998990 2.401134062 -5.348754753 
-5.312599361 2.830796486 -3.621097651 
2.086715251 7.211460551 -4.704048265 
2.910735931 5.490973318 2.830747862 
-5.310366974 6.324178444 4.201564593 
-6.164773386 5.673681156 3.379495540 
1.713220116 9.035415184 -4.383645178 
2.501986311 8.949440844 -3.860367526 
-5.211247309 2.400858035 -15.882486050 
-5.372047013 4.015266256 -16.590639830 
0.805783698 2.015091393 15.080079082 
-0.854047625 3.248005406 16.168655769 
0.561177875 3.805749730 -4.762433862 
-1.973797235 3.886154793 -4.869808310 
-5.078263878 -4.583330241 -0.913750068 
-5.243145530 -3.745279139 -0.136287887 
-8.269313179 7.403176140 -2.537871053 
-5.437139347 2.628451243 -3.730820924 
2.139178923 12.403287268 2.425982008 
1.041374062 9.759172063 3.433164419 
-10.190977441 4.438787870 -0.170436494 
-11.448577433 7.406595741 -0.645942982 
3.902097059 14.207620708 1.799024722 
3.754926446 14.273857701 2.473567408 
-16.697458138 22.718981465 9.854192249 
-15.676454238 24.061820682 10.038396310 
0.017028397 31.600048339 1.183656423 
-12.674119639 15.342116601 -16.954051653 
-12.264618277 10.803454669 -4.070798201 
-11.130603020 9.577165145 -4.695347499 
3.368643980 17.210590120 3.815589361 
2.707640348 15.190195129 5.788192037 
-7.159280316 4.242392592 -1.074393596 
-4.927867554 3.854087578 3.515739038 
3.404226995 7.371284024 0.644696843 
3.622921614 7.737608404 -0.130888421 
-7.170315187 5.061409112 3.086408413 
-6.945385568 4.773598655 1.790450186 
3.703256747 8.838818861 -1.094153093 
3.242198791 7.734387642 -0.437494523 
-17.292316032 2.472522295 11.673173960 
-4.537677010 -6.100132445 6.105280845 
6.893539953 -2.250838190 -4.562346440 
6.316499687 -2.963729511 -4.702214944 
-10.909794053 6.513467028 -2.539458487 
-11.262853445 8.772984800 -3.658598175 
5.243386174 12.428991382 2.192117284 
3.544847787 14.624623774 4.002941402 
-5.583907067 6.235985688 -4.071008311 
-6.029444054 5.595879140 -3.476448912 
1.668227263 8.816779185 4.386435313 
1.925612976 9.510851518 4.141377408 
-4.709648008 3.020420662 5.180660729 
-5.320018750 2.819757997 3.612407899 
1.259083478 4.422618626 -5.556658764 
2.882988063 5.476700398 -2.898882587 
5.139565726 -3.958563099 -5.285702328 
5.394849936 -3.951189172 -4.622870128 
-5.136003613 -4.706232775 1.675534030 
-3.527207305 -6.686749235 4.092595661 
6.582082824 1.990682254 -1.741028176 
7.813833871 9.653207438 2.447369785 
-6.429527871 -2.736927235 1.292588303 
-7.728245261 -3.152362693 -6.194355543 
-5.800998074 1.786149520 3.670698858 
-9.820449261 7.896781994 -0.234372315 
-1.049607531 11.101720105 -5.871712972 
2.045374831 4.108397239 -4.494302381 
3.180411281 -1.470208821 -5.313063816 
1.431178800 -5.247849614 -4.582401625 
-0.784684477 -7.324516714 7.523910532 
7.642507386 7.711546232 4.728576101 
3.227365489 -4.293844363 -2.328051319 
4.255574652 0.526699694 -5.296297426 
-3.446830762 -5.438765993 -0.786011695 
-5.031952571 -3.815420106 2.327567181 
14.022909405 9.308835004 -18.891873658 
13.901035495 10.134041718 -18.133482721 
-21.512875730 -5.667338967 8.440935091 
-19.394590210 -6.792832769 5.984962717 
20.066573207 22.699242545 -2.031727413 
18.540734140 24.980388477 -3.899257929 
-28.942610821 4.176085839 -1.383973375 
-28.951666497 5.842254581 -0.111698099 
16.488135561 17.858983922 4.556834384 
13.682413954 16.629727637 7.371406282 
-21.809416810 4.217630267 -9.358655080 
-21.130197170 4.637771171 -7.686029083 
-6.411743318 15.466311519 -17.113111243 
-5.683326091 12.753424202 -14.826405599 
-15.261623552 20.973006859 16.520568651 
-11.433692909 19.141056761 16.247419406 
-4.684325710 33.583852401 -14.524327611 
-5.592233302 35.182783498 -11.124524776 
-23.086555852 29.441753389 10.070573832 
-23.233158270 30.400317685 6.788876327 
11.972802823 30.571822556 -10.262144678 
10.707531834 31.751574745 -9.182577983 
-30.490484386 13.826225638 -1.096474361 
-29.933459788 15.144765158 -0.428103335 
10.651641622 19.182115198 -13.639298195 
11.314236950 18.103420316 -10.801925961 
-23.999519349 6.373704722 7.197757806 
-21.807910763 5.470676239 6.760774059 
-17.292820011 23.278072249 1.552541540 
-16.803395036 22.883253099 2.371347644 
-3.623149491 30.854566257 -9.675762996 
-4.600567635 29.734405164 -4.457560865 
-17.798525725 17.365811715 22.184090198 
-18.722213663 17.150481974 20.179516158 
-5.142239856 21.879421078 -25.688685526 
-4.266094567 22.056319492 -24.744573684 
-1.379278745 29.080455753 20.584088740 
-0.173520080 26.544755928 21.939878716 
-21.571627531 17.851220634 -19.189071172 
-19.123717738 17.033374775 -20.747384848 
-0.362491775 31.738864853 10.304746302 
0.669764931 30.782818957 7.953801835 
-20.655105273 22.965351332 -10.414572383 
-20.706903392 21.604435765 -8.463448953 
14.487925617 19.033426804 1.617342313 
9.433090511 19.774241713 4.891256281 
-20.797698081 5.888337564 -6.918908436 
-19.129412562 8.461581222 -7.692014162 
19.843412823 10.182003300 -13.407857000 
19.556453552 9.496968634 -11.908855692 
-23.100504052 -4.831580329 6.847626150 
-22.141550210 -5.322180078 5.461191397 
9.710163865 22.913297323 -20.965988864 
8.424941226 21.859160431 -21.736381996 
-24.681035945 10.604347542 16.265375350 
-22.320816470 10.800635946 18.241640330 
4.903633211 28.898926044 -12.525310344 
3.445057951 28.723320992 -10.029896456 
-23.996155770 17.694805502 6.623661164 
-21.813631180 18.371837967 7.562208892 
