-2.014190167 1.941795400 0.354387337 
-2.014913878 1.945343330 0.335582364 
-2.055261184 1.912116352 0.215095972 
-2.053792310 1.916484864 0.196940631 
-2.027674110 1.934007531 0.307841565 
-2.013896865 1.941332998 0.356234566 
-2.060233933 1.910126577 0.177972778 
-2.056066657 1.914449027 0.189651010 
-2.030297219 1.931540048 0.301790003 
-2.025950795 1.934878920 0.314343865 
-2.048203864 1.921490364 0.218609948 
-2.047501672 1.921847780 0.223046866 
-2.025676365 1.934843603 0.315325062 
-2.035919092 1.927264756 0.283757317 
-2.038019474 1.923489217 0.284049712 
-2.032039582 1.930813995 0.289937306 
-2.052914520 1.917624521 -0.199267815 
-2.043396377 1.924639188 -0.240472130 
-2.033206215 1.929524887 -0.286485755 
-2.026351276 1.930942479 -0.325720432 
-2.026327068 1.935888686 -0.306562207 
-2.026278727 1.937826312 -0.296977647 
-2.041840589 1.919630348 -0.275885074 
-2.031980722 1.925075281 -0.314668500 
-1.990653291 1.962337561 -0.396086798 
-2.001029571 1.954816444 -0.370501769 
-2.035060366 1.928262680 -0.281491172 
-2.034162167 1.925649612 -0.300354256 
-2.000237974 1.954319553 -0.377155977 
-2.015106453 1.946225532 -0.330898465 
-2.032120625 1.930961182 -0.287584212 
-2.030925777 1.931761618 -0.292642878 
-2.021566601 1.942386216 -0.305543257 
-2.024786812 1.938927153 -0.303489998 
-2.018760710 1.935714014 -0.350568637 
-2.013101630 1.936911551 -0.372692081 
-2.021019843 1.940770486 -0.318850295 
-2.011909131 1.947808523 -0.340746386 
-2.017157777 1.937416319 -0.351981539 
-2.033067011 1.927785251 -0.295909636 
-1.983667782 1.953832439 -0.441513297 
-1.952662353 1.998201057 -0.467089014 
-2.018603576 1.949648325 -0.333113421 
-1.984072607 1.954801880 -0.396770027 
-2.035624522 1.930682166 -0.266377810 
-2.030463560 1.936227196 -0.276168235 
-1.768785530 2.099738977 -0.732963116 
-1.998028573 1.952601920 -0.391781263 
-1.978643168 1.958878544 0.460355934 
-1.991230405 1.951464348 0.431745336 
-2.031141545 1.935361297 0.273590064 
-2.032406991 1.933378834 0.276194463 
-1.974871246 1.963427746 0.461855008 
-1.954785040 1.978919445 0.493654385 
-2.055549834 1.913304526 0.200213263 
-2.027328902 1.935117648 0.300692957 
-2.008368572 1.943501628 0.373757240 
-1.976481934 1.960696666 0.449576823 
-2.031357208 1.933541638 0.282782746 
-2.050195536 1.918987377 0.187049684 
-1.950484601 1.980571641 0.506654168 
-1.984782176 1.958311918 0.437115336 
-2.030642334 1.935584993 0.275578448 
-2.028204213 1.933037668 0.304466640 
-2.010457406 1.947272561 0.351414851 
-2.014265160 1.940767291 0.352416603 
-2.040827816 1.924250454 0.258487173 
-2.051394171 1.913042202 0.237310764 
-2.035825971 1.929755150 0.272420080 
-2.039849545 1.928341055 0.247973386 
-2.052473286 1.914805703 0.220096873 
-2.039054785 1.923056647 0.277166071 
-2.038885213 1.931371771 0.238728842 
-2.041967616 1.927090968 0.236849373 
-2.041064595 1.923679648 0.260649911 
-2.043958164 1.920542548 0.256547178 
-2.034835068 1.934552335 0.253164356 
-2.055094819 1.916382520 0.133996024 
-2.048424796 1.916392106 0.241568300 
-1.862678531 2.039088980 0.635310547 
-2.043234513 1.920100568 -0.260796594 
-2.046078315 1.919172441 -0.245896239 
-1.954070248 1.978024397 -0.499849166 
-1.992324663 1.950439124 -0.426649160 
-2.043974329 1.923514015 -0.238337271 
-2.032666641 1.931226902 -0.282332077 
-1.949323800 1.979773673 -0.510434423 
-1.964787518 1.972055865 -0.476245361 
-1.956051513 1.985073904 -0.468518881 
-2.032432209 1.932660847 -0.280667697 
-1.806419170 2.063155898 -0.729214687 
-1.903367144 2.018879751 -0.584848148 
-2.037321083 1.929841476 -0.257355839 
-2.074156534 1.893837909 -0.081947773 
-1.936413645 1.986600564 -0.541350740 
-1.991042944 1.953641104 -0.424600245 
-1.990745313 1.953154586 -0.421640194 
-2.009449838 1.941502310 -0.375569957 
-2.046893171 1.917141165 -0.246929052 
-2.039866458 1.921073288 -0.283929879 
-2.029262576 1.930756022 -0.308309182 
-2.027616512 1.936527708 -0.295371295 
-2.047703259 1.912318383 -0.269443644 
-2.049215191 1.910920587 -0.268167036 
-2.051714524 1.913586600 -0.234698905 
-2.046241752 1.920078237 -0.242374196 
-2.041607082 1.917641151 -0.287156019 
-2.024356109 1.929348163 -0.342046330 
-2.007896618 1.949949573 -0.348466865 
-2.029651665 1.933183699 -0.292936997 
-2.039986402 1.915093147 -0.309318897 
-2.021931953 1.928929254 -0.358474509 
-1.968165594 1.969162452 0.471485502 
-1.975643187 1.968432279 0.443206917 
-2.039527444 1.925697696 0.262125945 
-2.035159726 1.928321668 0.279652379 
-2.006150885 1.940736907 0.396374338 
-1.928815557 1.994691897 0.545986967 
-2.026427310 1.934967490 0.305459661 
-2.040853380 1.923610024 0.261848301 
-1.946054882 1.983809866 0.514593773 
-1.911908807 2.005033733 0.573852687 
-2.017062529 1.936535089 0.353757930 
-2.017613537 1.938612516 0.342249125 
-1.963948072 1.968490441 0.492407022 
-1.985471502 1.952771973 0.447642358 
-2.030835943 1.925830393 0.318144301 
-2.015488421 1.940365652 0.347205146 
-2.004468900 1.945788804 0.390092540 
-1.990934274 1.948082583 0.442606984 
-1.960911826 1.977522951 0.473558829 
-2.012197749 1.947609865 0.337284161 
-2.000561173 1.946340032 0.407037889 
-2.018607607 1.937706933 0.346594024 
-2.013661495 1.941795537 0.352176238 
-2.025763230 1.935498466 0.309087685 
-1.912067597 2.004117554 0.575811661 
-1.944531234 1.985816166 0.515242628 
-2.037084463 1.928280492 0.266688921 
-2.019667498 1.937836763 0.335912011 
-1.962487466 1.979053084 0.467228802 
-1.991070550 1.954879690 0.420603781 
-2.048238763 1.921200043 0.221546716 
-2.024180496 1.936716308 0.311876574 
-1.950499740 1.973775626 -0.522854922 
-1.937924080 1.985929702 -0.534581356 
-2.011025596 1.938306449 -0.378291189 
-1.975780380 1.965312671 -0.450547485 
-1.951800352 1.971925689 -0.523461128 
-1.966866652 1.968498311 -0.475243064 
-2.023030204 1.932403105 -0.337782730 
-2.007234056 1.941313441 -0.388357698 
-1.982505933 1.956510664 -0.448631614 
-1.923000724 1.994648157 -0.561364886 
-1.992931227 1.954183315 -0.412631110 
-2.007938373 1.942847141 -0.379915644 
-2.006984198 1.947292176 -0.366408263 
-2.008132653 1.943876808 -0.374188100 
-2.018560406 1.930864592 -0.367528430 
-2.010206143 1.942092940 -0.370017039 
-2.017240642 1.945136074 -0.324460742 
-2.010062077 1.945035963 -0.361563792 
-2.051931888 1.913573707 -0.235029594 
-2.042130742 1.919380708 -0.277989455 
-1.996799776 1.960687052 -0.371618749 
-2.037072628 1.933344699 -0.266915445 
-2.046584762 1.916358343 -0.261319934 
-2.021896450 1.929544973 -0.317847944 
-1.993978065 1.955904848 -0.401355685 
-2.008737986 1.947184723 -0.361345806 
-2.045284614 1.916980506 -0.263576840 
-2.033684431 1.923175414 -0.313557859 
-2.025044377 1.936860962 -0.308787058 
-2.018408302 1.939813079 -0.333856989 
-2.041630807 1.917627915 -0.287864753 
-2.036464311 1.921842846 -0.304908607 
-1.891960052 2.021875366 0.593843585 
-1.700686321 2.137200001 0.789177666 
-2.034937519 1.937596671 0.282112461 
-2.063776975 1.912829608 0.195849528 
-1.896924746 2.019263387 0.585439863 
-1.934731016 1.992497520 0.532196771 
-1.952184903 1.984078675 0.483499605 
-2.017068803 1.937875354 0.344950427 
-1.853325888 2.040907087 0.658912707 
-1.880070146 2.020801455 0.632612998 
-2.011640266 1.945256770 0.348715031 
-2.009546746 1.947928741 0.351723973 
-1.890245305 2.019665905 0.603162683 
-1.908579412 2.007322334 0.578663673 
-2.006375454 1.949121873 0.361783921 
-2.001443648 1.947726219 0.391950169 
-2.056002699 1.914623079 0.185039144 
-2.059582566 1.917376822 -0.117614686 
-1.982622549 1.958776746 0.439258493 
-2.049701988 1.926772140 0.167123972 
-1.950741313 1.986110442 0.496826393 
-1.891578878 2.020294937 0.602691035 
-2.032916544 1.932716329 0.267919029 
-2.024633570 1.935339016 0.306423015 
-1.868428313 2.050194833 0.579163821 
-1.684476722 2.142902089 0.820313529 
-2.056142448 1.950690524 0.137104555 
-2.064514756 1.923686850 0.161003051 
-1.903232948 2.009755479 0.575891648 
-2.063637555 1.898216048 0.134681337 
-2.042189811 1.935333642 0.191857691 
-2.033721309 1.929931163 0.278953439 
-2.017100017 1.946510529 -0.320536194 
-2.021185956 1.939341042 -0.323595535 
-2.052019737 1.920328402 -0.187217859 
-2.046451132 1.919165031 -0.241962203 
-2.037745243 1.924525214 -0.280869811 
-2.046203001 1.920760414 -0.237652055 
-2.041179378 1.921733951 -0.270647070 
-2.042240574 1.920719137 -0.267323804 
-2.054601671 1.910262215 -0.177168976 
-2.007467561 1.948788378 -0.358579401 
-1.721579066 2.115717797 -0.802811903 
-1.857724603 2.023384818 -0.681618829 
-2.035402993 1.930342004 -0.268813870 
-2.044094878 1.925308035 -0.229191425 
-2.043784934 1.925988630 -0.230585830 
-2.050671954 1.920231676 -0.202667801 
-1.769180255 2.098110120 -0.739015620 
-1.848459715 2.042374522 -0.663115533 
-1.632137204 2.158980479 -0.875553725 
-1.725844256 2.123641843 -0.782417580 
-2.061348425 1.930802190 -0.033290095 
-2.011019455 1.947454701 -0.344711067 
-2.059832693 1.900149047 -0.097395060 
-2.047851373 1.925061110 -0.192916488 
-2.014993450 1.938626170 -0.362619643 
-2.025671133 1.934272002 -0.323514655 
-2.033232081 1.925132532 -0.307763634 
-2.037083987 1.924512398 -0.285668797 
-2.046616876 1.918420395 -0.248871125 
-2.040989205 1.926097499 -0.249983899 
-2.001042147 1.948367072 -0.392355490 
-2.021993751 1.936628844 -0.325570949 
-2.073318916 1.885863020 0.058111285 
-2.017053651 1.962651177 -0.275238536 
-1.874638213 2.033918793 0.606847831 
-2.052471328 1.932419365 0.028247110 
-2.033605675 1.934042315 0.257508769 
-2.022178562 1.945026316 0.285584478 
-2.039272211 1.923593375 0.264812842 
-2.049994492 1.918142652 0.208495046 
-2.043248149 1.926200086 0.231807765 
-1.950120041 1.983148441 0.494559745 
-2.022968606 1.930467700 0.340545355 
-2.038925902 1.927275095 0.256356780 
-1.827955502 2.059048240 0.680031727 
-2.016894639 1.945887550 0.318376799 
-2.039437813 1.922190030 0.275167318 
-2.014186292 1.938442607 0.359570979 
-1.843707554 2.048979551 0.664303691 
-1.930909358 1.988367106 0.554522806 
-1.779512650 2.083134409 0.741515396 
-1.788787939 2.073349981 0.737650956 
-1.782319298 2.081874483 0.739840535 
-2.045294171 1.902044232 0.296554742 
-1.793716717 2.074206679 0.709976589 
-2.061374746 1.922101548 0.074709988 
-1.986175274 1.958031360 0.427597923 
-1.920397325 2.001939888 0.551134806 
-2.022198135 1.942523911 0.299854140 
-1.988602935 1.956120203 0.425166129 
-1.938191468 1.992900283 0.515071308 
-1.892504088 2.018674228 0.599854864 
-1.955284795 1.980739169 0.486395286 
-1.932271784 1.992812550 0.535364039 
-2.054240381 1.891843396 0.073961772 
-1.813971790 2.077110791 -0.702677659 
-1.737114687 2.131698704 -0.766231822 
-2.039485136 1.926585008 -0.285423567 
-2.035402338 1.929924869 -0.269288715 
-2.027621448 1.932839105 -0.302242016 
-2.034774545 1.928686483 -0.265681098 
-2.030620330 1.928979890 -0.288187300 
-2.001041118 1.949087554 -0.391056734 
-2.042062401 1.926261966 -0.241397757 
-1.878449715 2.024771698 -0.624891309 
-1.992222460 1.953495859 -0.417048043 
-2.050713905 1.921870892 -0.193399032 
-2.047079101 1.926235401 -0.201427608 
-1.993876575 1.949191424 -0.422983276 
-1.990535237 1.953948481 -0.420607232 
-2.000435722 1.953037739 -0.378518786 
-1.898227768 2.021025672 -0.573276537 
-1.994512666 1.946937368 -0.427011832 
-1.970621063 1.950687710 -0.513349492 
-2.022827628 1.934837736 -0.329710574 
-1.999068134 1.949784944 -0.395649741 
-2.011544024 1.941286331 -0.363608591 
-2.027039068 1.936140572 -0.294611594 
-1.994183280 1.960037516 -0.383651942 
-1.941238104 1.990639226 -0.510645024 
-1.921473091 1.992247747 -0.571319916 
-1.841346110 2.048269708 -0.672285139 
-1.975893966 1.961041184 -0.463422833 
-1.938090806 1.989214604 -0.519870554 
-1.929271672 1.987410348 -0.561226169 
-1.965519531 1.967884405 -0.485067770 
-2.029457689 1.934819853 0.291748238 
-2.011559675 1.942884290 0.360599023 
-2.030047007 1.927957613 0.313055095 
-2.014392050 1.942311379 0.342260946 
-2.019157737 1.944292470 0.309597876 
-2.020978740 1.936602784 0.332093435 
-1.990240960 1.954440880 0.422365988 
-2.028960807 1.931156250 0.305597670 
-2.019728192 1.934156396 0.349743665 
-2.028588788 1.928010028 0.324225785 
-2.033782251 1.923970551 0.311600421 
-2.030333701 1.928756486 0.310157995 
-2.037615779 1.924446885 0.281919474 
-2.035565097 1.927684462 0.279713346 
-2.037974741 1.924326681 0.283615369 
-2.020409390 1.935800392 0.340951527 
-2.053291472 1.922107332 0.158482551 
-2.040718123 1.941343328 0.150772283 
-2.018169958 1.938582605 0.341857600 
-2.043047829 1.922990494 0.251160301 
-2.037074046 1.930512642 0.236188625 
-2.049326227 1.918809879 0.224741438 
-1.987486071 1.958197453 0.421885714 
-1.994400237 1.954402911 0.402876723 
-2.069772640 1.907607203 0.040797517 
-2.015058615 1.941665312 0.349669305 
-2.045504011 1.913820584 0.282022373 
-2.026789293 1.930635922 0.324093685 
-2.023426320 1.934126600 0.330982104 
-2.002774992 1.946735344 0.394646669 
-2.040121852 1.919467055 0.290899123 
-2.045345142 1.916625471 0.267014058 
-1.988297732 1.970409521 0.377252408 
-2.058661627 1.923919598 0.031564146 
-2.038829661 1.931914120 -0.237645380 
-2.047668137 1.922650078 -0.216467640 
-2.055567366 1.921211713 -0.152431273 
-2.055530187 1.921361557 -0.159426155 
-2.046874298 1.899314568 -0.303462724 
-2.061675651 1.935563412 -0.088547867 
-2.057823138 1.925866244 0.032212089 
-2.035242439 1.930104733 -0.275688536 
-2.038952788 1.928221584 -0.255991015 
-2.024998751 1.939334380 -0.299088003 
-2.062802383 1.918527440 -0.005650861 
-2.063704089 1.916787964 0.032594111 
-2.046668815 1.921424084 -0.232648675 
-2.030933815 1.929546254 -0.303290692 
-2.056329999 1.896598013 -0.191287052 
-2.070863910 1.891269538 -0.011157147 
-1.876473058 2.017886875 -0.632084445 
-1.757191430 2.084191849 -0.790679218 
-1.670213489 2.147568673 -0.840074976 
-1.665073173 2.155397671 -0.838804409 
-1.655073431 2.141282129 -0.874897372 
-1.693320238 2.114302039 -0.848685043 
-1.818849661 2.067564053 -0.695052299 
-1.817087046 2.070217800 -0.698512083 
-2.043638819 1.911848646 -0.263725493 
-2.050340427 1.902419236 -0.253771301 
-1.645264638 2.152647788 -0.882977059 
-1.619452921 2.164455452 -0.903902514 
-1.938702781 1.989452112 0.499816947 
-1.955173435 1.975986381 0.481556205 
-2.044298804 1.918474573 0.236438348 
-1.879639137 2.010889204 0.641469598 
-1.782216530 2.081519352 0.739679718 
-1.999568082 1.965374306 0.352630651 
-2.069818125 1.907634406 -0.013558233 
-2.046492271 1.922359780 0.229319636 
-2.043914074 1.923888485 0.239635468 
-2.039767215 1.924643871 0.268934518 
-2.051271740 1.925108737 -0.160040416 
-2.033369395 1.929299456 0.290074003 
-2.061586562 1.920367026 0.025947487 
-2.030422151 1.944704711 -0.233022785 
-2.030450204 1.931926765 0.296419497 
-2.033413648 1.940143141 0.231880859 
-2.048407691 1.919741930 0.228208421 
-2.052334626 1.919151554 0.196640103 
-2.063032919 1.912032000 0.125384900 
-2.062198621 1.913860861 0.121358377 
-1.925666108 1.995807309 0.566459691 
-1.900807297 2.013754209 0.602765064 
-2.058684635 1.919794644 0.095516671 
-2.051764056 1.924677908 0.157445587 
-2.034986149 1.931228201 0.264458549 
-2.039793383 1.925051145 0.261745900 
-2.061143250 1.907937683 0.113955168 
-1.990335935 1.954795015 0.426932800 
-2.042002163 1.948725958 -0.080848561 
-2.053394598 1.918218835 0.193889826 
-2.037849578 1.935588537 0.226836954 
-2.056936792 1.920174482 0.165574579 
-2.053236690 1.921612626 0.154068330 
-1.799822589 2.072161441 0.735539805 
-2.042464949 1.929824351 -0.220070962 
-2.041023711 1.930772387 -0.225592882 
-2.005871594 1.947847572 -0.372189702 
-1.966697635 1.971852922 -0.469228629 
-1.993602252 1.959164110 -0.368889750 
-1.855275197 2.056836462 0.609145470 
-2.049293524 1.931704765 -0.180791221 
-1.910407836 1.987303926 -0.592764416 
-2.029610213 1.929203548 -0.314827804 
-2.013918906 1.944152790 -0.342716427 
-2.014480456 1.945802890 -0.330805378 
-2.052919205 1.915114284 -0.214895156 
-2.070493503 1.880195455 -0.149760133 
-2.048793947 1.924098872 -0.188787016 
-2.055405856 1.915223508 -0.196303640 
-2.050018868 1.918589717 -0.223061675 
-2.057412063 1.918776943 -0.138439282 
-2.050791496 1.928526349 -0.136026264 
-2.011597896 1.931076275 -0.400271308 
-2.039635658 1.913809376 -0.315118322 
-2.056009080 1.917699748 -0.163629561 
-2.048462634 1.918856506 -0.226805684 
-2.025133842 1.930793619 -0.330204182 
-2.022016441 1.934901161 -0.335110792 
-2.035005196 1.935842185 -0.238594657 
-1.975067539 1.968979349 -0.439343465 
-2.027041248 1.924408047 -0.347813050 
-2.007314023 1.950582312 -0.334776673 
-2.063424524 1.908353633 -0.149914058 
-2.049917433 1.923520419 -0.186020565 
-2.039543374 1.921897133 -0.280716596 
-2.056227938 1.910155907 -0.211774836 
-2.032030548 1.927898974 0.304918758 
-1.970315704 1.969885709 0.457774289 
-2.030197858 1.923464358 0.339045246 
-2.021254656 1.934246683 0.345610588 
-2.056285588 1.908689579 0.226819061 
-2.013805281 1.935937043 0.375612354 
-2.051889904 1.917281024 0.216133848 
-2.061283891 1.903510898 0.215960727 
-1.658186563 2.144267014 0.863610559 
-1.836621220 2.039845364 0.699634372 
-1.808357035 2.061292918 0.711240952 
-1.998314055 1.966281080 0.359466958 
-2.061478596 1.903304296 0.185016703 
-1.789804201 2.065644990 0.737760430 
-1.918682891 2.007036748 0.537693619 
-1.586538081 2.176764533 0.921334982 
-2.018061298 1.943580983 0.311826818 
-2.045525073 1.920961249 0.239923381 
-2.014681065 1.940233713 0.349663373 
-2.031480226 1.924638186 0.319990906 
-1.831878878 2.030044526 0.700227455 
-1.835210490 2.018647258 0.730202020 
-1.744274078 2.128157015 0.757415454 
-1.916984178 2.022918446 0.556354088 
-1.957295310 1.981717634 0.471319759 
-1.978750809 1.969777342 0.420654918 
-2.006132486 1.934807067 0.415764857 
-2.054808281 1.938240245 0.099524630 
-2.008238347 1.947614098 0.352616958 
-1.990043059 1.955980170 0.415369614 
-2.024249878 1.926975541 0.351044895 
-2.023299832 1.932984127 0.333864267 
-1.845489038 2.040942437 -0.676072904 
-2.062667366 1.897922332 -0.200841183 
-1.717565545 2.129515966 -0.775435379 
-1.818835502 2.055244034 -0.708288650 
-1.861147607 2.042555749 -0.633699084 
-1.955009465 1.978714783 -0.496841431 
-1.846992631 2.043828145 -0.665472410 
-1.789258442 2.069417262 -0.745438109 
-1.915384803 2.003067554 -0.565918019 
-1.968848118 1.968696246 -0.469946260 
-1.788369166 2.074049235 -0.738601830 
-1.799427609 2.064110382 -0.734868766 
-1.959865911 1.990410349 -0.442652088 
-2.011247088 1.944865927 -0.356211269 
-1.846507430 2.040502032 -0.675267611 
-1.955124978 1.980799486 -0.487735810 
-2.039592932 1.920783093 -0.284330253 
-2.026117267 1.938634292 -0.293666959 
-1.992788128 1.955602294 -0.408565691 
-2.028039271 1.929196270 -0.321000514 
-2.046209524 1.925133537 -0.216158811 
-2.033705322 1.930884750 -0.276793512 
-2.026814905 1.930307877 -0.324920552 
-2.033905471 1.928481872 -0.289224384 
-2.024339948 1.932034219 -0.329991164 
-2.001351299 1.951692609 -0.378478126 
-2.035397415 1.923657697 -0.300223764 
-2.050546532 1.916249077 -0.227363988 
-2.034533417 1.931681304 -0.267035724 
-2.020931482 1.944154478 -0.299597190 
-2.031867757 1.926861040 -0.309606206 
-2.032547836 1.931272211 -0.285888103 
-2.011602284 1.947624503 0.345276664 
-2.011086816 1.942517876 0.363949594 
-1.985691085 1.949446540 0.457529389 
-2.037252476 1.920484146 0.304141076 
-1.945637921 1.987342676 0.503744359 
-1.940800746 1.989805411 0.514173605 
-1.953010126 1.974780328 0.511287389 
-1.982640379 1.955945988 0.450808531 
-1.982163904 1.958775412 0.444284879 
-1.951040142 1.981802493 0.499373724 
-2.019844232 1.930707132 0.365132946 
-2.022024046 1.934675865 0.336267658 
-1.948443654 1.990464362 0.486445033 
-1.963473697 1.976157326 0.468670857 
-2.026546902 1.926173250 0.347476395 
-2.013451954 1.935516711 0.379057422 
-2.042161330 1.924097945 0.255598626 
-2.025005119 1.938014449 0.307426407 
-1.974553804 1.963446003 0.461130071 
-1.992417859 1.956807278 0.405667343 
-1.983446237 1.958084893 0.441678377 
-1.945300822 1.981157636 0.522859083 
-1.962093875 1.973484725 0.482898882 
-2.008233317 1.943345819 0.377263343 
-2.012267283 1.943849602 0.334684829 
-2.037087453 1.916002005 0.293423526 
-2.009786666 1.945617955 0.356864088 
-2.000961688 1.956001043 0.360755105 
-2.030180193 1.926848697 0.305277851 
-2.026669172 1.932567187 0.304586432 
-1.952935955 1.983068238 0.492448123 
-1.886822031 2.020967291 0.607896934 
-1.762804536 2.081837626 -0.788055363 
-1.961870384 1.967841079 -0.460472947 
-2.047429458 1.912249507 -0.253595637 
-2.051774592 1.938423639 0.014433720 
-1.947109565 1.982574690 -0.515142996 
-1.949004820 1.978652124 -0.518421410 
-2.051901993 1.917922632 -0.185858708 
-2.045673641 1.921478578 -0.218474671 
-2.034916901 1.921028307 -0.297522925 
-1.972252405 1.970750729 -0.456164160 
-2.006571524 1.939228568 -0.373134114 
-1.997095860 1.942008880 -0.397513994 
-1.626985576 2.172816133 -0.867341781 
-1.769314290 2.099293808 -0.729172889 
-1.626352052 2.153023085 -0.897453974 
-1.772222164 2.063809544 -0.776513740 
-1.995549562 1.957223107 -0.389871495 
-1.952957552 1.986564605 -0.476484093 
-1.882637327 2.019363148 -0.624590040 
-1.869548885 2.023665254 -0.649882535 
-2.067993674 1.886998925 -0.081212011 
-1.741177317 2.096829869 -0.786765664 
-1.605177695 2.172128175 -0.906818016 
-1.898120878 2.025305222 -0.579543769 
-2.032418459 1.932347113 -0.278736314 
-2.059761844 1.906080223 -0.183768267 
-1.951365965 1.973719660 -0.512241762 
-2.014837801 1.923812780 -0.379755491 
-1.963318806 1.981891392 -0.445376750 
-1.980105377 1.969097986 -0.412599264 
-2.032351010 1.923384682 -0.306268709 
-2.019254581 1.926964822 -0.364149283 
-1.992723294 1.957123201 0.403635937 
-1.992924099 1.956797061 0.403056004 
-2.025138250 1.935442681 0.312865738 
-2.013565312 1.935039037 0.378478808 
-1.998665649 1.948654321 0.408230468 
-1.957441220 1.995474577 0.439777675 
-2.033520961 1.922858815 0.317560362 
-2.056407065 1.908992737 0.223853070 
-2.042463886 1.918596624 0.226346179 
-2.046387796 1.921423829 0.192538128 
-2.004118103 1.955346001 0.374791095 
-2.008490175 1.949817009 0.361092566 
-1.993030436 1.957653305 0.392670908 
-1.995896290 1.956960130 0.387942169 
-1.867909913 2.023370292 0.654580771 
-2.035844309 1.925663400 0.288698358 
-1.998284448 1.957186986 0.377666231 
-1.978779493 1.983588170 0.374302127 
-2.033186677 1.924213911 0.313476550 
-2.032365775 1.929163989 0.293634298 
-2.008154707 1.949432621 0.340128425 
-1.993747374 1.955941782 0.403889260 
-2.019602080 1.937190312 0.342372688 
-2.030856662 1.930050106 0.304257040 
-1.981626485 1.963056494 0.437605000 
-2.019768631 1.940477827 0.328244611 
-2.039455391 1.917811117 0.302136593 
-2.016541357 1.937153289 0.358148962 
-2.023078707 1.934537861 0.330861296 
-1.981437357 1.970660077 0.413055704 
-2.043521849 1.921091085 0.258566320 
-2.050168831 1.913902986 0.244860236 
-2.030396204 1.940812153 -0.254895884 
-2.037757502 1.921383198 -0.298571707 
-2.043698285 1.926421692 -0.228882262 
-2.032500788 1.936165270 -0.263901083 
-2.044664971 1.927157054 -0.218942403 
-2.042825786 1.925410959 -0.244802393 
-2.045569582 1.927878056 -0.202237626 
-2.038427160 1.953950310 -0.225339802 
-2.034524262 1.932445111 -0.266916964 
-2.046340299 1.928988036 -0.189887871 
-2.035912506 1.931806338 -0.263122497 
-2.034414633 1.931634534 -0.272815289 
-2.040320722 1.929776110 -0.239653186 
-2.043854950 1.923993861 -0.241522197 
-2.051670186 1.917583004 -0.214127136 
-2.049816527 1.917643257 -0.226317341 
-2.004036940 1.944905932 0.322074179 
-1.910224863 2.024357248 -0.525757286 
-1.880167537 2.040509942 -0.576595040 
-1.971905849 1.974012103 -0.463914851 
-1.988521469 1.960604015 -0.371590205 
-1.795665112 2.070194146 -0.723125537 
-1.754516306 2.081853496 -0.798773484 
-1.970503224 1.962268947 -0.474384832 
-1.906560029 2.017725024 -0.576997147 
-1.947832273 1.989765155 -0.514299642 
-2.028612263 1.924189148 -0.308088952 
-2.014165101 1.935697058 -0.332103749 
-2.034778550 1.942748759 -0.241387400 
-1.969988338 1.977489295 -0.458504082 
-2.071383317 1.905488038 -0.035727528 
-2.068975428 1.908955038 -0.045522462 
-2.033096938 1.933056702 0.275365831 
-2.027929367 1.938542656 0.279274488 
-2.043752267 1.931325742 0.204478148 
-1.961234895 1.998898319 -0.405848545 
-2.038584899 1.931144833 0.245551823 
-2.048771919 1.921108528 0.215813411 
-2.057015669 1.914997657 0.182411362 
-2.055229994 1.914512891 0.197337595 
-2.014611220 1.947876952 0.327742228 
-2.021818898 1.942561901 0.306185117 
-2.073140000 1.903666892 0.005454928 
-2.069285214 1.903618254 0.117156090 
-2.021103273 1.938946651 0.322585656 
-2.026583196 1.935599712 0.301748741 
-2.065651938 1.908753947 0.125069581 
-2.057768352 1.916745211 0.157178173 
-1.913957308 2.014854068 0.534450832 
-1.847869349 2.054983958 0.626868858 
-1.953105972 1.972799863 0.521480483 
-1.881690169 2.031867796 0.615907385 
-1.959508758 1.981678075 0.458062843 
-1.980916918 1.968543214 0.413890034 
-2.000538765 1.943573737 0.411331451 
-1.987770241 1.950222753 0.445947754 
-1.981508611 1.965290143 0.419363371 
-1.958764847 1.978915147 0.475088751 
-2.054705998 1.911049709 0.204858035 
-2.030846338 1.926711239 0.299498118 
-1.943884139 1.958276577 0.535275540 
-2.064737146 1.896696879 0.148689559 
-1.678503215 2.134226818 0.840006983 
-1.956872626 1.977386419 0.484374963 
-2.038850216 1.927816812 -0.259512017 
-2.039578386 1.923881849 -0.276515279 
-1.784344959 2.080619349 -0.737224168 
-2.024027220 1.940541217 -0.300882900 
-2.043013334 1.929993727 -0.210877358 
-2.043535994 1.929138583 -0.211489116 
-1.951530493 1.983604744 -0.485421224 
-1.986453793 1.959840588 -0.424323256 
-2.046365146 1.933677543 -0.164684651 
-1.954597480 1.986687869 -0.472358059 
-1.858358704 2.035304579 -0.653510285 
-1.910300117 1.996896755 -0.580604706 
-2.058346083 1.915997931 -0.106675750 
-1.988599521 1.958207467 -0.388114931 
-1.934151425 1.991512024 -0.536465850 
-1.956222161 1.979528519 -0.485576917 
-2.010617253 1.935044731 -0.388169689 
-2.028890745 1.920204173 -0.350792405 
-1.916271567 2.002513920 -0.561683045 
-1.944516420 1.976822451 -0.533842806 
-2.036842582 1.924100824 -0.283237850 
-2.019206047 1.932190693 -0.355372103 
-2.017892502 1.931871221 -0.369208489 
-1.975212669 1.960605480 -0.469152480 
-2.024153956 1.927937332 -0.348259811 
-2.011300598 1.935708590 -0.388025577 
-1.986748310 1.956767096 -0.431337296 
-2.007714388 1.944050151 -0.374816236 
-2.048045372 1.918280123 -0.232324408 
-2.009809245 1.940034298 -0.368570659 
-1.974179573 1.965355472 -0.458817352 
-2.001624984 1.943839123 -0.405928481 
-2.021231500 1.934311209 0.341231666 
-1.980693451 1.961991974 0.443410992 
-2.053388937 1.910422443 0.242948941 
-2.033273579 1.924162198 0.314524554 
-1.961487909 1.975194304 0.478740187 
-1.963789043 1.977793469 0.462100901 
-2.060613625 1.905052961 0.214167393 
-2.054300520 1.909444039 0.240190383 
-1.982547768 1.964655788 0.421176237 
-2.023370611 1.931000269 0.340061142 
-2.003938076 1.947639266 0.381523296 
-2.012571102 1.942855002 0.354275692 
-1.985347875 1.958484339 0.427897413 
-2.057340486 1.903201077 0.222401489 
-1.995934746 1.947691985 0.418410425 
-2.021948455 1.942992793 0.286616576 
-1.835131205 2.041266252 0.696306333 
-1.918093795 1.998962325 0.565836006 
-2.013936812 1.947387971 0.325495008 
-2.004450307 1.954160678 0.352736015 
-1.885914277 2.020045926 0.595319245 
-1.823945464 2.030292494 0.733069390 
-2.038494518 1.932235256 0.270910314 
-1.869620096 2.054266660 0.624012627 
-1.883310174 2.023759818 0.612169732 
-1.918499902 2.002580165 0.557744043 
-2.029068293 1.939152067 0.267520225 
-2.006293256 1.951232306 0.356714056 
-1.829782673 2.048465187 0.695900442 
-1.853175145 2.034738369 0.667004170 
-1.985689535 1.958208149 0.430138243 
-1.975089841 1.963149623 0.459104525 
-2.017991894 1.939324866 -0.342298299 
-2.010205968 1.946253484 -0.357228956 
-1.952398666 1.979305565 -0.500019481 
-1.910935314 2.007290849 -0.569343026 
-2.028088637 1.934813978 -0.300303690 
-2.009329315 1.943043335 -0.375683275 
-1.958639603 1.977347748 -0.477104235 
-1.967697657 1.968543235 -0.474118883 
-2.011064402 1.938740347 -0.380900815 
-2.008370675 1.941986891 -0.383027658 
-2.011008126 1.937567173 -0.382478167 
-2.007403428 1.928407936 -0.427597529 
-2.026089398 1.933631687 -0.313016094 
-1.976257726 1.965069534 -0.457246077 
-1.971106626 1.966463067 -0.458375913 
-1.978045056 1.964443383 -0.442697705 
-1.919984153 1.997290038 -0.567182873 
-2.018445302 1.933574674 -0.359677388 
-2.059167446 1.904657854 -0.218494692 
-2.037666660 1.919595583 -0.301148827 
-1.969392709 1.963489973 -0.485545938 
-2.001785540 1.943252415 -0.410741535 
-2.047716625 1.920129043 -0.219780961 
-2.036662307 1.926401941 -0.275414005 
-1.984942053 1.959131689 -0.427015977 
-1.952896590 1.981211968 -0.508213601 
-2.040432285 1.921527053 -0.279315871 
-2.060807543 1.915694404 -0.117048540 
-1.945832155 1.978413472 -0.526281709 
-1.962079673 1.964420367 -0.513793977 
-2.029373240 1.930155375 -0.309025663 
-2.024968676 1.931844162 -0.324065667 
-1.788128975 2.079655391 0.735681106 
-1.781301295 2.083121573 0.741404915 
-2.039632373 1.918189387 0.299556267 
-2.036042460 1.922767410 0.304491807 
-1.869227045 2.038197104 0.617687725 
-1.862378654 2.045005956 0.621965628 
-2.045761471 1.921826814 0.228843106 
-2.046681323 1.940101208 0.161385396 
-1.944257282 1.982539355 0.521550036 
-1.972389787 1.954997819 0.490441856 
-2.022686581 1.937949013 0.261895448 
-2.044806819 1.896944259 0.268119482 
-1.848587802 2.054911379 0.639614710 
-1.893157004 2.026233700 0.579757800 
-2.042673121 1.915652678 0.286161751 
-2.026871789 1.927460464 0.332902175 
-1.863822246 2.036258670 0.638023732 
-1.940462606 1.981623567 0.539012618 
-1.801215240 2.068798636 0.720941502 
-1.880678921 2.025887986 0.609882294 
-1.718193525 2.118398862 0.810596938 
-2.063931305 1.899079522 0.187447888 
-1.808540444 2.062174943 0.692215155 
-1.798143238 2.066830035 0.730735664 
-1.948093508 1.986973797 0.493271321 
-1.953886247 1.979752195 0.493996886 
-1.976626440 1.966177603 0.445590792 
-2.002214024 1.949387164 0.383704212 
-1.887173955 2.021305284 0.605712430 
-1.901007832 2.012414802 0.588040600 
-1.946263430 1.984213152 0.506666040 
-1.982227777 1.963978441 0.429150436 
-1.794273618 2.048818600 -0.745382406 
-1.808951544 2.035613112 -0.756576578 
-1.803390908 2.095699316 -0.687031295 
-1.891124813 2.040650259 -0.592268232 
-2.011439929 1.945860209 -0.342752515 
-2.014187775 1.940438950 -0.346622217 
-2.026775850 1.931371636 -0.304697211 
-1.801671627 2.065287627 -0.721116047 
-1.993754260 1.957579935 -0.391708981 
-2.011249763 1.947531343 -0.340355732 
-1.885119171 2.018358546 -0.621910663 
-1.992679283 1.950038097 -0.427658348 
-2.035515997 1.936638877 -0.231011316 
-2.021138661 1.944247786 -0.295505340 
-2.009309235 1.948221380 -0.351714766 
-2.025475073 1.937159032 -0.302361959 
-1.957613837 1.977082792 -0.486771763 
-1.985478977 1.961318245 -0.421696971 
-1.966862231 1.964524833 -0.488255929 
-1.921174428 1.989036044 -0.581418179 
-1.964560155 1.973218629 -0.470570284 
-2.002870023 1.953750992 -0.364514314 
-1.936663858 1.979745204 -0.552616231 
-2.047086428 1.919021380 -0.239746581 
-2.017406047 1.937483207 -0.347232740 
-1.974898601 1.968739369 -0.442579128 
-1.923092256 1.984614395 -0.585845646 
-1.959673399 1.968131078 -0.504970366 
-1.995742046 1.952685787 -0.402403644 
-1.970497097 1.957585131 -0.493643916 
-1.980211868 1.958769894 -0.453495982 
-1.936803493 1.988560071 -0.531045560 
-2.030822615 1.937803975 0.265370869 
-2.049571097 1.931516891 0.128352420 
-2.028882163 1.928104711 0.319457606 
-2.022883978 1.929657335 0.345767154 
-2.038599609 1.925250723 0.271956012 
-2.024823774 1.939356172 0.298447648 
-2.016985283 1.940839374 0.337404782 
-2.041456444 1.919875716 0.274209942 
-2.049549119 1.922462308 0.196007273 
-1.981758228 1.960251437 0.436643484 
-2.021704625 1.937988665 0.325862420 
-2.051075338 1.912831571 0.246148484 
-2.011074801 1.943708521 0.357977299 
-2.019806243 1.937476768 0.337147578 
-2.036781887 1.925193579 0.285405678 
-2.024661488 1.935097994 0.318785773 
-2.027211613 1.934864841 0.302888675 
-1.964614688 1.974731965 0.480565547 
-2.026188705 1.933924117 0.311272367 
-2.016498248 1.942200838 0.313153579 
-2.048226247 1.917490129 0.242102982 
-2.052229265 1.921156497 0.180565347 
-2.016875245 1.942819213 0.330430017 
-2.003993231 1.948467077 0.377006064 
-1.996065876 1.953203420 0.403512963 
-2.028880591 1.929066713 0.321575853 
-1.997154987 1.952455409 0.397970217 
-2.015746622 1.939913602 0.350343480 
-1.996192853 1.956730207 0.391436676 
-1.943950058 1.985597815 0.517188990 
-2.041898364 1.923402156 0.259227178 
-2.042679726 1.922596938 0.257400671 
-2.034428741 1.926136568 -0.298015311 
-2.040787664 1.923641541 -0.265681701 
-2.031796715 1.936114421 -0.263919186 
-2.035164461 1.925726086 -0.291493900 
-2.032349212 1.927960720 -0.304175491 
-1.747519825 2.110882780 0.747421621 
-2.045362142 1.951443124 0.063233508 
-1.916162124 2.031462045 -0.503250196 
-2.040417539 1.918701909 -0.291506856 
-2.044564128 1.923279420 -0.235611592 
-2.050144723 1.918519538 -0.219132262 
-2.044543408 1.920787359 -0.251550851 
-2.024281107 1.933819481 -0.325509487 
-2.050377292 1.921066952 -0.201263242 
-2.047766766 1.914858454 -0.255236702 
-2.035580920 1.925358382 -0.293235146 
-1.928127751 1.993937628 0.527571598 
-2.071204864 1.883094384 -0.158282656 
-2.064523640 1.906717022 -0.130302515 
-2.054494779 1.895277082 -0.253739322 
-2.010623004 1.944497625 -0.357763400 
-2.020245083 1.937173218 -0.331538459 
-2.004033422 1.948319554 -0.379465693 
-2.003566100 1.947811967 -0.382333233 
-2.070463177 1.897820070 -0.150195734 
-2.065037262 1.900702598 -0.189816711 
-1.637050688 2.152145784 -0.891804006 
-1.780662893 2.093605105 -0.733372891 
-1.964954530 1.965566105 -0.487502016 
-2.057685612 1.912613133 -0.177720751 
-2.031860368 1.920170377 -0.324334524 
-2.029231920 1.932865829 -0.272715248 
-2.005669086 1.922680410 0.412676479 
-1.826873241 2.044870269 0.710120236 
-1.822854569 2.057762642 0.686713867 
-2.001228585 1.964850054 0.349839357 
-1.850450287 2.016174259 0.685714917 
-2.058895755 1.915194284 0.140049537 
-2.040478595 1.917251965 0.295791633 
-2.049072478 1.917413091 0.237527981 
-2.035823812 1.933183139 0.255089359 
-2.046315565 1.928347066 0.193769794 
-2.054985846 1.915177380 0.196492640 
-2.057698490 1.915703562 0.164996288 
-2.031821027 1.940544919 0.239062463 
-2.000784158 1.958507503 0.358594718 
-2.078941591 1.877057508 0.048387059 
-2.078542663 1.876909803 0.095730212 
-2.050723862 1.914824433 0.234186065 
-1.998298266 1.949245760 0.403789775 
-2.021549832 1.928979379 0.357983138 
-2.049992428 1.920288739 0.210485388 
-2.059025183 1.906711404 0.213810493 
-2.054275649 1.912359742 0.221194970 
-2.044261140 1.923348571 0.242010959 
-1.774068672 2.087889264 0.747238312 
-2.047574955 1.917873271 0.220891876 
-2.040990768 1.926948704 0.232110994 
-2.052564162 1.928424894 0.078418075 
-2.062801021 1.908692524 0.067776658 
-2.029801951 1.953991328 0.213072430 
-2.025492761 1.949811412 0.256438808 
-1.821928032 2.089882470 0.673871799 
-1.753517321 2.103292792 0.779320802 
-2.056448823 1.921846284 -0.127567150 
-2.057836693 1.920663586 -0.115838111 
-2.028931399 1.931102426 -0.310347824 
-2.012408836 1.940137505 -0.365310304 
-2.055806353 1.923961264 -0.113116002 
-1.956609285 1.977150430 -0.485853431 
-1.801733306 2.067402862 -0.731563115 
-1.558412766 2.198636993 -0.940219989 
-2.051062751 1.920890451 -0.187337557 
-2.043499386 1.921945290 -0.234365355 
-2.013665610 1.944748908 -0.343754387 
-2.043410510 1.915292414 -0.290888746 
-2.051624186 1.921329059 -0.187402685 
-2.057205512 1.916336474 -0.162841408 
-2.034145943 1.932968150 -0.271512027 
-2.033637949 1.930095179 -0.284421009 
-2.052659179 1.918639881 -0.193426689 
-2.050294516 1.920255409 -0.205741314 
-1.993786079 1.948163024 -0.427966088 
-2.002895837 1.944157778 -0.397368925 
-2.056986955 1.915172368 -0.173121412 
-2.053958176 1.920536088 -0.166903867 
-2.035333558 1.922289593 -0.304922228 
-2.045752567 1.917149148 -0.260145543 
-2.051227621 1.918293136 -0.209229689 
-2.051299012 1.920326448 -0.194094209 
-2.033793230 1.937326336 -0.247098555 
-2.042961269 1.919480639 -0.271671242 
-2.047459170 1.918949419 -0.236634264 
-2.006965402 1.943886613 -0.378031374 
-2.052296953 1.908233293 -0.255714070 
-2.056843640 1.908754893 -0.216091857 
-1.982620601 1.963726931 0.427389660 
-1.937673810 1.992814920 0.517989186 
-2.061626101 1.902555703 0.218926810 
-2.064170108 1.904779553 0.171913954 
-2.022204294 1.932343623 0.345732481 
-2.048288886 1.924074098 0.199490985 
-2.057837832 1.905316008 0.233724740 
-2.059703480 1.908975739 0.192254187 
-2.035791835 1.926410422 0.284291193 
-2.015258299 1.941413173 0.347104876 
-2.039579676 1.922289804 0.279495449 
-2.056693667 1.914790617 0.177470222 
-2.030288231 1.930001579 0.308960990 
-1.977117465 1.970337187 0.430564259 
-2.054272919 1.911846333 0.224642170 
-2.059382586 1.903478264 0.230493407 
-2.023983274 1.936576370 0.312199208 
-2.046979574 1.919077122 0.239362425 
-1.947132357 1.984208141 0.507046551 
-1.929816732 1.993489088 0.542119981 
-2.038688788 1.908809510 0.229353430 
-2.047970437 1.906909433 0.141142619 
-1.669651284 2.162810054 0.832980811 
-1.937788340 2.011597985 0.508582253 
-1.999319775 1.954027832 0.382438718 
-2.030311729 1.934079808 0.285895464 
-1.980276703 1.960006142 0.447157558 
-1.990682026 1.954491317 0.417387176 
-1.991527111 1.951667998 0.425028188 
-1.888228886 2.021191466 0.602821578 
-1.988581919 1.961745335 0.406299221 
-1.988621125 1.955095472 0.427171693 
-1.892450608 2.016715631 -0.585467496 
-2.060350408 1.897176403 -0.219254379 
-1.728336629 2.118197143 -0.767980608 
-1.547718315 2.201769008 -0.935900963 
-1.890190806 2.026563473 -0.586556843 
-1.941582480 1.988134280 -0.520031025 
-1.787402159 2.075924079 -0.738989585 
-1.813670981 2.059658116 -0.712928177 
-1.940799874 1.990049552 -0.517542367 
-1.993399409 1.958667216 -0.396228831 
-1.898435529 2.016033365 -0.586599338 
-1.844889625 2.041466571 -0.674563205 
-2.020671063 1.941882385 -0.315928320 
-2.005050657 1.949932076 -0.369350062 
-1.813432571 2.060883719 -0.712429457 
-1.977920467 1.965190342 -0.444080361 
-2.026841733 1.935384179 -0.301652542 
-2.012639200 1.947362928 -0.335646226 
-1.945130994 1.981028168 -0.522133901 
-2.005871180 1.941958462 -0.390702345 
-2.030419033 1.934813491 -0.286412000 
-2.018671506 1.937889945 -0.347212738 
-1.955974946 1.972973198 -0.504366845 
-2.008090998 1.943587369 -0.371703861 
-2.041056812 1.926681620 -0.244413857 
-2.011895820 1.939080458 -0.371087195 
-2.023469301 1.929350221 -0.347560643 
-2.038622525 1.918991144 -0.298234220 
-2.022267205 1.940006527 -0.309691987 
-2.019274989 1.937284363 -0.337761029 
-2.016078195 1.934615459 -0.367550007 
-2.031441005 1.923873477 -0.324955781 
-2.019165961 1.942238083 0.322000671 
-2.046804290 1.920418347 0.235671373 
-1.955435281 1.978911214 0.489566572 
-2.017502685 1.939734415 0.339944699 
-1.991768426 1.962499922 0.387073816 
-1.937236113 1.999689433 0.500285861 
-2.008850219 1.938697610 0.389142847 
-2.019196620 1.932922845 0.356366861 
-1.980625708 1.956865114 0.456343042 
-1.916203499 2.000314102 0.568286472 
-2.034736477 1.925684781 0.297788632 
-2.040552795 1.921836475 0.276116669 
-1.966056044 1.972904178 0.469113409 
-1.969091110 1.970616190 0.463888563 
-2.042452726 1.917306604 0.285115061 
-2.025150781 1.933952117 0.321150055 
-2.044777983 1.923001443 0.238255916 
-2.045908403 1.922069041 0.233766486 
-2.036409865 1.927315394 0.278050629 
-2.035362670 1.926087157 0.293132991 
-2.039510045 1.926788807 0.257075036 
-2.024447387 1.938397210 0.304596683 
-2.044474285 1.922972467 0.239226133 
-2.043655558 1.919727976 0.260091895 
-2.052776788 1.917228248 0.200342757 
-2.047529117 1.924254178 0.202086142 
-2.022491848 1.934078638 0.335131508 
-2.041482706 1.923285426 0.259882314 
-2.051413766 1.919922533 0.199145656 
-2.047800997 1.921371682 0.222071674 
-2.020897636 1.935844879 0.337608236 
-2.024144239 1.932540395 0.332778965 
-1.964235766 1.977735027 -0.469206660 
-1.923026355 2.001673879 -0.551982845 
-2.040421974 1.935041557 -0.194889358 
-2.032954400 1.929436182 -0.277795821 
-2.063754061 1.914994524 -0.065772691 
-2.045853831 1.918151228 -0.256641372 
-2.043502675 1.915604001 -0.259966157 
-2.042587514 1.922386650 -0.240489602 
-2.074541149 1.885604425 -0.091138605 
-2.060474836 1.900486810 -0.156197261 
-2.049025150 1.928200312 -0.174720314 
-2.041588536 1.920372197 -0.273324319 
-1.833609502 2.051272129 -0.660955958 
-1.774550691 2.099456453 -0.725545556 
-2.056596742 1.960090790 -0.072953674 
-2.063336817 1.926570019 -0.144232570 
-2.047009066 1.925651000 -0.201144592 
-2.040691505 1.932740179 -0.209200400 
-2.029411792 1.926307975 -0.320966335 
-2.038708149 1.922495942 -0.277994352 
-2.075293647 1.884105065 -0.033053909 
-2.015743677 1.961362610 0.289827233 
-1.688875062 2.115397548 -0.848534883 
-2.001100614 1.964058824 -0.286187218 
-1.975616933 1.969079878 -0.432908379 
-2.062387381 1.911442815 -0.137363721 
-2.047353590 1.898886185 -0.310933791 
-2.018738432 1.935763807 -0.348225366 
-2.040591040 1.930412857 -0.226034426 
-2.050562344 1.917013957 -0.222148298 
-1.968627133 1.963450049 -0.470043772 
-2.019987717 1.925211045 -0.378513606 
-2.035558577 1.928960224 0.278154819 
-2.031764789 1.930538670 0.295153168 
-2.049547928 1.919598648 0.214327726 
-2.057821852 1.911752001 0.191057907 
-1.759394615 2.106862146 0.744291027 
-1.729782887 2.106541195 0.798694352 
-1.642217754 2.157723243 0.861839405 
-1.674458764 2.149873623 0.830077998 
-2.057820285 1.913892689 0.175793910 
-2.014986744 1.943189507 0.345584991 
-2.038559259 1.921343063 0.294055001 
-2.037621488 1.922896070 0.287270169 
-2.016137066 1.940192624 0.348589398 
-1.961711519 1.974020618 0.484954571 
-2.016246749 1.931725951 0.376562655 
-2.032039697 1.925542037 0.314893317 
-1.963633907 1.969635409 0.491349263 
-1.931256226 1.993244185 0.541723002 
-2.021783716 1.933909934 0.341682951 
-2.016679340 1.935272651 0.362789042 
-1.947999105 1.981322501 0.514256711 
-1.957231264 1.975744204 0.496338645 
-2.004289285 1.944515900 0.392413338 
-1.974994575 1.965342543 0.456063703 
-1.947690552 1.981785072 0.513027704 
-1.957656922 1.979585152 0.480093223 
-2.022173410 1.932821455 0.343033033 
-2.014170351 1.938020759 0.366082175 
-1.924927025 1.995002822 0.558541844 
-1.926114336 1.995137212 0.553423048 
-2.007316709 1.940149637 0.394374956 
-2.011882821 1.940124571 0.373493776 
-2.000868623 1.946881483 -0.402017396 
-1.993377258 1.949549442 -0.426986766 
-2.019879893 1.937918597 -0.330733343 
-2.029617696 1.931482213 -0.301728836 
-1.971439781 1.961971133 -0.481936087 
-1.976974859 1.959415577 -0.465898918 
-2.005351871 1.950744118 -0.360777850 
-2.012195988 1.946416735 -0.340864043 
-2.009759489 1.948224914 -0.352504261 
-2.025326284 1.938399901 -0.303481170 
-2.043581162 1.924446761 -0.240395281 
-2.028440027 1.934618023 -0.297190616 
-1.986393021 1.961414049 -0.416653587 
-2.003515847 1.946652515 -0.388598549 
-2.004183508 1.947912770 -0.377927727 
-1.999477896 1.949349233 -0.395286524 
-1.938372815 1.992373407 -0.520730925 
-1.923860720 2.002675972 -0.543141979 
-1.926862490 1.997347892 -0.537332519 
-1.979798744 1.965719555 -0.429262668 
-1.957796125 1.981433726 -0.478648249 
-1.729102293 2.121097491 -0.763919556 
-2.022183574 1.946689031 -0.315520983 
-2.054840893 1.917896099 -0.227994439 
-1.998842489 1.951671185 -0.393986960 
-2.020119277 1.935593007 -0.342888617 
-1.950729896 1.980716056 -0.502615115 
-1.913016120 2.003920613 -0.568515416 
-1.972186386 1.970173710 -0.452755990 
-1.962691520 1.972731448 -0.483890647 
-1.955239664 1.977527407 -0.493101069 
-1.974050547 1.966840458 -0.450363386 
-2.018051852 1.943840445 0.322836759 
-1.997809632 1.958200651 0.396157103 
-2.048795908 1.916733962 0.242446213 
-2.022471902 1.933061311 0.296568010 
-2.012072541 1.948565091 0.337663862 
-2.022548960 1.940170104 0.309718836 
-2.047176494 1.916129361 0.254896882 
-2.024661028 1.931182887 0.334576633 
-2.010962869 1.945539125 0.356437691 
-1.995825878 1.954118590 0.398509937 
-2.046723542 1.919566084 0.240498235 
-2.039463778 1.923494713 0.278717851 
-1.982149741 1.964049217 0.430918200 
-1.999982917 1.952915814 0.387640307 
-2.045370676 1.920992764 0.248133828 
-2.050031418 1.917987964 0.224443378 
-2.010621937 1.943575233 0.363913038 
-1.934672678 1.988772572 0.537619460 
-2.015135189 1.938961083 0.359901759 
-2.008704949 1.945391321 0.369693308 
-2.014732046 1.938353016 0.358871308 
-2.005330118 1.945530211 0.381258495 
-2.019564195 1.936454587 0.345747792 
-2.023359939 1.933197646 0.335875452 
-2.000876423 1.952871621 0.374690656 
-1.993792120 1.957367339 0.391863748 
-2.000605298 1.947813196 0.395922506 
-1.988525407 1.958050550 0.422076358 
-1.983365391 1.961662537 0.428891029 
-1.935156254 1.994432842 0.522501902 
-1.935281686 1.980739602 0.552538156 
-1.908142702 2.015720071 0.576865148 
-2.049846180 1.927413234 -0.162899663 
-2.057681083 1.915073718 -0.173083470 
-2.028533618 1.928208911 -0.322578055 
-2.029282525 1.927365678 -0.320151286 
-2.046293154 1.925638909 -0.209035853 
-2.037949943 1.931051286 -0.249221771 
-2.011161526 1.940868407 -0.367328866 
-2.027623978 1.930262966 -0.319339210 
-2.053394548 1.922112162 -0.163787885 
-2.054485364 1.916802791 -0.142893077 
-2.021959484 1.935718796 -0.329653705 
-1.827671745 2.059138655 -0.686250361 
-2.043643929 1.925580306 -0.236716949 
-2.046784425 1.923846961 -0.217622846 
-2.037846855 1.931222212 -0.246599513 
-2.025981609 1.934879418 -0.308188165 
-2.017135504 1.937485675 -0.353021575 
-1.963990624 1.971166889 -0.479212215 
-2.021341296 1.932653282 -0.345114264 
-2.015606264 1.939516669 -0.348111301 
-2.000534448 1.950525525 -0.390394462 
-2.008610482 1.944442002 -0.369541668 
-2.001659288 1.948456744 -0.388748220 
-1.999947786 1.951393672 -0.386093298 
-1.998244911 1.943446764 -0.421887336 
-2.009513169 1.939078825 -0.385154744 
-2.001223559 1.940898246 -0.413973637 
-1.981426819 1.956990545 -0.451534040 
-2.027480964 1.929668935 -0.323114461 
-2.006250207 1.946089685 -0.375023380 
-1.954599920 1.972919395 -0.508728792 
-1.985216050 1.953410731 -0.444520403 
-1.955890308 1.979892931 0.489360604 
-1.901126487 2.013814704 0.584124645 
-2.069679761 1.899424917 0.154247070 
-2.066878408 1.903956733 0.150565801 
-1.974553839 1.967457256 0.455818191 
-1.975052818 1.970442356 0.437899056 
-2.062947931 1.905152955 0.186559828 
-2.047906521 1.918443000 0.236636751 
-2.012590826 1.943007286 0.354651108 
-2.032365353 1.929251209 0.297346387 
-2.051268686 1.909113355 0.264630630 
-2.042999267 1.916861833 0.283476405 
-2.013720685 1.938572187 0.366269342 
-1.994459947 1.952494398 0.410908946 
-2.060514858 1.906116540 0.203283139 
-2.055582121 1.909760878 0.225140909 
-1.974172903 1.975130316 0.428513124 
-2.017031499 1.945338111 0.323759101 
-2.049398996 1.919880863 0.217163162 
-2.038600213 1.925011796 0.275011207 
-1.968531853 1.975544270 0.451378944 
-1.979912781 1.967383694 0.429161145 
-2.059924782 1.907435873 0.203576979 
-2.036039776 1.923926147 0.297011362 
-1.988834772 1.960238332 0.412499723 
-1.997850174 1.952480447 0.397110043 
-2.034509665 1.930230658 0.276832352 
-2.039199495 1.925272858 0.267734022 
-1.969549948 1.976174054 0.444036927 
-2.005035534 1.952094439 0.361445766 
-2.043008744 1.921030442 0.262445400 
-2.026716191 1.926715435 0.340975315 
-2.022188228 1.945644993 -0.287960092 
-2.033257030 1.928633064 -0.295196808 
-2.040151707 1.925289444 -0.259915471 
-2.042488256 1.922284985 -0.259025768 
-2.046303285 1.923182973 -0.224030074 
-2.047000124 1.923468345 -0.218945693 
-2.041766399 1.924269691 -0.252879143 
-2.028951436 1.933095528 -0.296466631 
-2.013831449 1.945925000 -0.335109030 
-2.038231368 1.924023884 -0.281963920 
-2.044148887 1.924599384 -0.230871472 
-2.035507538 1.927038379 -0.281221566 
-2.038129581 1.923615333 -0.286337391 
-2.038535307 1.925330870 -0.276058294 
-2.047664912 1.921356723 -0.212668318 
-2.041755218 1.925692652 -0.245714599 
-2.018310743 1.935429336 -0.353964484 
-2.024658814 1.933307697 -0.326989653 
-2.008171800 1.944336556 -0.369208253 
-1.993713902 1.952507393 -0.413536854 
-2.026889223 1.932867639 -0.316014184 
-2.027054119 1.930739469 -0.324675529 
-1.976981726 1.972060450 -0.423295304 
-2.006413986 1.945836607 -0.374758802 
-2.014273597 1.939782953 -0.358496613 
-2.005636873 1.944044651 -0.386671008 
-1.995890470 1.956434228 -0.388037764 
-2.027643673 1.933115668 -0.307573653 
-1.987927681 1.954591687 -0.432538718 
-2.000669225 1.938909670 -0.415865084 
-2.027580748 1.934874162 -0.300923199 
-1.937393035 1.989492752 -0.518510882 
-1.966433701 1.972921586 0.466452195 
-1.981433303 1.962910392 0.435821785 
-2.050306867 1.918514067 0.217411169 
-2.044815203 1.921639418 0.241921630 
-1.989480121 1.958891889 0.412907548 
-1.979509961 1.966388386 0.431870762 
-2.053221789 1.916403442 0.203435766 
-2.050988417 1.915582366 0.225997744 
-2.001337352 1.953999746 0.369972876 
-1.993737811 1.956653307 0.400175301 
-2.039325852 1.900499317 0.322495170 
-2.027333760 1.913949246 0.356777984 
-1.905538715 2.016697365 0.572398928 
-2.024515154 1.944076828 0.283610590 
-2.038716929 1.937932692 0.255704214 
-2.036710391 1.923415269 0.200140020 
-2.023683963 1.936521222 0.326486872 
-2.023564107 1.935922067 0.324817585 
-1.903028162 2.013156049 0.577867990 
-1.957286684 1.984418799 0.465169666 
-2.025912585 1.929373129 0.338195555 
-1.989662981 1.960333368 0.409181688 
-1.929266486 1.993668224 0.544187630 
-1.948956481 1.981900202 0.506094751 
-1.983961487 1.956573810 0.449940950 
-1.951120822 1.978762406 0.513663975 
-2.018488116 1.936128424 0.349393447 
-2.026932116 1.935275947 0.302928933 
-1.996353580 1.955011292 0.400464021 
-1.996580162 1.956328010 0.391407106 
-2.016429724 1.938898656 0.349213057 
-2.020007501 1.935939022 0.340717210 
-1.894307427 2.010123773 -0.592146958 
-1.822630942 2.028322092 -0.742601491 
-2.037778953 1.934968730 -0.264899776 
-2.034678093 1.929503224 -0.292192408 
-1.990370481 1.956310194 -0.419314977 
-2.028851964 1.935818860 -0.289100288 
-1.874781050 2.037597257 -0.606386506 
-1.903373673 2.015035234 -0.573724970 
-1.871369257 2.034263542 -0.622322619 
-1.934356932 1.985064779 -0.545492697 
-1.930690873 1.994501152 -0.539575858 
-1.880480304 2.023875968 -0.619968613 
-2.002310285 1.952192359 -0.375804157 
-2.009537470 1.947400183 -0.352013005 
-1.990941458 1.958115660 -0.406869807 
-1.982864221 1.963053911 -0.424765001 
-2.018712756 1.947140283 -0.304159040 
-1.979711633 1.972337191 -0.412395231 
-2.044947444 1.921321319 -0.239975979 
-2.039379934 1.946143915 -0.194278702 
-2.017063592 1.940042896 -0.341623531 
-2.023325775 1.933361821 -0.333840074 
-1.954977703 1.966473450 -0.527446424 
-1.967675063 1.960671846 -0.494524019 
-1.945017450 1.992495815 -0.491891713 
-1.936828904 2.001342240 -0.497347079 
-2.002196637 1.938211946 -0.424187010 
-2.015702392 1.930310007 -0.381788250 
-1.961221858 1.969995210 -0.493757634 
-1.925866217 1.986941566 -0.570818627 
-2.009980250 1.942380787 -0.327971193 
-1.900090545 2.028279061 -0.524531758 
-2.006910613 1.942228381 0.397901059 
-2.017978471 1.935577137 0.361232762 
-2.018051700 1.939366354 0.331567888 
-1.984929455 1.959151701 0.429204456 
-1.957696979 1.973297585 0.505010644 
-2.017318776 1.939666041 0.350250280 
-2.040041926 1.920234724 0.287944730 
-2.031020443 1.926655121 0.314291264 
-1.900755447 2.015214854 0.589403005 
-1.947130708 1.979521971 0.524642772 
-2.047472239 1.916764249 0.249363635 
-2.039507668 1.922491997 0.282369674 
-1.969582208 1.968462444 0.466328110 
-1.897109133 2.018177593 0.594249015 
-2.052889473 1.917543110 0.204583989 
-1.975172362 1.973186363 0.424252898 
-2.035247769 1.935360862 0.241867946 
-2.043191246 1.928666366 0.213656358 
-2.019456849 1.939746308 0.310579379 
-2.019582148 1.936614495 0.341112389 
-2.035429510 1.930336514 0.269478739 
-2.027387686 1.937001347 0.292218055 
-2.019844829 1.944960037 0.306033694 
-2.008858472 1.948607685 0.353193042 
-2.053188220 1.920243974 0.141249241 
-1.989344821 1.962862045 0.367690145 
-1.919952582 1.997986600 0.567737116 
-1.943630441 1.993621230 0.508316642 
-1.963487730 1.993515922 0.422022370 
-1.908479295 2.013995343 0.560161263 
-1.837552458 2.049459030 0.677802852 
-1.945045470 1.982304822 0.509363105 
-1.975326588 1.969140145 -0.441473152 
-2.013547580 1.946312696 -0.333221308 
-1.817971177 2.054166064 -0.716949302 
-2.000015068 1.946019558 -0.406333407 
-1.918813142 2.013270086 -0.523863440 
-1.869094763 2.040896609 -0.606554883 
-1.954673582 1.972141110 -0.518481947 
-1.902512052 2.015118469 -0.595639228 
-2.055741364 1.892877476 -0.202739567 
-1.643034977 2.162843932 -0.857136539 
-1.591258538 2.170044008 -0.915463193 
-1.784960422 2.070583969 -0.754190407 
-1.913563833 2.011350718 -0.546828009 
-2.010189183 1.944010869 -0.359200564 
-1.992679998 1.957620866 -0.393479572 
-2.001546000 1.942689161 -0.397994337 
-2.043760287 1.922214366 -0.246174934 
-2.036024582 1.925237708 -0.287256713 
-2.006463984 1.932856028 -0.421423280 
-2.006143338 1.936913914 -0.407301648 
-2.059024029 1.912775621 -0.166057843 
-2.043330014 1.923198165 -0.246122146 
-1.920246364 1.985125206 -0.593202870 
-1.942596089 1.979010651 -0.535417691 
-2.034925892 1.925213850 -0.292909411 
-2.070318232 1.898879827 -0.075032687 
-1.992511645 1.949741703 -0.432278036 
-2.020302398 1.946455558 -0.279840922 
-2.012382773 1.942228946 -0.355965519 
-2.005137537 1.947590589 -0.370555486 
-1.958594483 1.972078735 -0.497286302 
-1.993335971 1.950885921 -0.419086114 
-2.016091610 1.939344519 0.350297718 
-1.979614496 1.957920551 0.456287444 
-1.999153859 1.953360676 0.389838940 
-2.020091657 1.933932136 0.353113746 
-2.021045460 1.936741746 0.333983072 
-1.987671852 1.952417977 0.442184127 
-2.012478186 1.941891077 0.363433080 
-1.995514566 1.951403433 0.411771033 
-2.006361890 1.940643192 0.388716916 
-1.960016781 1.972006448 0.488122586 
-2.008769279 1.949180408 0.351671476 
-2.034237311 1.943817645 0.203300180 
-2.019114967 1.931678585 0.360241848 
-2.013504601 1.937870068 0.370219325 
-1.977951409 1.960742568 0.457647949 
-2.008926994 1.942189734 0.376269792 
-2.021641226 1.937349876 0.326712108 
-2.041129528 1.924281051 0.264633800 
-2.054896739 1.921297071 0.147726985 
-2.059045941 1.937740418 0.114191236 
-2.038242712 1.924009372 0.281985702 
-2.027169908 1.932148722 0.318330124 
-2.054529226 1.921227242 0.156061500 
-2.048273653 1.923611103 0.201498059 
-2.055351084 1.917402297 0.177742426 
-2.040193032 1.924751757 0.265712692 
-2.058778428 1.914321853 0.162220850 
-2.058819799 1.908950987 0.200558109 
-2.011499587 1.942661502 0.364324598 
-2.028153737 1.933589040 0.305110801 
-2.054876437 1.918435987 0.174041285 
-2.054164849 1.917372645 0.190494327 
-2.010435312 1.945514696 -0.355722081 
-2.020964344 1.936381534 -0.335686606 
-2.014862244 1.931643701 -0.385601421 
-2.028985036 1.927819563 -0.323985033 
-2.006101492 1.948854100 -0.371109066 
-1.986368141 1.975481858 -0.369313925 
-2.029967502 1.928337486 -0.314551231 
-2.052794966 1.901821862 -0.283582420 
-2.036210271 1.928231091 -0.275950763 
-2.026639733 1.934429536 -0.310221521 
-2.032853450 1.917675164 -0.341401670 
-2.018331448 1.934159763 -0.358046093 
-2.005173689 1.948313809 -0.375726425 
-2.009903325 1.944800449 -0.363744035 
-2.036147713 1.907287961 -0.360991955 
-2.002290369 1.943037618 -0.406024042 
-2.025306648 1.939472723 -0.296801106 
-2.028938031 1.931922399 -0.306133819 
-2.074511224 1.899793705 -0.063158027 
-2.068261184 1.905349539 -0.113389843 
-1.957658878 1.971844139 -0.505475521 
-2.033672604 1.923406076 0.249306350 
-2.065980914 1.908879337 -0.113494557 
-2.061726737 1.913766321 -0.132616491 
-2.034321066 1.928725063 -0.284083369 
-2.047601627 1.927604541 -0.183992773 
-2.061349016 1.910280495 -0.163715718 
-2.047296923 1.921737236 -0.224269968 
-2.042390816 1.927532712 -0.235487241 
-2.028056144 1.938993042 -0.284829738 
-2.061780832 1.906198327 -0.188869008 
-2.061039838 1.909121099 -0.175486177 
-1.553408145 2.184559189 0.941072378 
-1.693340099 2.127633621 0.818169698 
-1.755455618 2.081984004 0.792944229 
-1.992319337 1.947091462 0.428679719 
-2.003486409 1.949271710 -0.305980387 
-1.817900481 2.083761072 0.649355338 
-1.319373501 2.266779729 1.078870123 
-1.927710778 1.977411485 0.592247720 
-1.986348354 1.966297283 0.421768455 
-1.955860717 1.988528810 0.483378239 
-2.065011122 1.912309053 -0.043812705 
-2.069456720 1.906916409 -0.023956685 
-1.859098999 2.048827283 0.633878022 
-1.850693068 2.056685758 0.640783653 
-2.041798553 1.917015234 0.232065007 
-2.047187512 1.908470967 0.240876723 
-1.987090751 1.953842296 0.442021510 
-1.953062690 1.980412823 0.499366441 
-2.022062417 1.942042088 0.286605056 
-2.039164125 1.925736141 0.244487307 
-2.008498099 1.933700948 0.355008817 
-1.984129174 1.949413901 0.420176682 
-2.045283665 1.918260492 0.235168241 
-2.033692449 1.929173287 0.269064703 
-1.709168818 2.117178956 0.811434754 
-1.720446649 2.122527655 0.781760898 
-1.660772804 2.136227998 0.869468060 
-1.799465870 2.049856625 0.743035947 
-2.028768106 1.921888230 0.329261300 
-1.971142014 1.969272400 0.464470787 
-2.007968962 1.935958853 0.377975899 
-2.024772408 1.921726752 0.327802258 
-1.971081730 1.963357644 -0.473718892 
-1.934118919 1.986525053 -0.543697491 
-2.009551386 1.942149063 -0.373548097 
-2.017202272 1.936206455 -0.357428400 
-2.040420594 1.929075725 -0.237960873 
-2.036445691 1.930629514 -0.261792882 
-1.990560873 1.949819047 -0.431283595 
-1.999728038 1.950952245 -0.387452888 
-2.025163997 1.927722985 -0.298460727 
-2.019873833 1.933910128 -0.340164352 
-1.998437072 1.956406336 -0.384628991 
-1.934943732 1.991773033 -0.529485931 
-2.034171054 1.924384709 -0.299926000 
-2.041002357 1.914136558 -0.274962791 
-2.004790668 1.946693276 -0.381618758 
-2.026835403 1.937971007 -0.286397714 
-1.991568430 1.971771943 -0.359994582 
-1.986388720 1.957776151 -0.433596291 
-2.041348508 1.920268560 -0.279851907 
-2.055633532 1.902155457 -0.264334131 
-1.993794032 1.955215427 -0.405085425 
-1.972953832 1.964633065 -0.464516701 
-2.017571421 1.934516930 -0.356952993 
-2.031909475 1.926558501 -0.309690819 
-2.034657600 1.932236982 -0.267474633 
-1.986976122 1.954131588 -0.437281909 
-1.929621145 1.989231121 -0.554833960 
-2.030081257 1.927413524 -0.317079612 
-2.044772118 1.917783650 -0.208170088 
-2.053502417 1.911713998 -0.188788741 
-1.965956254 1.978575017 -0.472208615 
-1.994082458 1.960115927 -0.394999333 
-2.048446799 1.916023754 -0.081730801 
-1.714259227 2.113148206 0.806907710 
-1.629261117 2.164287857 0.881831600 
-1.795915344 2.080780987 0.714078019 
-1.956678120 1.982994387 0.468689085 
-1.918446552 2.005364383 0.546799600 
-2.015555647 1.939922271 0.346228412 
-2.005796160 1.942097516 0.388029829 
-1.977298434 1.970667822 0.421396115 
-1.969560682 1.974457057 0.441618390 
-1.991913467 1.947534580 0.426354702 
-2.041811889 1.913366498 0.282655399 
-2.000139248 1.951433502 0.386692280 
-2.052226300 1.912182471 0.218786353 
-2.027237776 1.932821029 0.303063889 
-2.039453284 1.907112942 0.304350765 
-2.007172174 1.942286855 0.384455347 
-1.999886980 1.950167628 0.393821190 
-2.017627619 1.938505977 0.346394619 
-2.043835875 1.921559357 0.254110772 
-1.892476058 2.004488902 0.613194235 
-1.991064367 1.951267529 0.429072862 
-2.059933447 1.920561000 0.100231977 
-1.967764504 1.981322786 0.432123977 
-2.008462607 1.945658993 0.364444196 
-1.992253858 1.962615135 0.387957439 
-2.003704082 1.949532658 0.375596034 
-2.032171370 1.927057638 0.303309125 
-2.032864999 1.931744815 0.280757315 
-2.030090749 1.934193039 0.287693988 
-2.002659423 1.947259640 0.391082607 
-2.001028436 1.946674976 0.400444502 
-2.017852034 1.934973354 -0.354261964 
-2.036926887 1.925348850 -0.280611196 
-2.036614023 1.930042581 -0.265113770 
-2.033840709 1.929503207 -0.285959582 
-2.024787470 1.936919141 -0.310012493 
-2.038539385 1.925436953 -0.268077788 
-2.053775266 1.913220939 -0.216303165 
-2.021544594 1.936271997 -0.329002178 
-2.042864734 1.928582998 -0.175584191 
-2.058250667 1.900366681 -0.171275825 
-1.773960356 2.106943288 -0.733835435 
-2.045014487 1.945405132 0.150486153 
-2.058287345 1.917180743 -0.148019148 
-2.075286667 1.888554422 -0.170693130 
-2.039837716 1.938664648 -0.185137163 
-2.047194825 1.930804319 -0.166701641 
-2.060092886 1.912299546 -0.092702851 
-2.061627507 1.922096157 -0.053295173 
-2.084721083 1.893378595 -0.010008821 
-2.055021964 1.918677111 -0.117749450 
-1.791891540 2.063108185 -0.751894875 
-2.030152564 1.927463124 -0.317721907 
-2.039577862 1.915920313 -0.270720268 
-2.002202812 1.932725478 -0.403397493 
-1.873315175 2.044733080 -0.611336296 
-1.880968711 2.030558239 -0.616967317 
-2.068896689 1.896351728 -0.076193917 
-2.029936992 1.916505750 -0.309026867 
-2.049026393 1.906134554 -0.287665894 
-1.985650960 1.945501870 -0.433740307 
-2.045417183 1.933987302 0.195433203 
-2.038132460 1.963292598 0.172701157 
-2.021181159 1.927598003 0.362368840 
-1.991269157 1.947583205 0.438828109 
-1.986011571 1.969733193 0.337327788 
-1.965547050 1.963172588 0.442017770 
-1.696069273 2.115728559 0.850910843 
-2.017738844 1.917206042 0.379383530 
-1.678442001 2.141170577 0.834817887 
-2.006429741 1.928702811 0.392223598 
-1.954852793 1.986609437 0.470448571 
-1.999167011 1.950428398 0.394021143 
-2.038249155 1.915497634 0.295400931 
-2.033802528 1.921098331 0.299634877 
-2.036123020 1.930899940 0.257409294 
-2.045096628 1.910233724 0.295846972 
-2.026352474 1.933219263 0.315758637 
-2.038476778 1.922630740 0.276281865 
-1.890646830 2.007118529 0.623040810 
-2.003908977 1.956999091 0.364603516 
-2.043250761 1.932443941 0.195650157 
-2.026056472 1.934694305 0.286737483 
-2.041801199 1.928531943 0.229574630 
-2.056398821 1.917138009 0.165891890 
-2.065526817 1.910583054 0.099793479 
-2.056716242 1.914826145 0.179271586 
-2.032562424 1.932572735 0.280809532 
-2.051957602 1.915597982 0.223816398 
-2.064871043 1.912341265 0.094724728 
-2.059287848 1.915597330 0.145019374 
-2.030930504 1.927056915 0.316547342 
-2.037470105 1.924110632 0.287989842 
-2.052882511 1.920423458 0.183729702 
-2.048641567 1.925776096 0.188077727 
-2.018722970 1.937294353 -0.345274238 
-2.029507704 1.931674271 -0.301801847 
-2.027625180 1.932049111 -0.311352252 
-2.004843229 1.945713612 -0.382967396 
-2.027829648 1.937604088 -0.287068918 
-2.018667063 1.942991300 -0.314716381 
-2.060102986 1.909878051 -0.178538877 
-2.028294024 1.931969565 -0.306537157 
-2.032269740 1.929771854 -0.296376010 
-2.039521014 1.924540069 -0.271447875 
-2.026468846 1.935004620 -0.305476364 
-1.985455623 1.954129877 -0.444301247 
-2.012054248 1.940632389 -0.364915723 
-2.039580515 1.922637128 -0.278277701 
-2.016081466 1.934551468 -0.366350921 
-2.014921818 1.940741233 -0.349333610 
-1.999068114 1.947857295 -0.403196906 
-1.941889509 1.984748011 -0.526492085 
-2.025123031 1.926482988 -0.322869358 
-2.020706910 1.932302411 -0.325407462 
-1.982923012 1.952628659 -0.469911171 
-1.887403582 2.016655263 -0.625876136 
-2.028551521 1.920373854 0.281809559 
-2.040217729 1.928249658 -0.119925539 
-1.958893008 1.977023235 -0.487172927 
-2.005152955 1.949824772 -0.373013891 
-2.040387594 1.925680123 -0.244888039 
-2.029830847 1.934004151 -0.280611049 
-1.986177486 1.961943194 -0.419373672 
-2.009014798 1.940194867 -0.386348551 
-2.040902978 1.926380874 -0.233850933 
-2.024139646 1.932056382 -0.319354472 
-2.074948433 1.895394910 -0.029829708 
-2.029500095 1.929361505 -0.276377734 
-1.550400249 2.190722533 0.939256183 
-2.048178943 1.904829718 0.249064866 
-2.002865907 1.967582872 0.260451001 
-2.009578884 1.953523249 0.273361874 
-1.991408033 1.976925997 0.378499569 
-2.028471843 1.940318075 0.300166074 
-2.032517803 1.933911175 0.274493218 
-2.031949311 1.930247203 0.296285364 
-2.027035990 1.937380117 0.261498490 
-2.068036633 1.908908350 0.074361031 
-1.874765743 2.033603640 0.630458145 
-1.902461238 2.010152021 0.605450678 
-2.049867193 1.903591491 0.247747136 
-2.073028435 1.877404268 0.170121804 
-1.895402025 2.012870229 0.602946094 
-1.988289893 1.958540128 0.419626074 
-2.025385199 1.933904115 0.318931326 
-2.037430839 1.926833705 0.273928105 
-2.003466678 1.944325457 0.395548853 
-2.018268497 1.940208612 0.333835336 
-2.022458150 1.936722347 0.326118897 
-1.971431026 1.970100909 0.455196064 
-1.985276969 1.958393543 0.411128303 
-2.055527826 1.916060386 0.174035123 
-1.636554974 2.142202890 0.899545355 
-1.900938477 2.022159830 0.593426268 
-1.913199335 1.989446744 0.579829004 
-1.990457453 1.958927466 0.405449643 
-1.988068873 1.961606834 0.408130387 
-1.983227713 1.963743219 0.421784689 
-2.046202911 1.930803939 -0.176513547 
-2.039918308 1.929674774 -0.237440235 
-1.976448139 1.963235291 -0.455369835 
-1.987721858 1.955921593 -0.428619665 
-2.051573589 1.920184617 -0.197607796 
-1.988562426 1.961070825 -0.409574963 
-1.939980126 1.986748858 -0.523645494 
-1.841875024 2.048547654 -0.656328305 
-2.063007570 1.912236950 0.077230416 
-2.055043054 1.916516831 -0.166439909 
-2.017568978 1.945451059 -0.319351551 
-2.042042095 1.923837632 -0.257659741 
-2.028972166 1.931172861 -0.307379623 
-2.040674103 1.917154014 -0.298207823 
-1.917634635 2.006538859 -0.548301892 
-1.980417004 1.969388599 -0.416023981 
-2.009689382 1.944162885 -0.364105350 
-2.006741340 1.945060042 -0.375982454 
-1.996719060 1.945789475 -0.419937141 
-2.028677250 1.927196717 -0.326579523 
-2.012820373 1.943497639 -0.351626772 
-1.995186801 1.957339417 -0.390602359 
-2.028588242 1.925730742 -0.331587229 
-1.878944248 2.019782302 -0.608369253 
-1.995326015 1.953538941 -0.403843290 
-1.912067924 2.014169751 -0.546585636 
-2.042410012 1.916184953 -0.290191080 
-2.022178897 1.932549733 -0.343942295 
-1.995476817 1.949763915 -0.415786878 
-1.952647033 1.978783529 -0.503362144 
-2.025253713 1.921407279 -0.364643584 
-2.016577802 1.934793120 -0.360452692 
-1.906705430 2.008738223 0.580661875 
-1.885360447 2.022144331 0.610194880 
-2.072449530 1.892280711 0.176977828 
-2.058882771 1.909245775 0.203523543 
-1.861112541 2.033103678 0.654749690 
-1.919982984 1.999809985 0.560577356 
-2.058455362 1.896716790 0.266494184 
-2.036458645 1.920310062 0.309201713 
-1.709862354 2.116770662 0.819520687 
-1.966875136 1.970230331 0.473257600 
-2.038990434 1.923005972 0.280297832 
-2.031354662 1.924821616 0.322966141 
-1.946442722 1.981759323 0.517313655 
-1.924703102 2.002173072 0.539489162 
-2.051383031 1.899506908 0.303220048 
-2.036175041 1.924638749 0.290840460 
-2.010222344 1.941562983 0.371481885 
-2.014663476 1.934245041 0.339114809 
-2.032979232 1.931389888 0.279735204 
-2.002145170 1.961170316 0.324082132 
-1.979166502 1.954116728 0.471658546 
-1.964795855 1.968432474 0.485571946 
-2.020828837 1.937446701 0.329245069 
-2.025876139 1.935580725 0.307685492 
-2.027007713 1.924950528 0.349180369 
-2.035290947 1.917667534 0.329860516 
-1.992704052 1.956785636 0.405510013 
-2.023751101 1.935744566 0.322503497 
-2.005722918 1.939437388 0.406687690 
-2.017568051 1.933502581 0.364907940 
-1.934600369 1.990731784 0.534473742 
-1.996341323 1.955651220 0.390760585 
-1.987840953 1.950994547 -0.446175162 
-2.055264573 1.917521691 -0.207133045 
-1.721319300 2.120740434 -0.787764029 
-1.754971919 2.100727496 -0.782559053 
-2.036860777 1.929230075 -0.267689849 
-2.027609381 1.938771391 -0.279863841 
-1.909465665 2.006293163 -0.574275224 
-1.824187561 2.063202627 -0.679827795 
-1.968888332 1.974752951 -0.451448139 
-2.024851053 1.939168645 -0.297837149 
-1.922519749 1.995629757 -0.559891393 
-1.919977477 1.997108624 -0.563209748 
-1.966487041 1.964792278 -0.489914823 
-2.038689197 1.923928479 -0.276656003 
-1.872196831 2.030204655 -0.627171494 
-2.058729485 1.914740107 -0.106201096 
-2.014023217 1.947021398 -0.330250446 
-2.000860760 1.964450068 -0.338924061 
-2.025642888 1.921396490 -0.359389225 
-2.028438261 1.920000239 -0.353936226 
-2.000680080 1.954534476 -0.375030671 
-1.952978242 1.983037889 -0.490069808 
-2.035867643 1.916734196 -0.324541516 
-2.010409165 1.934678785 -0.388807398 
-1.980589957 1.967110668 -0.392818545 
-2.075997843 1.888374335 0.025062226 
-2.060290664 1.915672763 -0.052228921 
-2.013090250 1.940892898 -0.338781763 
-2.033923205 1.934051394 -0.220770402 
-2.035102182 1.926787618 -0.277646999 
-1.812681348 2.057750581 -0.722125480 
-2.011997330 1.927234030 -0.385435738 
-1.895428338 2.006808274 0.621241088 
-1.792780817 2.071560789 0.745103397 
-2.030104544 1.926433722 0.324670108 
-1.993113135 1.947034448 0.433248623 
-1.907082610 2.010860205 0.577365385 
-1.886063160 2.025034025 0.606612088 
-2.021616914 1.925306742 0.372726896 
-2.044839266 1.915135768 0.277055539 
-1.853180442 2.041380243 0.660028935 
-1.843587449 2.046229487 0.672472915 
-2.006064658 1.941877350 0.390920116 
-2.003448164 1.938031910 0.409402146 
-1.921644896 2.000928946 0.554948661 
-1.937954604 1.999463966 0.503070918 
-1.978887040 1.951425961 0.477039237 
-1.998559884 1.940405672 0.430672490 
-1.849404865 2.038285016 0.673766478 
-1.901142495 2.005185671 0.608178438 
-2.003758995 1.947452279 0.382511953 
-1.923703747 1.999503957 0.546976683 
-1.979231754 1.968450029 0.411720133 
-2.018420605 1.951495682 0.304648057 
-1.809488453 2.072746184 0.693275680 
-1.423419557 2.252114653 1.012988449 
-1.904120001 1.999424118 0.611261971 
-2.026523687 1.934580155 0.306467769 
-2.035258906 1.925238117 0.297462866 
-2.065336057 1.907603774 0.074087776 
-1.906275109 2.007595720 0.585748679 
-1.918949712 1.999244108 0.565404846 
-2.017603105 1.937545625 0.345644962 
-1.991602867 1.950970757 0.427070708 
-2.045889705 1.917443901 -0.261678959 
-2.025274643 1.934507593 -0.318207238 
-1.939366991 1.988884656 -0.521715992 
-1.912047602 2.011240599 -0.553435979 
-2.053422067 1.912596170 -0.227836327 
-2.035360525 1.920255545 -0.270003674 
-1.846784098 2.051376781 -0.648905291 
-1.895352455 2.026152371 -0.567322796 
-2.047584931 1.908536932 -0.293371536 
-2.035107306 1.919497996 -0.321398233 
-1.857560092 2.038534571 -0.649376099 
-1.893839706 2.026588125 -0.570827870 
-2.034333669 1.921492405 -0.315977367 
-2.033705988 1.921710668 -0.320037967 
-1.956735758 1.980220265 -0.483597968 
-1.995928532 1.953935465 -0.400998462 
-1.920618400 1.999666602 -0.563007113 
-1.957495046 1.977878977 -0.487791599 
-1.995210688 1.939524381 -0.444597554 
-1.982565621 1.952539721 -0.457343702 
-1.916511338 1.996265209 -0.577398832 
-1.958902885 1.973058684 -0.496258099 
-1.962927459 1.959365052 -0.517014067 
-1.970889300 1.963614312 -0.474560027 
-1.915732786 2.006907084 -0.556901593 
-1.956627366 1.980571834 -0.483133656 
-2.019139553 1.927365395 -0.372994965 
-1.995020416 1.947941663 -0.420929611 
-1.910543863 2.005452658 -0.574466053 
-1.925791512 1.997101112 -0.546238145 
-1.982349467 1.953657370 -0.455982922 
-1.977837916 1.958926566 -0.458749933 
-1.824033777 2.066438398 0.683548303 
-1.890416385 2.021593114 0.604281461 
-2.060937232 1.897545906 0.242661341 
-2.058988846 1.901502219 0.240415753 
-1.926001767 2.000409255 0.537529007 
-1.961338173 1.982875627 0.460227266 
-2.066537252 1.890978839 0.233933747 
-2.048448818 1.908622171 0.282978231 
-2.053252673 1.915497662 0.153325465 
-2.033844935 1.924271202 0.299277647 
-1.832422155 2.046648136 0.697467618 
-1.946169841 1.972355280 0.522956080 
-1.944208243 1.981791240 0.499324679 
-1.923417259 2.002529188 0.545744399 
-2.054085995 1.926785857 0.171834423 
-2.050921602 1.926148092 0.072307188 
-2.000879425 1.955927884 0.367523494 
-1.976552448 1.967712880 0.441189631 
-2.015340743 1.940355844 0.348586916 
-1.639074400 2.165716389 0.874321028 
-2.017978923 1.938857572 0.342322950 
-1.984677257 1.960147277 0.430407381 
-2.025020695 1.934704828 0.313472400 
-2.026121144 1.937904674 0.292743962 
-1.933632450 1.991836291 0.531813132 
-2.021549377 1.928608610 0.364690500 
-2.014351245 1.941429133 0.351805647 
-1.987732612 1.965584003 0.396649835 
-2.059793098 1.918570639 0.065906670 
-2.054984030 1.912113818 0.196424614 
-2.002244307 1.955735282 0.362787206 
-2.034728750 1.926117923 0.293431635 
-2.036107862 1.923058642 -0.299677993 
-2.021553866 1.937768033 -0.324590663 
-1.924064157 1.996149645 -0.553606899 
-1.840534059 2.049840072 -0.668323338 
-2.046178705 1.924709193 -0.217373839 
-2.044570794 1.924697551 -0.228972656 
-1.961853747 1.974676183 -0.479653931 
-1.972613853 1.968409936 -0.453991933 
-2.047245618 1.891996067 -0.284122224 
-1.984045415 1.979955493 -0.378671644 
-1.960092694 1.977181224 -0.478069299 
-1.923268334 1.999672145 -0.547239264 
-2.046315802 1.901089085 -0.260040693 
-2.056148806 1.905482449 -0.186844160 
-1.571788358 2.171645142 -0.945264897 
-1.943285349 1.997710822 -0.516433781 
-2.009448866 1.940158321 -0.381420389 
-1.969254183 1.969710366 -0.461815701 
-2.011823300 1.928076766 -0.404672949 
-1.988678708 1.948664129 -0.446609528 
-2.015199259 1.938867828 -0.352448147 
-1.989355090 1.957535491 -0.418056275 
-2.041518353 1.907248711 -0.331893295 
-2.003104455 1.938907357 -0.415157044 
-2.033471642 1.933861547 -0.262482248 
-2.009616147 1.948343506 -0.349127573 
-1.985294644 1.950669257 -0.451064181 
-1.962386376 1.965817896 -0.500140192 
-2.031626947 1.922449451 -0.330088714 
-2.016126968 1.939715251 -0.346552833 
-2.011706591 1.931507541 -0.396736720 
-1.996094988 1.948699798 -0.414185143 
-1.941880665 1.990132469 0.511278974 
-1.937360898 1.992243853 0.519679544 
-2.057679131 1.907334186 0.221183101 
-2.046097559 1.918918990 0.250735237 
-1.933718630 1.993874555 0.531150805 
-1.904979839 2.008908486 0.587697597 
-2.049825119 1.909029545 0.269263433 
-2.055845954 1.913728017 0.195111455 
-1.953406420 1.976745861 0.507444145 
-1.974330516 1.968303821 0.452170107 
-2.029372490 1.923669861 0.334631255 
-2.044307944 1.918704072 0.264230746 
-1.960210409 1.975615195 0.485460671 
-1.848520747 2.047783044 0.652100390 
-1.963077958 1.970010195 0.490564808 
-1.962938339 1.970416087 0.487166931 
-2.026813220 1.937879111 0.295475266 
-2.015264335 1.947275706 0.319490731 
-2.037855039 1.926578714 0.267384415 
-2.033682991 1.929522429 0.282071884 
-2.025648863 1.936407932 0.305046672 
-2.031498762 1.933495754 0.279208315 
-2.003535296 1.947500023 0.387716983 
-1.997546803 1.949272219 0.405729577 
-2.004525483 1.948916857 0.375897004 
-2.029930959 1.931459816 0.303050672 
-2.027824266 1.936843979 0.292029158 
-2.042857766 1.918634334 0.277332868 
-2.007108117 1.942019805 0.388309487 
-1.992654234 1.956273415 0.410170629 
-1.909249991 2.007436329 0.573834915 
-2.045204250 1.926047097 0.217791842 
-1.997972121 1.956177622 -0.381710046 
-2.039971723 1.929740636 -0.239265324 
-2.065455829 1.913435338 -0.051655560 
-2.058168569 1.916905388 -0.146980059 
-1.895746315 2.005209359 -0.612358188 
-1.985156485 1.969341031 -0.414736529 
-2.058122109 1.917047614 -0.152091768 
-1.975551984 1.970984307 -0.417623798 
-2.040170707 1.921023363 -0.282169862 
-2.044468756 1.917193119 -0.272717019 
-2.052561432 1.919843222 -0.186192969 
-2.048958835 1.922426490 -0.209180662 
-2.046628684 1.919421033 -0.243028970 
-2.060898594 1.913760506 -0.141123148 
-2.055550338 1.919603972 -0.158347028 
-2.046779018 1.921010482 -0.232420054 
-2.004971256 1.964693943 -0.265456259 
-2.012935783 1.952732674 -0.252345617 
-2.004071106 1.965052993 -0.362782437 
-2.028827878 1.938114712 -0.313364050 
-1.751625879 2.101315687 -0.776344737 
-1.998065007 1.952558601 -0.391913359 
-1.576189909 2.179165021 -0.920190373 
-1.766027809 2.074477517 -0.778458743 
-1.954027492 1.985537885 -0.492602339 
-2.026042049 1.941070743 -0.292437631 
-2.068390130 1.885739757 -0.192644235 
-2.076055017 1.874883327 -0.157476857 
-2.024098697 1.940144009 -0.298771584 
-2.029950242 1.929885043 -0.309436366 
-2.000520377 1.952620604 -0.358036109 
-2.036816804 1.935597814 -0.187406204 
-1.969240148 1.958499536 0.504976960 
-1.936915289 1.985599248 0.549037160 
-2.019458653 1.930921815 -0.291742940 
-2.044700509 1.923712875 0.097492981 
-2.003534644 1.944809328 0.390494464 
-2.041152519 1.926244830 0.245627478 
-2.002931922 1.937712190 0.399225259 
-2.009097309 1.938078026 0.366631943 
-2.012742627 1.941116879 0.364421320 
-2.006384003 1.946400311 0.379703970 
-2.028448613 1.927928432 0.312669405 
-2.037890453 1.921376752 0.280345675 
-1.969841752 1.974880705 0.447941809 
-1.984121041 1.963139380 0.424846314 
-2.027325076 1.941084499 0.263955463 
-2.042019730 1.924506646 0.237847903 
-2.052524660 1.918169458 0.199215700 
-2.042985256 1.922985974 0.250345689 
-2.062504921 1.913645233 0.110568429 
-2.033569621 1.933198120 0.267297226 
-2.035530032 1.922343609 0.305848615 
-2.030326892 1.926156309 0.321102704 
-2.033027953 1.933996266 0.272371131 
-2.042880132 1.922752859 0.254832831 
-2.053094974 1.914271814 0.219191766 
-2.012316793 1.944240420 0.354849504 
-2.022961575 1.938381717 0.309567912 
-2.040646072 1.939776097 0.170307416 
-2.047560359 1.923039243 0.159753463 
-2.054802821 1.902672358 0.186825741 
-1.717741806 2.135188025 0.788987354 
-1.804730747 2.086978563 -0.689610938 
-1.802440276 2.055657629 -0.727743876 
-1.965549021 1.968125703 -0.480053270 
-2.062939602 1.914994447 -0.122775838 
-2.003625551 1.966179904 -0.314088353 
-1.958979514 1.977501712 -0.479447969 
-1.971789895 1.970807983 -0.449565585 
-2.039080168 1.928654063 -0.251964558 
-2.051627400 1.916870585 -0.216818933 
-2.010866102 1.946577078 -0.349056486 
-1.998321374 1.952954103 -0.388476446 
-2.031861623 1.931083789 -0.290365223 
-2.025370657 1.935170756 -0.313679235 
-1.969536725 1.969131134 -0.463960289 
-2.020559278 1.942311228 -0.313470872 
-2.033119276 1.932075493 -0.276140181 
-2.028821961 1.927103859 -0.324214862 
-1.688065752 2.121314837 -0.853931622 
-2.060812257 1.912523971 -0.151072093 
-1.690057969 2.128641675 -0.832788306 
-2.001666776 1.933753667 -0.397990802 
-2.063533635 1.926222501 -0.081561168 
-1.993011835 1.949167629 -0.427644846 
-1.979440713 1.971577450 -0.369051736 
-1.960974507 1.967426244 -0.451238925 
-2.037892443 1.929858611 -0.259659771 
-2.031124699 1.928887810 -0.302319678 
-2.007120813 1.952849430 -0.338022990 
-2.048359485 1.921630288 -0.205624396 
-1.922914952 2.008501203 -0.526232103 
-1.986523229 1.956135506 -0.434620597 
-2.034408317 1.920531208 -0.298425378 
-2.025778720 1.927517625 -0.319818950 
-1.800343277 2.059690813 0.738700885 
-2.002787165 1.947548197 0.387700682 
-2.012368477 1.931636091 0.364766914 
-1.989866379 1.941142163 0.433246311 
-2.058256258 1.915627579 0.081226116 
-2.068225062 1.913407918 -0.023713507 
-2.089606735 1.885504993 0.028991000 
-2.050955592 1.924915520 0.189256128 
-2.046345767 1.909722721 0.289837786 
-1.979282067 1.948464915 0.454122858 
-2.040644614 1.937164761 -0.220698672 
-2.035115980 1.967212877 -0.180033949 
-1.831596758 2.068614051 0.667928379 
-1.880163536 2.032671483 0.613885793 
-2.069045700 1.894182938 0.108941213 
-2.038682981 1.911597886 0.274471229 
-1.995976036 1.954550139 0.399089507 
-1.993737814 1.953191953 0.415992048 
-2.020952747 1.934594174 0.339360818 
-2.025162973 1.932031580 0.329598443 
-2.054814902 1.918713301 0.172135855 
-2.016570499 1.945379326 0.325084190 
-1.999753874 1.946426481 0.405214226 
-2.002003288 1.943047255 0.401902417 
-1.986857955 1.963088590 0.413385400 
-1.941798387 1.993608673 0.505799944 
-1.992726982 1.949385939 0.427700288 
-1.979937371 1.957309128 0.456425298 
-1.977672538 1.968931654 0.436792704 
-1.946344363 1.988371005 0.504685953 
-2.003620001 1.946068271 0.387764074 
-2.018505123 1.935085984 0.351813665 
-1.956818166 1.984941517 -0.459077877 
-2.022015018 1.935574251 -0.331536938 
-2.015015437 1.943682982 -0.339621703 
-2.018899527 1.945130271 -0.311697572 
-1.917019040 2.025292142 -0.520510800 
-1.955104658 1.978853484 -0.456823821 
-2.035056124 1.945156183 -0.269096213 
-2.015396093 1.944351246 -0.360281764 
-2.041927918 1.924753252 -0.249339684 
-2.044304911 1.920717594 -0.254751353 
-1.944551652 1.991571986 -0.499060809 
-1.997381970 1.957440894 -0.384372926 
-2.045414358 1.921801690 -0.239110794 
-2.047469677 1.916366091 -0.250415814 
-2.001764409 1.952888752 -0.376244497 
-2.021534592 1.935192322 -0.339705211 
-2.024586433 1.938569170 -0.302910458 
-1.977334803 1.968262104 -0.434213802 
-1.938967218 1.984429357 -0.537965071 
-1.938011385 1.987410442 -0.531698028 
-2.035844685 1.931832202 -0.258162463 
-2.026647073 1.934639306 -0.306104609 
-1.955562566 1.972655021 -0.509471966 
-1.950110095 1.977871905 -0.516044263 
-1.975397071 1.969042220 -0.440260834 
-1.976621195 1.966999531 -0.438332798 
-1.963414767 1.967251009 -0.493456230 
-1.936554737 1.980969790 -0.557774932 
-1.970584754 1.973702693 -0.443054418 
-1.929162184 1.998211044 -0.530177358 
-1.960220644 1.968072530 -0.508479518 
-1.984656656 1.955481102 -0.445470622 
-2.012420340 1.939931308 0.368844702 
-1.994983176 1.955995308 0.397829442 
-2.048019011 1.919835653 0.228678998 
-2.033216808 1.929595118 0.286627064 
-2.010934492 1.939653870 0.381511779 
-2.026408304 1.934038625 0.315347308 
-2.045226110 1.920134685 0.250408198 
-2.035329833 1.927038946 0.284920126 
-2.000209788 1.947841637 0.404590077 
-2.002541555 1.948832407 0.388526240 
-2.045840710 1.917933073 0.254432000 
-2.058286237 1.911125285 0.190174536 
-1.989181612 1.956083790 0.426827332 
-2.000658916 1.949785772 0.392711800 
-2.057903994 1.908485671 0.206983387 
-2.049454570 1.917461053 0.228106126 
-2.040100022 1.923138140 0.269459839 
-2.034869733 1.926437728 0.288522676 
-2.006318477 1.951026207 0.356919170 
-1.871712929 2.027207491 0.635839012 
-2.054270564 1.908903338 0.237635335 
-2.037295405 1.921811803 0.293960382 
-1.958577799 1.978770065 0.479130841 
-2.048813882 1.920210341 0.225473107 
-2.054037559 1.911576388 0.184612012 
-2.024338632 1.937960677 0.294642070 
-2.012317736 1.941396378 0.361393993 
-2.070058838 1.906980914 -0.027174005 
-2.036096440 1.922584678 0.279554541 
-2.029452442 1.929998593 0.303588574 
-2.023322668 1.937479169 0.314841949 
-2.010046266 1.952944124 0.334128165 
-1.991981108 1.944474540 -0.389412741 
-2.015913003 1.934826877 -0.337491838 
-2.058598533 1.906535408 -0.201840701 
-2.056131322 1.914018476 -0.194364666 
-2.034057179 1.926839804 -0.303755223 
-2.052220918 1.920558748 -0.193713012 
-2.048264301 1.920793008 -0.197804738 
-2.047301573 1.921739437 -0.199443358 
-2.015494025 1.938282611 -0.357856536 
-2.006169360 1.944059514 -0.387372367 
-2.013609607 1.936377172 -0.353933278 
-2.028666210 1.923335932 -0.315928818 
-1.939939158 1.987574974 -0.522476380 
-2.061460271 1.906370667 -0.171438412 
-2.004544461 1.950710658 -0.361842620 
-2.012738194 1.941665627 -0.357813673 
-1.945226005 2.004166756 -0.439524859 
-1.793954487 2.092076926 -0.711566876 
-2.023190608 1.921304245 -0.366270734 
-2.074918786 1.885106120 -0.045628203 
-1.910003176 2.024387202 0.490182236 
-1.920366841 2.021098612 0.467122652 
-2.048101655 1.935009020 0.191863915 
-1.987966280 1.981062319 0.378830109 
-1.847549323 2.045402108 -0.673695953 
-1.685611454 2.143328879 -0.799099221 
-2.045721047 1.928111247 0.205380996 
-2.066431997 1.907304735 -0.020396322 
-2.053239276 1.889146313 -0.232661007 
-1.971371233 1.975571830 -0.443228102 
-2.008747062 1.914846431 -0.409612885 
-1.970091653 1.967998184 -0.451102238 
-1.926164208 1.992606668 0.556228057 
-2.019250250 1.935071740 0.345545346 
-1.948378961 1.982014569 0.495988354 
-2.007974715 1.938001126 0.376575962 
-2.071402622 1.913322723 0.062829599 
-2.062913023 1.907568910 0.170114035 
-2.086341473 1.892133143 -0.030371338 
-2.055334933 1.921444345 0.170439172 
-2.039960801 1.917126981 0.284584266 
-2.044704984 1.920853259 0.239098585 
-2.043580227 1.927009246 0.235280798 
-2.056617976 1.923226119 0.083372381 
-1.936022352 1.989933168 0.520569356 
-1.961938551 1.971854681 0.480066145 
-2.003197188 1.947564050 0.384610077 
-1.988301558 1.945811161 0.458871659 
-2.051500937 1.916201934 0.227547613 
-2.046942126 1.918918439 0.248825296 
-2.051668312 1.919553881 0.166791043 
-2.060170122 1.908518483 0.161624287 
-2.051667703 1.925461022 0.101026405 
-2.046559973 1.934732489 0.104732599 
-2.068120340 1.889583817 0.178568028 
-2.064006027 1.902206749 0.183883254 
-1.969801375 1.969389405 0.461229848 
-2.054884203 1.909916066 0.210942417 
-2.004546046 1.946834988 0.376271371 
-2.037799031 1.925597353 0.274767311 
-2.013147642 1.944835945 0.335519456 
-1.986467388 1.956149098 0.436625001 
-2.025653905 1.930947388 0.308226140 
-2.043171925 1.914194892 0.260033472 
-2.054662079 1.907157673 -0.243038864 
-2.036490555 1.925318036 -0.280996122 
-2.014625983 1.940010273 -0.356181805 
-2.050615712 1.924809799 -0.173876329 
-2.023059135 1.931481054 -0.339443777 
-2.036051576 1.927534201 -0.275097774 
-2.026584493 1.938498465 -0.287550360 
-2.017959030 1.940721411 -0.335881420 
-2.006544711 1.940757783 -0.380329583 
-2.014837774 1.942837608 -0.335786665 
-2.027238180 1.939564205 -0.279976721 
-2.016435569 1.950799777 -0.304872566 
-2.036391826 1.927498959 -0.261459228 
-2.038420216 1.932591735 -0.216018989 
-2.028070055 1.933974322 -0.299270536 
-2.023132176 1.933267258 -0.332672457 
-2.041592420 1.918230705 -0.286640693 
-2.064234732 1.908637405 -0.157748444 
-2.046705010 1.930430076 -0.097116314 
-2.033565579 1.933579709 -0.254601407 
-1.985362034 1.964857447 -0.408608898 
-2.011363064 1.934114785 -0.390761745 
-1.989771574 1.952818735 -0.413786449 
-1.982155455 1.950369789 -0.454118730 
-1.949450969 1.978763070 -0.504549610 
-1.977431596 1.959527083 -0.452599252 
-2.008928800 1.946517048 -0.359678383 
-1.989010119 1.942699428 -0.468301254 
-2.043086475 1.913024275 -0.265751567 
-2.045351405 1.919625284 -0.242448492 
-2.058617515 1.924697723 -0.073800279 
-2.057099012 1.923717057 -0.059188941 
-1.923785318 2.016503186 -0.462902751 
-1.926172471 2.013695230 -0.469915527 
-2.049134588 1.931963294 -0.200616589 
-2.001967698 1.970916425 -0.350330039 
-1.936558649 2.007224744 0.467031745 
-1.778572901 2.098311455 0.733254485 
-2.029831930 1.916106736 0.349375893 
-2.073862602 1.886587755 0.031364040 
-2.049397184 1.917291597 0.199099263 
-1.948749518 1.990978610 0.490571461 
-2.019411305 1.907627726 0.381275222 
-1.994722739 1.953153844 0.391393745 
-1.818894234 2.066536689 0.696604899 
-1.673509163 2.149372516 0.811158174 
-2.012147507 1.951241391 -0.332340962 
-2.065989439 1.907232179 0.027727228 
-1.830044732 2.058234979 0.681986003 
-1.940145958 1.986341095 0.492119263 
-2.035087908 1.926334930 0.297192772 
-2.017422882 1.941696902 0.360083403 
-1.963743231 1.975791027 0.466068994 
-1.987669968 1.956892668 0.424944325 
-2.043738678 1.928075235 0.218219790 
-2.042488436 1.931975426 0.203651153 
-1.998450842 1.953492935 0.385096551 
-2.003659248 1.949278187 0.376788583 
-2.031676851 1.934735171 0.275105140 
-2.024305778 1.941921143 0.292215388 
-1.996539137 1.951022237 0.403196357 
-2.018437292 1.937849992 0.339232862 
-2.024806562 1.942072318 0.286153704 
-2.000713763 1.955262407 0.372285025 
-2.028402736 1.938625363 -0.279444457 
-2.033395605 1.932729782 -0.273731218 
-1.968192412 1.959308244 -0.492877189 
-1.974806999 1.960605108 -0.463873749 
-1.994236052 1.954430535 -0.405195699 
-1.985331546 1.960397959 -0.427562263 
-1.976983014 1.959605840 -0.460240537 
-1.977819259 1.957145496 -0.464395217 
-2.020494343 1.944397406 -0.304670199 
-2.036251629 1.932521195 -0.254693782 
-1.940824434 1.981121663 -0.536121423 
-1.950951056 1.976879713 -0.511432802 
-2.026016219 1.939137902 -0.293265642 
-2.002886266 1.956532102 -0.357841873 
-1.974983307 1.961351687 -0.463162531 
-1.972558145 1.965280889 -0.460673080 
-2.019544645 1.933162421 -0.355621624 
-1.998775813 1.948660126 -0.405853307 
-2.030735929 1.928912813 -0.301237622 
-2.033488910 1.925504215 -0.302659639 
-2.013086466 1.938397333 -0.373113637 
-2.006489095 1.945614557 -0.378545956 
-2.053530241 1.914888285 -0.207841613 
-2.046883011 1.919292387 -0.238824855 
-2.017136407 1.935698033 -0.358150186 
-2.016444669 1.938366217 -0.353943787 
-2.053040119 1.910718689 -0.234619677 
-2.034412226 1.927169254 -0.287099394 
-2.026829036 1.931642989 -0.323617036 
-2.029391626 1.930790689 -0.311260729 
-2.018650515 1.939031747 -0.331787203 
-2.032765603 1.927935666 -0.295073722 
-1.900038070 2.014971794 0.579505529 
-1.917733459 2.004326562 0.553880486 
-2.011366229 1.938696953 0.379491926 
-2.020827312 1.931465171 0.355320882 
-1.894392938 2.020005820 0.587937343 
-1.929224824 1.998225125 0.529592748 
-1.991596903 1.953262626 0.422177143 
-2.015314008 1.938736864 0.358636304 
-1.911340868 2.007757557 0.569132942 
-1.917118833 2.006289181 0.550598206 
-2.008252134 1.940697618 0.389229806 
-1.997161372 1.948350808 0.416749823 
-1.890666388 2.022652583 0.591994107 
-1.909251609 2.012296279 0.560890869 
-2.015432862 1.936493602 0.368330625 
-1.991362245 1.948879693 0.438767635 
