-1.452115290 9.221074513 -0.637567406 
-1.405079902 9.226010730 -0.608089698 
-3.681846368 8.312189419 0.041149005 
-3.652045801 8.327818011 0.039184638 
-1.444446266 9.228858493 -0.549249777 
-1.454119386 9.219565152 -0.642213943 
-3.680684939 8.313072022 0.033784987 
-3.663299292 8.321820452 0.033197101 
-1.451881689 9.229044367 -0.536566958 
-1.445993353 9.227948780 -0.560263831 
-3.634368935 8.336512068 0.044092857 
-3.631159534 8.338619129 0.041675955 
-1.448683203 9.227982921 -0.561540437 
-1.460423292 9.231458865 -0.500138910 
-3.648034291 8.328603900 0.062328544 
-3.614042897 8.345771855 0.057478491 
-1.447559503 9.241231305 0.341433037 
-1.436476083 9.237847599 0.420401799 
-3.618492340 8.343607152 -0.059727179 
-3.630474191 8.336894539 -0.072951088 
-1.431157727 9.229729238 0.547421329 
-1.407727358 9.232130455 0.531255232 
-3.666521958 8.319176061 -0.062606829 
-3.656493513 8.322941423 -0.075403691 
-1.385694031 9.216526196 0.730684641 
-1.398177077 9.222274530 0.675137176 
-3.622779648 8.341507660 -0.059184705 
-3.645836134 8.329134597 -0.066843463 
-1.407996332 9.219476328 0.689485596 
-1.393176296 9.226695844 0.602635357 
-3.610713371 8.347718880 -0.059885724 
-3.607831262 8.349291991 -0.059366375 
-1.391855223 9.231582673 0.555445183 
-1.405550282 9.229525104 0.551487790 
-3.619050130 8.341476169 -0.085369260 
-3.626241196 8.335828830 -0.092511768 
-1.412955907 9.227206246 0.580221710 
-1.396669414 9.224817396 0.623441903 
-3.610765063 8.345142213 -0.080756366 
-3.636228156 8.332895834 -0.067712428 
-1.587761746 9.221383548 0.772427023 
-1.188064651 9.169646086 0.955588842 
-3.483961646 8.435159581 -0.031846956 
-3.631521430 8.306653735 -0.129026534 
-1.412548569 9.232538193 0.478562622 
-1.392373115 9.233546603 0.499838670 
-3.205272678 8.504973053 -0.085432468 
-3.566290128 8.361639681 -0.086354155 
-1.516833390 9.197204710 -0.843723265 
-1.512516003 9.203507420 -0.787593423 
-3.582327819 8.362015720 0.055357692 
-3.593378348 8.356274094 0.058904962 
-1.496329886 9.199076434 -0.849487178 
-1.463968480 9.193569147 -0.920773837 
-3.670769399 8.317638555 0.045294178 
-3.594441249 8.355445435 0.065417383 
-1.477140301 9.218258991 -0.674880833 
-1.533675598 9.217070469 -0.789794112 
-3.594654707 8.355470091 0.059165558 
-3.599381152 8.353747148 0.045424376 
-1.473794080 9.187479481 -0.949678530 
-1.478803731 9.203664696 -0.805474457 
-3.582030234 8.361798563 0.055360949 
-3.610181823 8.346628327 0.068457895 
-1.418088504 9.223517629 -0.639529588 
-1.457490755 9.221318307 -0.634559902 
-3.635171779 8.334770274 0.054455087 
-3.686610246 8.308235741 0.055027640 
-1.430718599 9.233473579 -0.484260719 
-1.419619328 9.237715747 -0.438307824 
-3.668911012 8.318856343 0.045667878 
-3.649691023 8.326655164 0.067475762 
-1.395117188 9.240532764 -0.421486392 
-1.419066438 9.239477327 -0.415157559 
-3.637357785 8.334442286 0.054150460 
-3.651952210 8.326718158 0.054946280 
-1.383757812 9.238489232 -0.450111195 
-1.411126294 9.242834991 -0.236340486 
-3.673303436 8.313994239 0.055702333 
-3.333198356 8.464190066 0.066232569 
-1.488791855 9.234456548 0.450656170 
-1.478423981 9.235898409 0.425510771 
-3.508620696 8.392184559 -0.088911919 
-3.591926974 8.353229216 -0.093265818 
-1.446881879 9.239239911 0.412823720 
-1.439872531 9.234232477 0.498506250 
-3.511151729 8.389783888 -0.093092023 
-3.517762841 8.388448183 -0.088089088 
-1.373244366 9.203524491 0.878347841 
-1.421720820 9.233077527 0.500090878 
-3.320607517 8.470484670 -0.062628942 
-3.344442681 8.485170491 -0.028994710 
-1.418636311 9.236971962 0.453814737 
-1.570444578 9.246591315 0.153712755 
-3.502292978 8.393831961 -0.091975233 
-3.572886365 8.361683455 -0.090001802 
-1.492439555 9.208746990 0.767878409 
-1.488524832 9.215984118 0.680100783 
-3.671040731 8.316027716 -0.061937489 
-3.659134064 8.322478283 -0.070475147 
-1.469717276 9.227912039 0.552424874 
-1.414968962 9.231170730 0.535246462 
-3.702117468 8.299143747 -0.073371166 
-3.707988344 8.296394840 -0.073624525 
-1.501814602 9.234700994 0.410480380 
-1.468180693 9.235942651 0.426556128 
-3.680671708 8.310237389 -0.080167421 
-3.646223555 8.327034654 -0.087725730 
-1.402699103 9.226009961 0.636551736 
-1.438320429 9.231915891 0.525955685 
-3.704968642 8.297115886 -0.087391421 
-3.657411065 8.320949056 -0.094409771 
-1.474049940 9.196261656 -0.876127441 
-1.428139481 9.205133565 -0.825446401 
-3.628163035 8.338155705 0.058727496 
-3.621692725 8.341469695 0.063761734 
-1.526599695 9.210889522 -0.715400310 
-1.470971329 9.175886347 -1.037078200 
-3.599568228 8.352037121 0.067651409 
-3.640175326 8.331735397 0.060637556 
-1.472016289 9.186005765 -0.966266950 
-1.475221723 9.168106236 -1.095505645 
-3.616927870 8.341617871 0.083862765 
-3.599475540 8.351040155 0.077833125 
-1.516826909 9.188674079 -0.912289849 
-1.541678723 9.201947336 -0.810449754 
-3.655037213 8.322986037 0.079131937 
-3.593663083 8.353955049 0.076731477 
-1.477903404 9.212851046 -0.706682211 
-1.554873231 9.200585362 -0.796276660 
-3.490988479 8.400951904 0.081165810 
-3.552074090 8.374476290 0.064080332 
-1.502270884 9.208980245 -0.735708573 
-1.469384013 9.221440576 -0.621944732 
-3.590436054 8.355106697 0.075536164 
-3.598716757 8.352401007 0.063952815 
-1.487540349 9.168928287 -1.090137996 
-1.459885150 9.186802260 -0.965599494 
-3.619186516 8.342515358 0.054569396 
-3.601852940 8.350109074 0.070665297 
-1.403611771 9.200102170 -0.875727725 
-1.470838669 9.207784729 -0.767192134 
-3.634927404 8.335983921 0.044774757 
-3.595228891 8.354011156 0.064255114 
-1.558108389 9.184128578 0.955594165 
-1.506552104 9.182952069 0.990393792 
-3.624518319 8.337516257 -0.089495418 
-3.535710735 8.379957499 -0.087659824 
-1.569164280 9.183259691 0.953756357 
-1.494499299 9.199312821 0.866915410 
-3.631225744 8.335375692 -0.078821368 
-3.614101382 8.343294964 -0.088892478 
-1.520699464 9.203844071 0.809866243 
-1.513782499 9.174818546 1.046787303 
-3.562995141 8.368183750 -0.085058182 
-3.600362736 8.350847459 -0.084211523 
-1.441628772 9.221329955 0.662055291 
-1.472302978 9.217948955 0.673239331 
-3.655788257 8.321611062 -0.093195562 
-3.597962233 8.351894355 -0.081209200 
-1.391865703 9.226937363 0.595118633 
-1.445988277 9.220127851 0.658176851 
-3.681630753 8.311346839 -0.054511642 
-3.669040650 8.316899224 -0.068551946 
-1.364237705 9.222062562 0.690285190 
-1.354842744 9.222220257 0.501784625 
-3.675710013 8.313865693 -0.063836864 
-3.686779651 8.281179829 -0.109398205 
-1.438066157 9.213483856 0.738725115 
-1.433543093 9.220924967 0.659616465 
-3.677172591 8.312253582 -0.065911161 
-3.665256844 8.318040992 -0.080805036 
-1.432395001 9.229668438 0.557158102 
-1.444544922 9.225515157 0.603094171 
-3.682086037 8.309979912 -0.074401322 
-3.667670572 8.316883413 -0.077403842 
-1.420359562 9.161842616 -1.152296345 
-1.351319791 9.089344191 -1.610439878 
-3.360901666 8.537517572 0.000972041 
-3.440712656 8.496728388 0.002410282 
-1.413694843 9.164022197 -1.137183269 
-1.454659383 9.180294199 -1.009471815 
-3.473643416 8.404383908 0.087894194 
-3.617057556 8.337420314 0.085144606 
-1.488264454 9.137714776 -1.285475178 
-1.532705764 9.145637328 -1.214939676 
-3.575113265 8.360296417 0.077007218 
-3.559186196 8.369845649 0.072853440 
-1.463024781 9.159680399 -1.161526744 
-1.473496662 9.166613081 -1.104700560 
-3.562154238 8.366588069 0.078506147 
-3.591028096 8.350475083 0.090338072 
-1.487943350 9.247547338 -0.320757246 
-1.450836315 9.256465348 0.217680772 
-3.579641591 8.339951729 0.079880343 
-3.575879678 8.368623847 0.016633410 
-1.408023035 9.182174629 -0.971178846 
-1.448824298 9.149581399 -1.192133354 
-3.605953522 8.343761041 0.052424858 
-3.617749377 8.334308911 0.068753595 
-1.220143335 9.176661957 -1.166679879 
-1.446707288 9.104038928 -1.628515375 
-3.294076055 8.559074086 0.008226848 
-3.485610169 8.441327474 0.064988481 
-1.531389156 9.198781701 -1.033863472 
-1.584838856 9.244887965 -0.204119379 
-3.561504264 8.375673616 0.039390657 
-3.607174030 8.335132694 0.060952738 
-1.374615468 9.228463183 0.585505182 
-1.424142792 9.225500396 0.586027165 
-3.622854334 8.344159100 -0.032678950 
-3.651293384 8.327137106 -0.048456294 
-1.476840125 9.231519439 0.492789881 
-1.459011580 9.237171941 0.413353879 
-3.650075677 8.327763055 -0.061133654 
-3.654811540 8.325204729 -0.060942464 
-1.546404040 9.250501370 0.331478427 
-1.466113104 9.230851338 0.665416867 
-3.165755915 8.552327122 -0.017115313 
-3.473097545 8.428834952 -0.068900021 
-1.426071641 9.235020602 0.476206443 
-1.417592053 9.238976600 0.401539643 
-3.608926156 8.350177608 -0.042291944 
-3.630639327 8.339174669 -0.038691763 
-1.374880238 9.109752296 1.466842516 
-1.399952686 9.125173092 1.268212782 
-3.049165072 8.593842113 0.065795760 
-3.158921740 8.503289616 0.016270084 
-1.223513044 9.238442570 0.079340042 
-1.409501006 9.225805734 0.622742695 
-3.844702492 8.173289329 -0.031814251 
-3.615649334 8.331724680 -0.026082630 
-1.430550278 9.197096179 0.681840781 
-1.401845488 9.203325439 0.616224296 
-3.647230010 8.327651417 -0.076497293 
-3.641132779 8.331398633 -0.069483235 
-1.481093348 9.233600177 0.438953423 
-1.432505626 9.235851519 0.445743225 
-3.577098289 8.360613969 -0.088547725 
-3.600673559 8.350117374 -0.074329374 
-1.786425773 9.271688913 -0.086783804 
-1.054943335 9.180382408 0.574380526 
-3.235597817 8.550055091 0.014160812 
-3.609329795 8.317376760 0.018810390 
-1.348912839 9.226810794 -0.444497303 
-1.304831658 9.223494308 -0.507635793 
-3.687972211 8.267488858 0.075510531 
-3.697571042 8.263075546 0.054957936 
-1.357230755 9.223235063 -0.391689812 
-1.384788383 9.182248349 -0.913594552 
-3.666427200 8.289330899 0.090005913 
-3.646407998 8.300346772 0.060312607 
-1.441248176 9.131583819 -1.342149164 
-1.381024359 9.228665732 -0.584268029 
-3.680326932 8.280275586 0.095671240 
-3.631211661 8.312313710 0.104394770 
-1.500372031 9.154521712 -1.277489251 
-1.549025399 9.176999361 -1.030654083 
-3.259332923 8.493137753 0.062777550 
-3.307093516 8.468747628 0.090806440 
-1.536715689 9.114128667 -1.448766735 
-1.739885614 9.235994540 -0.486336815 
-3.331788469 8.448991686 0.170063726 
-3.516356474 8.413935913 0.045333155 
-1.474727219 9.208218244 -0.782702964 
-1.449555558 9.178794983 -1.045131850 
-3.552548469 8.373136121 0.071633873 
-3.556842002 8.366340050 0.100391497 
-1.438829964 9.193567586 -0.966792833 
-1.468201861 9.163260222 -1.150073038 
-3.481200146 8.400970244 0.095991684 
-3.463063140 8.407633151 0.101501251 
-1.952820462 9.289180982 -0.100292317 
-1.418836960 9.103186015 1.486725267 
-2.892363408 8.675230406 0.169408622 
-3.592412442 8.351892478 -0.050079458 
-1.400162192 9.225196731 0.474700893 
-1.397957993 9.214774470 0.537129082 
-3.665027086 8.281298867 -0.106331634 
-3.616817635 8.327919310 -0.060758591 
-1.432653582 9.208868553 0.702935312 
-1.397368817 9.231795699 0.415261173 
-3.420546259 8.421988417 -0.074385731 
-3.587191887 8.348705363 -0.081944490 
-1.395202721 9.239328788 0.314791781 
-1.375491692 9.240181876 0.332054539 
-3.611946827 8.325672291 -0.104033886 
-3.589746741 8.335579046 -0.101549991 
-1.418018133 9.218285311 0.694838862 
-1.376726319 9.172369589 1.110984624 
-3.611324231 8.340634406 -0.103869571 
-3.662625019 8.310495236 -0.137967346 
-1.464534486 9.223965021 0.593225650 
-1.467266977 9.214721197 0.717303651 
-3.598218215 8.349984487 -0.085412077 
-3.586994995 8.358019014 -0.062839349 
-1.386325096 9.219568533 0.709718331 
-1.421004897 9.188589689 0.967669050 
-3.510288513 8.384457718 -0.114011538 
-3.343040226 8.461831960 -0.063862983 
-1.512727622 9.197892141 0.849185867 
-1.460575791 9.190330602 0.968456970 
-3.521125527 8.381495512 -0.108109148 
-3.549238853 8.370497272 -0.102375383 
-1.420723538 9.230975635 -0.528263723 
-1.456853679 9.219497499 -0.656739542 
-3.639241705 8.330799472 0.078657142 
-3.582399595 8.358568879 0.078286470 
-1.382685549 9.231000191 -0.565107954 
-1.457005595 9.224132198 -0.599461016 
-3.566209389 8.364564301 0.090141988 
-3.617841021 8.341355841 0.072350321 
-1.500174558 9.220404793 -0.626640983 
-1.505428074 9.223777721 -0.577423245 
-3.658270539 8.321787919 0.078077176 
-3.634961997 8.333280001 0.074855332 
-1.479369709 9.230950603 -0.498587653 
-1.457166343 9.232339731 -0.496827413 
-3.644148219 8.329510659 0.065709889 
-3.613439102 8.344047796 0.078198061 
-1.393628249 9.247192201 -0.270605664 
-1.263891748 9.251967808 -0.262697499 
-3.598035394 8.352757011 0.074493272 
-3.637238951 8.334614089 0.053674996 
-1.476900497 9.261011657 -0.394526914 
-1.462698667 9.238736687 -0.388575792 
-3.548925087 8.374515764 0.085189659 
-3.556157481 8.371368836 0.083372657 
-1.453720067 9.250631084 -0.050740912 
-1.447360821 9.221705176 -0.631803878 
-3.697558643 8.302553894 0.071268125 
-3.631215466 8.335926476 0.074523259 
-1.475856957 9.224865065 -0.589799503 
-1.482012547 9.212651965 -0.715639315 
-3.674013971 8.314528917 0.070476516 
-3.678378257 8.313089257 0.064295743 
-1.345748421 9.227553658 -0.712438319 
-1.351687178 9.255927737 -0.081619358 
-3.583928415 8.361652057 -0.041579259 
-3.627209516 8.339121139 -0.041091677 
-1.494949994 9.272449898 0.211942279 
-1.427688218 9.255248427 0.271185850 
-3.782386546 8.248021991 -0.102548155 
-3.404256896 8.448877476 0.068810905 
-1.300286071 9.243392377 -0.088852252 
-1.431575908 9.232655754 0.489590557 
-3.612516327 8.346173748 -0.051349737 
-3.571961630 8.366393272 -0.057733907 
-1.354031058 9.244848929 -0.014284853 
-1.371908423 9.244646310 -0.085770090 
-3.639691366 8.332326048 -0.047670604 
-3.627991518 8.336672445 -0.067990882 
-1.710126287 9.253568317 0.280022964 
-1.663927018 9.259628977 0.002418703 
-3.426340624 8.429068184 -0.109254980 
-3.317013579 8.465805318 -0.031797393 
-1.479048502 9.021063653 1.783247305 
-1.428426088 9.011351767 1.818637650 
-3.177710271 8.534931020 0.005802556 
-3.272295406 8.487102252 -0.045881336 
-1.374835764 9.088152453 1.448627317 
-1.353598742 9.075419558 1.484447169 
-3.723733823 8.275567866 -0.115737679 
-3.770372305 8.250520429 -0.127952840 
-1.597711574 8.924834244 1.966093528 
-1.636429480 8.907403585 2.014280078 
-3.523882190 8.365061866 0.104534422 
-3.571215477 8.344760200 0.102864798 
-1.514003952 9.240508484 -0.433186923 
-1.533701329 9.113048194 -1.205744403 
-3.248878446 8.496865735 0.047564447 
-3.428915625 8.404775101 0.078846870 
-1.498999241 9.260072870 0.035865187 
-1.442390257 9.238353690 -0.405379685 
-3.627404005 8.339672680 0.052397741 
-3.634374938 8.335427261 0.062679978 
-1.430368376 9.257644990 0.286100567 
-1.457702936 9.230708261 -0.518735202 
-3.595381558 8.358595476 -0.015586070 
-3.522374192 8.389897283 -0.066500704 
-1.448877572 9.230434300 -0.532104256 
-1.344704820 9.244922748 -0.426346869 
-3.645323318 8.330503387 0.050735458 
-3.637739986 8.335068483 0.039784953 
-1.430753048 9.244270110 -0.188412281 
-1.415945939 9.244612099 -0.182146252 
-3.424498739 8.440664300 0.041018347 
-3.362800504 8.464104433 0.034685258 
-1.335095706 9.236747701 -0.134734895 
-1.339999309 9.238128515 -0.255302672 
-3.617304701 8.329729769 0.054349348 
-3.648926248 8.313171828 0.056357904 
-1.581974245 9.265535332 -0.188508239 
-1.438159676 9.181764997 -0.840551370 
-3.316900620 8.501872686 -0.039989724 
-3.637911105 8.335646617 0.034125433 
-1.382174646 9.245256794 -0.433383300 
-1.357898455 9.228417613 -0.359726249 
-3.601071969 8.360516842 0.011634597 
-3.373145572 8.452779827 -0.038120750 
-1.382283999 9.238353946 0.394390000 
-1.382162248 9.238140498 0.404763462 
-3.565696477 8.357167287 -0.103222884 
-3.512834337 8.378897857 -0.113139205 
-1.386618488 9.222504693 0.691021017 
-1.262294442 9.172321914 -1.174898134 
-3.540682224 8.377641876 -0.001762090 
-3.592900021 8.301248294 -0.159953964 
-1.481332892 9.224856200 0.562497053 
-1.422973113 9.224428203 0.619892488 
-3.553277347 8.374500449 -0.069954534 
-3.660307818 8.324361207 -0.042679467 
-1.869792191 9.258333673 0.252688052 
-1.476181226 9.261612901 0.319797516 
-3.638699119 8.333022528 -0.059184837 
-3.644993846 8.322867382 -0.069631661 
-1.408286156 9.248397176 0.236918393 
-1.343277482 9.251061547 0.235385754 
-3.677817529 8.307604880 -0.110905903 
-3.717374045 8.289276094 -0.091350638 
-1.429480153 9.246085219 0.281918654 
-1.467029684 9.238667319 0.397233922 
-3.635786688 8.332024455 -0.084515450 
-3.613640345 8.343887216 -0.080445294 
-1.369856272 9.242344076 0.428400745 
-1.402223817 9.205479370 0.795519133 
-3.670768534 8.315052109 -0.092733368 
-3.547329962 8.366599090 -0.061117573 
-1.482276818 9.244515130 0.251385545 
-1.404813244 9.245261020 0.322732055 
-3.654066888 8.324778486 -0.067229001 
-3.689531314 8.307312177 -0.048563285 
-1.483699229 9.227312853 -0.545810154 
-1.451509144 9.202772518 -0.848648982 
-3.673822867 8.311751177 0.090299412 
-3.622403797 8.338179535 0.082432719 
-1.524781609 9.233544582 -0.394479338 
-1.523825809 9.214235321 -0.674992549 
-3.655777236 8.323009629 0.048291089 
-3.728118756 8.284945449 0.054578170 
-1.715773210 9.054714251 -1.721506337 
-1.617835683 9.121407137 -1.334426438 
-3.273620127 8.502620701 0.048166045 
-3.325416546 8.499318133 0.018110417 
-1.539822246 9.237432086 -0.301261293 
-1.727188148 9.154696379 -1.340393763 
-3.370926690 8.442035721 0.067151177 
-3.041825940 8.611047418 -0.069714804 
-1.385991442 9.235135359 -0.531449643 
-1.427069908 9.228909452 -0.401462160 
-3.610998216 8.328612733 0.083341773 
-3.673023319 8.297465880 0.082128885 
-1.948146768 9.215195936 -1.095647202 
-2.036897274 9.169804025 -1.178689023 
-2.865601145 8.708793387 -0.220650077 
-3.110630674 8.610401700 -0.083414431 
-1.377123513 9.200601801 -0.854406080 
-1.359287675 9.210435805 -0.756297901 
-3.667548226 8.294944560 0.105319696 
-3.478271532 8.420204597 0.025099411 
-1.391008304 9.219189167 -0.617249502 
-1.425625478 9.204857543 -0.740503850 
-3.674377457 8.295918146 0.077944487 
-3.632937238 8.318188802 0.063622409 
-1.597528536 9.165271089 1.240515880 
-1.654239225 9.246050877 0.323512835 
-3.108142678 8.592754328 0.029297503 
-3.385556523 8.440204103 -0.075133199 
-1.453753792 9.168068810 1.219747724 
-1.480225181 9.195193282 0.920318291 
-3.349556102 8.457980611 -0.075188112 
-3.335703316 8.457789420 -0.092319252 
-1.480239660 9.177929696 1.059398754 
-1.486727245 9.201835405 0.858334652 
-3.301439913 8.472512035 -0.085620855 
-3.348031943 8.452108434 -0.093009170 
-1.289249859 9.208467361 0.847811735 
-1.440106086 9.221650482 0.645225699 
-3.379975935 8.441989839 -0.086274789 
-3.480814379 8.402450784 -0.090592898 
-1.504738631 9.229383515 0.499749026 
-1.396018583 9.231269564 0.534719322 
-3.549281911 8.374603475 -0.082929265 
-3.635058760 8.333181104 -0.079954884 
-1.409650346 9.240449971 0.382476518 
-1.431930557 9.233619777 0.494617858 
-3.629044869 8.337111464 -0.077953535 
-3.623419295 8.340450199 -0.066510224 
-1.492087054 9.225076767 0.587103207 
-1.435304980 9.220014483 0.690006674 
-3.659025252 8.321147833 -0.075435874 
-3.665778452 8.319242766 -0.051756744 
-1.421849242 9.236496542 0.476235819 
-1.373228701 9.233271161 0.544209072 
-3.643896568 8.329021069 -0.075785875 
-3.608626175 8.347900628 -0.062486135 
-1.402358156 9.223241998 -0.634635565 
-1.465495547 9.219233061 -0.659434503 
-3.624010110 8.331600144 0.114899477 
-3.670182846 8.314792259 0.081293823 
-1.429087233 9.191332253 -0.949444450 
-1.438572667 9.189305019 -0.968945985 
-3.539922619 8.371601487 0.108884738 
-3.582060161 8.354101917 0.104145864 
-1.495589141 9.203539342 -0.813398971 
-1.459182493 9.192593979 -0.933698878 
-3.653201650 8.321057581 0.096224772 
-3.618133613 8.340450786 0.082385377 
-1.373782703 9.196420062 -0.926251242 
-1.429884033 9.199995020 -0.876415222 
-3.666670358 8.314833428 0.092447801 
-3.640568112 8.326587738 0.097194019 
-1.449451847 9.234716646 -0.447186093 
-1.417527991 9.229917858 -0.550790400 
-3.553038123 8.370690582 0.093905675 
-3.543895360 8.378254583 0.079767516 
-1.493512737 9.204497782 -0.805097171 
-1.509800614 9.184673884 -0.968546964 
-3.516099364 8.388746119 0.089714931 
-3.592751047 8.354321174 0.080733303 
-1.482071553 9.250037319 -0.561311072 
-1.601424421 9.245123235 -0.448006656 
-3.550806684 8.383820664 0.069754015 
-3.419394866 8.473663398 -0.003077237 
-1.422389799 9.212625946 -0.552605508 
-1.468669054 9.230464595 -0.562074739 
-3.453816872 8.426003829 0.063532311 
-3.349703061 8.483290375 0.076264421 
-1.664093963 9.064224263 1.563802090 
-1.630433881 9.245655375 0.755423406 
-3.886118176 8.154355345 -0.034146068 
-3.380683818 8.492127040 0.023264219 
-1.420603721 9.161540746 1.012228465 
-1.457998953 9.161405715 1.010102965 
-3.658301777 8.301258732 -0.060898893 
-3.649584542 8.305150023 -0.075763431 
-1.618691461 9.244319072 0.519469215 
-1.288876268 9.148663821 0.927115032 
-3.659282187 8.293521860 -0.111292125 
-3.661763716 8.282138414 -0.140368548 
-1.417695456 9.010539534 1.845890174 
-1.344560565 9.141460961 1.411351029 
-3.184477645 8.582269127 0.094274393 
-3.439670868 8.440817094 -0.055742926 
-1.357836539 9.204925119 0.718502156 
-1.329132741 9.188025163 0.902561558 
-3.447892406 8.409466545 -0.092051631 
-3.460984101 8.400839166 -0.101073998 
-1.711868382 9.251702457 0.109433263 
-1.635724478 9.097181599 1.526584921 
-3.043186252 8.571830409 -0.014564771 
-3.247713533 8.511894926 -0.061866900 
-1.424237104 9.231177305 0.498601146 
-1.612989472 9.255447515 0.307203105 
-3.598239699 8.308018336 -0.142341401 
-3.819140593 8.170354730 -0.119255438 
-1.263683242 9.184732567 0.844943279 
-1.259045975 9.182813226 0.778962205 
-3.683102844 8.297099134 -0.087598964 
-3.694490624 8.287763181 -0.101199028 
-1.433412194 9.213500153 -0.743297338 
-1.435229799 9.213769290 -0.741280772 
-3.598299041 8.352976437 0.070837463 
-3.639480664 8.329226947 0.095174339 
-1.489577952 9.208881067 -0.743835634 
-1.244412812 9.206054009 -0.860010318 
-3.667411742 8.317033369 0.081704718 
-3.700865663 8.301288099 0.056039212 
-1.518352236 9.245980356 -0.420434720 
-1.436684414 9.242455443 -0.374949807 
-3.491177247 8.392447963 0.083362334 
-3.469259619 8.417747358 0.071425572 
-1.475107287 9.235203979 -0.691051507 
-1.462081132 9.229780326 -0.709861401 
-3.463337752 8.398268007 0.088481058 
-3.633611044 8.337181390 0.062796889 
-1.384743855 9.218500238 -0.696064671 
-1.218581313 9.224476397 -0.713976808 
-3.658940180 8.322040196 0.075833188 
-3.625035135 8.339644328 0.066573638 
-1.462379476 9.248314337 -0.590366730 
-1.439877938 9.213357156 -0.738138972 
-3.605650379 8.348811964 0.075621754 
-3.620205850 8.342544963 0.067096530 
-1.451657715 9.205547102 -0.807655429 
-1.428142765 9.226160910 -0.592227842 
-3.688630686 8.306139962 0.076737636 
-3.616793796 8.342114981 0.080376517 
-1.471711366 9.224791742 -0.589465171 
-1.360883238 9.213512671 -0.771863707 
-3.650128348 8.328142093 0.057295397 
-3.681845936 8.311835953 0.056779156 
-1.339390737 9.238127342 0.459817083 
-1.513881567 9.226287682 0.523165278 
-3.610999440 8.347705151 -0.044197506 
-3.570837598 8.367969835 -0.047525404 
-1.396401854 9.239963090 0.386068127 
-1.429126641 9.235730785 0.430159442 
-3.594559248 8.356018846 -0.032541960 
-3.340330538 8.482774956 0.063939196 
-1.412508246 9.235612569 0.472992117 
-1.366532626 9.244936424 0.331744072 
-3.594447902 8.355901858 -0.051510229 
-3.601653750 8.351335129 -0.057089007 
-1.400379057 9.238557118 0.424206362 
-1.439672197 9.236816306 0.422944914 
-3.655212026 8.324772705 -0.046778632 
-3.658780207 8.322045472 -0.051792197 
-1.509182056 9.255495808 -0.536281309 
-1.203606613 9.174617977 1.055859536 
-3.155611565 8.580012483 -0.032120611 
-3.451427289 8.419427367 -0.043909411 
-1.409872229 9.238729243 0.651403623 
-1.576333214 9.158398500 1.335942587 
-3.317694296 8.482749765 -0.046243227 
-3.531136785 8.379831739 -0.120380200 
-1.319562669 9.128861845 1.196615542 
-1.338794310 9.148702478 1.049400098 
-3.680444373 8.295705275 -0.134477605 
-3.646496891 8.308924922 -0.133842675 
-1.192572058 9.203265009 0.513487318 
-1.291107190 9.158121461 0.956589630 
-3.696950480 8.296782688 -0.000460813 
-3.680889020 8.304680398 -0.004689094 
-1.416307514 9.233911556 -0.496062665 
-1.391617236 9.236335021 -0.503316768 
-3.533568541 8.381195282 0.044209900 
-3.381433758 8.411965072 -0.058435488 
-1.396399687 9.237555228 -0.441580032 
-1.442590559 9.240651015 -0.378271408 
-3.656418124 8.326034650 0.036826233 
-3.663522989 8.321195461 0.045172142 
-1.379959981 9.227542792 -0.602372900 
-1.390503215 9.231121875 -0.558749045 
-3.695243168 8.305181309 -0.025391778 
-3.704676312 8.300099829 0.017812237 
-1.436491497 9.227603022 -0.583019692 
-1.435027871 9.231225483 -0.542295305 
-3.677340947 8.314663749 0.020444858 
-3.640606680 8.334077109 0.028007065 
-1.439946156 9.229341632 -0.967122444 
-1.380440150 9.188672688 -1.183806526 
-3.495590403 8.417459748 0.049755170 
-3.285606596 8.498849095 0.006917157 
-1.347047807 9.201685250 -0.839909208 
-1.343978601 9.206957704 -0.756782320 
-3.634657794 8.316233183 0.097353489 
-3.627116972 8.317992923 0.106577253 
-1.366685790 9.201182470 -0.771618650 
-1.312645713 9.165970324 -0.916280063 
-3.691889543 8.287179192 0.067525039 
-3.668764518 8.301228950 0.078179672 
-1.714796312 9.185017427 -0.887758408 
-1.595883146 9.238155046 -0.230690634 
-3.141228097 8.554817252 0.003925152 
-3.546722885 8.326125047 0.058056316 
-1.431295073 9.232451016 0.463212706 
-1.473472218 9.228161553 0.493191746 
-3.261754466 8.483462622 -0.080188917 
-3.564670705 8.360889339 -0.080387562 
-1.378328136 9.242526531 0.376796576 
-1.385617626 9.242499786 0.377268964 
-3.480136280 8.390524840 -0.119810904 
-3.539254345 8.373432045 -0.101422410 
-1.315862308 9.247806527 0.296581529 
-1.358238404 9.210106547 0.874682182 
-3.382811126 8.445060165 -0.071742425 
-3.474471010 8.431266380 -0.076810960 
-1.423466350 9.252259400 0.183366122 
-1.434875698 9.226775558 0.691146484 
-3.451454786 8.422431202 -0.079183957 
-3.523525748 8.392010819 -0.076524808 
-1.556364891 9.213398131 0.687615931 
-1.592963637 9.216236999 0.612866663 
-3.448629220 8.416015984 -0.090086758 
-3.553155543 8.365655309 -0.115119706 
-1.492209919 9.232605096 0.496549044 
-1.525517157 9.219858031 0.630210791 
-3.652025542 8.322677762 -0.095133758 
-3.572206986 8.360341017 -0.102695924 
-1.533778392 9.218088556 0.618653084 
-1.541623657 9.211076623 0.694775806 
-3.560081303 8.367613895 -0.092156814 
-3.588512302 8.354642683 -0.085731268 
-1.479376607 9.238806306 0.403357845 
-1.555688799 9.236018660 0.637238548 
-3.536208400 8.379998521 -0.088953581 
-3.554856439 8.394678538 -0.067685683 
-1.486356630 9.222019267 -0.610618850 
-1.469871771 9.203109650 -0.820540103 
-3.701280629 8.299244950 0.061249571 
-3.660121096 8.318889464 0.080407615 
-1.454057747 9.196497066 -0.892498227 
-1.407578661 9.202309507 -0.866606375 
-3.717709358 8.290950868 0.054703676 
-3.705284309 8.296619246 0.059666202 
-1.414001318 9.210973154 -0.779030862 
-1.501118400 9.220341241 -0.607174088 
-3.578092292 8.357152065 0.081734939 
-3.586461469 8.352868193 0.076537805 
-1.468062877 9.208005829 -0.785670213 
-1.679212740 9.252067124 -0.370856573 
-3.599977113 8.346939662 0.099729992 
-3.450346358 8.445774125 0.052507370 
-1.610187887 9.129495346 -1.315224386 
-1.502997994 9.174952352 -1.057647644 
-3.559537537 8.362491992 0.072929176 
-3.531817179 8.379803720 0.071761732 
-1.666757074 9.240677923 -1.007775681 
-1.986510865 9.176004362 -1.199354881 
-3.458322905 8.458041571 0.004173866 
-3.046525631 8.632948569 -0.131733188 
-1.462145595 9.159011635 -1.172864054 
-1.450734955 9.174871012 -1.058216422 
-3.576270991 8.355812535 0.055282032 
-3.548750824 8.371544827 0.071326010 
-1.561588536 9.127688076 -1.335192027 
-1.554719454 9.139355406 -1.269463347 
-3.569804357 8.355556561 0.094224214 
-3.566215481 8.356862316 0.099965448 
-1.451329846 9.222903278 0.613721961 
-1.429739570 9.221830879 0.646599345 
-3.503972330 8.393395298 -0.094530964 
-3.427070002 8.428430512 -0.080251173 
-1.432784632 9.230790832 0.535268002 
-1.476118265 9.216298290 0.677573842 
-3.500642063 8.394495727 -0.091859497 
-3.537791668 8.377939589 -0.091718459 
-1.512677175 9.214365170 0.681018521 
-1.492778499 9.214304450 0.688366830 
-3.629765169 8.334735820 -0.090908963 
-3.714410846 8.287033158 -0.125517432 
-1.456374331 9.228495275 0.555600055 
-1.466345934 9.198341182 0.846712465 
-3.543582693 8.373647283 -0.098973999 
-3.530616475 8.383497944 -0.086415958 
-1.511284000 9.171480558 1.066624838 
-1.518839417 9.218167343 0.643001589 
-3.727273679 8.286104204 -0.058685016 
-3.680986253 8.308945969 -0.082450950 
-1.538268556 9.190915084 0.891094205 
-1.531786527 9.207115047 0.742513217 
-3.648987006 8.326864401 -0.051611717 
-3.634472186 8.333919208 -0.067295117 
-1.466069371 9.217312152 0.746159714 
-1.445822294 9.177281113 0.976453493 
-3.658655573 8.321906463 -0.066643565 
-3.636570744 8.328085516 0.014978728 
-1.541422230 9.184458585 0.969775650 
-1.582816953 9.179200742 0.944124409 
-3.628926090 8.336655150 -0.073492048 
-3.631415495 8.333840774 -0.081957865 
-1.492545017 9.098174151 -1.480013827 
-1.500476423 9.100432975 -1.483876856 
-3.686543090 8.305116890 0.082371154 
-3.663243825 8.317794735 0.079318526 
-1.385832276 9.155724888 -1.212630470 
-1.356497888 9.154081719 -1.231515539 
-3.632408850 8.330487730 0.065676258 
-3.537375654 8.383429940 0.035736968 
-1.469680532 9.179770013 -0.980524774 
-1.578709354 9.183527212 -0.880940202 
-3.604173245 8.298532238 0.024745111 
-3.856534937 8.166453516 0.125325142 
-1.342832658 9.145035707 -1.282049489 
-1.358444708 9.166810063 -1.139829576 
-3.698560731 8.297290819 0.077114262 
-3.660221636 8.316298044 0.085916408 
-1.509519028 9.168179970 -1.208761818 
-1.556671383 9.183786407 -0.988600678 
-3.304253961 8.473366981 0.078612155 
-3.375588431 8.445007844 0.091880440 
-1.520048145 9.044277017 -1.667088094 
-1.638103512 9.249140025 -0.296875330 
-3.415782560 8.387034708 0.243148096 
-3.360879452 8.448609126 0.078526503 
-1.418989408 9.198337710 -0.920084039 
-1.460898774 9.195380856 -0.914653224 
-3.522116954 8.383923150 0.095039264 
-3.564824585 8.364719129 0.089623541 
-1.475405319 9.168518339 -1.145050784 
-1.480515436 9.171789418 -1.108875196 
-3.481289068 8.400021804 0.105132648 
-3.518034723 8.387172587 0.092177236 
-1.984132593 9.205566070 1.159120418 
-2.027095513 9.162536669 1.238563295 
-2.921048638 8.702273708 0.168690663 
-3.068201572 8.627355967 0.107541692 
-1.410804234 9.229870790 0.589445292 
-1.488640232 9.235895732 0.572414234 
-3.632207891 8.328198390 -0.083453771 
-3.291066251 8.485749174 -0.064600093 
-1.381685680 9.211777909 0.698913342 
-1.371206187 9.220277468 0.598853972 
-3.442306228 8.401366498 -0.075194245 
-3.603083923 8.330363058 -0.082607587 
-1.332564739 9.238616269 0.383466486 
-1.344872054 9.230398569 0.508637967 
-3.554200631 8.360518664 -0.055295862 
-3.587146023 8.343884440 -0.051993409 
-1.456284514 9.194519699 0.907046146 
-1.436575168 9.209750422 0.778716507 
-3.569653983 8.359384004 -0.108319185 
-3.537176172 8.370191563 -0.119265126 
-1.452769115 9.199680787 0.873187098 
-1.394313465 9.221478321 0.672713112 
-3.558836092 8.359648824 -0.120267061 
-3.655455117 8.322888652 -0.057501239 
-1.478927604 9.222475199 0.624011800 
-1.431172367 9.206878016 0.820571591 
-3.567764761 8.353670610 -0.130744980 
-3.569271232 8.357583144 -0.112701627 
-1.461956511 9.213106863 0.734657738 
-1.598255984 9.188912421 0.890175183 
-3.571428710 8.359813561 -0.101564644 
-3.486781232 8.398610725 -0.097248470 
-1.376827588 9.237216350 -0.480448778 
-1.317529024 9.251765534 -0.221849458 
-3.642512624 8.329060148 0.078913175 
-3.650119723 8.324300348 0.087959153 
-1.465413292 9.233232064 -0.480780566 
-1.399116129 9.230940034 -0.543835905 
-3.584228634 8.358457110 0.073311183 
-3.665124860 8.317736606 0.070699038 
-1.418601438 9.243544746 -0.342425877 
-1.481183532 9.208688585 -0.796451769 
-3.590442758 8.356935807 0.069802790 
-3.689508994 8.306738672 0.060957531 
-1.451112876 9.221466466 -0.648913220 
-1.461904703 9.223907402 -0.607364599 
-3.641445053 8.330892263 0.066042758 
-3.604312697 8.349542300 0.073007689 
-1.433089133 9.229695957 -0.542043593 
-1.418197160 9.183106199 -0.905390557 
-3.605599785 8.348904515 0.065484895 
-3.608780355 8.331631824 0.073836883 
-1.483992523 9.235245068 -0.420198351 
-1.415473915 9.245033188 -0.310607230 
-3.568435273 8.367979793 0.064808422 
-3.565364910 8.368084997 0.079005201 
-1.454057935 9.211801737 -0.737010456 
-1.492347302 9.224304286 -0.570896777 
-3.562517977 8.368310985 0.082539413 
-3.597272426 8.351999167 0.077059821 
-1.414359699 9.215903616 -0.719883509 
-1.468824384 9.187123929 -0.967013483 
-3.634939061 8.335849855 0.057774707 
-3.641728927 8.332427450 0.054676484 
-1.482364542 9.228126192 0.526448830 
-1.463973807 9.233057665 0.466597467 
-3.572840834 8.366639633 -0.050671258 
-3.639781946 8.331468304 -0.066889902 
-1.475214123 9.227029041 0.537724709 
-1.394090555 9.124930230 -1.483208051 
-3.387017017 8.436728699 0.131101627 
-3.131344790 8.606496930 0.096309351 
-1.525534849 9.227733094 0.506251162 
-1.441741936 9.238586655 0.410297888 
-3.649626307 8.328109232 -0.041871394 
-3.651872086 8.326395461 -0.054120577 
-1.468231941 9.225557892 0.578798008 
-1.429775252 9.242486300 0.346478588 
-3.685786137 8.307672254 -0.058866569 
-3.643794765 8.328803043 -0.067846017 
-1.543486877 9.212924816 -0.953168674 
-1.807664690 9.261011985 0.224343893 
-3.704561764 8.278578746 -0.041877881 
-3.887144643 8.137647198 -0.080304677 
-1.409584949 9.216444541 0.627800505 
-1.421578977 9.220024977 0.573850296 
-3.588707035 8.333688353 -0.093329083 
-3.595649891 8.328755649 -0.099193319 
-1.503689606 9.231048048 0.224263121 
-1.509270129 9.228594329 0.299164232 
-3.129175074 8.524134054 0.018518004 
-3.147908737 8.540016351 0.053775638 
-1.483839662 9.172288285 0.903373694 
-1.430626589 9.231169081 0.326551945 
-3.656109839 8.329953954 -0.072443427 
-3.534429506 8.392479783 -0.059698633 
-1.709928426 9.208581271 -0.671073090 
-1.619802334 9.108458996 -1.377310632 
-3.278529059 8.495892082 0.027454100 
-3.406224527 8.426781551 0.069467742 
-1.875675724 9.199127833 -1.074970193 
-1.508897824 9.263772468 -0.233030587 
-3.642458308 8.344476745 0.047357351 
-3.639714038 8.338652978 0.042784739 
-1.420866220 9.241719703 -0.465889712 
-1.401098703 9.249106598 -0.351345988 
-3.652652485 8.327388338 0.031956000 
-3.641991559 8.333224090 0.021631175 
-1.276415955 9.219652972 -0.489000163 
-1.262360760 9.187420514 -0.735153413 
-3.953930802 8.112827579 0.003516726 
-3.939078636 8.117246089 0.112459542 
-1.492586902 9.235462462 -0.403964354 
-1.483207413 9.211864636 -0.731329986 
-3.670937589 8.305368943 0.092000398 
-3.635917677 8.336005716 0.040348543 
-1.530163323 9.236234065 -0.360445266 
-1.497273223 9.236106463 -0.381255181 
-3.629810428 8.338657032 0.049591756 
-3.246200156 8.497613423 0.046851890 
-1.543237218 9.254560672 -0.382777983 
-1.279150892 9.204966606 -0.422139356 
-3.525028526 8.388212088 0.002570328 
-3.695957087 8.273624213 -0.000415158 
-1.202800395 9.250333578 -0.417275843 
-1.305270987 9.255972965 -0.470354702 
-3.040472757 8.654096993 -0.222996474 
-3.274573933 8.512626446 -0.123865929 
-1.375601684 9.249034561 0.211910361 
-1.382140396 9.250278313 0.190062962 
-3.619230428 8.342792662 -0.069252083 
-3.604313440 8.348782473 -0.081449000 
-1.357497369 9.250752745 0.186416772 
-1.329729176 9.156711819 0.938981033 
-3.309326764 8.457601043 0.016350787 
-3.068548543 8.616781609 0.206646992 
-1.433227082 9.244902482 0.327961125 
-1.482439816 9.245091936 0.399486407 
-3.539384401 8.381275178 -0.080934624 
-3.647694138 8.330468200 -0.091415426 
-1.414814212 9.243630279 0.322611743 
-1.433264982 9.245132922 0.274781744 
-3.590687422 8.357982799 -0.052639632 
-3.611854185 8.347299047 -0.060355203 
-1.438839782 9.242258663 0.337461640 
-1.437583342 9.241260205 0.360448030 
-3.605116632 8.344705480 -0.101242244 
-3.605762904 8.345627295 -0.095172065 
-1.448743267 9.243694294 0.298128269 
-1.409609115 9.245782850 0.290205457 
-3.666308932 8.317121652 -0.080052531 
-3.672102855 8.315427070 -0.066886809 
-1.453277254 9.240156274 0.366801567 
-1.430747627 9.242983898 0.340053068 
-3.558620404 8.373890322 -0.048535657 
-3.660151037 8.322527287 -0.067940961 
-1.472206448 9.236769881 0.415237150 
-1.475799156 9.216246961 0.683637524 
-3.717538278 8.291642422 -0.069695573 
-3.701988357 8.299902283 -0.053333935 
-1.432460983 9.208876304 -0.791808537 
-1.427215438 9.187602847 -0.982284896 
-3.732342378 8.285092505 0.055197111 
-3.706057657 8.299886524 0.037829726 
-1.504433573 9.219921456 -0.621089679 
-1.409318193 9.243162877 -0.352615728 
-3.721781587 8.290245502 0.061443081 
-3.690394913 8.307373232 0.044234101 
-1.479440619 9.233189600 -0.502329158 
-1.449890992 9.222855331 -0.630226641 
-3.648752658 8.328713410 0.066654786 
-3.655811473 8.325757082 0.037223931 
-1.471859111 9.226667893 -0.554970334 
-1.396646359 9.209259786 -0.806029833 
-3.686280149 8.308777935 0.054423460 
-3.730776988 8.285483077 0.060604307 
-1.405512108 9.219638388 -0.556521651 
-1.454955476 9.230708549 -0.415795901 
-3.493166119 8.383634105 0.107829163 
-3.480699805 8.386088542 0.112114203 
-1.700873954 9.257090473 -0.359241809 
-1.593603905 9.254254016 -0.224605652 
-2.871776694 8.668102736 -0.184029765 
-3.153807272 8.571634906 -0.021979464 
-1.400110225 9.216298783 -0.683521531 
-1.401464797 9.230156668 -0.493060607 
-3.578303662 8.340807850 0.096240682 
-3.584685425 8.338526100 0.097581575 
-1.475062074 9.201710239 -0.763015169 
-1.421840104 9.156842927 -1.151859101 
-3.535360288 8.375501101 0.066964367 
-3.590337594 8.345772860 0.083240553 
-1.480477365 9.173882893 1.111306848 
-1.699010956 9.248469608 0.348686759 
-3.160123998 8.538080830 -0.092676523 
-3.029813706 8.618922724 0.086996539 
-1.420607713 9.182635871 1.121205114 
-1.463678843 9.186637030 0.978524381 
-3.292243173 8.479067646 -0.071053494 
-3.337540896 8.459536283 -0.080627793 
-1.442860343 9.186286981 0.979520100 
-1.419828542 9.217294063 0.728834396 
-3.395835966 8.438507611 -0.085842792 
-3.377127848 8.440846117 -0.096219169 
-1.404724826 9.227711891 0.577131362 
-1.426825618 9.218802990 0.677971981 
-3.327751220 8.462577985 -0.079959287 
-3.525133751 8.382283081 -0.091794096 
-1.426491287 9.229331185 0.545318649 
-1.392125342 9.225531267 0.616391879 
-3.514866249 8.385769721 -0.098545951 
-3.600500642 8.332013733 -0.082325987 
-1.411019110 9.231358569 0.519023958 
-1.454237101 9.217491560 0.634463481 
-3.539051872 8.374904171 -0.105365310 
-3.592684195 8.352727918 -0.087829373 
-1.430893166 9.238278458 0.432642266 
-1.502484747 9.217923284 0.665477647 
-3.651150597 8.323947416 -0.087848906 
-3.680407050 8.309952935 -0.080103593 
-1.414573763 9.230802056 0.560462755 
-1.465451236 9.224017590 0.607485531 
-3.635626847 8.331260433 -0.092152499 
-3.667619119 8.315783744 -0.083786465 
-1.406073678 9.227042028 -0.587776692 
-1.457596764 9.236934103 -0.413835777 
-3.497382684 8.395071547 0.091387527 
-3.591301237 8.354194682 0.076523304 
-1.373396264 9.218472976 -0.720511270 
-1.341409226 9.192746028 -0.963453968 
-3.626453919 8.334845779 0.096560215 
-3.637340976 8.329889564 0.090079343 
-1.530352370 9.199918977 -0.830837144 
-1.499153203 9.172908545 -1.070667656 
-3.642281277 8.329868889 0.073323679 
-3.655658875 8.323110344 0.068013460 
-1.448934870 9.198236579 -0.876007981 
-1.455495213 9.199908752 -0.863639990 
-3.682649374 8.308407643 0.077823612 
-3.612028299 8.344452693 0.075745472 
-1.443471278 9.237501809 -0.416597240 
-1.447771096 9.238518990 -0.406689118 
-3.623328375 8.341613756 0.059325035 
-3.637579982 8.333737146 0.064569905 
-1.437021670 9.235987650 -0.452210842 
-1.412820033 9.230281581 -0.548591570 
-3.629490540 8.339328766 0.046785883 
-3.657009383 8.323493906 0.055687971 
-1.452318288 9.241680103 -0.342147786 
-1.410678191 9.243899535 -0.349651841 
-3.615977744 8.343583570 0.075897465 
-3.636426066 8.334628636 0.058223083 
-1.434009888 9.242178523 -0.342808159 
-1.442358583 9.239549773 -0.385947970 
-3.609104508 8.347062136 0.074809983 
-3.624137493 8.339429595 0.075733409 
-1.402568291 9.189708217 0.911742937 
-1.428324941 9.165086157 1.083670501 
-3.564665096 8.365990809 -0.024809605 
-3.642313307 8.318878148 -0.058115063 
-1.434652380 9.257167823 0.105953912 
-1.515574993 9.237238569 0.450198020 
-3.663384353 8.302494232 -0.063721901 
-3.691790313 8.265686934 -0.069550718 
-1.692025418 9.248853846 0.119110876 
-1.578377120 9.243618811 0.242508918 
-3.591547081 8.361521596 -0.036420761 
-3.653590474 8.313230839 -0.065634881 
-1.494478182 9.173757133 1.236485019 
-1.346323800 9.149090637 1.419684648 
-3.150865570 8.634705488 0.040795547 
-3.472205905 8.446385279 -0.071467353 
-1.348517475 9.230365851 0.338979231 
-1.313222432 9.231888311 0.356232898 
-3.695323755 8.263406904 -0.097558732 
-3.696348858 8.263405889 -0.081829486 
-1.792828426 9.271150091 0.048542789 
-1.076944352 9.177388738 -0.602560917 
-3.322852941 8.422767301 -0.191705829 
-3.534035534 8.332214584 -0.100921759 
-1.419290066 9.211575944 0.798065168 
-1.352016813 9.214875626 0.244023182 
-3.884211262 8.121184482 -0.070632061 
-3.617817102 8.338560914 -0.085515431 
-1.333123073 9.226780925 0.380935682 
-1.409678450 9.222370463 0.368250243 
-3.634413443 8.284622761 -0.103755086 
-3.729772296 8.247744167 -0.107839975 
-1.448280731 9.233155218 -0.496615490 
-1.454717762 9.230025131 -0.529317310 
-3.649235374 8.325862534 0.046926766 
-3.675507742 8.315203421 0.041548294 
-1.359604819 9.104428096 -1.510391358 
-1.492678416 9.063583381 -1.584877327 
-3.031252640 8.600524793 -0.075060514 
-3.093343850 8.528483519 -0.022488022 
-1.454167129 9.242272455 -0.303766904 
-1.427889799 9.221486059 -0.633278244 
-3.661099201 8.320823276 0.073261641 
-3.653818487 8.323987622 0.071585391 
-1.405780331 9.201677679 -0.655774214 
-1.422797085 9.170708848 -0.940407957 
-3.652976856 8.322304365 0.098589515 
-3.648450918 8.327068083 0.078121929 
-1.512865527 9.191282240 -0.904607914 
-1.471676041 9.178750003 -1.020962100 
-3.621838797 8.340487924 0.076404272 
-3.629657785 8.335829227 0.083317849 
-1.487780413 9.186949706 -0.957199286 
-1.483452346 9.191094656 -0.920801256 
-3.598338138 8.351172886 0.086596421 
-3.538328909 8.378707102 0.086349863 
-1.483501961 9.187969760 -0.953320027 
-1.433326739 9.199183886 -0.893118274 
-3.632855998 8.334743897 0.075319602 
-3.616609098 8.342382768 0.083498330 
-1.500778991 9.173248318 -1.050218392 
-1.487199109 9.175422573 -1.040534277 
-3.623720850 8.337991395 0.089383310 
-3.607298535 8.347602088 0.082515899 
-1.490746609 9.210885626 0.726251328 
-1.516888491 9.205451656 0.770555651 
-3.599787830 8.351026858 -0.070880288 
-3.617672863 8.342611773 -0.062528640 
-1.537769205 9.191763904 0.879639451 
-1.524906411 9.196668346 0.848448040 
-3.548158515 8.376808714 -0.070589929 
-3.559607449 8.371137161 -0.066676628 
-1.409391358 9.222809916 0.641289127 
-1.411195230 9.230319760 0.546023598 
-3.628851227 8.338710184 -0.047055231 
-3.599483006 8.351972580 -0.059078548 
-1.429270246 9.212458317 0.762919328 
-1.474937750 9.214998081 0.700838048 
-3.576140160 8.361298570 -0.079464891 
-3.579168681 8.359204625 -0.087172211 
-1.425339370 9.183168554 0.991548909 
-1.410973404 9.176462369 1.044873195 
-3.458158175 8.409240468 -0.094900298 
-3.524137677 8.382535844 -0.088071418 
-1.400982043 9.192835837 0.907678987 
-1.352675291 9.103517233 1.543504340 
-3.338776017 8.545989884 0.002326633 
-3.452591782 8.484142084 -0.026043462 
-1.451521459 9.213956408 0.720525544 
-1.479402501 9.221341778 0.616818941 
-3.502747710 8.390918866 -0.094584594 
-3.449702900 8.413732615 -0.092539993 
-1.433927933 9.202281736 0.843352017 
-1.475212740 9.192882672 0.900748118 
-3.512482265 8.386399778 -0.096863777 
-3.531764601 8.378064580 -0.094493794 
-1.399110589 9.227201209 -0.591202920 
-1.346120695 9.193833150 -0.769002870 
-3.669177354 8.316958813 0.055354963 
-3.660645698 8.294665386 0.097000877 
-1.391664275 9.226256956 -0.619909060 
-1.411806461 9.230168971 -0.561769273 
-3.678230150 8.311850961 0.061858694 
-3.635238092 8.332838238 0.081102099 
-1.434331471 9.220991930 -0.650987881 
-1.448628952 9.214776821 -0.729525144 
-3.652031460 8.326541076 0.053242696 
-3.645592330 8.329505388 0.064454340 
-1.432274751 9.206779240 -0.800194941 
-1.430065797 9.214579061 -0.715780901 
-3.646778803 8.329327940 0.052917918 
-3.655651771 8.324980514 0.049654140 
-1.454113685 9.219185802 -0.657900766 
-1.497100104 9.182641736 -0.998715154 
-3.604404339 8.349183033 0.077032332 
-3.576731618 8.363135268 0.074134855 
-1.484980427 9.220138926 -0.641142319 
-1.473738354 9.217243814 -0.686215261 
-3.607862061 8.348482966 0.073604714 
-3.620267972 8.342277671 0.073759844 
-1.421698774 9.221645649 -0.680098104 
-1.421002410 9.219040523 -0.714143588 
-3.582827433 8.358422862 0.086737540 
-3.545674904 8.377163042 0.080745339 
-1.448373683 9.209409299 -0.784854523 
-1.427024596 9.187797309 -0.985652386 
-3.541067887 8.360774857 0.135510011 
-3.351535295 8.481969974 0.032069103 
-1.362099953 9.248181993 0.279635278 
-1.441988590 9.242749527 0.294263739 
-3.640533932 8.331729382 -0.078086082 
-3.647140752 8.327301755 -0.078494976 
-1.401815693 9.242000022 0.364866392 
-1.401957172 9.237967742 0.442159794 
-3.602852642 8.349042592 -0.082223100 
-3.631725592 8.335575716 -0.070977962 
-1.392457117 9.246009297 0.279686845 
-1.404132327 9.240182907 0.254748533 
-3.607741852 8.346831136 -0.075460657 
-3.291850881 8.475600097 -0.055999685 
-1.419866351 9.237433982 0.416466872 
-1.419339804 9.240422272 0.379497864 
-3.591777107 8.358057176 -0.051554216 
-3.597522437 8.354126772 -0.069883609 
-1.479082694 9.219488350 0.637334856 
-1.482156207 9.196380611 0.886056403 
-3.629837907 8.335182043 -0.082050845 
-3.599270832 8.350657131 -0.080692272 
-1.450731505 9.214278483 0.714985812 
-1.459809098 9.218075151 0.672370856 
-3.577000703 8.360745877 -0.086904049 
-3.560060179 8.369643101 -0.083498315 
-1.550317674 9.205548038 0.756306811 
-1.518380064 9.213375136 0.692355256 
-3.636099623 8.329442370 -0.106503046 
-3.579433187 8.357139629 -0.100670262 
-1.492577257 9.224559201 0.575916679 
-1.458416668 9.217841209 0.681469852 
-3.547561321 8.370308684 -0.107225486 
-3.593656490 8.348890807 -0.106983983 
-1.443130271 9.192606224 -0.922257463 
-1.449560385 9.166718284 -1.121540883 
-3.730212426 8.287187650 0.033511255 
-3.706956076 8.298502394 0.029886768 
-1.447342975 9.198196804 -0.852777647 
-1.408535009 9.207466167 -0.818285197 
-3.707109381 8.299043782 0.043521722 
-3.655741513 8.324824376 0.056827440 
-1.448459330 9.221164029 -0.645343836 
-1.465569822 9.229149306 -0.533206836 
-3.714666125 8.293264602 0.071977213 
-3.681931656 8.310166643 0.075753410 
-1.495129067 9.217362773 -0.662069247 
-1.473333680 9.209877479 -0.753756829 
-3.708240500 8.297990747 0.050646899 
-3.695388697 8.303986267 0.056242502 
-1.360101703 9.211371144 -0.800705847 
-1.388667650 9.227912703 -0.588018846 
-3.640583384 8.333619744 0.041924134 
-3.635674546 8.335549441 0.055804733 
-1.397346574 9.204736548 -0.843072076 
-1.408294152 9.208848186 -0.796142769 
-3.703069535 8.301419918 0.040790887 
-3.651600100 8.326572509 0.067369629 
-1.424087286 9.211502153 -0.759566426 
-1.448053435 9.213444784 -0.725332878 
-3.608845671 8.348828082 0.055146936 
-3.633055143 8.336525666 0.056274799 
-1.381875892 9.207302573 -0.829972193 
-1.399088930 9.222342914 -0.659875982 
-3.654162383 8.325535295 0.054269009 
-3.655555162 8.324512894 0.082148852 
-1.347634811 9.235538816 0.520561949 
-1.461963137 9.229624046 0.519797532 
-3.628668296 8.338441337 -0.055347335 
-3.643442673 8.331858715 -0.053907183 
-1.433040274 9.240125752 0.390519173 
-1.426542696 9.241013398 0.379191737 
-3.631690921 8.337746658 -0.052708877 
-3.607232376 8.349402347 -0.062121872 
-1.406816455 9.227787539 0.604795273 
-1.475054194 9.230056347 0.495496135 
-3.621202024 8.343317127 -0.044996346 
-3.629294921 8.338565626 -0.060021262 
-1.487850822 9.230136646 0.501783799 
-1.460083799 9.231458225 0.483109961 
-3.638564576 8.333468300 -0.036541360 
-3.622059831 8.342716573 -0.047078120 
-1.494221490 9.219024774 0.636307512 
-1.472597997 9.224442262 0.586430596 
-3.589690418 8.354421492 -0.084637219 
-3.572610845 8.362372798 -0.090035996 
-1.463572418 9.226724291 0.567360824 
-1.487683112 9.224323836 0.580040986 
-3.476723220 8.409879073 -0.073609197 
-3.581336027 8.359338985 -0.084664110 
-1.475615337 9.219630193 0.647976024 
-1.488433189 9.214057412 0.700665869 
-3.534412431 8.382575630 -0.077448076 
-3.607331173 8.348604276 -0.070296050 
-1.499233854 9.205756098 0.788338162 
-1.609229417 9.217296274 0.714858613 
-3.595613468 8.354544345 -0.066281860 
-3.455350377 8.422003355 -0.057591299 
-1.442854035 9.198851700 -0.871593309 
-1.450661617 9.205615854 -0.806771619 
-3.651455638 8.326348244 0.043922234 
-3.647233892 8.327622368 0.053571474 
-1.434305960 9.210334942 -0.763672019 
-1.422999757 9.207945514 -0.803299130 
-3.659210043 8.322410583 0.041672695 
-3.670835646 8.315769977 0.049520159 
-1.394026358 9.218780554 -0.684412989 
-1.426871689 9.212702585 -0.739496204 
-3.860160765 8.175867294 0.113988724 
-3.784039174 8.224434102 0.117062633 
-1.323401074 9.142116415 -1.155556774 
-1.378846306 9.242055706 -0.513309345 
-3.506031742 8.426769498 0.025882359 
-3.728285046 8.245633258 0.084744246 
-1.447474046 9.224584379 -0.588495817 
-1.452957456 9.225774160 -0.581403293 
-3.407616076 8.437079743 0.076400539 
-3.446784953 8.423095106 0.072327944 
-1.508636537 9.219968187 -0.601680136 
-1.418886067 9.212385330 -0.753842020 
-3.473643886 8.406328823 0.088743492 
-3.497936822 8.396291127 0.090128801 
-1.505635509 9.198614946 -0.823518413 
-1.497561472 9.184775482 -0.957454522 
-3.618109136 8.341671974 0.079113310 
-3.596053134 8.354599241 0.063482086 
-1.431036210 9.211168117 -0.737685073 
-1.417391057 9.216148720 -0.718715517 
-3.603642812 8.348826060 0.077282038 
-3.613777248 8.344478895 0.076925045 
-1.724208923 9.239024580 0.983477617 
-2.022664015 9.165444429 1.217636694 
-3.439691084 8.467521547 0.000877531 
-3.506322997 8.429200149 -0.005450946 
-1.456214906 9.207496449 0.767074267 
-1.408429586 9.231486238 0.516599247 
-3.310851200 8.480226775 -0.048408475 
-3.396962230 8.438920575 -0.072306436 
-1.420196053 9.154887712 1.207274657 
-1.540215419 9.180031960 1.002412623 
-3.466930873 8.406884092 -0.084967546 
-3.410477945 8.427864880 -0.085553074 
-1.416750010 9.218075339 0.685726194 
-1.418145100 9.223512458 0.636568055 
-3.546528017 8.371281534 -0.083041988 
-3.537357661 8.373583931 -0.086660329 
-1.352349363 9.230625745 0.559681702 
-1.344409050 9.211788584 0.777727510 
-3.635131300 8.330521700 -0.073108084 
-3.514004473 8.394894609 -0.043104401 
-1.451343924 9.223263953 0.618782304 
-1.483593286 9.223228484 0.597776551 
-3.597761357 8.342518658 -0.126644282 
-3.604481719 8.337970380 -0.117695146 
-1.366403794 9.194063594 0.938410151 
-1.326405542 9.194010630 0.959257369 
-3.656462991 8.316237113 -0.112872010 
-3.672655216 8.308566594 -0.104060504 
-1.480743570 9.184310598 0.918764248 
-1.565882631 9.166113533 1.049137500 
-3.606884342 8.298562669 -0.047159346 
-3.250034577 8.491644240 0.001120683 
-1.507429137 9.207911976 -0.724790957 
-1.496767277 9.215708684 -0.652436467 
-3.596191041 8.351615092 0.077197079 
-3.552832147 8.370582504 0.092273228 
-1.515706410 9.185592513 -0.940473625 
-1.455516527 9.218912035 -0.639329302 
-3.668691772 8.316651575 0.073976125 
-3.649663352 8.324950987 0.079535611 
-1.446185971 9.159705484 -1.146432357 
-1.516944337 9.180564123 -0.979405976 
-3.671996617 8.315497511 0.061433828 
-3.652035803 8.325859357 0.069725803 
-1.473407761 9.207084465 -0.830392969 
-1.429653524 9.154626422 -1.166247775 
-3.648238396 8.329754367 0.043969018 
-3.363980048 8.487818844 -0.003589511 
-1.373371897 9.240283337 -0.436077299 
-1.393423761 9.242808928 -0.379876571 
-3.603232747 8.331351721 0.108821855 
-3.606507857 8.342067455 0.095012786 
-1.428051931 9.232021642 -0.482119762 
-1.408329223 9.229688052 -0.527916447 
-3.543180165 8.371364808 0.081046001 
-3.552748820 8.364069205 0.093981781 
-1.413737618 9.251676213 -0.246951919 
-1.377099768 9.233007282 -0.659941961 
-3.445294415 8.423972976 0.076161102 
-3.432030377 8.440180666 0.020703562 
-1.241447141 9.232789537 -0.792180327 
-1.379193600 9.186968587 -1.059668966 
-3.342035079 8.463599402 0.055825779 
-3.555237543 8.359611379 0.015866444 
-1.381014683 9.198275713 0.809690078 
-1.358207852 9.218022155 0.594418367 
-3.391455365 8.423790898 -0.081220891 
-3.616680786 8.326060677 -0.092972012 
-1.423938009 9.231420209 0.951109747 
-1.399029249 9.188328482 1.146637830 
-3.495403808 8.417346707 -0.050141232 
-3.345641638 8.474129849 -0.020915509 
-1.694086511 9.235416697 0.328326794 
-1.449779239 9.020181192 1.806008544 
-3.100884565 8.565318506 -0.028134216 
-3.402810637 8.376246689 -0.094535487 
-1.333615087 9.170354849 1.050032468 
-1.327479668 9.188394413 0.670845074 
-3.538480369 8.357224659 -0.110451661 
-3.643083034 8.311916886 -0.101660828 
-1.462567475 9.236834502 0.432503869 
-1.482554921 9.230577809 0.508142630 
-3.684713103 8.301732874 -0.116309517 
-3.653651199 8.318076659 -0.107746541 
-1.465240584 9.244525133 0.283272189 
-1.453175976 9.236491884 0.434653693 
-3.574166065 8.350000316 -0.132709947 
-3.543373837 8.368958947 -0.112544932 
-1.487494802 9.229108877 0.520910425 
-1.645351072 9.266306879 0.125599397 
-3.594237912 8.350076539 -0.100292057 
-3.431046211 8.454211072 -0.052543914 
-1.454193673 9.221075314 0.642748627 
-1.442605155 9.219650831 0.672078934 
-3.541984311 8.370277881 -0.100415586 
-3.589228955 8.349253128 -0.093658247 
-1.468037293 9.221550886 -0.632780923 
-1.522667689 9.200296975 -0.831340426 
-3.547438355 8.376603911 0.077219809 
-3.627307494 8.337016717 0.082895716 
-1.462872242 9.224212969 -0.602986020 
-1.528605143 9.201862712 -0.804152803 
-3.592559948 8.354356262 0.079586737 
-3.576543465 8.360176633 0.088866156 
-1.526100035 9.216278524 -0.692004009 
-1.555909377 9.213026638 -0.871399527 
-3.544565485 8.379344773 0.069031149 
-3.503442153 8.404345487 0.025753593 
-1.528227123 9.216782637 -0.642930728 
-1.499799507 9.215523999 -0.668414332 
-3.558870674 8.367690047 0.095933749 
-3.602866269 8.346318667 0.087254270 
-1.446565227 9.225676117 -0.584092235 
-1.452901764 9.231753107 -0.466787552 
-3.622876029 8.339524964 0.020603507 
-3.394475721 8.455227845 -0.060564158 
-1.481032851 9.230680568 -0.495129904 
-1.468259608 9.225861418 -0.567291267 
-3.619052402 8.343715503 0.021596947 
-3.619886276 8.342467743 0.038909309 
-1.393884967 9.231350311 -0.305891927 
-1.460359566 9.233644086 -0.466340910 
-3.657738837 8.323446240 0.028558699 
-3.696815788 8.302306822 0.045001487 
-1.463874396 9.219370621 -0.656498053 
-1.445137981 9.228954818 -0.544865995 
-3.638713420 8.333278821 0.031486719 
-3.647244557 8.329069686 0.034168687 
-1.438676404 9.223294429 0.641843003 
-1.465261159 9.224062293 0.599686319 
-3.663220122 8.317564914 -0.097583380 
-3.643954744 8.329916185 -0.075345971 
-1.430968449 9.218488104 0.676927833 
-1.257451300 9.223371950 0.698703192 
-3.638801286 8.332096286 -0.073770951 
-3.765952742 8.264687694 -0.083632130 
-1.448003386 9.233217634 0.487527425 
-1.446283148 9.228826379 0.552996148 
-3.708862737 8.295169005 -0.092522889 
-3.632177017 8.334668499 -0.083842459 
-1.442936637 9.217905610 0.682379816 
-1.447999461 9.219696090 0.658221198 
-3.776904149 8.256655487 -0.113825612 
-3.617703325 8.340103658 -0.094341084 
-1.399889615 9.232076646 0.538153482 
-1.460332486 9.228668710 0.547970216 
-3.718592294 8.293110347 0.001620998 
-3.694780828 8.305582525 -0.014761414 
-1.434595416 9.163737660 0.900636760 
-1.404313353 9.203986971 -0.475907762 
-3.675542634 8.315868332 -0.015896048 
-3.650067819 8.329722459 -0.020512355 
-1.455495928 9.231902237 0.506655083 
-1.376575539 9.246213306 0.323991922 
-3.678770768 8.313109733 -0.030090298 
-3.635419676 8.335194178 -0.050692403 
-1.415101624 9.239134549 0.419039072 
-1.383262920 9.232859608 0.518182840 
-3.704915548 8.299862426 -0.043147719 
-3.687972513 8.308341293 -0.037866796 
-1.775069592 9.042834338 -1.784163436 
-1.587569459 9.121724482 -1.552900709 
-3.311104142 8.483076170 0.059254561 
-3.575697796 8.358629973 0.127689569 
-1.464862459 9.260704218 0.513329808 
-1.160602915 9.128326075 -1.362664811 
-3.033773355 8.532948947 0.290271822 
-3.586807954 8.342941063 0.135568796 
-1.294016892 9.167994758 -0.875558998 
-1.272335480 9.150383849 -1.018660859 
-3.675990945 8.304069585 -0.022789175 
-3.698529091 8.292975584 -0.017852950 
-1.297115582 9.112686958 -1.327039348 
-1.268785838 9.108228367 -1.355585553 
-3.699013587 8.285358044 0.112093521 
-3.741048393 8.264755635 0.116439310 
-1.456823023 9.180666279 -0.847245469 
-1.404375043 9.167421823 -0.980840385 
-3.567275233 8.345438751 0.085863852 
-3.641611264 8.308533278 0.084193039 
-1.706986409 9.259863567 -0.553670156 
-1.635833100 9.238199667 -0.690367955 
-3.851312395 8.170922694 0.022268967 
-3.649999041 8.319103488 0.056651500 
-1.579209623 9.113828042 -1.530485810 
-1.400351977 9.120803050 -1.521984423 
-3.209391570 8.568279078 -0.086264987 
-3.450021811 8.441309487 0.048612664 
-1.656303728 9.238945959 -0.570253931 
-1.312696404 9.146223291 -0.940553736 
-3.678861126 8.283689312 0.117970103 
-3.726454431 8.251213201 0.125594648 
-1.522503260 9.197731825 0.860419189 
-1.526445936 9.180820777 1.003330713 
-3.598703660 8.351412649 -0.082161717 
-3.618260326 8.342393421 -0.080379397 
-1.407262965 9.239752447 0.419151275 
-1.414072012 9.235520338 0.463491556 
-3.605467569 8.344736001 -0.099224924 
-3.564618021 8.367245989 -0.081356401 
-1.595012642 9.247913998 0.531860702 
-1.502336427 9.222929763 0.624441749 
-3.505256467 8.405666522 -0.054981918 
-3.412191819 8.457625500 -0.086618844 
-1.559908738 9.241563985 0.512669840 
-1.596148275 9.247501118 0.414116700 
-3.549439333 8.388894300 -0.048892355 
-3.463853000 8.456145133 0.010347495 
-1.268449657 9.223723676 0.685105004 
-1.470515800 9.203460475 0.799495088 
-3.660719026 8.321373112 -0.071019638 
-3.752651654 8.272578549 -0.076864329 
-1.447968298 9.212642005 0.743350025 
-1.493722036 9.199000567 0.854199860 
-3.630558572 8.334851046 -0.087434596 
-3.645128815 8.328734385 -0.076029390 
-1.435165319 9.239003656 0.481051836 
-1.566056806 9.218016268 0.786119026 
-3.516638739 8.379111924 -0.081144000 
-3.640027839 8.332881733 -0.075314641 
-1.510998187 9.248656509 0.388233196 
-1.495896145 9.239662326 0.361999417 
-3.433562683 8.418515989 -0.080715682 
-3.437786230 8.431883904 -0.070565169 
-1.514333827 9.262887049 0.157840267 
-1.628170353 9.092147011 -1.572502063 
-3.030018719 8.578350315 0.010272991 
-3.158240681 8.541731246 0.029170239 
-1.344529862 9.192458291 -0.879026607 
-1.366768455 9.169359292 -1.046942853 
-3.618065534 8.334588589 0.073996305 
-3.636190451 8.321984239 0.090366297 
-1.301521081 9.192386166 -0.786002078 
-1.268580687 9.173878893 -0.841239908 
-3.633852417 8.318658780 0.111962318 
-3.726911201 8.271750519 0.077421394 
-1.439748490 9.213263200 -0.708021646 
-1.596720606 9.253373589 -0.369885369 
-3.662299551 8.284447383 0.091669397 
-3.866087529 8.146011158 0.086404391 
-1.494560938 9.214672283 -0.689754081 
-1.450601443 9.212243154 -0.719041735 
-3.597615342 8.353273216 0.073926728 
-3.644465425 8.331078550 0.052373496 
-1.644905122 9.182928329 -1.077174026 
-1.512575846 9.214363636 -0.725296249 
-3.592435911 8.368603107 0.036707854 
-3.433546744 8.425455848 0.036989434 
-1.444455061 9.220079628 -0.660068234 
-1.369289721 9.217816592 -0.720483638 
-3.558234224 8.372239379 0.074116970 
-3.636895667 8.333031550 0.069512610 
-1.431380439 9.234025099 -0.496625967 
-1.420598470 9.232840361 -0.512155126 
-3.581393877 8.360231964 0.080497128 
-3.591007064 8.354421216 0.086110699 
-1.501164526 9.220747030 0.627233757 
-1.476565856 9.232829785 0.489807304 
-3.603957469 8.351998872 -0.052173724 
-3.615439285 8.345704158 -0.058586308 
-1.423683257 9.228089758 0.557179844 
-1.457993244 9.233938671 0.471463951 
-3.675237576 8.315311460 -0.047453254 
-3.600910660 8.351526336 -0.072368838 
-1.475816224 9.270114113 0.277973649 
-1.630900285 9.250197359 0.265146473 
-3.113436187 8.584272389 0.103812215 
-3.445744794 8.437376045 0.010426550 
-1.416368744 9.246195500 0.249259251 
-1.613812934 9.233540561 0.274657302 
-3.527415876 8.392194230 -0.019140726 
-3.562550625 8.375183003 -0.020114556 
-1.400256690 9.239888046 0.169272003 
-1.401231824 9.264623275 0.095992161 
-3.727984125 8.316817149 0.088076725 
-3.619172483 8.336751191 0.000332296 
-1.625209350 9.082279860 1.481560991 
-1.504255500 9.224101061 0.570217186 
-3.692602256 8.284725064 -0.113741311 
-3.650810090 8.303713371 -0.158010335 
-1.184035397 9.091635742 1.332244653 
-1.279388042 9.096123697 1.283766004 
-3.771515996 8.251527319 -0.115410990 
-3.688936664 8.301270480 -0.078600527 
-1.680151528 9.227366226 0.517476133 
-1.675262192 9.223266621 0.744926561 
-3.543213810 8.396495609 -0.008978581 
-3.333464984 8.508007837 -0.050768648 
-1.520734740 9.200112525 -0.662586182 
-1.518248741 9.183812335 -0.826063353 
-3.496211908 8.377641173 0.076037196 
-3.636556949 8.297572858 0.130766638 
-1.681560972 9.010465395 -1.723692718 
-1.645601406 9.197403154 -0.659201498 
-3.055641346 8.602554287 -0.102613554 
-3.653635654 8.334509389 0.092464144 
-1.346405840 9.187286440 -0.916212478 
-1.471669756 9.209481633 -0.737378372 
-3.672970172 8.305328701 0.109869658 
-3.629831513 8.334089904 0.097741180 
-1.451832497 9.244868259 -0.449234188 
-1.622333544 9.230566940 -0.506029577 
-3.611890595 8.341643165 0.055277692 
-3.663926228 8.302964424 0.028199267 
-1.562280902 9.146982823 -1.162192621 
-1.334239010 9.211409259 -0.680755281 
-3.565547303 8.367163052 0.026239991 
-3.635928291 8.318207358 0.065511603 
-1.405311554 9.241280257 -0.402328549 
-1.435392191 9.245906410 -0.281741034 
-3.661103905 8.323226707 0.006056804 
-3.653935457 8.327526746 0.035140417 
-1.426490102 9.233957971 -0.498046823 
-1.479133900 9.237437410 -0.384238550 
-3.653554755 8.327261933 0.004186218 
-3.643223827 8.333082281 0.021432598 
-1.501395377 9.225690440 -0.556379230 
-1.487075294 9.230078304 -0.504563348 
-3.626288616 8.341313089 0.032065896 
-3.599875531 8.355011747 0.028381893 
-1.467423910 9.221354580 0.619248611 
-1.452942823 9.229411287 0.536244235 
-3.615586413 8.344258007 -0.066429871 
-3.585253937 8.357376877 -0.083085261 
-1.398222735 9.233654372 0.514131258 
-1.407607305 9.233379374 0.562288354 
-3.681679167 8.311307381 -0.032662247 
-3.613371026 8.345035325 -0.064083990 
-1.457958720 9.229802643 0.524294673 
-1.465388920 9.232864013 0.474374190 
-3.600445682 8.351388281 -0.063515052 
-3.588158718 8.353701121 -0.098150199 
-1.477829013 9.219120914 0.653306653 
-1.485533319 9.231080003 0.485794123 
-3.638221724 8.329907329 -0.086398062 
-3.593728119 8.353769831 -0.074255095 
-1.472458995 9.201206707 0.762184776 
-1.514932056 9.176167742 1.016720913 
-3.633007034 8.321993194 -0.132792882 
-3.602698468 8.336025143 -0.121728408 
-1.524823394 9.173618858 0.881558725 
-1.516339277 9.137173675 1.215587802 
-3.791220836 8.203520358 0.185155876 
-3.708330107 8.238154047 -0.039459708 
-1.454508073 9.181145257 0.949451140 
-1.422957229 9.207481105 0.721673947 
-3.622460382 8.325296931 -0.066371064 
-3.591729863 8.341280342 -0.074298386 
-1.410103970 9.196839089 0.810207387 
-1.492065223 9.199730800 0.731426409 
-3.624637706 8.320533695 -0.064193408 
-3.632239614 8.314353079 -0.093002127 
-1.548641576 9.242980547 0.094925093 
-1.443797800 9.222731191 0.512407487 
-3.079248958 8.572689405 0.046788823 
-3.751083486 8.260197799 0.070516974 
-1.218741175 9.252499406 -0.466376227 
-1.317457598 9.246212571 -0.474776826 
-3.325394952 8.486848053 0.000030796 
-3.518885535 8.376640375 0.016055445 
-1.436397936 9.238946505 -0.500376093 
-1.481667892 9.233329846 -0.535692081 
-3.589640359 8.339772279 0.014363135 
-3.662505701 8.322114067 -0.009109164 
-1.381266954 9.117005066 -1.300079522 
-1.463432899 9.131232467 -1.212291434 
-3.810158688 8.204547571 0.158855912 
-3.943081067 8.114441596 0.152137578 
-1.504919776 9.160966953 -1.143960729 
-1.449471256 9.209967810 -0.768575581 
-3.610909616 8.346632280 0.067609589 
-3.625135956 8.340582205 0.057712979 
-1.499859289 9.212466979 -0.712599052 
-1.440180131 9.226020670 -0.600730300 
-3.598403139 8.352887292 0.068205354 
-3.510559470 8.393001906 0.081409207 
-1.565899994 9.243749143 -0.730741408 
-1.412077057 9.235234848 -0.316306457 
-3.245686323 8.516082992 0.029149143 
-3.317187159 8.507165710 -0.038264526 
-1.785210656 9.225575638 -0.946832499 
-1.425345803 9.214208921 -0.743140657 
-3.520855254 8.388359054 0.078413349 
-3.521576314 8.386965362 0.082284338 
-1.345405818 9.247250028 0.307200592 
-1.401416770 9.239604241 0.418189671 
-3.546798053 8.374803877 -0.087971576 
-3.566626781 8.365499652 -0.086422637 
-1.426659845 9.241568124 0.341093542 
-1.413829086 9.212290693 0.755117021 
-3.489335855 8.398623441 -0.093037935 
-3.360888251 8.427966039 -0.121943216 
-1.501677883 9.266287542 -0.131057789 
-1.467901103 9.251633022 0.274785123 
-3.427285254 8.443694968 -0.079231296 
-3.595641763 8.357657719 -0.063514805 
-1.463384297 9.228464651 0.544024765 
-1.535533264 9.224195100 0.520727721 
-3.409138163 8.437662115 -0.072835808 
-3.483829706 8.407672939 -0.069978928 
-1.457250649 9.220086937 0.660453432 
-1.469151730 9.218006781 0.681293772 
-3.614081451 8.339643431 -0.101932708 
-3.648563801 8.325957651 -0.082640002 
-1.442666268 9.222382374 0.638267364 
-1.411854469 9.216813121 0.720366867 
-3.657931583 8.321283520 -0.088799396 
-3.479146884 8.373589553 -0.186901759 
-1.454063361 9.211727208 0.742421846 
-1.358762448 9.180979406 1.058415201 
-3.687791834 8.306574325 -0.080604132 
-3.628917822 8.335961819 -0.087515382 
-1.496450694 9.207320177 0.758953218 
-1.478662924 9.188553547 0.940985419 
-3.705312599 8.294168556 -0.106656877 
-3.633716044 8.331488331 -0.093079952 
-1.468155892 9.165743674 -1.112443862 
-1.467825640 9.158783389 -1.173395138 
-3.774513986 8.262298911 0.045604451 
-3.691367674 8.306993082 0.047961885 
-1.522518151 9.139266521 -1.265930484 
-1.478929079 9.173631531 -1.063207745 
-3.785388155 8.254512383 0.081823932 
-3.679147968 8.310587575 0.080680149 
-1.600395732 9.061234499 -1.643721247 
-1.475942065 9.197169802 -0.878741972 
-3.644220268 8.331500367 0.065750930 
-3.656560375 8.322910653 0.083299309 
-1.492729911 9.185466722 -0.967022048 
-1.413514247 9.180844545 -1.033168493 
-3.787314439 8.251447871 0.097906152 
-3.647538864 8.326497305 0.072835360 
-1.485391874 9.218431800 -0.666485936 
-1.561684084 9.240983499 -0.558783671 
-3.605115867 8.350271233 0.060676785 
-3.503041970 8.358201578 0.083388215 
-1.571357969 9.194085918 -0.850431104 
-1.511583697 9.194164936 -0.890769573 
-3.596332906 8.353500873 0.069251348 
-3.595644022 8.354778732 0.065219826 
-1.554531148 9.217356580 -0.614048552 
-1.586874457 9.221683299 -0.571809454 
-3.542057648 8.378851370 0.079243351 
-3.600648114 8.352043376 0.064519616 
-1.543837047 9.206929846 -0.728838081 
-1.522351842 9.216986164 -0.646748136 
-3.475025946 8.406588909 0.086773392 
-3.537630482 8.382407248 0.074596378 
-1.530819722 9.196735429 0.812433161 
-1.430754312 9.231181877 0.386182681 
-3.148200128 8.557507867 -0.037668807 
-3.212881363 8.542865054 0.087768752 
-1.430003029 9.234278445 0.474936543 
-1.388867353 9.236505359 0.500313316 
-3.437755286 8.422492730 -0.086584805 
-3.274236337 8.493572245 -0.049720373 
-1.400932520 9.204564738 0.841266488 
-1.402430397 9.232541894 0.534370747 
-3.479271898 8.402898052 -0.093908184 
-3.478422626 8.402307311 -0.094090715 
-1.542261969 9.191415451 0.894941489 
-1.463035032 9.226079883 0.492067953 
-3.375619521 8.449472272 -0.075614526 
-3.629325084 8.316547270 0.001298845 
-1.388684358 9.226960496 0.604814992 
-1.285023602 9.227448910 0.639762098 
-3.705960631 8.293029037 -0.108367932 
-3.705720554 8.294379493 -0.100078642 
-1.400099242 9.218042730 0.693686926 
-1.425807406 9.194037380 0.923491940 
-3.706751699 8.294678931 -0.094323756 
-3.656960595 8.317879151 -0.105619272 
-1.373187489 9.224929826 0.704472491 
-1.668191606 9.259227210 -0.052420843 
-3.637930575 8.317470556 0.014995946 
-3.581848441 8.348543197 0.006505917 
-1.337953672 9.239518561 0.379539411 
-1.388472983 9.214202508 0.468547932 
-3.333801082 8.474325066 0.013942773 
-3.771861673 8.209383306 -0.076261795 
-1.585803356 9.147848714 -1.176452166 
-1.567987943 9.087448885 -1.491308434 
-3.651088329 8.325376722 0.081804435 
-3.617238401 8.337776256 0.110429499 
-1.444408938 9.165342986 -1.115479794 
-1.430899701 9.154543006 -1.187442856 
-3.688029617 8.303704138 0.103977276 
-3.690834335 8.305030868 0.072927642 
-1.484473897 9.134854654 -1.295423690 
-1.494276041 9.130973475 -1.319010218 
-3.612617471 8.342439590 0.095139177 
-3.653692719 8.317928324 0.113691037 
-1.454874847 9.173491395 -1.061867726 
-1.346947301 9.190220931 -0.973837492 
-3.632443227 8.327134096 0.124813418 
-3.648242004 8.322439491 0.114687825 
-1.543278398 9.130571728 -1.301680727 
-1.561258503 9.154267588 -1.149606293 
-3.578199912 8.361067914 0.079602068 
-3.443292615 8.421532370 0.082204756 
-1.415071891 9.217177262 -0.774561967 
-1.337345080 9.231078236 -0.582372266 
-3.254736735 8.514293161 0.062693918 
-2.955301093 8.644222457 -0.081244439 
-1.605372268 9.152870638 -1.141440341 
-1.431284579 9.224365212 -0.552061823 
-3.643742481 8.330560733 0.067224109 
-3.661974107 8.299537788 -0.010995577 
-1.487174562 9.164185594 -1.115376813 
-1.492541535 9.171911088 -1.067578409 
-3.610062276 8.345219680 0.078007174 
-3.592596355 8.351711538 0.093256256 
-1.496820368 9.231091184 0.456434078 
-1.450922991 9.226113274 0.569834612 
-3.474116123 8.407361645 -0.087808960 
-3.390939277 8.446044039 -0.068751150 
-1.500116372 9.235392045 0.391352463 
-1.580208508 9.249713608 0.430749876 
-3.290942209 8.489255553 -0.047323302 
-3.325452430 8.476355911 -0.058003283 
-1.587531282 9.222271111 0.506114951 
-1.552865251 9.221279226 0.561338280 
-3.362077552 8.454707434 -0.070194013 
-3.329947742 8.473547377 -0.058881433 
-1.535446810 9.223810762 0.551220807 
-1.536093520 9.222302141 0.560673545 
-3.481571233 8.406501923 -0.079914458 
-3.551856070 8.375239973 -0.080119865 
-1.477337677 9.168995592 1.075880848 
-1.453307801 9.193832567 0.912694942 
-3.666986288 8.311049635 -0.124527313 
-3.610434073 8.339265202 -0.117101236 
-1.547106160 9.169930867 1.075173708 
-1.502163380 9.190559665 0.919456564 
-3.625990151 8.328865489 -0.133094411 
-3.562197710 8.364766217 -0.105494422 
-1.421366369 9.174388894 1.070363947 
-1.427380065 9.195785489 0.907442930 
-3.679926153 8.307053296 -0.106974617 
-3.603837098 8.345312777 -0.104624845 
-1.479705058 9.170593582 1.089944548 
-1.465940336 9.180147708 1.030832561 
-3.602741886 8.344107255 -0.111956945 
-3.577037688 8.356971992 -0.107667310 
-1.396358135 9.119094408 -1.390505142 
-1.441902568 9.153106268 -1.182769029 
-3.772913909 8.261211657 0.072320189 
-3.750346956 8.273635685 0.067303772 
-1.424497292 9.183088451 -1.022909885 
-1.364184049 9.201195700 -0.875506355 
-3.803221491 8.244676757 0.072553741 
-3.728963401 8.283937339 0.081808223 
-1.408545122 9.240619757 -0.250625338 
-1.425343263 9.209216168 -0.506828488 
-3.353353266 8.467263735 -0.008922092 
-3.653494056 8.266658385 0.102893524 
-1.467302430 9.198645257 -0.902181028 
-1.418539369 9.175445414 -1.051425483 
-3.535407703 8.400715900 -0.000446692 
-3.593100171 8.345178222 0.000740463 
-1.381927747 9.221341946 -0.675681354 
-1.423991126 9.204847506 -0.817164493 
-3.595550102 8.352442982 0.074560657 
-3.078361558 8.616999687 -0.217668544 
-1.455454579 9.222874285 -0.614531787 
-1.456082596 9.206893182 -0.790399832 
-3.603651976 8.350765664 0.066987026 
-3.577447958 8.363969023 0.057010884 
-1.464210298 9.185340393 -0.993634026 
-1.553762426 9.215165185 -0.644847958 
-3.588554558 8.357296016 0.073404240 
-3.490644166 8.404502541 0.068923169 
-1.465062250 9.271734777 -0.115104411 
-1.518160456 9.247390050 -0.325270941 
-3.402570915 8.453206255 0.078363640 
-3.600965442 8.353418513 0.077239575 
-1.505885338 9.227409117 0.524793685 
-1.441871686 9.226842417 0.581397957 
-3.467534741 8.409218522 -0.092039920 
-3.327572747 8.469546660 -0.064905340 
-1.417645976 9.241307072 0.378508928 
-1.427567947 9.239983202 0.398492161 
-3.507402008 8.393249531 -0.087262604 
-3.519124495 8.388002269 -0.086543904 
-1.990060587 9.266933184 0.385363501 
-1.278106477 9.242289940 0.709997658 
-3.494021229 8.398880002 -0.083661820 
-3.444581477 8.419795143 -0.083927152 
-1.698100671 9.237110294 0.424889330 
-1.637163334 9.259839096 0.283758430 
-3.182704448 8.542975796 -0.025561273 
-3.356063934 8.491626404 0.016246537 
-1.507648012 9.214804597 0.686978736 
-1.459108878 9.201807434 0.854210852 
-3.701965500 8.292435057 -0.121256167 
-3.618724536 8.336845400 -0.111227567 
-1.477496783 9.222052397 0.633816286 
-1.456882251 9.210126949 0.769150703 
-3.759863747 8.266237982 -0.103238928 
-3.645153816 8.324612489 -0.106704181 
-1.402363445 9.237526656 0.471440334 
-1.408376174 9.223988729 0.639216047 
-3.615640067 8.337087597 -0.116032618 
-3.575614074 8.356234713 -0.112540239 
-1.552468576 9.221985897 0.580013834 
-1.463063493 9.223053316 0.626144161 
-3.672800371 8.309819534 -0.111922720 
-3.592813647 8.351635969 -0.098010769 
-1.427260839 9.188595533 -0.969268976 
-1.435983355 9.187686066 -0.981730657 
-3.707601063 8.297884563 0.058078469 
-3.657320522 8.323503549 0.062057604 
-1.447043942 9.182583384 -1.007914040 
-1.481867997 9.161008684 -1.128960408 
-3.721448619 8.288694642 0.076153012 
-3.668790513 8.318053065 0.043087767 
-1.499981256 9.186279337 -0.947308389 
-1.440158165 9.200655158 -0.845472337 
-3.676000938 8.310720093 0.091489606 
-3.664763197 8.319597247 0.066868994 
-1.458957278 9.192328282 -0.911398306 
-1.431559785 9.144923876 -1.278716866 
-3.539864891 8.376026600 0.098803986 
-3.537671273 8.376695977 0.098810193 
-1.400658197 9.231056699 -0.531772470 
-1.380926187 9.232076149 -0.577064284 
-3.625697611 8.339072395 0.058828931 
-3.614838342 8.344716164 0.057819657 
-1.426540119 9.230277682 -0.545480712 
-1.417308144 9.234211714 -0.497133159 
-3.574555203 8.363514653 0.081230477 
-3.584326127 8.356249687 0.086836943 
-1.441584436 9.218517733 -0.682228235 
-1.454011151 9.228757086 -0.537782691 
-3.581584822 8.362177987 0.056947202 
-3.671783086 8.315223919 0.064810810 
-1.502128024 9.213388948 -0.696502040 
-1.443629771 9.210717304 -0.751803566 
-3.434805354 8.422579163 0.083655555 
-3.609346924 8.348841548 0.038864416 
-1.403607965 9.218660038 0.700953944 
-1.403119749 9.239454072 0.422852131 
-3.640196443 8.334945146 0.009008298 
-3.634382666 8.337693593 -0.019431110 
-1.543385343 9.151242582 1.141213809 
-1.335586830 9.201639488 0.784870105 
-3.630449440 8.337532457 -0.018910506 
-3.518165983 8.374545134 -0.088509778 
-1.502010871 9.230321697 0.491440896 
-1.513100099 9.229960701 0.473613779 
-3.630004910 8.339363570 -0.034448891 
-3.623237455 8.342604886 -0.038796444 
-1.475687421 9.236748453 0.420065808 
-1.438277092 9.246242085 0.234086493 
-3.625659057 8.341874438 -0.019538259 
-3.639817429 8.333752175 -0.048337174 
-1.235413754 9.249749590 0.476062837 
-1.312742659 9.251581121 0.436240634 
-3.373249074 8.467119552 -0.005659158 
-3.532504026 8.371227145 -0.015784587 
-1.472244394 9.071171942 1.581876302 
-1.397663332 9.202977335 0.723620637 
-3.095965965 8.567107770 -0.050082456 
-3.370215040 8.424454160 -0.107257897 
-1.344709371 9.169825385 0.980611088 
-1.323339514 9.218429995 0.558826339 
-3.883313980 8.166408549 -0.133612846 
-3.952952559 8.109605747 -0.143587788 
-1.426085337 9.236921738 0.546791302 
-1.496572343 9.230154700 0.559406579 
-3.558976132 8.355269882 -0.030935575 
-3.612582555 8.306800110 0.050098173 
-1.568161952 9.166092742 -0.945176344 
-1.501290577 9.158753223 -1.051617365 
-3.743947960 8.228063792 -0.184713718 
-3.728829418 8.227184019 0.028553686 
-1.479006134 9.205711355 -0.734039061 
-1.464074243 9.237983126 -0.468106078 
-3.619544026 8.325691551 0.149063129 
-3.598912002 8.335106394 0.130951441 
-1.457419219 9.206305045 -0.693563861 
-1.443907630 9.203254328 -0.727052697 
-3.649715889 8.305702096 0.089146594 
-3.669097166 8.295769633 0.083277989 
-1.395293194 9.194067741 -0.876695814 
-1.425234813 9.197364349 -0.825524323 
-3.545593986 8.367092579 0.068234927 
-3.628624059 8.321118807 0.065730502 
-1.441401401 9.240911093 -0.343091814 
-1.455238569 9.235726849 -0.439462633 
-3.643416640 8.333757990 0.012347502 
-3.586122713 8.360619938 0.053383347 
-1.519113430 9.226308718 -0.533367979 
-1.512539762 9.224437762 -0.563324888 
-3.582973009 8.363115932 0.047884115 
-3.640488596 8.332812521 0.050807213 
-1.482440519 9.237416537 -0.375041542 
-1.436872017 9.221393600 -0.642936886 
-3.584255713 8.359719626 0.061679740 
-3.516251411 8.398457290 0.013600776 
-1.512941040 9.272116732 -0.239474540 
-1.625378744 9.249434104 -0.291493081 
-3.065295891 8.597463319 -0.109595018 
-3.127759741 8.565800165 0.009996550 
-1.694469794 9.148804999 1.307264132 
-1.501311403 9.206646842 0.826228855 
-3.619673735 8.355722239 -0.040521195 
-3.437255691 8.426391337 -0.011656939 
-1.442415248 9.198726253 0.888605585 
-1.423182169 9.204853605 0.832114387 
-3.605609199 8.351012473 -0.048648537 
-3.654989616 8.326458044 -0.042606744 
-1.417038620 9.224215798 0.630488494 
-1.434949990 9.217005405 0.706204647 
-3.609229798 8.348565162 -0.061589285 
-3.599781106 8.352512599 -0.064651443 
-1.459182951 9.199886787 0.855385540 
-1.397854420 9.229472125 0.567506283 
-3.595717167 8.355868979 -0.054595523 
-3.647392380 8.327708225 -0.076948277 
-1.679724186 9.020667048 1.716534555 
-1.545848862 9.265908288 0.254563307 
-3.115930593 8.577471574 0.065285114 
-3.633801342 8.343850346 -0.089285422 
-1.253326707 9.233698948 0.185599749 
-1.486058814 9.186898870 0.809972476 
-3.496742483 8.378370103 -0.084009311 
-3.618001856 8.307915824 -0.129584380 
-1.437831011 9.238461539 0.468556613 
-1.514352588 9.237497706 0.534138965 
-3.549838372 8.355023399 -0.034359759 
-3.637421421 8.318879314 -0.004072183 
-1.332376906 9.174754721 1.038120200 
-1.498182270 9.198981092 0.814673125 
-3.641280358 8.324685528 -0.099497974 
-3.606980499 8.345129890 -0.098630209 
-1.600738765 9.090012729 -1.454949650 
-1.474486498 9.214308574 -0.711753667 
-3.657184716 8.299392643 0.142666959 
-3.627839486 8.313814545 0.161272058 
-1.368004956 9.240067908 -0.147639225 
-1.456193421 9.262820255 0.041632714 
-3.768272119 8.297052456 -0.083974895 
-3.576238843 8.391702090 -0.032591604 
-1.661823690 9.228713935 -0.523552847 
-1.689002689 9.217116868 -0.783091146 
-3.536370528 8.399578240 0.007930023 
-3.312580739 8.517784562 0.050244274 
-1.213418123 9.066217415 -1.469446179 
-1.262382964 9.099198959 -1.281482330 
-3.782559839 8.245246081 0.126075347 
-3.699378196 8.296488417 0.066827171 
-1.439286441 9.213880137 -0.729881343 
-1.471766522 9.208307208 -0.759067557 
-3.619029464 8.341559961 0.078140937 
-3.625251347 8.339197176 0.074357786 
-1.425601582 9.245047763 -0.292503265 
-1.394575749 9.228707331 -0.589052433 
-3.598753773 8.349575970 0.092497632 
-3.616701012 8.339707036 0.097257638 
-1.405749541 9.211369160 -0.763598236 
-1.387087185 9.189645817 -0.964312443 
-3.601466447 8.347247332 0.096096951 
-3.582819704 8.355648027 0.098818672 
-1.406510594 9.205799388 -0.813289347 
-1.411302156 9.187692426 -0.957698261 
-3.591777264 8.352976684 0.086485382 
-3.626577114 8.336149925 0.082943996 
-1.530907787 9.257575391 0.797493541 
-1.464005237 9.224427808 0.591615878 
-3.568490880 8.368178266 -0.065282412 
-3.544375776 8.381544042 -0.054887517 
-1.271253120 9.205762731 1.027690332 
-1.453296839 9.225719330 0.804368983 
-3.442118107 8.455955847 -0.011431453 
-3.524173481 8.398193083 -0.044064363 
-1.446703488 9.237087764 0.436672090 
-1.474037106 9.234382531 0.443873879 
-3.433247269 8.430060885 -0.067140095 
-3.519376441 8.392565456 -0.065578632 
-1.454008604 9.237380064 0.416182274 
-1.501113869 9.234401045 0.431310555 
-3.540409117 8.381550957 -0.070833868 
-3.610124079 8.347863506 -0.074105686 
-1.411515883 9.230511761 0.548349314 
-1.415940197 9.208231919 0.807510540 
-3.510855088 8.388498819 -0.099347405 
-3.490761407 8.397699044 -0.094385544 
-1.411543900 9.237488404 0.461310909 
-1.443424567 9.229580776 0.550570002 
-3.545388333 8.371740913 -0.106136965 
-3.523337121 8.383250521 -0.099057965 
-1.423608821 9.207154363 0.818208726 
-1.435922870 9.208113583 0.809957618 
-3.561185816 8.364093140 -0.110266557 
-3.544015895 8.371870333 -0.109282987 
-1.404191859 9.208932101 0.824526544 
-1.422323837 9.185868742 1.004523231 
-3.565393363 8.362937937 -0.107334095 
-3.580739412 8.356488986 -0.101926006 
-1.486034065 9.216483271 -0.667860515 
-1.433643150 9.215045478 -0.731610785 
-3.646262982 8.329740783 0.049986571 
-3.619117050 8.342406281 0.061970885 
-1.503049533 9.212392111 -0.690940792 
-1.454216088 9.226898391 -0.568107839 
-3.651828196 8.327003183 0.057173744 
-3.632332953 8.335803612 0.066026707 
-1.487343434 9.209260680 -0.738813622 
-1.456905388 9.213769215 -0.711811374 
-3.667637268 8.317974017 0.060463095 
-3.680926321 8.312204104 0.038546596 
-1.476655887 9.206281512 -0.784640728 
-1.461621696 9.213670766 -0.719547204 
-3.702176098 8.300046701 0.047994751 
-3.661192567 8.321509914 0.051609881 
-1.473864247 9.233250148 -0.471256966 
-1.474687194 9.231131696 -0.507813870 
-3.536885778 8.383641964 0.065309525 
-3.402916082 8.435946057 0.078976400 
-1.538038502 9.233774412 -0.403726664 
-1.514319620 9.229483005 -0.511123958 
-3.486291054 8.403994411 0.081495106 
-3.638621264 8.335301331 0.043184791 
-1.556890639 9.263007237 -0.273683234 
-1.413682648 9.235953537 -0.515098470 
-3.563488022 8.373523716 0.056368156 
-3.678264043 8.313156460 -0.039055001 
-1.432072075 9.219631761 -0.485517290 
-1.461626061 9.234092854 -0.506031282 
-3.561880248 8.385866989 0.051049518 
-3.469986196 8.428177921 0.024114207 
-1.664993197 9.253180193 0.621459532 
-1.561251840 9.238440184 0.582068278 
-3.643816811 8.329102083 0.026540493 
-3.592365265 8.368788936 -0.010078754 
-1.417320894 9.205261704 0.578964403 
-1.357031860 9.223214486 0.367875520 
-3.679880345 8.286738952 -0.026699236 
-3.675974670 8.290475100 -0.031228998 
-1.443574516 9.202496135 0.677948953 
-1.395175979 9.181352035 0.750727038 
-3.679918300 8.272013825 -0.114438130 
-3.726743804 8.247345174 -0.113605456 
-1.474092941 9.188081593 0.970103825 
-1.561747412 9.250853763 0.273340959 
-3.574176907 8.343851904 -0.064404473 
-3.564452909 8.376938985 -0.052807076 
-1.142545652 9.190302307 0.881683750 
-1.247965205 9.049326446 1.589138819 
-3.719115411 8.267603975 -0.123434073 
-3.816056978 8.231285180 -0.040724442 
-1.249233490 9.229976074 -0.892239189 
-1.237621904 9.240666378 -0.837804394 
-3.513862050 8.416657533 0.001765995 
-3.370651235 8.467308923 0.065653980 
-1.458384760 9.100585438 1.383496795 
-1.345949265 9.078937015 1.641460116 
-3.602662847 8.352979490 0.069168194 
-3.688259203 8.291600063 -0.026296477 
-1.813853335 9.242528127 0.334676342 
-1.263400029 9.162790668 0.908713264 
-3.887150585 8.138789290 -0.145610267 
-3.452589562 8.416456174 -0.078590541 
-1.498489323 9.161684388 -1.063659599 
-1.488209465 9.214783734 -0.640320418 
-3.462329182 8.404606117 0.092134467 
-3.599509873 8.343317351 0.115385869 
-1.365428323 9.238725403 -0.166615179 
-1.503595939 9.236283660 -0.349500254 
-3.722549734 8.321823847 -0.102509253 
-3.579331390 8.393277087 -0.042743010 
-1.568621822 9.243038865 -0.425161249 
-1.512969754 9.250148491 -0.377488013 
-3.548040163 8.383875498 0.062347628 
-3.531937478 8.393226574 -0.033851178 
-1.549308385 9.217973044 -0.938614975 
-1.575246213 9.226325681 -0.845423724 
-3.503999993 8.429195464 0.057187141 
-3.572482627 8.390618392 0.071335500 
-1.414560414 9.217884516 -0.428832598 
-1.411933895 9.214016486 -0.470473844 
-3.681419129 8.285588897 0.016449269 
-3.730543634 8.263049376 0.020216824 
-1.430561734 9.269398274 -0.154594651 
-1.359280940 9.271342953 -0.148436539 
-3.766794820 8.257489756 -0.021107367 
-3.664651687 8.328569334 0.004523615 
-1.466906664 9.203863866 -0.845188769 
-1.573747187 9.249376242 -0.340219004 
-3.611960703 8.320886737 0.076752375 
-3.607371724 8.356125163 0.039599836 
-1.427944340 9.223774117 -0.626972798 
-1.402195734 9.170465641 -0.850856640 
-3.684351057 8.271552936 0.099109781 
-3.750656146 8.236597164 0.095082903 
-1.555298837 9.232428075 0.413305581 
-1.483995284 9.234062514 0.490463127 
-3.600068686 8.351379213 -0.079625125 
-3.602305099 8.352237507 -0.023661394 
-1.498976527 9.221752519 0.602421319 
-1.454104843 9.234178217 0.483964180 
-3.567614362 8.369731226 -0.054415593 
-3.576915888 8.365025776 -0.065110089 
-1.436655335 9.201937508 0.687052289 
-1.414615496 9.231121778 0.572623228 
-3.533972174 8.400407848 -0.035391401 
-3.462312120 8.434366617 -0.014460959 
-1.475934077 9.248930734 0.421879420 
-1.377355900 9.247298819 0.368966043 
-3.568770014 8.372436450 -0.040882977 
-3.550177900 8.405747736 -0.033907002 
-1.532038320 9.229329216 0.501003449 
-1.479321992 9.236309533 0.332876219 
-3.580044231 8.359047754 0.014005256 
-3.598820720 8.363839143 -0.025334294 
-1.372941266 9.201863010 0.776771610 
-1.556630093 9.203172045 0.714840738 
-3.544791859 8.367624434 -0.097327766 
-3.588853623 8.345469747 -0.132498718 
-1.584222805 9.219702482 0.897504319 
-1.595643331 9.228558001 0.790709807 
-3.487682966 8.438456299 -0.051053975 
-3.600321202 8.372047636 -0.086631962 
-1.590770172 9.247134236 0.382507133 
-1.523769047 9.249205400 0.383403669 
-3.543886599 8.391948198 0.062676723 
-3.526880060 8.394692907 0.041210647 
-1.249342068 9.236658589 0.837111188 
-1.292903913 9.241020954 0.830229340 
-3.534999235 8.405607764 -0.005313243 
-3.399364258 8.456370444 -0.065122582 
-1.165900395 9.180184825 -0.937891775 
-1.287167615 9.035409287 -1.640367736 
-3.739203602 8.256544675 0.117830130 
-3.810996259 8.234144634 0.033944935 
-1.466183123 9.237416553 -0.352952518 
-1.268239391 9.149838876 -1.015869028 
-3.906357412 8.128625191 0.133817995 
-3.484128147 8.403758108 0.076618407 
-1.415840811 9.094440944 -1.447799584 
-1.354726176 9.068499592 -1.675697880 
-3.545531743 8.377475944 -0.085675980 
-3.687613669 8.292486422 0.025144574 
-1.364636903 9.086949614 -1.415891361 
-1.474015676 9.218197612 -0.868180756 
-3.615660604 8.340350802 0.065513611 
-3.538067557 8.391383880 0.046469413 
-1.428169913 9.202254095 -0.864541576 
-1.474096909 9.209619015 -0.772220376 
-3.597450522 8.355766689 0.036744122 
-3.573272536 8.367769017 0.030395391 
-1.431652713 9.219291556 -0.698283914 
-1.443977323 9.219428730 -0.682457571 
-3.584174261 8.361291005 0.054472245 
-3.553417099 8.376544623 0.052708288 
-1.476296741 9.213858461 -0.727832095 
-1.471774607 9.226409461 -0.604994392 
-3.552257344 8.376807765 0.053694563 
-3.525918987 8.389014772 0.065434011 
-1.384256100 9.235347697 0.500346121 
-1.416308067 9.234833712 0.486646230 
-3.609844545 8.338229748 -0.119863117 
-3.575632807 8.357721573 -0.103559076 
-1.453247664 9.213479774 0.736433076 
-1.450739278 9.208287704 0.784060474 
-3.573379671 8.360374987 -0.097370683 
-3.589991082 8.351437040 -0.105505272 
-1.373186952 9.231969342 0.550202291 
-1.397302796 9.237716841 0.451609604 
-3.532494086 8.377105390 -0.105001150 
-3.529810514 8.379356630 -0.099287576 
-1.391976392 9.232426719 0.525564229 
-1.362286365 9.223504465 0.658248518 
-3.567902199 8.362673840 -0.099044824 
-3.546656709 8.372892462 -0.095435516 
-1.512769304 9.218427405 0.635470130 
-1.490027931 9.210741499 0.738559489 
-3.632988927 8.334361261 -0.072508881 
-3.649667913 8.326093716 -0.073823064 
-1.500414633 9.215154654 0.672755790 
-1.465592514 9.216270711 0.689204512 
-3.666174994 8.319741116 -0.043639763 
-3.654467515 8.324657328 -0.053348946 
-1.498583474 9.218580320 0.641650414 
-1.476774830 9.220048460 0.638622906 
-3.699554676 8.301185092 -0.060203552 
-3.635703172 8.332587926 -0.069996072 
-1.476308226 9.223861281 0.580719894 
-1.465507794 9.225926249 0.558586863 
-3.595356540 8.353237929 -0.073315741 
-3.633588740 8.334170873 -0.072130356 
-1.444845799 9.174483196 -1.102159705 
-1.440487275 9.178457733 -1.054084491 
-3.620211032 8.338601184 0.092349630 
-3.641003552 8.329819644 0.088660967 
-1.427160803 9.167607725 -1.133888607 
-1.424504423 9.186941841 -1.003033563 
-3.574822187 8.360454373 0.092764141 
-3.607710142 8.346036817 0.084232401 
-1.443485923 9.169090997 -1.093787030 
-1.421076612 9.180036810 -1.051613765 
-3.613860682 8.342505435 0.091885995 
-3.593122494 8.352263212 0.093172434 
-1.421655795 9.167354298 -1.142301613 
-1.408633303 9.176622794 -1.079370514 
-3.624830384 8.337559341 0.087759719 
-3.609726969 8.342228669 0.105178154 
