-1.324347625 15.677450148 -0.759970284 
-1.192557124 15.669352909 -0.576456633 
-8.332668292 12.729036666 -0.393499139 
-8.267800451 12.807658102 -0.307825260 
-1.327431844 15.683112253 -0.583992372 
-1.343469889 15.674026707 -0.853944947 
-8.314191861 12.754977168 -0.458056607 
-8.280982135 12.762227871 -0.558390145 
-1.347081085 15.687945113 -0.532172318 
-1.314843786 15.683851886 -0.509824760 
-8.242089266 12.826747866 -0.243102775 
-8.230800178 12.843278054 -0.343589283 
-1.315923826 15.680347918 -0.510008438 
-1.353378755 15.684991498 -0.319786004 
-8.279140571 12.810060392 -0.017069017 
-8.210180325 12.869134478 0.030840677 
-1.336513600 15.656658971 -0.170236772 
-1.302862512 15.672871164 0.112512554 
-8.210468279 12.872300033 -0.112211543 
-8.219522179 12.860060952 -0.312750853 
-1.281166549 15.673813347 0.557580142 
-1.216955859 15.671561788 0.422949305 
-8.312319831 12.782823569 -0.010755741 
-8.281896234 12.805456367 -0.258323834 
-1.157722464 15.646213099 1.031117203 
-1.193790418 15.661182219 0.862459907 
-8.216658071 12.869699843 -0.104396262 
-8.284232544 12.790304131 -0.009778318 
-1.225644960 15.656475978 0.968968669 
-1.192243106 15.664128338 0.752876795 
-8.192325638 12.891635287 -0.117524938 
-8.190575797 12.892453895 -0.082370522 
-1.900161158 13.864118270 3.686372653 
-1.967513924 13.812354283 3.732153710 
-6.196007700 12.105494916 -3.380815804 
-6.191835805 12.089331587 -3.386916807 
-1.992947115 13.822466477 3.750833473 
-2.007952516 13.805334282 3.812574532 
-6.281001006 12.091906433 -3.309939379 
-6.486606738 11.988491650 -3.228237176 
-2.433653880 14.135622512 3.672193471 
-2.148409689 13.134609596 4.569888031 
-6.655121733 12.562524059 -2.633879221 
-6.424368991 11.833333698 -3.382319328 
-1.811726865 13.912331174 3.542242149 
-1.851435106 13.871118788 3.624236559 
-5.009652146 12.956059735 -3.268858891 
-6.009849108 12.137782724 -3.415708833 
-2.601957062 13.623510283 -4.163516424 
-2.562575181 13.630987091 -4.112554072 
-6.598700356 12.050449919 3.054273428 
-6.561798279 12.045442358 3.106698850 
-2.566422986 13.627626952 -4.169867942 
-2.583680847 13.591582227 -4.267603103 
-6.903975442 11.865577785 2.971995246 
-6.501967371 12.070551317 3.143662062 
-2.235454452 13.815952604 -3.855270855 
-1.935902194 14.482294541 -3.179214045 
-6.556798316 12.048712650 3.106830770 
-7.263843372 12.099515683 2.412734048 
-2.662030358 13.533053696 -4.328622381 
-2.510653109 13.621808147 -4.141590181 
-6.567961503 12.052415927 3.079327270 
-6.467458386 12.050855675 3.197886788 
-1.302085970 15.665783199 -1.007322801 
-1.405602751 15.669177821 -1.034251673 
-8.251678325 12.827363473 -0.046985501 
-8.353390607 12.730478687 -0.138855730 
-1.302244740 15.681330002 -0.468330016 
-1.281100318 15.682820656 -0.281423316 
-8.308324922 12.775578777 -0.241931834 
-8.293030914 12.781606254 -0.056798754 
-1.208553809 15.666426469 -0.166112070 
-1.278376658 15.677969016 -0.184755095 
-8.248288058 12.839515122 -0.017235943 
-8.275337915 12.817270509 0.006444674 
-1.161059670 15.657808502 -0.178675208 
-1.620322484 15.648578993 -1.340190982 
-8.338626448 12.716547460 -0.148809444 
-6.836597910 13.556725732 2.006211216 
-1.434473742 15.684800875 0.260546197 
-1.423716894 15.687977959 0.264602144 
-7.870167951 13.085867608 -0.925972644 
-8.082543936 12.943081694 -0.741431169 
-1.334287323 15.672842880 0.064860089 
-1.317623440 15.680426951 0.431522592 
-7.843042265 13.092894771 -1.032820302 
-7.884435384 13.084321514 -0.913843144 
-1.120203315 15.608598372 1.403477654 
-1.277299483 15.675564283 0.529655209 
-6.991550851 13.489545107 -1.787753414 
-7.179130772 13.655984673 -1.262658097 
-1.257835189 15.672153682 0.264307698 
-2.070472610 15.712328637 1.072522488 
-7.812090822 13.104781937 -1.072601154 
-8.020894546 12.975639000 -0.825953172 
-2.543543060 13.649592663 4.100033583 
-2.405227425 13.709228875 3.974800896 
-6.660358202 11.902229437 -3.173118049 
-6.509129460 11.974154810 -3.251999808 
-2.113396158 13.863399341 3.707749536 
-1.972193049 13.855273749 3.692047569 
-6.608610409 11.883304770 -3.253541359 
-6.633088491 11.878995875 -3.245240725 
-1.918581894 14.021021371 3.382093605 
-1.845359881 14.029034114 3.385383361 
-6.501568459 11.950004618 -3.297287076 
-6.235513118 12.059347093 -3.399161490 
-2.076396500 13.821305359 3.838385207 
-1.995278497 13.895599736 3.648587484 
-6.455595225 11.938631681 -3.355764666 
-6.234009554 12.059803181 -3.410107160 
-2.591051233 13.571245439 -4.241126058 
-2.394430813 13.636145098 -4.154026004 
-6.637416090 11.982978927 3.110792364 
-6.546708191 12.019787947 3.166631538 
-2.486533949 13.714946830 -3.983923975 
-2.810168291 13.423541655 -4.470897463 
-6.491563988 12.059045544 3.160973346 
-6.657327427 11.954025481 3.114440453 
-2.689287935 13.514902515 -4.355881189 
-2.860790201 13.410018168 -4.526400010 
-6.262479431 12.092394265 3.332654812 
-6.327695559 12.098319722 3.266126877 
-2.694753118 13.558509465 -4.267290010 
-2.598584913 13.699157458 -4.079024882 
-6.498354370 11.991374851 3.241067282 
-6.311647696 12.110525922 3.265216404 
-1.384700607 15.649444314 -1.059304114 
-1.622562142 15.640065059 -1.394043036 
-7.903950941 13.064772553 0.714697397 
-8.093110199 12.941786550 0.207812074 
-1.448674971 15.649685536 -1.138171672 
-1.365803052 15.664021833 -0.817556639 
-8.162641532 12.879569187 0.293818482 
-8.188791317 12.859153030 0.090485365 
-1.462537254 15.545786694 -2.067495442 
-1.345955965 15.584949492 -1.701849197 
-8.233222781 12.816375649 -0.144000056 
-8.194159236 12.851463123 0.185857202 
-1.190934372 15.602613499 -1.442158417 
-1.353425819 15.634035147 -1.185626756 
-8.247680808 12.771822382 -0.436598715 
-8.182421509 12.868316166 0.094226479 
-1.687823707 15.620391096 1.784928228 
-1.533602936 15.605604210 1.818936642 
-8.200904904 12.865208961 -0.485083205 
-7.984045744 13.026774027 -0.709883777 
-1.732568169 15.616349717 1.822237782 
-1.499048039 15.637901115 1.529235490 
-8.232989574 12.848036289 -0.295646744 
-8.168537624 12.894572828 -0.526078985 
-1.572280428 15.653166471 1.418564428 
-1.573594027 15.581782116 1.991660576 
-8.055299178 12.980583797 -0.597074908 
-8.141639518 12.923979340 -0.497250459 
-1.333921754 15.672109186 0.937139718 
-1.414589911 15.672548544 1.008759321 
-8.259245653 12.816261908 -0.492362420 
-8.141418226 12.924125598 -0.465413658 
-2.079374051 13.727998992 3.867390668 
-2.288511745 13.699149431 3.955392913 
-6.811717136 11.880445319 -3.060364119 
-6.579720435 11.950745191 -3.215862480 
-2.155360810 13.676347759 4.012400267 
-1.934022378 13.593653102 3.868978311 
-6.664433696 11.924946531 -3.164851251 
-5.939566058 11.694489825 -3.677654975 
-2.407942153 13.635041304 4.089198664 
-2.240927447 13.720859728 3.939217953 
-6.640419651 11.904789094 -3.188008331 
-6.401032618 11.990431879 -3.326017546 
-2.075117604 13.822610667 3.750090676 
-2.150399351 13.801354207 3.812954730 
-6.569906817 11.936859812 -3.240134475 
-6.476576922 11.980143744 -3.280620385 
-2.898003190 13.227749215 -4.663768545 
-3.400169889 12.591300968 -5.113224260 
-6.380197262 13.292942862 2.235280486 
-6.901482261 13.112513167 1.829423902 
-2.873474472 13.233729627 -4.651243551 
-2.804891598 13.332857016 -4.485130495 
-5.455049721 12.295455557 3.520579749 
-6.058185976 11.980139973 3.467297281 
-3.223613618 13.124634608 -4.792123470 
-3.241878690 13.165029748 -4.706379928 
-6.090020519 12.066482181 3.386785894 
-6.088137773 12.106874434 3.356472164 
-3.038304120 13.224427264 -4.663438483 
-2.946799744 13.284120243 -4.584788501 
-6.038425835 12.096346150 3.393653631 
-5.977346497 12.090679419 3.456762390 
-3.351106235 14.954754433 -3.378641570 
-2.555911740 15.254031445 -2.627699798 
-7.925247489 13.115998586 1.169504170 
-6.472634995 13.646926553 2.994311325 
-1.745153574 15.497968656 -2.523095962 
-1.892056234 15.407544926 -2.935524515 
-8.153411425 12.918241873 0.345818525 
-8.188594918 12.856675951 0.457017181 
-1.577638452 15.553147506 -2.761593624 
-1.272143503 16.001089503 -0.691437820 
-7.097850547 14.003912634 -0.188356027 
-7.699351013 13.405875616 0.000555329 
-1.475987639 15.422795820 1.220092409 
-2.580464310 14.964630775 2.793267039 
-7.708124379 13.356086271 -1.820941585 
-7.930410727 13.033336751 -1.809080222 
-1.260557731 15.670403536 1.083237781 
-1.481591554 15.656346521 1.388587566 
-8.189410868 12.914879079 -0.027203596 
-8.272745021 12.827975515 -0.007560303 
-1.461284622 15.707174083 0.587716361 
-1.411297034 15.705825242 0.299373257 
-8.258019502 12.854921166 -0.149751387 
-8.271420694 12.841078084 -0.119455727 
-2.085143183 15.809282989 0.948194778 
-1.754023797 15.808672124 1.231627866 
-6.185120325 14.131578866 -1.906927682 
-8.023457561 13.321690094 0.227423552 
-1.194034972 15.622444820 0.378631475 
-1.142337188 15.569081047 -0.258403056 
-8.214267459 12.749543858 0.452396403 
-8.247431560 12.740458686 0.243821071 
-0.504042761 14.663340019 2.830029831 
-1.992157645 13.637766723 4.478596289 
-5.204074542 13.083843275 -2.589758090 
-4.342365951 12.631356293 -3.372941423 
-1.795545609 13.499996920 3.739741565 
-1.355100146 14.326990818 3.026188351 
-7.934682166 10.998522720 -2.218607651 
-7.222692834 11.819338955 -2.515485796 
-1.914092552 13.714583068 3.838557313 
-1.909805635 13.643093039 3.868021273 
-6.009325257 11.978240652 -3.514453898 
-6.711908915 12.020344158 -3.056797234 
-2.131658166 13.755463095 3.692867612 
-1.934227859 13.869576989 3.601717928 
-5.701306004 12.222948114 -3.577880794 
-6.038961121 12.038469292 -3.471309016 
-2.625607208 14.169303148 -3.046138516 
0.068197980 13.536701847 -2.036463510 
-4.644188327 13.292723243 3.158798875 
-6.718910674 11.240570372 3.075494210 
-1.586128755 13.440808974 -3.617436610 
-1.602924985 13.360219412 -3.753210786 
-6.179618373 11.301478007 3.478766188 
-6.376292157 11.223816949 3.376575545 
-0.887569654 14.436328360 -2.364545790 
-1.405761143 14.165951621 -3.461685226 
-7.054878750 11.667871370 2.817823533 
-6.428020194 11.434831239 3.259925912 
-2.881105512 13.329738988 -4.774078683 
-2.043745648 13.722833656 -3.870754720 
-7.228932718 11.615984020 2.701703678 
-6.643808136 11.616947043 3.070355425 
-1.091920412 15.649084668 -0.402022279 
-1.174875657 15.512688466 0.174289754 
-7.892250805 12.957703901 -0.273735368 
-7.992665839 12.826153070 -0.144078522 
-2.700514430 14.935125054 -3.984247672 
-2.623794653 15.657567827 -1.625316074 
-7.088849546 13.165373154 2.230058908 
-7.702302802 13.678183825 0.080573374 
-1.169000055 15.523542290 0.429245485 
-0.914297170 15.531060489 -0.184981074 
-8.033703729 12.815952400 -1.204155724 
-8.195784216 12.712119697 -0.798207987 
-1.084320653 15.418663758 0.777642362 
-0.927434456 15.459246981 0.239602490 
-8.067045318 12.765779604 -1.074865410 
-8.114304618 12.771583528 -0.682810191 
-3.313324213 15.726509449 -0.517109582 
-0.684988392 15.503771511 0.857645986 
-5.663946009 14.433657207 -1.251633586 
-8.129677542 12.850113628 -0.234549276 
-1.015679541 15.425713995 -0.577606638 
-0.839422200 15.400196253 0.205023329 
-8.478695639 12.315638505 0.276294188 
-8.250482805 12.634901506 -0.214695770 
-0.956896555 15.478178072 -0.061227269 
-1.083216155 15.442702014 -0.822135198 
-8.056451763 12.803715440 -0.091783148 
-8.282181114 12.630025789 0.437703481 
-1.214417027 15.488278226 -1.005369865 
-1.162119374 15.494516731 -0.952866160 
-8.369228411 12.429539695 0.314225253 
-8.333655341 12.452443211 0.299173016 
-2.218214074 13.697494394 3.988921546 
-2.694744669 13.367935352 4.588041712 
-5.886331286 12.170234738 -3.522589215 
-5.567714285 12.208474092 -3.682961399 
-2.210767493 13.603289649 3.893452125 
-2.382449705 13.517427256 4.072102482 
-5.944574481 12.021435189 -3.484124071 
-6.229809153 11.942372382 -3.322617933 
-2.270708685 13.566175826 4.084929417 
-2.715676038 13.344405290 4.450662647 
-5.064491203 12.402913294 -3.643355690 
-4.743359426 12.668758855 -3.454434097 
-2.717143526 13.480114449 4.250914459 
-2.742492481 13.450523809 4.386087766 
-5.228525338 12.399186347 -3.597344451 
-5.522366446 12.286395202 -3.566765065 
-1.871704101 14.009697213 -3.543192768 
-2.215254621 13.833045258 -3.853842822 
-6.518757022 12.064050163 3.211968584 
-6.269715956 12.153775435 3.287776420 
-1.945800531 13.817020102 -3.740192098 
-2.210828530 13.724855769 -3.847788766 
-5.859492272 12.228970906 3.453069495 
-6.261658966 12.031325050 3.342767746 
-2.306336933 13.787697387 -3.840188492 
-2.221475536 13.841282453 -3.737396772 
-6.355432824 12.024892705 3.343341920 
-6.365964391 12.038453435 3.303291288 
-1.958473421 13.975480895 -3.505394372 
-1.926863538 13.960671215 -3.524476211 
-6.533254635 11.997391506 3.203357575 
-6.297028485 12.095184122 3.301162730 
-1.284130585 15.685637860 0.179935589 
-0.965330224 15.597852764 0.650287108 
-8.139841872 12.936459010 0.400034232 
-8.244861667 12.851749215 -0.056643611 
-2.139138781 16.003662951 -0.362538858 
-1.397521043 15.687996328 -0.055757958 
-8.003617362 13.030071207 0.679506867 
-8.027724235 13.014208957 0.628173090 
-1.560411950 15.641175989 1.003750326 
-1.339436990 15.677717197 -0.836575952 
-8.368095603 12.725719758 0.105426879 
-8.216736162 12.866956984 0.332170140 
-1.436472653 15.691122954 -0.787209747 
-1.457216047 15.670013693 -1.156280887 
-8.326742881 12.765805121 0.084957153 
-8.328980225 12.775001823 0.028137049 
-1.963889772 15.084612901 -3.164827877 
-1.517268194 15.291596955 -2.130281637 
-8.157382952 12.832910801 0.332297973 
-8.238869814 12.742874153 0.421081762 
-1.989605969 15.693036386 -1.308634362 
-1.522456629 15.507597029 -1.337986144 
-8.555769174 12.589760100 0.016090103 
-7.057916190 12.867520113 2.531182162 
-0.850541586 15.366808789 -1.093483703 
-1.221161705 15.630550602 0.338902073 
-8.222124896 12.781968510 0.164273594 
-8.139741128 12.866108332 -0.043034909 
-0.986034497 15.370447104 -1.103459457 
-1.099725231 15.325097085 -1.432899317 
-8.272265232 12.719232932 0.304079226 
-8.259519322 12.745088040 -0.066742077 
-2.179263222 14.328036228 2.765963943 
-1.982246419 14.259464129 2.706996707 
-5.584589850 12.660871772 -3.264002862 
-4.695768636 12.775382514 -3.266957720 
-4.147863029 12.240677128 5.228012237 
-3.907108195 12.281971503 5.324227345 
-3.608148071 13.010788516 -3.160023851 
-3.973387139 12.787546438 -3.329586928 
-3.644668197 12.355215820 5.080031443 
-3.697578652 12.372216417 5.126744265 
-5.929002984 11.732122439 -3.712828045 
-6.032358781 11.761162856 -3.738823568 
-4.902048985 12.206713489 5.302135476 
-5.068415858 12.140800309 5.274394452 
-7.757556350 11.232432951 -1.923984197 
-7.789160080 11.209858922 -1.979675307 
-2.630181568 13.265570850 -4.040754557 
-3.032246065 12.949740803 -4.775774570 
-4.840791917 12.662039706 3.319878001 
-4.949838042 12.180606054 3.775444204 
-1.651657803 14.350996610 -2.665764663 
-1.801020386 13.999647878 -3.391988114 
-6.663991141 11.977018258 3.090080238 
-6.545578732 12.003013600 3.186724024 
-1.314076320 14.230925741 -2.504460589 
-2.024667004 13.892673338 -3.632702741 
-7.016463750 11.950762627 2.781414006 
-7.439190873 11.804012576 2.257436516 
-2.042269156 13.872852515 -3.671541337 
-1.876685836 14.003190490 -3.568277781 
-6.760923920 11.936606954 3.042104115 
-6.885759382 11.918506735 2.924218715 
-1.478911257 15.496527788 1.372892634 
-1.455614260 15.480349574 1.430088295 
-7.932758179 13.004961562 -0.187732421 
-7.816507479 13.004062203 0.141690464 
-1.212163746 15.153925323 1.955752751 
-1.174539211 15.302603706 1.586781590 
-8.184120802 12.544713215 -1.215425523 
-8.230688043 12.492961626 -1.261183080 
-2.396109299 15.791532946 -1.165812660 
-1.436797381 15.566925477 -1.782858231 
-7.216131344 13.994621518 0.311272248 
-8.236528005 12.754966246 -0.632229827 
-1.665901839 15.775906875 -1.258251676 
-1.670829647 15.707859166 -1.579136945 
-7.528607566 13.547801377 1.736360214 
-7.987271068 12.648483156 -1.515429590 
-1.063307528 15.463229398 -0.695454058 
-1.067732143 15.457436685 -0.727065875 
-8.213112424 12.670194626 0.025017645 
-8.126933679 12.721793647 -0.296518759 
-1.567412321 15.385215051 2.294584621 
-0.937046300 15.134281524 -2.866722731 
-8.091110915 12.700097670 0.297805866 
-8.514710994 11.753047622 0.278037364 
-1.273734307 15.566520534 0.776417312 
-1.351647309 15.641985483 1.206281531 
-8.065038508 12.836235412 -0.513904662 
-8.270952579 12.810602759 -0.166363367 
-3.209981724 15.869839009 0.640513182 
-1.861779425 15.783484372 -0.550890832 
-8.106833283 13.088103395 -0.480673649 
-8.259980389 12.802323029 -0.023182462 
-1.428730648 14.135338375 2.979829082 
-1.315414613 14.102705435 3.016930179 
-5.970584107 12.053476069 -3.565314022 
-6.340760485 11.896360096 -3.438896333 
-1.581098284 14.090833305 3.121788959 
-1.925711312 13.932589074 3.465247026 
-6.135388864 12.059171804 -3.447054541 
-6.096750094 12.100624803 -3.433753977 
-1.568228746 14.059814531 3.340513811 
-1.284854152 14.342843458 3.258579488 
-6.458964396 12.008298621 -3.305640283 
-7.508550114 12.039726873 -1.993511013 
-1.416640589 14.455286100 2.564811154 
-1.359222911 14.338880364 2.816295085 
-6.962112813 11.973516434 -2.849892204 
-7.159054989 11.850875908 -2.738832525 
-2.163768053 13.743988644 -3.750546793 
-2.548954146 13.497881222 -4.233633052 
-6.200509374 11.948868223 3.439949599 
-6.132207575 12.019088609 3.407554830 
-2.070402743 13.812647853 -3.537869100 
-2.523283096 13.576887678 -4.024976238 
-6.601802151 11.836589340 3.193528943 
-6.701386504 11.731065432 3.225505703 
-3.756352571 13.324393494 -4.913529042 
-3.556398490 12.924938736 -4.808472615 
-3.887287161 13.065175478 3.376110091 
-5.218840903 12.678181064 3.376426902 
-1.742471528 13.876010361 -3.138927223 
-4.542530293 13.315983523 -4.540454894 
-5.488953235 12.364734752 3.301980376 
-3.287118382 13.868215001 2.710120942 
-1.483110730 15.824599764 0.112156522 
-1.062826298 15.504208627 0.187928605 
-8.252318191 12.651400267 0.452731729 
-8.376424683 12.534022467 0.376996158 
-3.122541312 15.958118911 -0.971496279 
-3.398816274 15.894351533 -1.284615113 
-4.854316342 15.027797420 1.209444378 
-4.607811887 14.725078725 2.316262401 
-0.932436894 15.599123770 -0.355526871 
-0.934689557 15.595546973 -0.165985938 
-8.471226840 12.367201464 -0.232915336 
-7.909950495 12.936687589 -0.474022733 
-1.045601764 15.553793997 0.298837512 
-1.039802402 15.564082565 -0.007610235 
-8.418575207 12.510526260 -0.577433220 
-8.319137673 12.599750991 -0.697361835 
-2.378773474 15.536586392 2.809681633 
-2.163909717 15.678809748 1.213109445 
-6.458237382 14.146729837 -1.436960827 
-7.840652900 13.172244797 -0.665297190 
-1.124452817 15.701568802 0.667049108 
-1.162349337 15.603168692 0.089257403 
-7.933131454 13.005895526 0.064124621 
-7.942676181 12.929658631 -0.265964945 
-1.018742639 15.541456333 0.065656362 
-1.196375541 15.540024847 -0.361433339 
-7.816544626 13.001076177 -0.475312059 
-7.968521426 12.887446729 -0.251607134 
-0.729269981 15.564112790 0.154431544 
-1.196942803 15.577474252 -0.387818536 
-7.894169769 13.009114206 -0.474028510 
-8.073622378 12.915353259 0.070847368 
-2.068980023 13.849901983 3.599708515 
-2.058153473 13.711360418 3.814717438 
-5.901485921 12.201980836 -3.411748610 
-6.201968495 12.053333194 -3.404505589 
-1.600713136 14.028316746 3.256757020 
-1.874022218 13.906159763 3.546320481 
-6.448118910 12.019190762 -3.216242802 
-6.517469098 11.980343319 -3.170770081 
-2.177280540 13.786852907 3.755195639 
-2.257666207 13.666509461 3.973959753 
-6.352915304 11.930391785 -3.344872528 
-6.694906333 11.835408817 -3.121813883 
-1.914740549 13.810580979 3.616936259 
-1.940942415 13.723996233 3.773552515 
-6.262947824 11.959514483 -3.371898817 
-6.357460095 11.974680631 -3.263844288 
-2.147477389 13.536225213 -3.972277485 
-2.292619001 13.585188592 -3.966548455 
-5.564617146 12.066993278 3.643599258 
-6.190916381 11.879613314 3.448957458 
-2.622269829 13.394803697 -4.387530766 
-2.646595917 13.412574281 -4.393509536 
-5.336856417 12.274416923 3.620266391 
-5.644259890 12.171099210 3.572733388 
-2.579922683 13.520332023 -4.175916457 
-2.674504137 13.423019456 -4.351158978 
-6.020572890 12.001651280 3.509624673 
-6.090792586 12.015869426 3.436948593 
-2.563425685 13.334736723 -4.410996022 
-2.615847224 13.379890685 -4.331094646 
-6.016411989 11.968007803 3.531036141 
-5.885986950 12.016995344 3.555840150 
-1.285649708 15.643003671 0.062201082 
-1.209984387 15.657920410 -0.402238557 
-7.980799587 12.997836687 0.861666433 
-7.995497338 13.020876306 0.653516151 
-1.486404368 15.647133701 -1.386349018 
-1.538773761 15.602832760 -1.791483574 
-7.909362608 13.064060221 0.849212241 
-8.127470202 12.924065897 0.489913243 
-2.100809043 15.953681656 0.564185881 
-2.641971948 15.804250832 1.405529023 
-7.927348552 13.267354465 0.498167666 
-7.415495154 13.980676701 -0.346128373 
-1.520056146 15.821059481 -0.985996585 
-1.836577709 15.878468441 -0.992846288 
-7.498474732 13.847481304 0.816917886 
-7.202226683 14.067912448 0.874514521 
-1.810608641 15.195425678 3.233595711 
-2.001693957 15.658633378 1.257864904 
-9.005546430 11.978539334 0.103630259 
-7.373724614 13.705577667 0.518540616 
-1.796133149 15.320459077 2.893551171 
-1.888257243 15.330065794 2.871618205 
-8.246237332 12.605770826 -0.822418123 
-8.146922443 12.695823848 -1.109419195 
-2.059632325 15.794073105 0.265695514 
-0.927927281 15.379468415 2.193236018 
-8.355564811 12.677536331 -0.504637873 
-8.293084409 12.608035464 -1.007370678 
-0.454709863 15.661226525 1.042508516 
-1.022899561 15.885126421 0.512824513 
-7.344736301 14.202822303 0.766840867 
-7.961887092 13.522502420 1.300052003 
-1.277094579 14.155588672 3.247489245 
-1.389028837 14.050924259 3.598188276 
-6.320866658 12.418508622 -2.880730753 
-6.227116564 12.401212771 -2.974342258 
-1.666131420 14.214976009 2.310714004 
-2.925340575 13.468648311 4.613473119 
-3.657391300 13.073827614 -3.084580283 
-5.337059895 12.675993188 -3.101914974 
-2.091973455 13.742510914 3.746970757 
-2.771373609 13.484150678 3.801797805 
-5.801000748 11.692550517 -3.583542142 
-6.131841761 11.065123150 -3.676521542 
-1.517287255 13.870373494 3.849129174 
-1.333558905 13.940637587 3.681955998 
-7.095695212 12.040330985 -2.814058990 
-7.109587821 12.067203400 -2.800665693 
-2.194062366 13.779861182 -3.950253776 
-2.188431790 13.790531962 -3.940062647 
-6.473672437 12.072830705 3.170618040 
-6.210825230 12.085594652 3.389614171 
-2.252021552 13.831850723 -3.880865813 
-2.119303413 13.551799293 -4.283163895 
-6.524153356 12.012155497 3.233767343 
-6.920688733 11.864665127 2.994643922 
-3.275657767 13.389825709 -4.113370174 
-3.374643373 13.145332562 -4.238624183 
-5.388915208 12.226272655 3.612679444 
-5.148702445 12.279597622 3.629386027 
-1.927213596 14.628834155 -3.026536383 
-2.771370203 13.273050357 -4.195054131 
-6.705238929 12.359546974 2.610409697 
-7.078433701 12.286145381 2.633996297 
-1.190897379 15.658093062 -1.014680362 
-0.807797150 15.629294852 -1.068924906 
-8.277270292 12.815215716 0.283132911 
-8.218998331 12.868534659 0.178632336 
-2.072561583 15.985478785 -0.810178526 
-1.306116805 15.658713808 -1.078304950 
-8.158373907 12.914473045 0.396189347 
-8.193887319 12.892397837 0.264838271 
-1.380367681 15.645454701 -1.373432188 
-1.295624672 15.678083524 -0.740110236 
-8.351004534 12.737298388 0.201922814 
-8.184012074 12.884213092 0.429872378 
-1.398719285 15.686842637 -0.692682437 
-1.108076550 15.637420823 -1.151733966 
-8.275157632 12.811431619 -0.047728862 
-8.336718464 12.753436696 -0.099276731 
-0.926181423 15.505412174 -0.458726624 
-1.445379835 15.654784312 0.529364351 
-8.209360211 12.795665271 0.256527309 
-8.129701137 12.882030099 0.067455429 
-1.154308352 15.620102578 -0.002918882 
-1.207767378 15.619754135 0.102083794 
-8.165383076 12.809341558 0.496197126 
-7.258030665 12.946471432 2.121863505 
-1.183217655 15.630517617 0.304671281 
-1.103798252 15.601360892 -0.273623176 
-8.182392990 12.823926831 0.106771888 
-8.202077177 12.801612347 0.049230410 
-1.161770242 15.627031706 0.127425072 
-1.260082525 15.635782453 0.173273102 
-8.295097322 12.689853041 0.404906420 
-8.311852051 12.681447141 0.284780593 
-0.944131637 14.461446452 1.532536382 
-2.310795569 13.163420489 4.631112136 
-3.521739819 13.929157280 -3.269626372 
-5.367571478 12.323111255 -3.452374159 
-1.598524496 14.491474647 3.009617531 
-2.155009705 14.822670353 3.392814665 
-4.152112774 12.983449964 -3.305946111 
-4.894560094 12.377127945 -3.740389827 
-3.280168706 12.599892032 4.916941607 
-3.107633455 12.709734062 4.782576020 
-5.621111205 11.957887557 -3.809201557 
-5.756112190 11.892545718 -3.719477532 
-2.210011095 13.429055231 4.225139401 
-3.062377380 13.083269946 4.728439356 
-7.092312141 11.515239256 -2.881625131 
-7.023596188 11.540784763 -2.923225552 
-1.895837223 13.909460993 -3.590677331 
-1.845090653 13.927579448 -3.584487583 
-6.603280744 11.874380854 3.015029685 
-7.365110183 11.290434302 2.295259609 
-1.772589130 13.930932888 -3.500201970 
-1.720111667 14.066759070 -3.279923907 
-6.968100934 11.886338748 2.886414038 
-6.870412581 11.882118940 2.992021469 
-1.966407534 13.813958179 -3.790237469 
-1.940395724 13.846722692 -3.718769477 
-7.654345310 11.659765621 2.164814859 
-7.268443834 11.727660271 2.682153375 
-2.074088049 13.849753791 -3.747479986 
-2.036092967 13.866589347 -3.695110321 
-7.193139679 11.794797728 2.712612897 
-7.055690199 11.881504965 2.775186614 
-1.261551491 15.719408053 -0.471890960 
-0.837436325 15.537770651 -1.200761165 
-8.008853245 13.051517128 -0.602173319 
-7.670223491 13.108510740 0.110211996 
-0.742164006 15.454187401 0.159426675 
-0.770933664 15.437415306 0.325316297 
-8.380258496 12.438982981 -0.722448474 
-8.401679425 12.422204057 -0.595203773 
-0.817320371 15.474458146 -0.333079980 
-0.444388589 15.340306199 -0.361791212 
-8.407509463 12.495327154 0.003988315 
-8.340831667 12.517592637 -0.956702079 
-2.229339721 15.530309612 -2.063012127 
-1.895531413 15.671603061 -0.780576012 
-6.476108933 14.033269179 1.585795349 
-8.207477262 12.118897261 0.785879411 
-1.139995329 15.470070196 -0.611568018 
-1.220185149 15.493398589 -0.495224010 
-7.573502630 13.054818429 -0.971572914 
-8.182963271 12.690312901 0.330645585 
-1.212326993 15.446066135 -1.131805086 
-1.225930647 15.456776488 -1.099024218 
-8.146604139 12.630131630 -0.082953422 
-8.194414914 12.688939990 0.314853916 
-1.251984355 15.798732549 -0.039442136 
-1.450240497 15.922344206 0.618944775 
-7.687518439 13.349848134 -0.780819249 
-7.826667804 13.643491369 0.156661145 
-1.643890014 15.814030904 0.594283459 
-1.686097866 15.721449086 1.535956729 
-7.363528392 13.551110140 -1.473743970 
-7.881274752 13.235614950 -0.846155958 
-2.480695076 13.731478032 3.914673934 
-2.434412112 13.789076120 3.783558250 
-5.268605687 12.455635181 -3.505961817 
-5.394381151 12.327510816 -3.603661986 
-2.069433773 13.905436339 3.584969293 
-2.386891522 13.749425018 3.865048405 
-6.063867416 12.071522191 -3.490244191 
-5.595904456 12.289966236 -3.568038723 
-2.411563018 13.730942253 3.867744471 
-2.650165793 13.556118946 4.065875974 
-5.756174088 12.267605356 -3.493250783 
-5.834934606 12.169486359 -3.515288461 
-1.607998258 14.330685534 2.948649190 
-1.931557937 14.902249578 2.624733171 
-6.215441954 12.293714954 -3.179396427 
-7.114111114 12.883241248 -2.185566584 
-2.216289592 13.716581935 -3.825743644 
-2.547537081 13.494097616 -4.203551485 
-6.655661896 11.787892727 3.202837500 
-6.297815467 11.921777638 3.371400054 
-2.677951229 13.405644708 -4.339835486 
-2.539004514 13.427203229 -4.311555657 
-6.707979363 11.750161786 3.206240483 
-6.596174383 11.788152849 3.262760476 
-2.417847026 13.392243597 -4.209972339 
-2.416013560 13.447700732 -4.000900653 
-5.748268716 12.017042467 3.539172014 
-5.801486389 11.956476762 3.534725250 
-2.515970039 13.542864667 -4.158285287 
-2.716145446 13.993385373 -3.525365387 
-5.824632005 12.119658270 3.525231724 
-6.168215860 12.725616116 3.059730454 
-1.770915734 15.443407760 -2.590646736 
-1.406249407 15.529487284 -1.901211512 
-8.182870940 12.680454375 0.146247936 
-8.095019638 12.807959898 0.261414682 
-2.324398586 15.965243883 -0.649264261 
-3.319461208 15.911145021 -1.339766912 
-7.543348868 13.652153346 0.032767687 
-4.473438672 14.788609207 2.150212518 
-1.246584677 15.481720023 -2.090124394 
-1.159179207 15.522526867 -1.693364367 
-8.218158369 12.631566800 -0.274353285 
-8.146685704 12.760639138 0.139686991 
-1.646606158 15.417107562 -2.658788570 
-1.578208948 15.454939795 -2.445430123 
-8.218725771 12.631034622 0.320709808 
-8.191227194 12.665388360 0.468289602 
-1.308289022 15.672467684 0.650874676 
-1.274168822 15.665502264 0.830736347 
-7.852326036 13.104976931 -0.960205990 
-7.668978726 13.219769667 -1.048887360 
-1.302180854 15.683812915 0.519940721 
-1.420929286 15.673827866 1.012337804 
-7.897368166 13.087204292 -0.821292995 
-7.977077656 13.020900945 -0.777723448 
-1.513076035 15.675476186 1.035624942 
-1.454993025 15.673397638 1.019718728 
-8.189030224 12.872713645 -0.573542876 
-8.337079588 12.705270880 -0.814936012 
-1.349382586 15.681006763 0.566065446 
-1.431186881 15.633240979 1.526730976 
-8.026429406 12.976029127 -0.714979861 
-7.951260160 13.064247666 -0.746735601 
-2.934210371 13.427418829 4.481260177 
-2.378300062 13.776207407 3.871581095 
-6.778830801 11.786473219 -3.174640041 
-6.405466748 11.952824423 -3.356083790 
-2.777264115 13.548226839 4.257324550 
-2.596220569 13.637357164 4.070794145 
-6.710029170 11.874105099 -3.102318724 
-6.447906157 11.985572569 -3.264884068 
-1.443429040 14.757614132 2.725017174 
-2.792207367 13.322313317 4.480103620 
-6.555531153 11.963124121 -3.214501789 
-7.531945784 11.869208944 -2.096640443 
-2.994949200 13.453453408 4.389953026 
-2.976364889 13.440915590 4.352650384 
-6.380883150 12.038605419 -3.287747064 
-6.263363056 12.040130988 -3.369442387 
-3.501803503 12.930910701 -5.003680587 
-3.565224775 12.944242863 -4.990845817 
-6.346349778 11.909657123 3.401099623 
-6.325581314 11.947865985 3.377176060 
-2.866887799 13.262576852 -4.717791359 
-2.820319928 13.253496025 -4.746155704 
-6.302476379 11.893084415 3.418258358 
-6.516024062 12.118972754 3.233111118 
-2.202084532 13.906750872 -4.010456175 
-2.232408446 13.941864974 -3.769342349 
-6.874446456 11.399965257 2.914012211 
-7.147621204 11.346407384 3.226866634 
-2.930410275 13.125496239 -4.841316858 
-2.793721661 13.234054698 -4.675598337 
-6.528752125 11.831694665 3.300749282 
-6.328963388 11.931845842 3.366010000 
-1.258361786 15.712746652 -0.681099491 
-1.306113727 15.614894784 -0.096952911 
-7.859495975 13.034334516 0.209250450 
-7.753109954 13.070137792 0.790080836 
-2.004308258 14.937454482 -4.088068930 
-2.073794703 15.720492758 -0.960610201 
-7.601621121 12.628086368 2.184756007 
-7.744310718 13.197602443 0.859824664 
-0.983767894 15.584502107 -0.186083340 
-1.075045404 15.592610434 -0.198061960 
-8.136364203 12.862764951 -0.124789939 
-8.191786068 12.813914757 -0.355750051 
-0.950503870 15.537549624 -0.204917563 
-0.985894650 15.545944203 -0.200810410 
-8.095668032 12.846150679 -0.012470394 
-8.125816305 12.807434238 -0.580773864 
-3.243905425 15.945726367 1.154151559 
-3.416327904 15.877592768 1.498324899 
-5.331970830 14.945180140 -1.038027942 
-4.589575277 14.767508228 -2.185889782 
-1.518938556 15.833132187 0.100390580 
-1.561412959 15.739972349 0.312792158 
-8.210307195 13.104112181 0.525825803 
-7.467909980 13.637868674 -0.672787583 
-0.960953108 15.550390952 -0.085738513 
-0.999594190 15.540074894 -0.345038796 
-8.109500959 12.758275159 -0.104840790 
-8.332184312 12.586199536 0.416157231 
-1.113021826 15.561568082 -0.793251820 
-1.046413484 15.579566559 -0.463772675 
-8.179873768 12.718589288 0.609624452 
-8.215590299 12.656805889 0.737150244 
-2.661601561 13.400999448 4.344788299 
-2.444975931 13.503907749 4.172459385 
-5.534471713 12.215238837 -3.584930507 
-5.173275697 12.339464949 -3.631461878 
-2.621840882 13.367491111 4.310985826 
-2.235205931 13.516663870 4.049157882 
-5.251536684 12.210421498 -3.644762995 
-6.462962449 11.812918219 -3.275727968 
-2.367120845 13.596158345 3.958416095 
-2.579906867 13.413617536 4.269207833 
-5.064290250 12.305696439 -3.689623028 
-5.370743371 12.221984513 -3.635972029 
-2.430945216 13.565989169 4.084652414 
-2.935854619 13.448027222 4.269576927 
-5.657637208 12.185276677 -3.547922270 
-5.293270372 12.356930280 -3.555176109 
-1.673982250 13.976587357 -3.446144191 
-1.209741580 14.124437015 -2.937308652 
-6.481038817 11.972538448 3.219246055 
-6.286565122 11.987305365 3.357232642 
-1.949158432 13.872329487 -3.557154955 
-2.081895920 13.716087697 -3.826609299 
-6.177317739 12.069629022 3.333237381 
-6.375958917 11.932927587 3.352690289 
-1.692777058 13.922010144 -3.346378947 
-2.655921496 13.489475251 -4.207640523 
-6.154505530 12.057723594 3.353126526 
-6.564050691 11.825205999 3.250729233 
-2.261169862 13.663195964 -3.937054002 
-2.180522430 13.727068447 -3.834418641 
-6.416854889 11.940826274 3.276028749 
-6.251868796 12.031658460 3.322550454 
-1.350393401 15.690544993 -0.737242952 
-0.799523438 15.389024650 -1.191218136 
-8.170779197 12.920205371 0.250152170 
-8.330680927 12.423802332 0.073040597 
-1.522978083 15.736878845 -0.382363337 
-1.383438626 15.735412039 -0.049621739 
-8.072541652 13.043005976 0.338782331 
-8.005738633 13.091745433 0.669717302 
-1.412490569 15.679453048 -1.212884046 
-1.495777770 15.710463356 -0.749941192 
-8.023335509 13.041273011 0.663932593 
-8.117759513 12.977000362 0.507312624 
-1.264531666 15.669114594 -1.048413267 
-1.405319911 15.621253605 -1.673752551 
-8.243855826 12.859664159 -0.129568700 
-8.260751999 12.840545266 -0.151238905 
-1.327744919 15.629892278 0.442716672 
-1.272897131 15.615982878 0.186480877 
-8.151689883 12.821751419 0.203182009 
-8.296953882 12.674458623 0.127411809 
-1.299968819 15.638117522 0.314726289 
-2.293400409 14.964220640 -4.013585656 
-6.979263331 13.384402254 2.424958137 
-6.982867438 14.142342336 1.205818468 
-1.447445934 15.650732585 0.318907218 
-1.269026435 15.632324832 -0.031577636 
-8.269092192 12.694186789 0.647924786 
-8.301643874 12.692890897 0.395827607 
-1.269232299 15.627205089 0.437887915 
-1.244901038 15.583011143 -0.468263073 
-8.370194478 12.592939354 0.541731028 
-8.308193367 12.683667026 0.209222684 
-0.899104543 15.056693154 -0.575566630 
-2.429100253 15.014066234 1.943753396 
-8.319806096 11.808987889 -0.600013048 
-7.974177885 11.047982347 -2.341499866 
-1.699982710 13.574962253 3.641481361 
-1.660055262 13.606011009 3.548804501 
-6.623396377 11.978620236 -3.060965605 
-6.591227930 11.961637921 -3.107096280 
-1.430504165 13.774302023 2.957962411 
-1.544384092 13.727874264 3.110275045 
-2.711688742 12.844550964 -2.979926285 
-3.893686275 12.824547874 -3.204278010 
-1.364534998 14.221341368 3.205611524 
-2.708120315 13.649382780 3.976484964 
-6.438236795 11.935227209 -3.192986957 
-5.398964867 12.745120295 -3.681926054 
-1.459874380 15.017721487 -1.370830969 
-0.354452712 14.589633645 -0.334915930 
-6.915292328 12.731832139 1.819527478 
-5.608402673 12.313216331 3.472207881 
-3.546431883 14.655501637 -3.369593413 
-2.851552071 13.792499540 -3.780137287 
-6.724383536 12.510530906 2.907139880 
-5.826236571 12.349596647 3.623026718 
-2.880026008 13.404526121 -4.157486975 
-2.649812667 13.496336443 -4.017922010 
-6.073471295 12.134352492 3.562077357 
-6.167773407 12.108425117 3.511333338 
-2.601303911 13.430097619 -4.235428957 
-2.612869718 13.157979087 -4.473767514 
-7.977094235 10.810847074 2.488304194 
-7.329015068 10.915196985 3.235624541 
-1.473678827 15.697993249 -0.263730597 
-1.475985471 15.648582508 -1.303983722 
-8.420044428 12.495620868 -0.138297646 
-8.240439992 12.830758964 -0.227904209 
-1.572285724 15.700706332 -0.084813176 
-1.480396510 15.693697563 -0.203898361 
-8.228663498 12.851029637 -0.013560367 
-7.593345860 13.127275667 0.762627351 
-3.053939255 15.437782167 -2.694056610 
-0.883816318 15.517475164 -1.065068048 
-7.803521132 13.296317572 0.765883419 
-8.399105218 12.645783268 0.104995470 
-1.269475680 15.921659647 -0.433650392 
-1.622484745 15.939736614 -0.652590806 
-6.352021024 14.528050543 0.266776927 
-7.730982217 13.253232694 -1.571599238 
-1.244623777 15.596363087 -0.807795499 
-1.276520813 15.596889856 -0.849917310 
-8.193947476 12.882346169 -0.298740398 
-8.153346203 12.905085394 -0.473356287 
-1.208652977 15.590868576 -0.836293613 
-0.298540095 15.198859056 0.474125792 
-7.316605003 13.307817901 -1.284450852 
-6.369123544 14.352525238 -0.803980566 
-2.029822034 15.511119547 2.144010033 
-2.052913622 15.729391592 1.518010534 
-6.972205864 13.563521968 -2.348050763 
-7.653310272 13.365882714 -1.665191613 
-1.275992125 15.658204012 -0.204330452 
-1.341714226 15.650614170 -0.399511825 
-8.146568586 12.930107916 -0.109621354 
-8.185633448 12.895729562 -0.174647507 
-1.630171830 14.121789368 3.168172893 
-1.674909778 14.087263458 3.237730928 
-5.933606547 12.194471831 -3.478997588 
-6.076538662 12.151797820 -3.415506182 
-1.572818555 14.175399034 3.046843198 
-1.497694273 14.153718741 3.062109208 
-6.471261829 11.974728049 -3.287945766 
-6.618242518 11.925923857 -3.202606125 
-1.686162311 14.141220152 3.188505487 
-1.526285106 14.296292747 2.975311115 
-6.571616811 12.062140080 -3.048585019 
-6.775273561 11.990801708 -3.042607808 
-1.839537836 14.047616198 3.357625769 
-2.070743356 14.032513913 3.671991830 
-6.706891096 11.849311583 -3.205466241 
-6.878746541 11.813826164 -3.047545083 
-2.391925091 13.653150459 -4.120808349 
-2.671291242 13.479801839 -4.409581990 
-6.933541998 11.797071036 3.050325758 
-7.075595162 11.787233714 2.881088903 
-2.312180145 13.779494102 -3.847878965 
-1.854110345 13.746066904 -3.566634139 
-6.850831594 11.833016962 3.101878267 
-6.954507173 11.830673717 2.965762282 
-1.564650341 14.554997347 -2.777479330 
-1.906664299 14.026426084 -3.579390139 
-7.305717302 12.069552870 2.457136024 
-7.198693503 11.861027607 2.634239894 
-2.119830109 13.843381293 -3.720559918 
-2.333617021 13.631526929 -4.150106789 
-6.848706168 11.872456120 3.047776496 
-6.889264002 11.811681485 3.084055794 
-0.978422521 15.438111844 0.376027494 
-1.069086328 15.478083896 -0.066371757 
-8.043929014 12.661760471 0.745903074 
-7.990301012 12.642473700 0.919747637 
-2.178118835 15.612505699 -0.864944436 
-1.744968026 15.562111531 -0.359179131 
-5.212112810 14.504364070 1.571706737 
-6.402877445 14.006019078 1.497003934 
-0.973879614 15.545493691 -0.082474776 
-1.079311209 15.532159493 0.413018449 
-8.323608862 12.460955084 -0.385209230 
-8.321100141 12.459987049 -0.390051792 
-1.020373159 15.489945148 -0.105899315 
-0.712045378 15.446339641 -1.027143864 
-8.173471192 12.719686505 -0.503151926 
-8.298561075 12.608332836 -0.419972911 
-2.773728340 14.945017338 3.728505810 
-2.376496329 15.766450665 1.024702365 
-6.068911983 13.762858063 -2.488624206 
-6.473507967 14.304512325 -0.991514407 
-1.043721969 15.630333049 0.031853997 
-1.026248313 15.496708075 -0.243422772 
-7.952946916 12.909782734 0.302373870 
-8.034597181 12.795555030 0.439132458 
-1.019840602 15.452492738 -0.536098967 
-1.303531598 15.365630624 -1.304238050 
-8.020086034 12.828283176 0.831716880 
-8.076848819 12.790315486 0.349403585 
-1.184379860 15.482372270 -0.901694061 
-1.136202208 15.512543280 -0.603551936 
-7.969291528 12.897437806 0.017216204 
-8.132321400 12.753877382 0.924647141 
-2.046669493 13.799046265 3.738975572 
-2.160100792 13.663811444 3.931924294 
-5.484149864 12.381638124 -3.513027823 
-6.558252721 11.853521738 -3.070230562 
-1.853393881 13.985209597 3.553936783 
-2.169172032 13.802808140 3.841625684 
-5.761899556 12.386684327 -3.444909889 
-6.209407797 12.171998184 -3.331072583 
-1.775791959 14.023663428 3.388687454 
-2.330628092 13.786888727 3.870786103 
-6.233030143 12.057947127 -3.398492779 
-6.470513668 11.960005435 -3.306052410 
-2.019849742 13.849786996 3.726055469 
-2.203070103 13.802692817 3.811455560 
-6.120336892 12.108868329 -3.437527783 
-6.344431868 12.008982269 -3.360423892 
-2.072251665 13.605614815 -3.887323852 
-1.878402769 13.774479041 -3.540057228 
-5.324346032 12.279217296 3.584935021 
-5.981912894 12.002453097 3.463675793 
-2.186782290 13.653257838 -4.055076294 
-2.467952454 13.446110999 -4.427026761 
-5.997407737 12.119764005 3.496897333 
-6.112701173 12.059869122 3.461310595 
-2.696576488 13.526173207 -4.198413001 
-2.967555664 13.336153797 -4.520857956 
-6.303963914 11.975226489 3.357798827 
-6.406047465 11.923450010 3.318373458 
-2.621748225 13.428612196 -4.312208285 
-2.616585797 13.441955790 -4.290253828 
-6.360647289 11.883039548 3.384766423 
-6.157901508 12.017977897 3.397372518 
-1.365986336 15.701402564 -0.261479519 
-1.389387942 15.707110093 -0.254795617 
-8.199037739 12.907924541 0.191160063 
-8.229040764 12.835368528 0.318599463 
-1.261964481 15.629219805 -0.569594432 
-1.422794043 15.669982977 -1.218159446 
-8.239704335 12.767407523 0.107982288 
-8.276184548 12.821727337 0.179585736 
-1.304323989 15.517779917 0.854369919 
-1.180286819 15.513464217 0.742638628 
-8.179938267 12.816038776 0.517843664 
-8.229451629 12.775076411 0.346879780 
-1.341793246 15.682546615 0.094086464 
-1.351813866 15.688674151 -0.074807472 
-8.166246051 12.914905713 0.377501989 
-8.200861062 12.883030835 0.353139229 
-1.748300231 15.509510054 2.458822906 
-1.819091141 15.447047277 2.748906128 
-8.088484064 12.969613608 -0.010420200 
-8.302962658 12.717316559 -0.092533641 
-2.897750819 15.119554246 3.056964619 
-3.921638573 14.632061161 3.735847854 
-8.250120197 12.464648144 1.165435985 
-8.032036312 12.727099464 -1.770212089 
-3.064415679 14.923820239 -2.960046709 
-2.497985891 14.985610912 -2.725752716 
-7.735481631 13.334487648 1.853497254 
-8.009709397 12.980761790 1.801727335 
-2.426373189 15.566689398 2.843893462 
-1.297317835 16.004340388 0.262088352 
-6.539641129 14.208523990 1.299676680 
-7.670752483 13.429127122 -0.097097841 
-1.446292885 13.485334472 3.448313985 
-1.408965816 13.467653737 3.486003206 
-6.005122426 11.373421141 -3.572621527 
-6.150127429 11.318185242 -3.503136923 
-2.579507192 14.197084495 2.980022060 
0.070950128 13.551055893 1.968837479 
-3.510221775 12.408548726 -3.625427578 
-6.022866884 11.444025824 -3.475795299 
-1.988956439 13.931368793 3.832654392 
-2.274550527 13.381970969 3.965774542 
-6.536670852 10.698782669 -3.474853382 
-6.016428827 12.078225564 -3.502643283 
-0.844501780 14.441556390 2.348895736 
-0.980342417 14.454781756 2.312279156 
-6.010877254 11.596825652 -3.509051624 
-6.113547498 11.328823521 -3.511157073 
-1.850547766 14.038070807 -3.443174856 
-1.921483057 13.999286661 -3.522317644 
-6.965081643 11.918579322 2.873898429 
-7.074491639 11.869082312 2.807176489 
-0.206010548 14.705932897 -2.387171676 
-2.593983494 13.369234575 -4.961040167 
-5.215838453 13.081116467 2.564548784 
-3.719543937 12.803472644 3.340187436 
-1.716861148 13.965562805 -3.292934064 
-2.256684783 13.672181115 -3.973570712 
-6.198479144 12.004346488 3.461443166 
-6.379780569 11.996384667 3.351807489 
-1.827964348 13.733573160 -3.789255378 
-2.389751295 13.396410277 -4.365358163 
-5.674673146 12.069412056 3.655125676 
-5.991872456 12.016447458 3.528557454 
-1.542295760 15.630733823 -1.622998415 
-1.430673202 15.587346572 -1.880865452 
-8.195764953 12.878446406 0.379154036 
-8.208435103 12.863916796 0.447211582 
-1.487525230 15.613140434 -1.749992522 
-1.460621077 15.624837943 -1.633505890 
-8.124526726 12.928665310 0.575595374 
-7.968003670 13.034081852 0.776145061 
-1.450457298 15.610892517 -1.703699510 
-1.317340861 15.625371517 -1.516873647 
-8.231110577 12.844457001 0.319862877 
-8.171060654 12.895179050 0.503654893 
-1.530466790 15.582141681 -1.985245789 
-1.483098173 15.580624635 -1.952686748 
-8.187171715 12.867233706 0.549222573 
-8.144739070 12.917951636 0.522662596 
-1.416128853 15.645442824 1.116284906 
-1.489500820 15.644690174 1.234619014 
-8.190067416 12.862998296 -0.177437263 
-8.229526753 12.821988455 -0.046408475 
-1.564192434 15.616517051 1.565292064 
-1.539168449 15.623041777 1.501020603 
-8.076541748 12.961123251 -0.286365613 
-8.107646696 12.935566274 -0.199934820 
-1.188957276 15.644615324 0.775756124 
-1.192641988 15.650895722 0.456772118 
-8.245174035 12.795507561 0.267727466 
-8.194690418 12.853724046 -0.000298756 
-1.260050105 15.633335908 1.159037531 
-1.370556256 15.650502461 1.007011765 
-8.128583735 12.901688563 -0.392524637 
-8.115083356 12.904222954 -0.528025377 
-2.706376780 13.335007412 4.471729331 
-2.735244777 13.294645660 4.541042842 
-5.252943519 12.359182037 -3.558259891 
-5.721089303 12.199549737 -3.488324552 
-2.569563601 13.353645752 4.393152749 
-3.290329047 12.674995500 5.056019991 
-6.279804656 13.335697665 -2.267668037 
-6.812292305 13.000950495 -2.085593923 
-2.349975448 13.613230625 4.049085853 
-2.246300819 13.712588092 3.867803648 
-5.480433999 12.317249174 -3.526894206 
-5.130858012 12.443570792 -3.558883852 
-2.518330076 13.486889529 4.254919500 
-2.683714738 13.434738796 4.328607499 
-5.507066550 12.290849260 -3.536008124 
-5.632339030 12.221392407 -3.528225797 
-2.069023636 13.764421981 -3.837777823 
-2.409531162 13.241798089 -4.357869641 
-6.717222317 11.890686802 3.115351794 
-5.996404690 11.687733026 3.625428102 
-2.089407799 13.757066817 -3.875408765 
-1.993026898 13.845281853 -3.724568516 
-6.698189962 11.892043918 3.144903086 
-6.271286840 12.056950996 3.359055326 
-2.229591171 13.724198843 -3.928407175 
-2.361389715 13.686707139 -4.032979080 
-6.715939701 11.932405951 3.090197444 
-6.561227619 11.988646404 3.189081638 
-2.446590133 13.589326251 -4.169998200 
-2.339589289 13.637385398 -4.057639710 
-6.695502381 11.946449114 3.092862032 
-6.776722346 11.903723558 3.048626451 
-1.364836360 15.665528419 -0.992434598 
-1.514106598 15.587960018 -1.879044455 
-8.150198128 12.902955932 0.466005438 
-8.086899235 12.960995535 0.499310438 
-1.457243267 15.675027626 -0.983772543 
-1.436020606 15.667327521 -1.106099558 
-8.156831384 12.905232313 0.423646476 
-8.185504842 12.886474574 0.388476531 
-1.286234774 15.656217020 -1.031814323 
-1.294397137 15.648550253 -1.146048094 
-8.086644899 12.944661583 0.628941777 
-7.975513548 13.032439373 0.743811067 
-1.364288891 15.642154096 -1.327049875 
-1.306173020 15.587549873 -1.778939750 
-7.758956032 12.931093736 1.573417873 
-7.175970431 13.655112534 1.297482600 
-1.173522094 15.637641890 -0.440369061 
-1.354742227 15.660024432 -0.320835292 
-8.227872225 12.857652477 -0.374407276 
-8.256963835 12.822024747 -0.324945364 
-1.232609530 15.661155468 -0.073528248 
-1.225049395 15.671612192 0.293130856 
-8.154972787 12.903826435 -0.468566918 
-8.229441740 12.848297578 -0.276245044 
-1.235112269 15.610110516 -0.598944301 
-1.571682250 15.641926865 1.337163991 
-8.180577609 12.872079190 -0.343781367 
-6.822431961 13.634732924 -1.886153637 
-1.266169046 15.673301944 0.144784451 
-1.283258130 15.676671767 0.037160732 
-8.148342377 12.933103588 -0.033305657 
-8.137857832 12.944600335 -0.345022084 
-2.208097143 13.804574065 3.824823235 
-2.601048676 13.593130356 4.230799980 
-6.319890598 12.064416879 -3.313502603 
-6.306984959 12.098946240 -3.279521287 
-2.262134538 13.725686337 3.967516351 
-2.252764701 13.753407603 3.913297003 
-6.098837646 12.179450305 -3.363667512 
-6.071956616 12.203270985 -3.356714068 
-2.515670397 13.749075173 3.983391802 
-2.366496525 13.781752762 3.897839361 
-6.033010322 12.122006502 -3.476780255 
-5.890537451 12.227399061 -3.455432189 
-2.120672546 13.893696731 3.680079229 
-2.208919067 13.798903833 3.877683403 
-5.608868726 12.319693527 -3.523966176 
-5.886416027 12.206415937 -3.488523968 
-2.623193386 13.502287027 -4.335133141 
-2.927757799 13.342989185 -4.595568004 
-7.138468798 11.734733986 2.867875690 
-7.122516514 11.760621454 2.844674053 
-2.546709330 13.532255642 -4.252690889 
-2.429431525 13.594698604 -4.196215715 
-7.002662070 11.805227220 2.949759549 
-6.721068961 11.927255690 3.100364405 
-2.205939753 13.768226343 -3.880552466 
-2.045280303 13.891276641 -3.649726664 
-6.681621664 11.877010340 3.218714627 
-6.518148147 11.953622070 3.284627317 
-2.344372031 13.754141059 -3.908832269 
-2.465925351 13.651150760 -4.084693089 
-6.880569782 11.819351189 3.062225984 
-6.805062175 11.860050233 3.098604254 
-1.084041014 15.631253961 -1.167319559 
-1.174679092 15.665787562 -0.664829572 
-8.251290151 12.821350116 -0.297148392 
-8.247075573 12.835624539 0.012583998 
-1.206489588 15.625441487 -1.379267790 
-1.233777769 15.633684144 -1.283811057 
-8.366968836 12.695565534 -0.470139187 
-8.275310405 12.813624812 0.143487674 
-1.254453759 15.646581421 -1.134154985 
-1.345769796 15.652545599 -1.157034934 
-8.195560928 12.886817902 -0.001443569 
-8.243453919 12.845106704 -0.007470373 
-1.176013624 15.623482734 -1.370512292 
-1.202540811 15.660295770 -0.876379942 
-8.287913802 12.799810941 -0.060267804 
-8.267469695 12.814454115 0.343546821 
-1.054530846 15.652430314 0.253703698 
-1.328770347 15.674332053 0.283312280 
-8.237247107 12.842399974 0.049271039 
-8.263450136 12.824129811 0.083426689 
-1.308740179 15.673667680 -0.023396940 
-1.291057374 15.658791299 -0.213931557 
-8.238683501 12.850569035 0.072026077 
-8.196871206 12.883079122 -0.077656878 
-1.225318939 15.675079971 0.665468352 
-1.387008650 15.686126354 0.311348547 
-8.213546637 12.871798558 0.172500973 
-8.235670265 12.857103608 -0.008973767 
-1.442678790 15.696708043 0.438633489 
-1.334804797 15.674578502 0.211910315 
-8.250032193 12.814224204 0.429668802 
-8.222602878 12.855991150 0.246481538 
-2.255811257 13.797557450 3.833071540 
-2.104589073 13.857022500 3.721741510 
-6.216568507 12.132652212 -3.321478894 
-6.036090084 12.212117071 -3.380871447 
-2.081059221 13.860069942 3.705210478 
-2.125491692 13.866566195 3.704521713 
-5.893946083 12.344185854 -3.319463143 
-6.145168717 12.163908335 -3.347189398 
-2.254549685 13.769764630 3.871814642 
-2.361861666 13.729884531 3.957773859 
-6.055627387 12.233855321 -3.325284262 
-6.390295786 12.071322860 -3.247381116 
-2.536343379 13.640550524 4.106463410 
-2.025699395 14.537248382 3.016806106 
-6.446604462 12.075068267 -3.189426526 
-6.719100049 12.494556887 -2.511880832 
-2.507557818 13.587471990 -4.233648134 
-2.470628621 13.610845577 -4.158139167 
-6.890012777 11.869346869 2.939448029 
-6.747411307 11.898094556 3.058867907 
-2.360492977 13.647915828 -4.091800409 
-2.380965956 13.633610935 -4.141413629 
-6.949135406 11.860186678 2.907235933 
-6.868425923 11.855638475 2.996427058 
-2.139875460 13.714622480 -3.961335005 
-2.319694253 13.650415802 -4.065830053 
-6.389545786 11.237976874 3.637773490 
-6.069476782 11.494548501 3.705015504 
-2.704021442 13.006450269 -4.785459075 
-1.575000187 14.329095393 -3.188501668 
-6.902045917 12.489857415 2.459041178 
-6.524474267 11.380766165 3.490151996 
-1.352043324 15.689512097 -0.729347858 
-1.341103739 15.680663856 -0.648671439 
-7.629447794 13.254057792 1.047635929 
-7.782600612 13.194567287 0.747056765 
-1.521248362 15.686903150 -0.899451397 
-1.248783114 15.644862104 -1.138482498 
-7.798870556 13.127837343 0.975926112 
-7.862628046 13.097684954 0.904204896 
-1.487834100 15.650477769 -1.371524187 
-1.505065426 15.613711021 -1.745796886 
-8.200745356 12.869380217 0.345869729 
-8.166167519 12.914556018 0.122148130 
-1.287999419 15.654640136 -1.122066699 
-1.268362398 15.660471272 -1.068509862 
-8.160471459 12.901737736 0.409718160 
-8.185308435 12.886840907 0.354800834 
-2.477631811 15.959918085 0.654117997 
-3.415003496 15.885418982 1.445912119 
-7.501811738 13.680910687 -0.001017645 
-7.664514521 13.541006558 -0.164779003 
-1.222425733 15.580673751 1.116541451 
-1.094551450 15.584020773 0.248997679 
-7.470743173 13.296645129 -0.991374787 
-7.724527751 13.064247686 -0.898037941 
-1.063054287 15.465863972 2.035324782 
-1.536121901 15.551349487 1.841488528 
-7.911683727 12.928354393 -0.756990939 
-7.786674988 12.962667769 -0.948211372 
-1.106678679 15.585595803 0.786576456 
-1.120237363 15.592568464 0.649658032 
-8.129491861 12.776038145 -0.345387013 
-8.141925320 12.734614049 -0.304375369 
-1.906636645 13.734284936 3.802341865 
-2.176030560 13.588376721 4.140109751 
-6.210845957 11.937574847 -3.476196862 
-6.320604694 12.216008409 -3.330315258 
-2.202339150 13.720021773 3.875142213 
-2.213466322 13.758260382 3.813773349 
-5.363526362 12.278473127 -3.670103388 
-5.701122601 12.158649025 -3.573209794 
-2.453472260 13.465241844 4.370743810 
-2.454525526 13.405128250 4.434980749 
-5.865225184 12.094828185 -3.584976679 
-6.156802742 11.976774609 -3.472737280 
-2.134894572 13.945305874 3.903744037 
-2.340106699 13.857743709 4.006697206 
-6.689451451 11.476611673 -3.067558880 
-5.737957004 12.466808207 -2.982436147 
-2.454541246 13.635863695 -4.032994256 
-2.284787182 13.751710454 -3.874326660 
-6.246549188 12.072685396 3.324118648 
-5.839580008 12.254002163 3.458892476 
-2.821404009 13.471446478 -4.352864613 
-2.266236022 13.694915671 -3.928331387 
-6.510393015 11.975999707 3.267303946 
-6.349189068 12.018103679 3.342754724 
-2.985802933 13.269414492 -4.653059852 
-2.852313609 13.470435112 -4.387595960 
-6.661231362 11.914211569 3.167258015 
-6.484717949 12.007680038 3.260244166 
-1.537838425 14.694266508 -2.949054340 
-2.940462842 13.247154372 -4.675321116 
-6.843033188 11.917697269 2.983942411 
-7.258603657 12.912593488 1.113841013 
-1.157496030 15.456484197 1.005223250 
-1.245399923 15.447312941 1.126062001 
-8.326484930 12.445062524 -0.338504312 
-8.272596050 12.622874451 -0.455942783 
-1.121550839 15.478300811 0.534607085 
-1.050519584 15.480228638 0.441686533 
-8.142567047 12.736135742 -0.270024492 
-8.188449750 12.683715176 -0.132776199 
-1.649943721 15.807331430 -0.781476719 
-1.526807533 15.736622742 -1.404501599 
-7.272905797 13.604300246 1.564717150 
-7.624372866 13.490032582 0.710050040 
-1.525044280 16.036062955 -0.732215980 
-1.424779706 15.907860441 -0.998312346 
-7.559567166 13.426893365 0.873176793 
-7.862537806 13.286732683 -1.997493687 
-0.807315466 15.438526015 -0.231374247 
-0.912146490 15.412695319 -0.723700452 
-8.106031851 12.675666529 -0.092814600 
-8.340374484 12.470343215 0.752274183 
-1.243573862 15.722179676 0.455061774 
-0.893799195 15.543903725 1.155738477 
-8.010020869 13.042662348 0.618740501 
-7.780231508 13.047329423 -0.045475906 
-2.134672905 15.664204957 0.956740769 
-3.566835436 14.329484231 4.910357294 
-6.224468356 14.098905060 -1.804893047 
-7.595319667 12.317484224 -1.846822924 
-0.639624649 15.443663864 1.006913466 
-0.599623873 15.336456900 -0.237197647 
-8.105037886 12.726335201 -0.608798942 
-8.379339117 12.500640607 0.725486634 
-1.953906782 13.845892691 3.552366050 
-2.117905216 13.772003135 3.699430696 
-5.871534670 12.009716592 -3.609279465 
-5.862469895 12.033109018 -3.582949465 
-1.658427716 14.034953226 3.151492882 
-1.869138886 13.886677289 3.487986241 
-5.227885933 12.284539271 -3.649699869 
-5.412802784 12.268889687 -3.579674565 
-2.151964497 13.769740504 3.722944527 
-2.262569893 14.207221372 3.072801400 
-5.721799294 12.176145354 -3.554763561 
-6.089211339 12.743480068 -3.102002742 
-2.305882702 13.502811409 4.002589793 
-2.412280678 13.399326271 4.108539879 
-5.328978680 12.155513391 -3.620641878 
-5.556943670 12.014761455 -3.622142280 
-2.304546296 13.696540005 -3.918358104 
-2.759347421 13.515770874 -4.228929624 
-5.911494388 12.239073253 3.414659334 
-6.156845434 12.091525381 3.402160599 
-2.197895356 13.727116206 -3.842732513 
-2.632745123 13.568003671 -4.148303895 
-6.110454097 12.124100932 3.377464958 
-5.887114774 12.189595091 3.462577063 
-2.072368480 14.129117289 -3.532792289 
-2.094330542 14.774632320 -3.078475290 
-6.568273905 12.196299523 2.971047749 
-7.030934736 12.167367373 2.456663068 
-2.436071908 13.722818645 -3.903412407 
-2.525737583 13.571108874 -4.038866339 
-5.645765357 12.309407184 3.526240733 
-5.864706341 12.136786178 3.519862702 
-1.250064178 15.630843039 -0.624426280 
-1.260104253 15.627130013 -0.210227064 
-8.188799760 12.722802255 -0.808761004 
-7.085547113 12.879188247 -2.478202292 
-1.365397768 15.649383060 -0.432244227 
-1.322954443 15.643307375 -0.613627808 
-8.177978149 12.769280006 -0.744578867 
-8.221499688 12.759369737 -0.456369146 
-0.893918462 15.422696014 -0.019432095 
-1.310477931 15.643128514 -0.343640420 
-8.265796120 12.689506503 -0.681490512 
-8.372781907 12.608538429 -0.464017768 
-1.335189115 15.635026072 -0.949277848 
-1.262398022 15.636392906 -0.544915064 
-8.235051914 12.715397947 -0.654499362 
-8.265874796 12.710695662 -0.511864320 
-1.331859886 15.673827768 0.903831289 
-1.388145341 15.683213415 0.771472074 
-8.253491835 12.802761455 -0.615455215 
-8.243779873 12.844712038 -0.310161409 
-1.324057811 15.667473109 1.050962959 
-0.895371547 15.640567250 1.020855687 
-8.239116749 12.846363249 -0.281766360 
-8.512190280 12.588928161 -0.132203395 
-1.342843375 15.687291216 0.379633871 
-1.336053522 15.685901680 0.585228612 
-8.366602829 12.720779712 -0.435224072 
-8.210647756 12.860738649 -0.452209096 
-1.333455772 15.669077283 0.993501859 
-1.327932988 15.668081136 0.898989330 
-8.499974374 12.576968626 -0.560736796 
-8.168033554 12.881389219 -0.606616078 
-1.947275805 13.848050098 3.697943767 
-2.048707952 13.887944268 3.664322447 
-7.486263822 11.670463165 -2.460205765 
-7.289422250 11.737858417 -2.636394050 
-1.732530176 13.757312156 3.910025622 
-0.467100822 13.939586290 1.882186741 
-7.277453858 11.783336425 -2.611351507 
-7.125746219 11.845349672 -2.724481768 
-1.982351423 13.933412477 3.585234429 
-1.523817786 14.085785185 3.195317253 
-7.090423559 11.803928061 -2.808369176 
-6.737901504 11.943048057 -3.052329640 
-1.762198593 13.977542184 3.425270938 
-1.827320957 13.880482166 3.624427472 
-7.008899429 11.809181164 -2.935587327 
-7.053404661 11.810158073 -2.864451962 
-2.983133233 14.283326778 -4.386155697 
-2.295208410 14.738542477 -3.747319206 
-4.087137220 12.962094814 3.347569272 
-5.030484351 12.311876334 3.781809995 
-0.882599699 14.462336365 -1.546943257 
-2.620337456 12.939001436 -5.002306990 
-2.739118254 12.870437266 3.450583937 
-4.738832759 12.353600250 3.749602802 
-2.958621954 13.140688926 -4.644901541 
-3.081344686 13.055117740 -4.790523633 
-7.261446880 11.438005698 2.699406706 
-7.253308915 11.430819725 2.740100099 
-3.433674955 12.516615599 -5.014837682 
-3.395428343 12.506600053 -5.049410290 
-6.037716580 11.770599255 3.673349270 
-6.097854891 11.741885712 3.679103754 
-1.783883663 15.407235900 -2.510408737 
-1.723675381 15.345031118 -2.798359960 
-7.913325324 12.856826453 1.308256022 
-8.128919329 12.689742465 1.145522146 
-2.338872139 15.718666107 -0.939856131 
-1.979521456 15.619677023 -1.272836249 
-8.951335784 12.008748789 -0.241145994 
-8.195291746 12.884992465 0.708431982 
-1.427675208 15.931400568 -1.050310687 
-1.029242984 15.874419238 -0.854603051 
-7.408551159 14.114718882 -0.838900042 
-7.893637354 13.583862124 -1.417254386 
-2.117599669 15.785603407 -0.338165935 
-0.985114700 15.377358414 -2.220989530 
-8.375657326 12.673515615 0.582065027 
-8.449831611 12.504109471 0.810961040 
-1.591610283 15.633963216 1.583976524 
-1.608284302 15.593570208 1.907070483 
-8.146672463 12.908944044 -0.460862466 
-8.185572470 12.884764292 -0.417664056 
-1.238698754 15.666692866 0.201067491 
-1.197959565 15.642105397 0.088652703 
-8.182730045 12.831158868 -0.553472468 
-8.065159958 12.958403811 -0.567043574 
-2.559210299 15.887189617 1.344291574 
-1.914307234 15.861264849 1.159560117 
-7.660051806 13.766117215 -0.571568184 
-7.366286389 13.993423177 -0.742354938 
-1.902509618 15.824093688 0.478592503 
-2.675367638 15.790527314 -1.483087829 
-7.750117396 13.811649326 -0.188620102 
-7.435205892 13.954727993 0.873835603 
-1.867946758 13.732134276 3.956668010 
-2.485327634 13.587283866 4.149510388 
-6.707879123 11.974824749 -3.090475017 
-6.830372987 11.825656512 -3.154595391 
-2.253377000 13.754633262 3.971921203 
-2.516017904 13.665209037 4.142702337 
-6.356704988 12.061409477 -3.291629160 
-6.549032953 12.001471131 -3.191111627 
-1.954048390 13.917089681 3.558016732 
-3.289275639 13.094550745 4.322934853 
-7.134781892 12.264453988 -2.273867907 
-6.968873362 12.282189456 -2.761320453 
-3.220466928 13.413751920 4.084391429 
-3.545161658 13.096615767 4.241282922 
-4.924328063 12.422225903 -3.635361566 
-4.990807655 12.343376708 -3.628795180 
-0.991868716 14.363965700 -1.627262917 
-3.040415174 13.394484461 -4.692023727 
-3.802949596 13.064484279 3.094058767 
-4.535075814 12.842488349 3.214285303 
-1.382281316 14.101473994 -3.510539194 
-1.580941008 13.983389993 -3.832573480 
-7.205248539 11.978366531 2.472190763 
-7.134598704 11.955802284 2.601156225 
-1.541934953 13.929355235 -3.726840133 
-1.417874025 13.872951228 -3.815105672 
-6.734980208 12.188734369 3.021016502 
-7.393216625 11.944791388 2.579708512 
-2.418625302 13.569435708 -4.074961505 
-2.852529036 13.427023974 -3.893486529 
-6.484326001 11.459394556 3.308479644 
-6.454359182 10.914833550 3.547635127 
-1.456959258 15.661177770 -1.065263127 
-1.348162782 15.647808888 -1.155745100 
-8.131643809 12.930554432 0.433174434 
-8.256401164 12.827669442 0.005439145 
-1.591939578 15.549241953 -1.470556276 
-2.117866480 15.960493860 -1.129617027 
-7.885604504 12.686682691 -1.630284721 
-7.955321668 12.704300780 0.149482124 
-1.355583435 15.649312671 -1.110862696 
-1.180590372 15.640551317 -1.217671225 
-8.022927777 12.998886835 0.634194460 
-8.211745640 12.872201966 0.409749497 
-1.293477436 15.680775054 -0.356970651 
-1.274113769 15.678241804 -0.489527728 
-8.066806389 12.975841495 0.631787487 
-8.103961571 12.928831299 0.614849675 
-1.453647675 15.676138804 0.814559884 
-1.392803941 15.681698138 0.333701915 
-8.192173029 12.870889327 0.139283774 
-8.212335992 12.861009762 0.000475530 
-1.358121843 15.690562865 0.904570098 
-1.338570083 15.662684142 0.470573583 
-8.287350228 12.843686772 -0.217501117 
-8.165593842 12.870214233 -0.359953625 
-1.315031384 15.392210688 -1.108330367 
-1.592153734 15.399584538 -0.962175872 
-7.612007041 12.929648307 0.822670098 
-7.182097875 13.015634865 2.210520939 
-1.275321812 15.592837419 -0.640499997 
-1.728705261 15.600894913 -0.681598261 
-7.976883943 12.943267493 0.899116444 
-8.052562897 12.899637246 0.774491475 
-1.705345379 13.952138907 3.350962440 
-3.143418366 13.423851962 4.064824371 
-5.787323330 12.607333792 -3.858862767 
-5.102177018 12.510904355 -4.034921738 
-3.300014847 13.548524578 4.723339604 
-2.181908480 13.887493553 3.728933351 
-7.252690496 11.828952017 -2.734111124 
-6.887055830 12.021755572 -2.981943368 
-2.827529785 12.875648901 5.083072755 
-4.200850266 12.565005939 5.000450168 
-6.724073070 12.001208776 -3.514563646 
-4.660680666 12.791474758 -3.979689093 
-4.640914517 12.989656188 4.335144865 
-3.703303615 13.506852573 4.224988216 
-5.812869968 12.475964243 -3.929385781 
-6.176102030 12.642779130 -3.409798762 
-3.114465296 13.212830604 -4.357359614 
-3.758818188 12.948701877 -4.602986091 
-5.121917633 12.336594068 3.869576977 
-4.967299061 12.208256139 4.017713132 
-0.227858781 14.571939102 -1.715649239 
-1.046784576 14.402795470 1.518195178 
-6.087186338 13.205463377 1.876064544 
-7.302036869 12.035554111 2.341475208 
-2.193569335 13.628448330 -4.243096434 
-2.564428029 13.404517783 -4.179886498 
-6.948898230 11.935051800 2.954640233 
-6.884599083 12.057459754 2.890304383 
-2.529786548 13.563955949 -3.922391444 
-3.222806895 13.266489390 -4.128821444 
-6.374805874 12.106357483 3.267768915 
-7.040550356 11.805787813 2.778648694 
-0.973256475 15.437325938 -1.041533976 
-0.677059617 15.418806142 -0.565980752 
-8.088813384 12.669315025 -0.944669821 
-8.375882131 12.382926110 0.004766340 
-1.316502308 15.718530350 -0.232266379 
-1.449148314 15.742270437 0.032164068 
-8.222413024 12.867879892 -0.692244540 
-8.246299943 12.909884141 -0.190827493 
-1.300933633 15.700068412 -0.302398139 
-1.453641209 15.699443088 0.100917163 
-8.126200478 12.843532161 -1.167450800 
-8.172278717 12.849490594 -0.912468349 
-1.458208198 15.700139068 -0.451110580 
-1.435009938 15.702078742 -0.287333072 
-8.179481947 12.860733374 -0.734051840 
-8.133026306 12.914981048 -0.673507342 
-1.263018216 15.614213375 0.670605179 
-1.226735807 15.610526728 0.366701986 
-8.249653737 12.733748203 0.084977338 
-8.165547376 12.805175398 -0.356155033 
-1.095993982 15.605137982 0.090728937 
-1.222273388 15.669652677 0.519926826 
-8.271086646 12.611953188 1.026175345 
-8.252478493 12.738848643 0.274876776 
-1.264275572 15.634214598 0.269316036 
-1.287083636 15.627807088 0.070466958 
-8.220145013 12.783559440 0.160337107 
-8.150516463 12.828098911 -0.569607289 
-1.284975122 15.624226789 0.676581776 
-1.311376896 15.616154373 0.050535010 
-8.315321542 12.677073421 -0.039204005 
-8.212048162 12.784332276 -0.050655614 
-2.376299087 13.950027464 3.909557285 
-2.796083097 13.483347896 4.365514429 
-6.648434336 12.034189555 -3.153004031 
-6.595083154 11.982015705 -3.126537458 
-2.121071117 13.787099826 3.966709548 
-2.287472106 13.787764351 4.304971402 
-8.360546733 10.782710635 -1.175033382 
-7.463458653 11.121223333 -2.630566472 
-2.748266468 13.485774310 4.400609795 
-2.356604917 13.657606276 4.083783190 
-6.645687018 11.832194687 -3.145689466 
-6.484452280 11.932001873 -3.210994511 
-2.401225494 13.490631474 4.227446090 
-2.491919160 13.536308784 4.118529428 
-6.657801362 11.781562118 -3.147865665 
-6.408518938 11.845406065 -3.325642042 
-2.630041101 14.085947662 3.568236702 
-3.080757628 13.533372801 4.195170684 
-7.864851631 12.243352891 -0.763002544 
-6.383460874 11.621079413 3.443971363 
-1.314052041 13.814427820 -3.444253791 
-1.513209438 13.706126747 -3.497185367 
-6.075897166 12.408317684 2.835972963 
-6.698157170 11.900589488 2.754479757 
-2.972870849 13.372960891 -4.197334791 
-3.120121140 13.335284705 -4.230395767 
-5.800041204 11.877183005 3.612331353 
-6.541821753 11.947212309 3.333532580 
-4.445335251 11.950492900 -4.787884292 
-4.938126927 11.825409029 -4.586981706 
-6.889813443 11.444927556 3.409900256 
-7.159236659 10.990825477 3.398503470 
-1.590055900 15.525363950 -2.297603613 
-1.371831202 15.640893093 -1.321856400 
-8.174792513 12.896123464 0.335737793 
-8.218923683 12.857944926 0.106157196 
-1.516620664 15.656898427 -1.250299430 
-1.350394088 15.675077950 -0.877452210 
-8.148601567 12.917345334 0.349039361 
-7.888412209 13.094063598 0.827505534 
-3.549998912 15.232181029 -3.181383282 
-2.798305872 15.166748536 -3.119721545 
-6.797502576 13.777379960 1.625173385 
-7.312373981 13.688857350 0.597712008 
-2.706668262 15.851916802 -1.320400249 
-1.307284605 15.635699664 -1.270975824 
-7.921967534 13.077937250 0.761378789 
-7.927662502 13.061282338 0.785515325 
-1.120158124 15.631890987 -0.405839055 
-1.213572832 15.662798086 0.053595102 
-7.996686665 13.005783628 -0.744853753 
-8.059922599 12.960183429 -0.646303588 
-1.296180810 15.663753454 -0.115571477 
-1.253607892 15.631746725 1.240954117 
-7.827381044 13.094584757 -0.996492653 
-7.433698849 13.030457327 -1.742337082 
-2.239618267 15.727818299 1.439685819 
-1.987008234 15.765208950 1.271879433 
-7.079596305 13.754079317 -1.630111436 
-7.692985799 13.235075283 -1.507966737 
-1.377035665 15.683243317 0.616709447 
-1.576366109 15.695271552 0.681015364 
-7.653312220 13.241820391 -0.978332585 
-7.872231204 13.140840952 -0.633449564 
-2.194025014 13.809749383 3.853540335 
-2.253906384 13.793747700 3.890337140 
-5.970349479 12.163667924 -3.479905893 
-6.352158154 12.035228558 -3.332089796 
-2.152745543 13.792891983 3.844748205 
-2.206597819 13.727044913 3.987567621 
-6.274513153 12.039741115 -3.397543913 
-5.789767486 11.968908961 -3.509866657 
-2.346022877 13.678170543 4.031876650 
-2.538149738 13.518512002 4.472079416 
-6.511604175 11.934910776 -3.292097622 
-6.397695111 12.108314459 -3.267302257 
-2.510864464 13.643758822 4.084704360 
-2.762648515 13.475065294 4.366145175 
-6.227611499 11.983793260 -3.482919906 
-6.171103368 12.069953294 -3.419787946 
-2.876362590 13.386092187 -4.556485609 
-2.962214716 13.355856004 -4.623057471 
-7.127084651 11.673323319 2.955488852 
-6.927830048 11.845068852 2.986784082 
-3.148360854 13.295121797 -4.708121692 
-2.854466776 13.435897963 -4.487563366 
-6.759765177 11.750476203 3.270167631 
-6.477175765 11.962942222 3.299634432 
-2.891766754 13.739418563 -4.773697081 
-2.498253179 13.637594577 -4.177422609 
-7.345605004 12.088877151 2.395289111 
-6.391686791 12.013127331 3.311549149 
-2.760264409 13.504831380 -4.362279122 
-2.657120655 13.456712233 -4.463365715 
-6.540393430 11.790257598 3.422455756 
-6.473811464 11.972942444 3.263109885 
-1.475219179 15.669651501 -1.092520990 
-1.928771888 15.765220991 -0.707530791 
-8.173012215 12.913048863 0.176169790 
-8.126355142 12.637281272 0.452115777 
-1.747219014 15.626559491 -1.672840358 
-1.602766330 15.612852496 -1.751873295 
-8.136941652 12.931480902 0.393253534 
-8.147203023 12.927792138 0.286246738 
-1.663370237 15.693331106 -1.005749908 
-1.797219274 15.715984002 -0.963278472 
-7.987240164 13.031292707 0.672026522 
-8.163021066 12.906682792 0.262727266 
-1.617381759 15.660536145 -1.277250118 
-1.539692743 15.682434100 -0.960232585 
-7.743151405 13.159619795 1.093349827 
-7.976425151 13.070532114 0.618683888 
-1.605034220 15.602879084 1.628504061 
-1.736810054 15.519409158 1.925482021 
-5.387810210 14.108640804 -2.578799505 
-6.948461573 13.863952126 -0.930431055 
-1.281728751 15.673528983 0.357681691 
-1.188190237 15.670432039 0.395885707 
-7.644287487 13.221395443 -1.169533786 
-7.197532365 13.493684586 -1.354714040 
-1.204366855 15.621141244 1.369417352 
-1.232076179 15.674250187 0.595675284 
-7.788496811 13.119686356 -1.056550552 
-7.827438723 13.083885535 -0.989068824 
-1.693192786 15.610168668 1.793602284 
-1.258131741 15.609399361 -0.051711877 
-7.461812355 13.334161680 -1.281144250 
-8.075597237 12.763077873 1.468395048 
-1.967378197 13.832728889 3.776484273 
-1.871268761 13.714987838 3.924630559 
-6.230431605 11.956749254 -3.489443192 
-6.339198809 11.955918768 -3.416826204 
-2.167879962 13.707778095 3.975590759 
-2.587599698 13.511195799 4.334752392 
-6.399716344 11.930004083 -3.392107956 
-6.116189878 12.039483785 -3.475413431 
-1.745806095 13.901498339 3.615909469 
-1.590844112 14.838364223 1.587534424 
-7.429904262 11.599845256 -2.343452759 
-7.453433718 11.989870389 -1.911113541 
-0.866422016 14.852479426 1.699208874 
-0.607549459 14.872963665 1.100245890 
-6.774800817 12.886473588 -1.908554833 
-8.025789370 11.315531845 -1.833489976 
-3.270450082 13.279133103 -4.623998564 
-3.567558715 12.995645887 -4.983072488 
-6.375130276 12.037927338 3.320668941 
-5.747588445 12.207137807 3.590012579 
-2.915842532 13.307538322 -4.608569601 
-2.987257478 13.238559044 -4.704160088 
-6.191370322 12.024481070 3.474552095 
-6.644334277 11.904617702 3.206051258 
-3.191181098 13.194544158 -4.790006719 
-3.219984607 13.200989871 -4.801839649 
-6.021058354 12.149514443 3.459488210 
-5.954204703 12.068682072 3.554576500 
-2.880117510 13.353749423 -4.539002375 
-2.520934894 13.426411736 -4.448832265 
-5.676522927 12.200108798 3.623694762 
-5.846111552 12.159597288 3.581941639 
-1.698335684 15.461932049 -2.654015186 
-1.750805688 15.528976613 -2.337957706 
-8.087418900 12.958395989 0.554527916 
-7.682853274 13.211119162 1.078913363 
-2.422597638 15.105253044 -3.268048565 
-1.718825726 15.460887175 -2.370685653 
-5.816034989 13.921417314 2.606861783 
-5.995118097 14.417047360 1.371483929 
-1.879439910 15.519680560 -2.366787498 
-1.160449598 15.604718495 -0.088432054 
-8.261716512 12.822803612 0.127014951 
-8.075182861 12.740598032 -1.612851450 
-1.528716597 15.535141536 -2.223550053 
-1.580255531 15.548685073 -2.173987929 
-8.181686714 12.882895059 0.384847697 
-8.117488315 12.909148214 0.652077943 
-1.469784832 15.693224856 0.434692011 
-1.366449209 15.673833828 0.829030336 
-7.750055717 13.163223499 -1.069259222 
-7.623105811 13.268543896 -0.959811894 
-1.478544496 15.691264269 0.158225060 
-2.035930687 15.789658830 0.470550407 
-7.262813058 13.494595381 -1.249168098 
-7.382698049 13.440834278 -1.143409862 
-1.745238360 15.701752026 0.805236590 
-1.626917727 15.690962441 0.824587806 
-7.465495634 13.318195210 -1.244528833 
-7.389789991 13.431521476 -1.160231561 
-1.573633872 15.688968074 0.755123829 
-1.579579659 15.683498016 0.836487955 
-7.803970920 13.154159982 -0.911127656 
-7.985767453 13.036071627 -0.722631992 
-2.966894229 13.315024045 4.564116667 
-2.612163615 13.534891803 4.304330482 
-5.841149161 12.121725066 -3.606954850 
-5.720989871 12.203125283 -3.589242960 
-2.944221815 13.501628851 4.435767461 
-2.752147916 13.513754151 4.313846741 
-5.482066122 12.271586535 -3.672393641 
-5.658470389 12.308486092 -3.538465075 
-2.799201397 13.368658736 4.547257676 
-2.577557670 13.512136037 4.319028119 
-6.114967798 12.022555707 -3.511756142 
-5.825765649 12.199467065 -3.541644470 
-2.959556962 13.371803504 4.545365950 
-2.794889467 13.473913173 4.444361785 
-5.793325545 12.203054150 -3.542295497 
-5.743192833 12.246399965 -3.531752884 
-3.105596030 13.083141610 -4.940954598 
-2.965681751 13.247351795 -4.690960485 
-6.824877830 11.736373883 3.206596750 
-6.802880591 11.772521562 3.188927359 
-2.604555859 13.527405010 -4.404830525 
-2.327898954 13.561661607 -4.257042555 
-6.858993630 11.673783443 3.227360576 
-6.578287800 11.862670760 3.316024312 
-0.952501163 14.890661191 -1.420769543 
-0.686507137 14.872391127 -1.182199192 
-6.842711137 12.857435707 1.883495370 
-7.604043684 11.551797818 2.210617813 
-2.189410845 13.738907805 -3.960310585 
-2.722307372 13.383035717 -4.515861055 
-7.219598766 12.215187865 2.204515727 
-7.271095826 11.736870076 2.469902647 
-1.167042392 15.645214473 -0.990660983 
-1.242771568 15.615216419 -1.326310906 
-8.150453810 12.897990492 0.403909365 
-6.619234476 14.296145197 0.424390595 
-1.343464672 15.669151080 -0.803987662 
-1.372750695 15.639789215 -1.332661314 
-8.168520354 12.912619699 0.248731467 
-8.130780877 12.940405476 0.097329442 
-1.392160133 15.595722715 -1.771042453 
-1.660126552 15.694884980 -1.038433265 
-8.119704160 12.939545053 0.438320849 
-7.883013146 13.134539702 0.628786770 
-2.394748527 15.658071268 -1.920839910 
-2.123594630 15.751353447 -1.360837232 
-7.018719005 13.778254421 1.636751773 
-7.644977087 13.244298252 1.633191834 
-1.494364377 15.690564437 0.633167621 
-1.341361255 15.676443304 0.795418879 
-7.698684239 13.180820462 -1.177991106 
-7.299024437 13.412050900 -1.398070294 
-1.267244446 15.667079221 -0.000304681 
-1.293187311 15.674760833 0.112295023 
-7.857295324 13.096364024 -0.937915675 
-7.891650126 13.080515459 -0.889976619 
-3.525366570 15.854624882 0.704349804 
-1.445255495 15.870558451 1.080532024 
-7.807814919 13.133468129 -0.991311071 
-7.698858449 13.185045733 -1.075983759 
-2.518087870 15.605366687 1.615799636 
-2.513666465 15.663346075 1.512756565 
-6.565165344 13.908984630 -1.696429286 
-7.404774191 13.637314129 -0.549936717 
-2.379807153 13.755545323 3.924306241 
-2.518181050 13.619437291 4.192327433 
-6.026465008 12.010759787 -3.583989398 
-5.835913433 12.195198654 -3.542281712 
-2.208212162 13.835605653 3.807398116 
-2.363854142 13.699557701 4.050475498 
-6.433951334 11.868788828 -3.443111815 
-6.018643248 12.122465113 -3.495538224 
-1.812378814 13.959898373 3.520668271 
-2.085965598 13.795543845 3.851969799 
-5.809849935 12.189829663 -3.558198768 
-5.637070572 12.291741477 -3.552925212 
-1.776071456 14.522517222 2.915252191 
-2.119672689 13.855446684 3.761242263 
-6.010161990 12.070076169 -3.549942814 
-6.034854312 12.169408405 -3.412244522 
-2.618528440 13.495471579 -4.381357952 
-2.639320762 13.519124140 -4.377847770 
-6.840997847 11.840959139 3.090619130 
-6.676828437 11.942570587 3.133742099 
-2.719248327 13.472820208 -4.427396318 
-2.950234536 13.345208543 -4.588544928 
-6.660587799 11.854344844 3.246381623 
-6.932644015 11.856440285 2.945739414 
-2.809385503 13.459899635 -4.371288127 
-2.534233388 13.542183257 -4.244066041 
-6.316765283 11.993792168 3.396819366 
-6.608377962 11.948483036 3.196728387 
-2.543171977 13.560330986 -4.264186410 
-2.802218974 13.465892545 -4.663064493 
-5.665819541 12.335224481 3.483793261 
-5.897158862 12.335410695 3.373259542 
-1.085414365 15.600805236 -0.134859303 
-1.120893508 15.648662888 -0.487095935 
-8.263971390 12.700568838 -0.487940254 
-8.246369841 12.736918397 -0.386962002 
-1.157834017 15.606488664 -0.315839726 
-1.140554359 15.598432212 -0.145604606 
-8.094334902 12.881920894 0.539207207 
-8.164864987 12.797472138 0.416844782 
-1.201807893 15.619484165 -0.759179920 
-1.219367147 15.613043076 -0.158441166 
-8.175799846 12.815653878 -0.197844510 
-8.354084655 12.638227922 -0.281706748 
-1.353514849 15.632357457 -0.820306368 
-1.198624174 15.613040246 -0.949051513 
-7.809796761 13.053098502 0.852336326 
-8.194716707 12.780914322 -0.562752203 
-1.320209094 15.686213840 1.166440231 
-1.328969731 15.729976670 0.364539429 
-8.108934788 12.915047885 1.026987659 
-8.194392835 12.933260015 0.438669477 
-0.943137449 15.437495254 0.998358930 
-0.652958074 15.405636123 0.840340788 
-8.133762251 12.617607130 1.167268882 
-8.155180151 12.555843241 -0.397934998 
-1.477905256 15.702474657 0.327245250 
-1.498601493 15.700978301 0.239648841 
-8.191963285 12.866032016 0.677435337 
-8.200506200 12.870480956 0.521765987 
-1.438239989 15.704739198 0.062661410 
-1.427461459 15.660457222 -0.652020398 
-8.144102090 12.892020921 0.888072661 
-8.248205394 12.850458088 0.371495880 
-1.356775532 13.800684380 3.467485285 
-1.485902769 13.721673030 3.444756891 
-6.163526296 12.353990339 -2.851701201 
-6.685949111 11.902692993 -2.772243059 
-0.092165401 14.721296893 0.041497086 
-1.072200849 14.345693674 -2.237524882 
-7.864603880 12.240603514 0.872297106 
-6.752817881 12.741890960 -2.397414274 
-4.029646494 12.156570315 4.661043052 
-3.635528642 12.366022306 4.427841302 
-7.202308239 11.279274763 -3.255477494 
-7.232380523 10.959146999 -3.346136917 
-3.041032482 13.334688531 4.251711019 
-3.190052224 13.311626424 4.255110025 
-5.403083259 12.043907898 -3.699110001 
-6.247197128 11.450029104 -3.380409215 
-2.291761008 13.783202023 -4.040909469 
-2.196076961 13.782473172 -4.159827071 
-8.303616123 10.843541237 1.147278335 
-7.542658728 11.069624968 2.571053744 
-2.390296872 13.972355878 -3.872162840 
-1.971454111 13.979871324 -3.479366484 
-6.446586642 12.085323071 3.260122403 
-6.458150541 11.993033420 3.217057897 
-2.354755105 13.582041000 -4.054744472 
-2.368806447 13.561753898 -4.106168704 
-6.473362026 11.808064341 3.301741118 
-6.592354083 11.745660223 3.255972549 
-2.484830416 13.565463849 -4.291329114 
-2.512492524 13.583093517 -4.234107576 
-6.486544787 12.043749167 3.144790131 
-6.658516309 11.802049475 3.151762797 
-1.404521716 15.715516026 -0.292228325 
-1.323902518 15.660902488 -0.305859390 
-8.151221632 12.886775331 0.679725145 
-8.141898553 12.899859676 0.163341840 
-1.487400966 15.685960907 -0.473894341 
-1.480943859 15.685234786 -0.621684593 
-8.143534352 12.924429176 -0.114714585 
-8.267750347 12.795579855 -0.240842239 
-1.365227279 15.627003850 0.204637055 
-1.202331401 15.629884805 -0.675998785 
-8.165360046 12.894937392 0.017306721 
-7.917892184 12.970420151 -1.057221985 
-1.549860821 15.251763947 1.706011564 
-1.554258182 15.405387315 0.880679772 
-7.548968905 12.971415481 -0.420336798 
-6.144958931 13.703930890 -2.144797853 
-1.539944721 15.432978562 2.073270259 
-2.092708502 15.950331374 1.321637143 
-7.960172256 12.639509085 1.581394919 
-7.953186074 12.683862310 0.262740860 
-1.359517342 15.612118896 1.590350533 
-1.305986055 15.623958588 1.453083287 
-8.179632763 12.896462504 0.027990192 
-8.274708919 12.805725394 0.221281301 
-1.254004138 15.665727589 0.814564315 
-1.320706910 15.658615112 1.086761783 
-8.184560515 12.899999304 -0.126072580 
-8.161958406 12.912440029 -0.232368377 
-1.381716124 15.603792921 1.559960193 
-1.261972043 15.671951146 0.881864868 
-8.149066293 12.915382154 -0.217456873 
-8.229593789 12.856656969 -0.455006039 
-0.338198744 14.636855888 1.920679687 
-1.680095356 14.312909693 2.683147144 
-6.201787624 13.116438304 -1.957126509 
-7.275094904 12.058292032 -2.326559555 
-1.683999867 13.687054738 3.673357074 
-3.604655489 12.981354767 4.596142593 
-4.958573451 12.418640237 -3.889549948 
-4.865827842 12.265239379 -4.013012769 
-2.515224980 13.593404070 3.975414919 
-3.123157950 13.228009088 4.201224391 
-7.025099000 12.000805833 -2.588345310 
-7.099452530 11.796054633 -2.676496107 
-2.325802478 13.497300321 4.435659088 
-2.716378858 13.340168070 4.277495459 
-6.913765684 12.024787564 -2.908779000 
-6.821396275 12.101708228 -2.897218767 
-3.268000339 13.543364809 -4.714032480 
-2.398043105 13.747960074 -4.017598502 
-6.976601253 11.933368510 2.939083346 
-6.772707001 12.069930130 3.034272667 
-1.620034678 13.958711888 -3.326676595 
-3.012602610 13.508862168 -3.926759113 
-5.801154564 12.594318725 3.867769474 
-4.536387875 13.074420586 3.953559455 
-4.586160059 13.003926081 -4.342111239 
-3.819637463 13.467086440 -4.265044710 
-5.867771688 12.458746981 3.919523280 
-6.206143367 12.634083689 3.359254098 
-3.061527940 12.770755461 -5.210070905 
-4.100407097 12.571883438 -5.009244112 
-6.665367650 12.011973013 3.555816557 
-4.806455366 12.742292551 3.988661893 
-1.327577002 15.656183255 -1.148758423 
-1.384785582 15.654689503 -1.173428662 
-8.176224333 12.896158676 0.461950131 
-8.195824014 12.876254995 0.400572795 
-1.319824904 15.645463240 0.423200080 
-1.187427518 15.670262351 -0.606836376 
-8.110030713 12.923380014 0.689088985 
-8.151278671 12.890305893 0.686499032 
-1.205970514 15.643754907 -1.128910996 
-1.170476672 15.591028730 -1.659993328 
-8.143440983 12.881681729 0.636660866 
-8.086204548 12.927172008 0.736017345 
-1.209839146 15.633494858 -1.269917941 
-1.185688015 15.598158897 -1.563189275 
-8.126096986 12.913897204 0.561603314 
-8.214351459 12.848061766 0.423291455 
-1.988442166 15.916712496 0.322758921 
-1.373385688 15.671403854 0.795110648 
-8.099696761 12.965320284 -0.277412637 
-8.048979334 13.016438139 -0.192782894 
-0.811520671 15.674651267 0.482139240 
-1.331001845 15.663555370 0.995724856 
-7.640763549 13.507065458 -0.191193962 
-7.941576520 13.121579190 -0.302053339 
-1.342573919 15.682111424 0.282522954 
-1.421644143 15.691759484 0.384813225 
-7.726091686 13.222754052 -0.827616289 
-7.954867259 13.079724581 -0.525507714 
-1.358417975 15.681101291 0.219163058 
-1.475859799 15.690073350 0.279919191 
-8.001867790 13.037586422 -0.530308522 
-8.151498325 12.915973122 -0.450908306 
-2.006509029 13.826314209 3.737659553 
-2.409256567 13.608360190 4.169909447 
-5.317301503 12.449583365 -3.566905066 
-5.387826897 12.442665190 -3.525352167 
-1.827597654 13.949145177 3.517971571 
-2.096847617 13.827149461 3.746477464 
-5.468398409 12.369640977 -3.574940433 
-5.452623487 12.401461766 -3.544825992 
-2.464764181 13.591118501 4.195184069 
-2.471541316 13.620587091 4.167864094 
-5.553995370 12.312174677 -3.574426851 
-5.305639792 12.443353702 -3.591078514 
-2.429954888 13.607469261 4.196453521 
-2.726632317 13.447900966 4.451912501 
-5.507580440 12.351884957 -3.575792914 
-5.754893555 12.251881260 -3.530181044 
-2.307243164 13.747956827 -3.907378517 
-2.284506308 13.712875067 -4.008711786 
-6.802780204 11.918026311 3.008025284 
-6.602691286 12.002091317 3.108518917 
-2.329793416 13.751892851 -3.915583010 
-2.080607635 13.847408978 -3.725326679 
-6.737722713 11.942068337 3.066407856 
-6.561962917 11.994696432 3.166727848 
-2.386337179 13.687990875 -4.014138849 
-2.294419873 13.709974602 -3.979042351 
-6.748555384 11.904267757 3.085061298 
-6.976459793 11.829799399 2.921416665 
-2.448864883 13.652182129 -4.093831787 
-2.333797369 13.708070396 -3.995085661 
-6.936383233 11.803592448 2.996121243 
-6.816334629 11.886511369 3.024467414 
-1.411959629 15.680509794 -0.481984837 
-1.538221274 15.719947041 -0.840826815 
-8.007272033 13.022909041 0.461581847 
-7.471122535 13.315378995 1.368440551 
-1.563436780 15.693278955 -0.231376220 
-1.517960809 15.691494907 -0.624105589 
-7.794577085 13.156464623 0.966893196 
-8.249596422 12.823202969 -0.203846579 
-2.636024636 15.677882053 1.847275806 
-1.926866947 16.033940116 -0.569685535 
-7.817633461 13.728896534 0.296610338 
-8.183167810 12.948809065 -0.887288633 
-1.465595043 15.822891617 -0.406564755 
-1.921717400 15.285339091 2.080199175 
-7.788812178 13.731405768 0.217615536 
-7.695182273 13.666272789 -0.110573096 
-2.161846700 15.674218029 1.142149632 
-1.414863640 15.550728957 0.713934095 
-8.066899668 13.006149134 -0.630611789 
-7.784944227 13.237275075 -1.103101895 
-1.249630339 15.449354233 1.606459937 
-1.035061602 15.499084679 0.994792118 
-8.362480633 12.631532752 -0.461593805 
-8.351079968 12.645277575 -0.455386272 
-1.191261092 15.558227626 0.903298931 
-0.928316881 15.471995505 1.084378440 
-8.516038725 12.354004080 -0.171558461 
-8.562499727 12.343534064 -0.333423458 
-1.015198919 15.488333170 -0.217444942 
-1.707100780 15.617229018 -0.733739414 
-8.155283710 12.568352683 1.322864833 
-7.955462278 12.929437873 1.476971730 
-1.769506875 13.404203575 4.320500154 
-3.645506074 12.669343242 5.271270183 
-6.880953506 11.689821452 -3.099971866 
-6.924127237 11.735850574 -3.336268797 
-0.937305873 14.299806798 2.397786300 
-1.433183692 14.135669954 2.914352227 
-5.255601267 12.910066039 -4.148034735 
-6.245917476 12.474683708 -3.728913300 
-1.673127400 14.158743910 4.005307694 
-3.193654329 12.781876503 5.144098725 
-6.417010557 12.133333928 -3.621639577 
-6.592867599 11.871327216 -3.434156740 
-2.676742713 13.874523238 3.285452515 
-1.895239981 13.460469119 4.284615956 
-7.178284790 11.189483488 -3.216328925 
-5.096592770 12.432205249 -3.575418342 
-2.350590686 13.898587680 -4.137486598 
-2.209122309 13.625360056 -3.877281309 
-6.508986580 12.441866367 2.850839231 
-6.636401710 12.028085059 3.050537506 
-2.609629987 13.312911062 -4.038553559 
-3.113518504 13.355025291 -4.154764532 
-6.212708321 12.435006945 3.672398252 
-4.984077868 12.916498962 3.885112241 
-1.347905787 15.070964990 -1.354264667 
-1.641919906 14.902744884 -2.207725562 
-6.172698089 12.412832991 3.300053546 
-7.552054973 12.403698462 1.640312435 
-2.723180469 13.995603514 -3.932055637 
-2.128807315 14.531239065 -3.149090707 
-6.245452587 12.610476607 2.947399472 
-7.119156605 12.499015956 2.173684557 
-1.187097009 15.496854830 -1.153326166 
-1.182713605 15.482960476 -1.266395990 
-8.382032473 12.626789631 0.338962703 
-8.467160529 12.564392013 0.288842385 
-1.523772253 15.155352480 2.037374641 
-1.612588915 15.170331533 2.280982773 
-8.278428569 12.801036919 0.977598108 
-8.024926885 13.041493401 0.906016032 
-1.112756731 15.474698896 0.518869722 
-1.710336747 15.635242209 0.579523772 
-8.272286305 12.472024946 -1.213469710 
-7.905296416 12.932309249 -1.697852274 
-1.378500801 15.655263295 -0.836337582 
-0.933796877 15.449985216 -1.329120224 
-8.514942508 12.364039585 0.040988000 
-8.606090484 12.321865746 0.166628484 
-1.631438048 15.704331732 0.380862272 
-1.440370500 15.689613331 0.510900887 
-8.096822705 12.960412382 -0.649567675 
-8.158487450 12.751381833 0.715927033 
-1.485778626 15.668142503 0.937449845 
-1.491808688 15.721197422 0.790966885 
-8.093285190 12.964644175 -0.197979507 
-8.023831566 13.063728576 -0.613424433 
-1.461152610 15.795951793 1.024963551 
-1.744960686 15.304131613 -1.967589963 
-7.738737906 13.772052337 -0.038430942 
-7.660151004 13.702734865 0.283665101 
-2.195112806 16.059578936 -0.047814907 
-1.877482194 16.045610365 0.230388315 
-7.832961210 13.731472613 -0.107463472 
-7.572563402 14.081406609 0.007468026 
-2.139819415 13.907746324 3.576525884 
-3.067584486 13.319184344 4.161407559 
-5.805888743 12.285858147 -3.744296276 
-5.248954336 12.634654683 -3.851408182 
-1.843854640 13.951262941 3.802338307 
-2.422854446 13.578528116 3.966109007 
-6.840836255 12.284987045 -2.746249338 
-6.384198847 12.105053052 -3.205782459 
-2.659729399 14.082050626 3.791591423 
-2.223487117 14.463801511 3.205248032 
-6.154062375 12.626902007 -3.003146724 
-6.674774127 12.442253146 -2.743991091 
-1.628212161 15.149671527 1.469669588 
-1.669965247 14.900911356 2.220510265 
-7.893009507 12.330922508 -0.609662259 
-7.590337784 12.382588190 -1.556344970 
-1.035005331 14.282135831 -2.506433500 
-1.745667368 14.073058479 -3.082881674 
-5.319857153 12.886052787 4.144354154 
-6.194044478 12.492312560 3.760443226 
-1.784202525 13.409350095 -4.355480108 
-3.826586298 12.600618457 -5.288905456 
-6.984769558 11.636153908 3.048339843 
-7.005912782 11.714558733 3.266724355 
-1.653592639 13.930110013 -3.168106781 
-2.047124922 13.394356884 -4.444448690 
-7.270362423 11.135490773 3.162727982 
-5.315907656 12.351115835 3.567434088 
-1.658200172 14.109703062 -4.138565885 
-3.238422413 12.738223642 -5.178764630 
-6.651858536 12.024536498 3.489255000 
-6.673820087 11.836980756 3.359989553 
-0.609653960 15.179159954 -2.506458690 
-1.367748049 15.655697622 -1.140980598 
-8.204414436 12.803735683 0.261442522 
-7.960738997 13.106758620 0.346390544 
-1.296406982 15.618949465 -1.475014225 
-1.423227905 15.646633754 -1.293370236 
-8.162693646 12.903497256 -0.282598244 
-8.113353927 12.928434053 -0.389674975 
-1.280753176 15.655694781 -0.982704611 
-1.341515504 15.665785164 -1.018352225 
-8.130058054 12.944335612 0.151781095 
-8.075156231 12.983093104 0.142349533 
-1.452501107 15.654944927 -1.242156096 
-1.432971147 15.681709517 -0.869968412 
-8.066934113 12.996851280 0.180887823 
-7.992033818 13.050602248 0.430087494 
-1.167741131 15.667606832 0.374295403 
-1.270636567 15.681858801 0.435825138 
-8.128021945 12.854976744 -0.900883775 
-8.068470939 12.931641260 -0.791015061 
-1.340621266 15.654574290 1.111808017 
-1.347810936 15.644107573 1.275648525 
-8.046599447 12.957504305 -0.800177730 
-8.082476582 12.921086913 -0.818678619 
-1.114510127 15.658234408 0.412156199 
-1.213087407 15.673946706 0.249330436 
-7.903982249 13.021531103 -1.059200243 
-7.933446277 13.020302834 -0.936963355 
-1.158378775 15.659911573 0.330326273 
-1.084535213 15.650852083 0.764795790 
-8.037041843 12.964276550 -0.805030198 
-7.990374538 12.999825816 -0.817267992 
-2.283153563 13.815180754 3.814588766 
-2.391968430 13.714545505 3.998599680 
-6.498272563 11.988450433 -3.214014456 
-6.539072197 11.975403397 -3.207545676 
-2.308016412 13.765803851 3.887838312 
-2.315354792 13.716767494 3.959898766 
-6.915787938 11.864918837 -2.944366903 
-6.849800176 11.901642895 -2.975054876 
-2.212096142 13.844648237 3.785911845 
-2.218811468 13.790331600 3.838061279 
-6.818689401 11.833131599 -3.089515428 
-6.500079470 11.975331638 -3.227015684 
-2.175724172 13.803422561 3.776181597 
-2.043630985 13.875590313 3.672484503 
-6.388031564 12.071237241 -3.220943197 
-6.495083591 11.991228864 -3.222417671 
-2.933475562 13.386280462 -4.562479321 
-2.846160664 13.396676842 -4.517780706 
-6.046209599 12.134250853 3.460042725 
-6.153997690 12.083660410 3.431961603 
-2.917467058 13.339156751 -4.617020832 
-2.759330294 13.442027783 -4.456321694 
-5.868500119 12.225068822 3.473451545 
-6.116375008 12.124346207 3.410372452 
-2.865899953 13.353514867 -4.570089045 
-2.813483516 13.395821802 -4.522302877 
-6.032183289 12.159146680 3.450553847 
-5.915376529 12.218027805 3.470787753 
-2.917813950 13.345486831 -4.623947143 
-2.823005186 13.376579484 -4.560486188 
-6.136967010 12.125584375 3.415568437 
-5.824672736 12.216343582 3.535510248 
