-0.207109583 17.684840373 -1.548900874 
-0.010146896 17.672727350 -1.275080595 
-10.665160683 13.266870913 0.018591978 
-10.582356145 13.385160295 0.149331968 
-0.184890126 17.702103432 -1.304057212 
-0.247137977 17.675218148 -1.686483040 
-10.651244771 13.302782525 -0.087825605 
-10.627060019 13.302855157 -0.237888002 
-0.204141581 17.713588351 -1.232155707 
-0.157727966 17.707100559 -1.192765784 
-10.546120418 13.413185574 0.253758058 
-10.542050685 13.435318984 0.111339383 
-0.155642505 17.702535272 -1.191387871 
-0.176665933 17.722545481 -0.922003623 
-10.543216003 13.412848235 0.623025701 
-10.458737869 13.496595327 0.701325867 
-0.082796505 17.702343989 0.206464145 
-0.081218358 17.709837097 0.620101187 
-10.445265655 13.506637551 -0.820450098 
-10.413373860 13.505391907 -1.130816863 
-0.118006597 17.686477756 1.261189953 
-0.018049083 17.685052082 1.061292709 
-10.575812097 13.377104713 -0.659587333 
-10.494609436 13.426579460 -1.042878700 
-0.035776884 17.609673034 1.916902987 
-0.057043600 17.643944389 1.684034262 
-10.453480791 13.503250300 -0.807026676 
-10.546565267 13.382832477 -0.664769055 
-0.113775723 17.632927126 1.838237679 
-0.040415554 17.653133483 1.537271242 
-10.422959121 13.535113425 -0.830861953 
-10.425547899 13.535186493 -0.782720159 
-0.782943792 13.977545966 5.839631497 
-0.886498406 13.891564478 5.905243206 
-6.897508504 11.466533184 -5.616297204 
-6.870663215 11.445515062 -5.627934153 
-0.920545906 13.912515587 5.927750518 
-0.968857148 13.880806548 6.006068016 
-7.050053217 11.438332096 -5.518556254 
-7.361387721 11.275874789 -5.378361912 
-1.395857395 14.526059565 5.833327041 
-1.586106473 12.685080670 6.889157029 
-8.014803959 12.096973937 -4.591429622 
-7.143531020 11.078535952 -5.576011013 
-0.609158439 14.063648074 5.646443299 
-0.701229804 13.989919809 5.759740026 
-5.341616574 12.755614697 -5.665757808 
-6.623137694 11.503687401 -5.678184817 
-1.848298156 13.612952704 -6.471984321 
-1.778156557 13.624510539 -6.411011198 
-7.640294810 11.339511632 5.130044147 
-7.561401619 11.341119003 5.204966094 
-1.811737465 13.614315739 -6.478015698 
-1.890536388 13.544595868 -6.594442448 
-8.036425933 11.079909157 4.971799116 
-7.459295005 11.384166104 5.267456306 
-1.248037424 13.928967892 -6.071070713 
-0.594968166 15.097992559 -5.108653051 
-7.551584343 11.346667949 5.208183876 
-8.861953850 11.438555061 4.116197827 
-2.019411138 13.448302234 -6.668991381 
-1.735113824 13.598398606 -6.442875838 
-7.586893422 11.344500656 5.167130980 
-7.373227845 11.363085560 5.343578460 
-0.225964634 17.647307660 -1.909457193 
-0.360706735 17.658954289 -1.954810381 
-10.522366035 13.431340328 0.568468710 
-10.651626349 13.289225635 0.413464181 
-0.137210086 17.702558141 -1.143736373 
-0.085376606 17.712375730 -0.872709521 
-10.615839952 13.346431212 0.256922079 
-10.569594888 13.366243011 0.555376801 
0.028212491 17.688384329 -0.695681474 
-0.066130634 17.710396102 -0.731012212 
-10.512023149 13.451814858 0.614615365 
-10.538729311 13.422543823 0.646319535 
0.091065269 17.671476242 -0.703788374 
-0.821269438 17.599025331 -2.544172140 
-10.643527179 13.259636295 0.391199400 
-8.114134171 14.684023314 3.735734198 
-0.262932226 17.732052415 0.840183565 
-0.254620314 17.734258891 0.851861757 
-9.834040472 13.876361100 -2.116010425 
-10.145133609 13.658721325 -1.805133873 
-0.111440247 17.715027191 0.548322702 
-0.145164640 17.705210723 1.083210442 
-9.771957306 13.894445852 -2.271650411 
-9.859876245 13.871405537 -2.087068944 
-0.038596075 17.530541233 2.420722846 
-0.111469888 17.688282614 1.227443334 
-8.445443418 14.508653436 -3.446676557 
-8.838006757 14.726897356 -2.677970773 
-0.044643386 17.696446786 0.837788002 
-1.283194986 17.751193271 2.133248401 
-9.715307834 13.916808989 -2.344247591 
-10.060726711 13.703440032 -1.925324466 
-1.760518948 13.656934016 6.399019718 
-1.525383962 13.754932824 6.237999929 
-7.609128711 11.148286876 -5.277309367 
-7.375713403 11.263679877 -5.406311350 
-1.039294723 14.008477511 5.881048692 
-0.873163646 13.973762317 5.854344007 
-7.474532581 11.137164817 -5.395807834 
-7.511208318 11.134285529 -5.383282039 
-0.652842035 14.286827857 5.437549469 
-0.571862068 14.289891326 5.436562537 
-7.329475270 11.238417367 -5.466567470 
-6.925154746 11.404963999 -5.633797508 
-1.068059160 13.920244341 6.045643534 
-0.875877109 14.054543006 5.797852305 
-7.215362460 11.236993417 -5.552979494 
-6.906678296 11.413860203 -5.652381720 
-1.888072332 13.510987261 -6.564700980 
-1.603863838 13.607684712 -6.449872166 
-7.638978451 11.257478110 5.200484611 
-7.496969466 11.317170760 5.287799591 
-1.616521912 13.772858554 -6.250314673 
-2.289546242 13.259808776 -6.837169425 
-7.429580234 11.369673231 5.292242522 
-7.651242756 11.215224877 5.203219414 
-2.069973620 13.416893685 -6.701917253 
-2.379869174 13.241130407 -6.900704702 
-7.009645301 11.442289874 5.549683811 
-7.147042356 11.439764508 5.455141651 
-2.017404514 13.502110978 -6.598608928 
-1.797177530 13.756647403 -6.370602504 
-7.357803196 11.291038509 5.401606756 
-7.128869903 11.457940579 5.456847821 
-0.330705266 17.631116636 -1.980763497 
-0.696815823 17.612012480 -2.462208461 
-9.932964284 13.828581350 1.803749890 
-10.287745382 13.611988122 0.995918848 
-0.425672087 17.631421589 -2.093594106 
-0.269298803 17.664991881 -1.642722047 
-10.348754212 13.531187321 1.120451809 
-10.422575863 13.485770608 0.800672250 
-0.613720700 17.419294215 -3.354500391 
-0.388076648 17.494133311 -2.852569854 
-10.514567192 13.409390348 0.431152715 
-10.407859311 13.483093174 0.952561494 
-0.145534574 17.525101858 -2.490031616 
-0.305924222 17.599298906 -2.148771091 
-10.575914436 13.323176500 -0.033790934 
-10.413704808 13.499830762 0.808357495 
-0.864707142 17.557314841 2.992419991 
-0.668468492 17.524769011 3.025573280 
-10.345196599 13.530172122 -1.405767973 
-10.030516082 13.775622189 -1.777283422 
-0.932311056 17.550990706 3.048608628 
-0.570340926 17.587956635 2.634585657 
-10.425426416 13.491513301 -1.112107900 
-10.295785987 13.576209469 -1.473622987 
-0.641830379 17.622751455 2.487682190 
-0.751846473 17.480445363 3.259634651 
-10.146496213 13.700996078 -1.594741252 
-10.272200400 13.614773512 -1.430755075 
-0.251493860 17.664008351 1.802222423 
-0.366049855 17.666608626 1.910022692 
-10.412183632 13.462201635 -1.406364792 
-10.281358115 13.611350955 -1.379974091 
-1.097181997 13.738697170 6.085796396 
-1.383226077 13.712755853 6.206215500 
-7.856698888 11.112012533 -5.110677508 
-7.478533284 11.228086165 -5.350445301 
-1.265642182 13.648666271 6.269276976 
-0.956016994 13.465982556 6.085077264 
-7.614763596 11.186258067 -5.271476151 
-6.210049705 10.863508412 -5.940261175 
-1.601635747 13.604375224 6.377310049 
-1.316891453 13.746424702 6.182275666 
-7.561717592 11.153788859 -5.303087338 
-7.173680180 11.293424210 -5.517727554 
-1.024962692 13.919103026 5.935114442 
-1.141794984 13.888191094 6.017919858 
-7.439111846 11.210978955 -5.385863521 
-7.301994150 11.278200224 -5.451524870 
-2.534088104 12.910997477 -7.041190655 
-3.572659741 11.778115847 -7.390471233 
-8.025906891 13.221729334 4.014821507 
-8.823061087 12.954169744 3.299138416 
-2.496435381 12.918341718 -7.026849591 
-2.305841766 13.094833500 -6.847198394 
-5.784846881 11.718434858 5.853610909 
-6.616074025 11.262475663 5.716335751 
-3.021578527 12.759496714 -7.181823792 
-2.984108581 12.836842613 -7.096172535 
-6.746186890 11.381634276 5.619661998 
-6.773954894 11.436118883 5.584691277 
-2.711077949 12.920509080 -7.047890842 
-2.537415824 13.021449379 -6.961612594 
-6.677216080 11.424620851 5.635568393 
-6.530356798 11.436014641 5.726366030 
-3.659530454 16.445929174 -5.268237632 
-2.405047756 16.922851240 -4.383027600 
-9.759127603 14.013085838 2.480109637 
-7.420486282 14.871494850 4.862781362 
-1.211472995 17.309231288 -4.045184046 
-1.490879178 17.157127379 -4.566240458 
-10.316475817 13.613337284 1.196182168 
-10.334818615 13.531704142 1.364401685 
-1.138262287 17.358492940 -4.319922418 
-0.302237017 18.148935594 -1.274759979 
-9.163320279 15.120635530 0.416448357 
-9.848284294 14.289885765 0.688042212 
-0.128667784 17.404795070 1.634512622 
-1.528461326 16.811483833 3.974035310 
-9.994974505 14.107837753 -2.139081707 
-10.258477799 13.642832771 -2.117643283 
-0.210739879 17.637800546 2.038381304 
-0.534273929 17.608849237 2.472904005 
-10.442225119 13.556924088 -0.658536625 
-10.536230869 13.431908838 -0.637738841 
-0.390890082 17.743173000 1.352660626 
-0.283048682 17.754041787 0.937960965 
-10.470368364 13.507441516 -0.894827955 
-10.491524584 13.485796165 -0.847928300 
-1.317206427 17.892529560 1.922819187 
-0.890007192 17.850291197 2.214042278 
-7.190710666 15.507942851 -3.639157938 
-10.103133017 14.242535848 -0.619785011 
0.028567553 17.620270539 1.022781184 
0.183659597 17.574849475 0.085226294 
-10.545925336 13.289869501 0.036753945 
-10.552813194 13.299084832 -0.279263687 
1.344668538 15.303124501 4.268453694 
-1.147163286 13.608947964 6.756213293 
-5.796083107 12.903098189 -4.932209851 
-4.173479601 12.253877384 -5.771044567 
-0.881855257 13.297651826 5.974382820 
0.177335431 14.739604114 4.857332111 
-9.290637499 9.760197474 -3.799113082 
-8.641492479 10.969267615 -4.290374190 
-0.834278055 13.734645769 6.007550112 
-0.860925999 13.619691424 6.053451355 
-6.460824259 11.211560626 -5.771436812 
-7.743358558 11.304257825 -5.131917532 
-1.069345628 13.775693061 5.874939850 
-0.789120823 14.000365005 5.739336870 
-6.081796576 11.619195182 -5.897495898 
-6.621608823 11.345935396 -5.725152782 
-1.319382461 14.695184416 -5.019417506 
1.780569848 13.236577502 -3.726302078 
-4.948775406 13.220807556 5.563061389 
-7.535410471 10.074442705 5.038212468 
-0.429605542 13.157276082 -5.728596865 
-0.526830471 13.008486073 -5.896463173 
-6.496241750 10.247915433 5.638945869 
-6.809164629 10.124318204 5.493218215 
0.912034008 14.938361172 -3.909365047 
-0.027448935 14.477742467 -5.431573155 
-8.205366581 10.808517612 4.771710145 
-7.053995197 10.412321222 5.368562651 
-2.527189912 13.047258720 -7.159870555 
-1.060550637 13.695126181 -6.089970520 
-8.473587881 10.725603199 4.581846058 
-7.430143058 10.634914305 5.146624284 
0.221959865 17.656884438 -0.772603082 
0.223838916 17.492232319 0.034148962 
-10.129412434 13.576237480 0.439096622 
-10.229897063 13.390972472 0.611668837 
-2.840211088 16.404333321 -5.914705390 
-2.200145621 17.642423346 -2.960637288 
-8.440911945 14.104357302 4.017476861 
-9.804108728 14.692211411 0.753476522 
0.209885791 17.518020546 0.309915955 
0.476163251 17.487388664 -0.549950782 
-10.405816758 13.332264029 -1.188702224 
-10.554595279 13.211413257 -0.514115111 
0.369979587 17.352290710 0.968140083 
0.540833334 17.390976148 0.187287326 
-10.440185802 13.254612659 -0.931016155 
-10.453358946 13.292097527 -0.295560262 
-2.593531714 18.021081073 -0.204493502 
0.698216068 17.422432806 1.402933028 
-6.662384660 15.933714625 -2.874850464 
-10.313171570 13.511734893 -1.059715164 
0.431095225 17.372194042 -0.472337973 
0.620627445 17.281701703 0.666344146 
-10.840239172 12.661907168 -0.173857241 
-10.504212220 13.148022598 -0.951528107 
0.439407359 17.430507133 0.301042156 
0.338637566 17.409981186 -0.794734117 
-10.224805333 13.428585698 -0.987022330 
-10.599203983 13.138905672 -0.078606170 
0.161316480 17.488606678 -1.040524664 
0.219686627 17.490836682 -0.963824065 
-10.704053642 12.829736148 -0.212092371 
-10.664961913 12.860511111 -0.236360294 
-1.310298531 13.728625954 6.240702395 
-2.227017481 13.161589645 6.961589769 
-6.381626614 11.599125419 -5.829960831 
-5.759320154 11.697244300 -6.048736250 
-1.253385160 13.511378895 6.124020016 
-1.550760939 13.373220988 6.349868816 
-6.436765113 11.301204589 -5.751292908 
-6.940360439 11.160042546 -5.509736784 
-1.445586080 13.456774429 6.365552192 
-2.189987301 13.095804099 6.807701624 
-5.076044098 11.921782106 -6.022926748 
-4.734400520 12.286541360 -5.851921112 
-2.055937067 13.361038444 6.583523057 
-2.174569412 13.298711649 6.741244762 
-5.354510074 11.922949979 -5.974273668 
-5.822304620 11.742442417 -5.913343541 
-0.677912545 14.248040022 -5.645036135 
-1.232728462 13.957669575 -6.071651747 
-7.433643002 11.406121693 5.363563375 
-7.078044857 11.524378575 5.489967570 
-0.872946961 13.848363753 -5.919175663 
-1.233672920 13.708154393 -6.071600259 
-6.357538279 11.614519459 5.749586319 
-6.967234836 11.302340119 5.549751464 
-1.334589896 13.868275672 -6.064038131 
-1.179270463 13.959014899 -5.927425163 
-7.103065978 11.338517536 5.549238315 
-7.149834597 11.346418159 5.494841102 
-0.755282093 14.183697316 -5.603965210 
-0.731931671 14.152600124 -5.629468271 
-7.430631271 11.284198826 5.343608460 
-7.069243037 11.434143758 5.506136987 
-0.017545105 17.727278498 -0.169937672 
0.431459181 17.581743625 0.565838792 
-10.298111622 13.622489684 1.272715767 
-10.510739217 13.469847834 0.554831467 
-1.363955554 18.198500812 -1.052291324 
-0.201830152 17.741632219 -0.548477824 
-10.062961568 13.779847679 1.722352787 
-10.107577947 13.751963190 1.638296389 
-0.300358942 17.716485385 1.030304904 
-0.243648503 17.679557834 -1.662512995 
-10.623385537 13.301475287 0.792917634 
-10.403929854 13.518160778 1.158489867 
-0.362545572 17.708655467 -1.603454248 
-0.451445968 17.656702729 -2.121530451 
-10.578511061 13.357240290 0.770510179 
-10.590554318 13.368239820 0.679058951 
-0.812857502 16.915544554 -4.267765916 
-0.171827293 17.185186656 -2.842796131 
-10.468191886 13.408752486 -0.132989344 
-10.571504506 13.275433830 0.017481676 
-0.873336258 17.844636013 -1.472552721 
-0.209231093 17.534548299 -1.594090440 
-10.837267064 13.127642198 -0.620227910 
-9.271417715 13.279041912 3.432386829 
0.660879403 17.262323547 -1.157356274 
0.007063652 17.634034763 0.943377183 
-10.515483561 13.349159752 -0.389498694 
-10.385226777 13.483155543 -0.724897643 
0.500792777 17.284449307 -1.182520001 
0.376950327 17.232737223 -1.679438355 
-10.593492055 13.249636305 -0.163126865 
-10.517399714 13.313435560 -0.749832705 
-0.697015005 14.911343294 4.595548853 
-0.436167364 14.770138532 4.505355233 
-6.090058347 12.288717210 -5.608425642 
-4.644881177 12.464304973 -5.673033157 
-4.700849563 11.284692124 7.387585517 
-4.382555509 11.346190984 7.511193069 
-2.992761648 12.802720091 -5.496785316 
-3.465731925 12.480956137 -5.681415442 
-3.923840300 11.431469122 7.305877542 
-4.021644673 11.489506967 7.363471213 
-6.205133390 10.930562568 -5.985816155 
-6.354833290 11.011540531 -6.023933704 
-5.835210387 11.384730651 7.388845835 
-6.082029826 11.286988123 7.310118166 
-9.459939943 10.035484530 -3.171121197 
-9.466714652 10.017590699 -3.264392872 
-1.904182650 12.992427827 -6.340175532 
-2.745901695 12.464240250 -7.135581520 
-4.975098276 12.293600692 5.715393237 
-4.937082629 11.530414558 6.113513437 
-0.095240005 14.896448671 -4.449513490 
-0.531343910 14.223635999 -5.447920479 
-7.687500752 11.241113631 5.163607138 
-7.475191558 11.292348572 5.312602598 
0.325090588 14.647398395 -4.248083631 
-0.900779762 14.048342051 -5.777866374 
-8.389920646 11.181652582 4.631550821 
-9.157962980 10.912372049 3.724212649 
-0.942956714 14.012756558 -5.830469684 
-0.733790750 14.274261913 -5.694050351 
-7.827595366 11.183358590 5.087490341 
-8.055120878 11.144919639 4.904874704 
-0.162812601 17.525539811 1.577899328 
-0.130028475 17.499266469 1.669574278 
-10.137396044 13.692701685 0.555472503 
-9.945939417 13.701557071 1.070203501 
0.252472082 16.990049388 2.564942758 
0.270166733 17.210586696 1.986780847 
-10.578335797 12.938927257 -1.222563431 
-10.628254062 12.864911914 -1.298489534 
-1.784993325 17.861922292 -2.272989258 
-0.530560700 17.472680760 -2.980620586 
-9.224452610 15.134167287 1.053840227 
-10.595226895 13.267487179 -0.374677308 
-0.833996447 17.792244854 -2.326181480 
-0.918516353 17.666852469 -2.800123819 
-9.173817019 14.632567907 3.160803482 
-10.380286917 13.059552130 -1.442724670 
0.375539051 17.415878762 -0.663730718 
0.372915505 17.409085391 -0.715237977 
-10.506396590 13.163377235 -0.592855793 
-10.344641663 13.257338407 -1.120726812 
-0.789928524 17.164266006 3.762788598 
0.529233649 16.922592694 -3.619897297 
-10.423838670 13.189621399 -0.153373045 
-10.900930093 11.742379302 -0.166471605 
-0.078254119 17.530679633 1.571162916 
-0.329971856 17.603165954 2.216898879 
-10.235446327 13.451169606 -1.424671327 
-10.507777749 13.430088105 -0.889995008 
-2.669568809 18.091288962 1.450892206 
-0.751289049 17.935614070 -0.413823446 
-10.266415386 13.832973251 -1.298217863 
-10.542593062 13.377589840 -0.610845627 
0.063734337 14.433009581 4.870189972 
0.166679009 14.357054247 4.921694484 
-6.413922022 11.422028937 -5.865967391 
-6.986394163 11.176367288 -5.664577724 
-0.166301338 14.359706525 5.075498059 
-0.713560077 14.105444264 5.560927244 
-6.756884582 11.391388006 -5.696044853 
-6.725935394 11.446966231 -5.684824001 
-0.231856743 14.319478312 5.357476344 
0.192903497 14.856097340 5.118870453 
-7.281005233 11.345834673 -5.497699931 
-9.263915065 11.355544578 -3.528339724 
0.237798468 15.012868769 4.251161785 
0.212686157 14.788076484 4.610311100 
-8.162749582 11.232915941 -4.824973639 
-8.448392812 11.046491872 -4.631249349 
-1.119761807 13.785974591 -5.940720433 
-1.845794688 13.362548505 -6.552150170 
-6.798559719 11.231053831 5.679326229 
-6.755637654 11.318109942 5.645440787 
-0.903943207 13.923273808 -5.663006225 
-1.692568991 13.530042889 -6.304612353 
-7.512401254 11.036246002 5.295796460 
-7.576229377 10.904718803 5.332888891 
-3.774988053 13.108141610 -7.335170331 
-3.458152710 12.432726598 -7.183378870 
-3.521852384 12.918468086 5.768619207 
-5.781051772 12.243970855 5.696373814 
-0.321173090 13.973002238 -5.106464830 
-4.821957571 13.260291484 -6.951246097 
-5.945705325 11.770924184 5.613344078 
-2.783323615 14.229209091 5.057339453 
-0.403841054 17.950661866 -0.338652504 
0.296173936 17.475756983 -0.194787879 
-10.416931415 13.229909771 1.381405080 
-10.575501271 13.061680538 1.253566312 
-2.858347281 18.153352304 -1.969433761 
-3.273985414 18.052157510 -2.385518563 
-5.385924461 16.820110494 2.754633326 
-4.933664673 16.355116593 4.081797744 
0.349589199 17.578640395 -0.920251519 
0.368713576 17.580623028 -0.657604095 
-10.788651251 12.772563380 0.354894282 
-10.232580809 13.530803420 -0.110164205 
0.302769658 17.549967780 0.020531855 
0.282059104 17.555167634 -0.418218802 
-10.765008115 12.967961150 -0.170727542 
-10.669285182 13.085499370 -0.348740925 
-2.201390703 17.346458289 4.420224128 
-1.469951187 17.693413363 2.377991834 
-7.630447264 15.539976015 -3.046706252 
-9.751892177 14.041898654 -1.880432144 
0.079073343 17.727072525 1.243779998 
0.134788009 17.618038050 0.467485548 
-10.104887528 13.704357445 -0.761420989 
-10.036445132 13.620083048 -1.278663112 
0.355756706 17.517076538 0.365749939 
0.164071413 17.543289731 -0.225373512 
-9.849451128 13.725337656 -1.582072735 
-10.082565721 13.546648657 -1.240940228 
0.641670844 17.516985874 0.591825164 
0.121030973 17.601114374 -0.159175720 
-9.914563915 13.769623076 -1.580367807 
-10.280250979 13.584247635 -0.682867177 
-0.928578938 13.933980391 5.738967175 
-1.055028818 13.676608746 6.023514503 
-6.443017502 11.557058833 -5.686532991 
-6.854544138 11.359110442 -5.635671277 
-0.237269513 14.199766490 5.256550922 
-0.683148450 14.009541419 5.657615219 
-7.270119235 11.279674440 -5.376019228 
-7.395205086 11.214265608 -5.298827287 
-1.134463084 13.833714040 5.944703924 
-1.355520595 13.614087851 6.224936239 
-7.057723446 11.169548866 -5.537561164 
-7.631820771 11.005356147 -5.199476995 
-0.775561115 13.837379249 5.758350720 
-0.893081802 13.676615893 5.960783919 
-6.919816570 11.202320993 -5.580844009 
-7.131627737 11.201562335 -5.428772776 
-1.233777944 13.359263287 -6.212290494 
-1.388603293 13.473551907 -6.214367642 
-5.732005194 11.390822200 5.967126092 
-6.751462874 11.094245862 5.674120076 
-2.023333000 13.160797305 -6.726457476 
-2.051647892 13.196188199 -6.735042228 
-5.482701411 11.705030433 5.973640453 
-5.956431634 11.548675287 5.896205176 
-1.844184670 13.388404071 -6.483251102 
-2.066188561 13.214966322 -6.689736872 
-6.500305064 11.297329015 5.780224724 
-6.669314416 11.296353055 5.679530067 
-1.991361722 13.033594471 -6.748573428 
-2.000487835 13.124576804 -6.663082479 
-6.468573940 11.244446472 5.801230362 
-6.276827185 11.313618833 5.843649481 
-0.029171527 17.678455224 -0.357753715 
-0.002815845 17.669048361 -1.031976337 
-9.988870052 13.747883898 2.003312093 
-10.066530003 13.762074818 1.682897732 
-0.483687875 17.610010800 -2.404005644 
-0.622598124 17.523540852 -2.960127984 
-9.933363473 13.809419259 1.963641098 
-10.287597022 13.582352678 1.381472036 
-1.157172613 18.182625092 0.422083876 
-1.769351585 18.048025622 1.689941233 
-10.003792268 14.113867692 1.431871822 
-9.476254936 15.114936438 0.241925418 
-0.587778993 17.864473315 -1.905942656 
-0.999283261 17.967193356 -1.898912389 
-9.255882558 15.032901154 1.997802915 
-8.873750481 15.332780358 2.095088834 
-1.203544792 16.868452298 4.881726923 
-1.158114724 17.680359341 2.299251212 
-11.363057913 12.242966944 -0.431080331 
-9.577894846 14.663029871 0.189525335 
-1.270627993 17.038006419 4.523663625 
-1.383884000 17.058060402 4.497438840 
-10.393167507 13.152747172 -1.808669391 
-10.200976086 13.309715804 -2.243271225 
-1.112926282 17.948509309 0.870435526 
0.073004247 17.143684908 3.524730064 
-10.539301886 13.258627723 -1.395894991 
-10.370451001 13.184808370 -2.125106517 
0.910191617 17.604686138 1.563762779 
0.111180056 17.977207016 1.005417243 
-9.164043224 15.580595689 -0.073329012 
-10.180478816 14.465610558 0.982706820 
0.191456417 14.455298527 5.154020767 
-0.068648996 14.269858842 5.620618624 
-7.279765811 11.934041939 -5.055415013 
-7.086995881 11.918479469 -5.190415020 
0.095657101 14.640875011 3.919649449 
-2.442256834 13.329027057 6.984434475 
-3.131568047 12.891378558 -5.444104117 
-5.887990792 12.237873391 -5.421940491 
-1.064754231 13.796295729 5.948331960 
-1.888759425 13.404173137 6.060678625 
-6.019652018 10.875176879 -5.860163542 
-6.174538779 10.025498317 -5.870512989 
-0.364294284 13.972552532 5.982482135 
-0.069626912 14.086623417 5.748741899 
-8.377930490 11.390403092 -4.770781132 
-8.390800062 11.451012645 -4.768469741 
-1.244373197 13.856732188 -6.184357996 
-1.232131896 13.876143893 -6.170969988 
-7.404956191 11.394187471 5.308546465 
-6.892135016 11.449602120 5.632350311 
-1.268562274 13.952906106 -6.095318426 
-1.377511401 13.415604517 -6.588949541 
-7.396101676 11.329560124 5.392309416 
-8.028232856 11.094159635 5.010824306 
-2.803341922 13.216828290 -6.485733327 
-3.103144563 12.763498989 -6.618106178 
-5.678956266 11.608129873 5.941897599 
-5.343142442 11.642322822 5.962949853 
-0.567758132 15.395894192 -4.888639049 
-2.128132356 13.008988103 -6.522353758 
-7.894786639 11.839197561 4.664256060 
-8.472347684 11.710834023 4.534408997 
-0.047246148 17.624056397 -1.864439968 
0.415529823 17.545209101 -1.921607008 
-10.483297117 13.442478575 1.077429383 
-10.438982328 13.508871534 0.921688854 
-1.352608056 18.138469288 -1.670713714 
-0.235596738 17.635759717 -1.992459985 
-10.322170025 13.589667412 1.264435188 
-10.393667543 13.548004835 1.053711642 
-0.388930883 17.601783794 -2.412955200 
-0.172852129 17.681607598 -1.524858819 
-10.585846700 13.324522690 0.944921759 
-10.343340892 13.549235184 1.316660960 
-0.294470251 17.706781507 -1.461663744 
0.003790395 17.584648094 -2.080529664 
-10.547062204 13.409245792 0.562766474 
-10.624768416 13.324523959 0.475246784 
0.532937687 17.444382482 -0.347436463 
-0.306093051 17.678543928 1.232583236 
-10.516901332 13.360808636 -0.238053511 
-10.396359795 13.496182243 -0.544250466 
0.133118514 17.627631507 0.446384683 
0.060165496 17.628890120 0.596871265 
-10.500183935 13.362811846 0.133638397 
-9.576617544 13.428512346 2.643534629 
0.058146503 17.630977672 0.893029523 
0.226617853 17.605826538 0.044104878 
-10.462963308 13.410706604 -0.479592785 
-10.476092475 13.382503830 -0.567370050 
0.105069035 17.632829848 0.638558168 
-0.021357077 17.652368419 0.709780465 
-10.632342148 13.201850866 -0.000721789 
-10.635848703 13.197548476 -0.185854489 
1.051102747 15.047827629 2.782998012 
-1.817705204 12.746412460 6.969978577 
-3.292148668 14.242604169 -5.666568442 
-5.697945875 11.744697074 -5.785360949 
-0.142388248 15.121551021 4.845677199 
-1.006889871 15.761924895 5.315633899 
-3.817622274 12.815137170 -5.702837761 
-4.818950641 11.877735414 -6.113326699 
-3.322308122 11.847496659 7.223327088 
-2.998527914 12.027828252 7.108502205 
-5.787817028 11.285112410 -6.134512009 
-6.029770820 11.168372920 -6.018934909 
-1.584109215 13.250184321 6.564547312 
-2.915248599 12.712571204 7.123615136 
-8.249141006 10.538206254 -4.776975900 
-8.151591005 10.572944280 -4.840565805 
-0.735214656 14.062200811 -5.716718679 
-0.676417269 14.088035296 -5.705377517 
-7.670862158 11.059474040 5.036499247 
-8.883721294 10.087197471 3.756689790 
-0.552973236 14.088166612 -5.592501209 
-0.386494245 14.339421607 -5.289415635 
-8.172745751 11.101863011 4.841879860 
-7.987369163 11.102022150 5.000482375 
-0.914687886 13.888533648 -5.976138275 
-0.850976982 13.947525859 -5.885036515 
-9.290258232 10.726788218 3.695746976 
-8.605690743 10.860211896 4.512220227 
-1.016716665 13.972114242 -5.928570796 
-0.950224402 13.999080200 -5.861694520 
-8.524464188 10.958783917 4.561650551 
-8.345684986 11.082535795 4.669301365 
-0.114185650 17.766915586 -1.088072719 
0.395690148 17.438989607 -2.066108185 
-10.275204595 13.750649949 -0.088499166 
-9.779586892 13.848025836 1.051614260 
0.725526596 17.371412400 -0.082245007 
0.706645122 17.354382677 0.151882168 
-10.755466540 12.825024012 -0.409829044 
-10.765132733 12.808893342 -0.204059313 
0.585346896 17.390265506 -0.829972321 
1.095915853 17.163638625 -0.796470096 
-10.726679147 12.928768002 0.573073428 
-10.730593718 12.925215207 -0.826712069 
-1.649761898 17.430823624 -3.455888558 
-0.969601408 17.715160541 -1.704510903 
-7.628225792 15.375626029 3.247609462 
-10.397579628 12.328804095 1.805562701 
0.280498328 17.435241561 -0.544292125 
0.172327084 17.475610294 -0.368038734 
-9.479274395 13.791219461 -2.278993021 
-10.519341562 13.172716432 -0.108067952 
0.192591537 17.416007545 -1.314814542 
0.172676078 17.432927328 -1.261447340 
-10.406373194 13.115603330 -0.820119930 
-10.508946938 13.193383209 -0.209820673 
-0.103984399 17.877072610 0.463265202 
-0.522669927 18.037829503 1.366326407 
-9.551777287 14.294758277 -2.014134390 
-9.835298441 14.715026387 -0.687596547 
-0.710114561 17.891020842 1.439434443 
-0.931667712 17.701468816 2.722912876 
-8.961366161 14.638050644 -2.945974798 
-9.795014320 14.138195413 -2.040018773 
-1.570501424 13.798672705 6.163072375 
-1.439504497 13.906518421 5.993748589 
-5.509745560 11.977075477 -5.872653012 
-5.590219422 11.818821443 -5.968301939 
-0.928020012 14.067270689 5.720891687 
-1.441449285 13.814677298 6.099332118 
-6.609342111 11.423723647 -5.764691479 
-5.923176873 11.750085259 -5.911512399 
-1.472273859 13.770888187 6.105241893 
-1.877010585 13.463995554 6.364845560 
-6.207062008 11.688409746 -5.806564324 
-6.290606903 11.526334891 -5.811035985 
-0.111458621 14.794520262 4.802482521 
-0.465657630 15.896578653 4.283593236 
-7.029504500 11.721174902 -5.393036949 
-8.800002496 12.703696597 -3.921398753 
-1.214454426 13.736936204 -6.035823937 
-1.821782882 13.357772109 -6.514918489 
-7.530067839 10.970869344 5.313589628 
-6.977977538 11.175114065 5.577676076 
-2.069870461 13.217553199 -6.681628964 
-1.890357727 13.238652864 -6.642358968 
-7.604468585 10.928235068 5.306235488 
-7.429810817 10.985858355 5.395871981 
-1.687808810 13.150983360 -6.512406561 
-1.562951580 13.270317266 -6.266519399 
-6.123819519 11.294993013 5.826096866 
-6.198819581 11.203602555 5.807866251 
-1.757425046 13.446339263 -6.463367656 
-1.668261107 14.382547821 -5.679413084 
-6.261179115 11.477965324 5.826499349 
-7.300224892 12.393897777 5.181037304 
-1.096286474 17.255408580 -4.056637160 
-0.469195033 17.409226470 -3.116246013 
-10.447229756 13.190967286 0.852857740 
-10.314324934 13.390286017 1.050861683 
-1.677166798 18.162452248 -1.448171844 
-3.196921280 18.061696253 -2.455209046 
-9.622823273 14.651033338 0.781918331 
-4.751874635 16.450183027 3.894288909 
-0.284750045 17.319683762 -3.348799968 
-0.094405440 17.400845995 -2.800748635 
-10.553369194 13.093739375 0.195022488 
-10.392641961 13.317153762 0.869607972 
-0.942195238 17.206097518 -4.139059128 
-0.803524569 17.273879739 -3.852234549 
-10.441885993 13.136841484 1.150620572 
-10.372450811 13.202195628 1.385561785 
-0.161870498 17.681904305 1.383979608 
-0.149471016 17.657403352 1.641287629 
-9.802299276 13.906622090 -2.161998476 
-9.541468783 14.078465516 -2.331577095 
-0.143364952 17.702674044 1.206224116 
-0.374346816 17.669195409 1.913833740 
-9.896084698 13.870799867 -1.952929562 
-10.004014113 13.771186314 -1.881360121 
-0.490956654 17.677716757 1.949783599 
-0.413697723 17.671532219 1.921304678 
-10.313371524 13.546064892 -1.534326699 
-10.423821356 13.332485774 -1.883528545 
-0.203018736 17.700923696 1.270002375 
-0.481684476 17.576745867 2.627035698 
-10.083000677 13.702001130 -1.780963203 
-9.982854972 13.832024716 -1.829491646 
-2.448738718 13.282082596 6.854290396 
-1.432321736 13.878552611 6.103848519 
-7.722081951 10.987565619 -5.262606991 
-7.157016778 11.244347066 -5.551750225 
-2.120952634 13.494511581 6.592868120 
-1.801734122 13.642769267 6.363506289 
-7.710550199 11.082243924 -5.166405619 
-7.295880594 11.267150834 -5.421876302 
0.137748204 15.571023550 4.376925899 
-2.287431057 13.074719646 6.840682230 
-7.454300842 11.244512626 -5.350932772 
-9.175818336 10.996225732 -3.654470522 
-2.487037325 13.340329753 6.760066143 
-2.417804733 13.318761223 6.710842239 
-7.197544673 11.355820880 -5.468317047 
-6.983008476 11.359758358 -5.584631190 
-3.529909652 12.448907504 -7.381477952 
-3.619805432 12.477448853 -7.371202802 
-7.045109784 11.188527361 5.609937316 
-7.045682431 11.236865468 5.582411848 
-2.526293662 12.969408633 -7.102984573 
-2.486900552 12.947025107 -7.130605529 
-7.020382764 11.132053442 5.606865526 
-7.550871836 11.469503360 5.330488793 
-1.232014491 14.089645483 -6.226164079 
-1.145366270 14.171162995 -5.925125818 
-7.841689552 10.356346547 4.879000329 
-8.054708391 10.421163877 5.278783517 
-2.699740054 12.735023651 -7.224900385 
-2.423331672 12.918875310 -7.052711418 
-7.316200735 11.056008526 5.461449819 
-7.030688302 11.204421415 5.572474380 
-0.094433185 17.754283811 -1.282335266 
-0.038391111 17.650265260 -0.465142741 
-9.953537209 13.764741267 1.193009690 
-9.705500551 13.856983525 1.996219498 
-1.848945046 16.411074081 -6.013203399 
-1.316597441 17.767179610 -2.026379346 
-9.181514673 13.293006208 3.905940849 
-9.588388044 14.086718142 2.161563721 
0.333433538 17.571645712 -0.634034380 
0.217510330 17.592255702 -0.662213689 
-10.369049667 13.503168107 0.575126697 
-10.475582758 13.416533862 0.197241872 
0.431550766 17.500878697 -0.548602089 
0.382697784 17.516315968 -0.557637299 
-10.321353050 13.459924011 0.730528392 
-10.449251575 13.364722753 -0.163625668 
-3.084445122 18.116402513 2.225684453 
-3.358627586 18.000810633 2.670072339 
-6.154202148 16.677844208 -2.523304675 
-4.925447887 16.415941899 -3.932417468 
-0.478182261 17.955650537 0.648319530 
-0.490417298 17.823108755 0.944201367 
-10.475576095 13.855229994 0.079211297 
-9.244936782 14.731683739 -1.911931765 
0.390976888 17.530351946 0.279122326 
0.367418938 17.526948528 -0.092029586 
-10.279338073 13.369028656 -0.999017176 
-10.645687383 13.084066154 -0.113157376 
0.232399283 17.577535251 -0.709141881 
0.291614544 17.589220074 -0.235384967 
-10.507129186 13.256466080 0.191361166 
-10.566428270 13.156857292 0.414493579 
-2.049240671 13.179339712 6.681468149 
-1.690589362 13.347036032 6.472577937 
-5.782467550 11.617544733 -5.922723057 
-5.199754394 11.819802310 -6.000616220 
-1.987711086 13.098138089 6.636820089 
-1.386551350 13.337313583 6.314220908 
-5.273364205 11.602871751 -5.993114086 
-7.229915412 10.970434040 -5.416855463 
-1.484619230 13.504723869 6.215673397 
-1.927063653 13.183270943 6.593695375 
-4.963405633 11.774796420 -6.053990699 
-5.490648461 11.625793960 -5.983824411 
-1.623876738 13.456386305 6.369156063 
-2.324623432 13.301618978 6.612135289 
-5.990908695 11.562247489 -5.868063869 
-5.478830489 11.808702069 -5.910444940 
-0.407010635 14.106364561 -5.511506482 
0.315727505 14.339522585 -4.811671580 
-7.298949639 11.212652398 5.373580855 
-6.954652176 11.252524457 5.570809229 
-0.773694390 13.958648928 -5.677317123 
-1.088743291 13.687630160 -6.040042847 
-6.861351918 11.351216494 5.546813890 
-7.095893276 11.173547280 5.541609419 
-0.394520713 14.022383025 -5.393033654 
-1.978395355 13.321993735 -6.530799172 
-6.816105119 11.331602302 5.571048191 
-7.366264658 10.999585623 5.385955129 
-1.340925016 13.612831177 -6.180907052 
-1.185114480 13.721552898 -6.046426906 
-7.195017775 11.172655948 5.441222446 
-6.968559439 11.304393423 5.522805886 
-0.226095523 17.697649906 -1.506336456 
0.585492621 17.205046629 -2.012078985 
-10.380592082 13.569495800 1.011652639 
-10.660203261 12.765993715 0.661957291 
-0.422594763 17.799914706 -1.032642604 
-0.210281075 17.800254156 -0.550216321 
-10.229391366 13.770414369 1.180476566 
-10.070559172 13.866363250 1.683096240 
-0.411949238 17.659381051 -2.192738493 
-0.438787963 17.740216001 -1.552139871 
-10.090574157 13.793856644 1.684366800 
-10.242514499 13.691327659 1.432833733 
-0.173746230 17.644877793 -1.935627412 
-0.454459212 17.548380866 -2.797689995 
-10.523368037 13.468419167 0.431222641 
-10.546001206 13.439179385 0.396811579 
-0.115435377 17.634937872 1.072252519 
-0.006646803 17.622405116 0.693089035 
-10.455256892 13.381966602 -0.312106689 
-10.605129151 13.178712833 -0.423187822 
-0.093407557 17.656419774 0.913605006 
-1.356131763 16.741607723 -5.373404047 
-9.166462897 14.095796385 3.187580939 
-9.041195741 15.352908386 0.770892794 
-0.287491686 17.688247963 0.941120408 
-0.021606552 17.661807935 0.426491748 
-10.620889736 13.204694302 0.344768386 
-10.626512470 13.221096164 -0.050950683 
-0.064398666 17.631810014 1.081753127 
0.077858410 17.604232755 -0.244986371 
-10.724107668 13.062027975 0.190320925 
-10.612063906 13.213005295 -0.335640912 
1.260075847 16.157520127 -0.487797584 
-0.860259187 16.257134342 3.314045423 
-10.503325628 10.992926743 -1.285880614 
-9.356038663 9.932169554 -3.994643585 
-0.514504451 13.387625884 5.747940694 
-0.426544177 13.441793213 5.629452826 
-7.634846270 11.311560561 -5.161841342 
-7.564130216 11.291456259 -5.224988840 
0.084926101 13.762523701 4.850059233 
-0.102649259 13.686170603 5.058891607 
-1.510560111 12.511571188 -5.059714130 
-3.569298202 12.481546308 -5.580762356 
0.149525597 14.563126515 5.068524189 
-2.007514899 13.719301118 6.304238297 
-7.254799443 11.160431054 -5.340377263 
-5.864596382 12.448807206 -6.051384595 
0.465439041 16.111365878 -2.359562152 
1.961590892 15.294343273 -0.455469208 
-8.556117834 12.395525526 3.573516463 
-6.142838449 11.716593646 5.763559097 
-2.860847853 15.555576592 -5.519145129 
-2.048125899 13.944806158 -6.066015047 
-7.943299409 12.068530431 4.960791543 
-6.343746737 11.837047450 5.938439281 
-2.320619984 13.236100183 -6.511927655 
-1.958694441 13.379964002 -6.340302184 
-6.688404008 11.511361567 5.824594503 
-6.858758695 11.463381250 5.745493701 
-2.086265663 13.280537255 -6.600656368 
-2.199871388 12.803515431 -6.836333674 
-9.289080121 9.647093874 4.164318999 
-8.181226203 9.843195299 5.238623460 
-0.327584703 17.751767709 -0.863987187 
-0.491743389 17.616849419 -2.329790884 
-10.720129931 12.961454986 0.481742634 
-10.541365541 13.419972211 0.274892342 
-0.423573890 17.774754829 -0.605598163 
-0.324244689 17.749688683 -0.777475949 
-10.493522293 13.463820999 0.610642255 
-9.491158432 13.936839626 2.043784659 
-3.051921867 17.204700441 -4.361311631 
0.346872466 17.401019981 -1.980529091 
-9.878375818 14.138385132 1.709726516 
-10.698606246 13.169465818 0.691222248 
-0.285719264 18.018913950 -1.162171590 
-0.775549830 18.056159471 -1.487571677 
-7.810805904 16.031767045 1.494224192 
-10.016707208 14.029855261 -1.317241528 
0.089969200 17.624387324 -0.748142099 
0.052133845 17.628858146 -0.807618660 
-10.388774793 13.534021669 -1.105012973 
-10.300285033 13.579846175 -1.384706756 
0.136050417 17.612433732 -0.789603396 
1.334893649 16.937177722 0.919414665 
-8.957958675 14.265827024 -2.802759734 
-7.490339131 15.888673781 -2.318442237 
-1.449163198 17.352760173 3.616959338 
-1.410761021 17.723928883 2.744019183 
-8.275445197 14.685804106 -4.062047679 
-9.329889036 14.376458671 -3.101353720 
-0.010234037 17.698014193 0.157056778 
-0.070926485 17.700971402 -0.127675091 
-10.374057438 13.586681227 -0.815489858 
-10.405744598 13.542933592 -0.912280673 
-0.236095251 14.437714904 5.130132302 
-0.316679893 14.377489470 5.228738390 
-6.462020226 11.614451543 -5.776630511 
-6.705402065 11.540215046 -5.679109483 
-0.119755506 14.533681327 4.958438488 
-0.045793268 14.481045749 4.979942028 
-7.293726258 11.270671555 -5.460258741 
-7.539296700 11.189705764 -5.324134405 
-0.304653699 14.481107276 5.157060397 
-0.042024194 14.743959143 4.844465482 
-7.612846340 11.329344387 -5.116348807 
-7.832408140 11.268630534 -5.105634600 
-0.554302332 14.323483928 5.398132193 
-0.954618460 14.310356935 5.810214239 
-7.621766938 11.087109310 -5.320269976 
-7.936005216 11.015840825 -5.081523855 
-1.587479633 13.644155290 -6.411915343 
-2.093809786 13.349101805 -6.764430832 
-7.999867366 11.009559679 5.085168664 
-8.281918960 10.971100298 4.824044793 
-1.341218383 13.873778797 -6.070317490 
-0.696839764 13.734816931 -5.702233998 
-7.874293276 11.064628220 5.165575247 
-8.094351416 11.036451252 4.956718919 
-0.007112010 15.174834039 -4.531930768 
-0.711795693 14.279007560 -5.677604856 
-8.780694959 11.355656839 4.246843071 
-8.556429856 11.030941360 4.467234694 
-1.051928813 13.969123890 -5.896286253 
-1.537129377 13.592032788 -6.443215606 
-7.922679178 11.109856862 5.087750241 
-7.926048533 11.033800109 5.137173881 
0.462870528 17.381867910 0.182442634 
0.297268856 17.425518090 -0.549271043 
-10.130647105 13.224968347 1.851244276 
-10.029957955 13.200217967 2.111679210 
-1.309051623 17.664485058 -1.820685254 
-0.629442501 17.599432249 -1.053002807 
-5.894298304 16.061767081 3.300773700 
-7.769725332 15.263368995 3.056421814 
0.365608116 17.518547103 -0.537539623 
0.283752903 17.526318477 0.167640218 
-10.661519377 12.868939944 0.121418050 
-10.663437006 12.864571850 0.098063673 
0.343712676 17.448879524 -0.546384633 
0.618378867 17.318845985 -1.811773474 
-10.489747849 13.258205660 -0.014395893 
-10.615048829 13.108593246 0.107001759 
-2.874674940 16.427588842 5.649805630 
-1.760883488 17.838694838 2.134052756 
-6.947499960 14.992022296 -4.391836189 
-7.583521864 15.823917488 -2.529947182 
0.313110883 17.632903812 0.240403840 
0.407552858 17.453118243 -0.137881761 
-10.203297680 13.506830944 -0.386615127 
-10.327507362 13.328489347 -0.155374578 
0.435310828 17.394010441 -0.590590246 
0.105492939 17.296036091 -1.726680642 
-10.363347880 13.361026304 0.490319219 
-10.353175280 13.343090610 -0.286649271 
0.213424380 17.464943805 -0.995548035 
0.256052153 17.500673546 -0.554672960 
-10.148732611 13.537532359 -0.839545141 
-10.495075434 13.261754613 0.694480794 
-0.988496383 13.832527804 5.925039426 
-1.234954510 13.588060183 6.176545499 
-5.774788530 11.851837082 -5.865481867 
-7.459318424 11.045621869 -5.176570425 
-0.663246952 14.200326229 5.660306379 
-1.168453182 13.897856959 6.052717663 
-6.265976968 11.909793863 -5.772489363 
-6.960194619 11.564059124 -5.559504125 
-0.500597552 14.252267302 5.442150817 
-1.375469458 13.874155529 6.101280908 
-6.904670269 11.398336639 -5.636528346 
-7.267177342 11.246973376 -5.486014855 
-0.950982172 13.946597310 5.904264731 
-1.202958173 13.882500902 6.022689929 
-6.730067290 11.470446380 -5.699572720 
-7.065119450 11.319236883 -5.574228481 
-1.095155043 13.497106038 -6.108567153 
-0.685427217 13.799289032 -5.655895488 
-5.517660435 11.687643658 5.933042306 
-6.513120163 11.269439204 5.717754841 
-1.316908101 13.639418970 -6.321927253 
-1.864974076 13.278873063 -6.773001205 
-6.552364421 11.517375337 5.782597340 
-6.727727449 11.419055825 5.720896111 
-1.994359773 13.443673361 -6.520541678 
-2.527928303 13.116759491 -6.898161339 
-7.032610841 11.259753912 5.559885510 
-7.184465872 11.180997641 5.494297139 
-1.983535712 13.243484282 -6.647245645 
-1.963089389 13.267196684 -6.621920888 
-7.054491540 11.126088647 5.584591571 
-6.811856855 11.308313817 5.625007045 
-0.220902933 17.746199729 -0.880234203 
-0.252363179 17.756271345 -0.873969879 
-10.395780660 13.583466575 0.961948916 
-10.431419181 13.462046897 1.120185105 
-0.056114689 17.619133269 -1.278475596 
-0.432037037 17.636907339 -2.235417494 
-10.511202581 13.328125825 0.773380910 
-10.510665399 13.434090347 0.898994186 
0.052088427 17.532928302 0.828188586 
0.193007518 17.514883328 0.649906278 
-10.329466890 13.456048235 1.451697701 
-10.426785636 13.390467633 1.180037628 
-0.087513785 17.724188006 -0.280473187 
-0.118823688 17.727255988 -0.528288565 
-10.356550891 13.560281908 1.194752459 
-10.401626390 13.513408563 1.153652534 
-1.202500185 17.329265765 3.966582706 
-1.351855493 17.224135802 4.331894348 
-10.318493680 13.654212280 -0.676082055 
-10.547426688 13.300590933 -0.804754257 
-2.970544512 16.701445135 4.895806038 
-4.539916689 15.955139027 5.674939489 
-10.647046006 12.824561087 1.182711140 
-9.858539696 13.434206979 -3.202678145 
-2.161214089 16.798841714 -4.218148810 
-1.416396979 16.837705074 -3.870963316 
-10.020988904 14.078205467 2.198023306 
-10.341801315 13.571997006 2.115183681 
-2.314057894 17.386201336 4.443450731 
-0.286780739 18.170443247 0.686873420 
-8.674635674 15.355658117 1.304312263 
-9.803333973 14.324779777 -0.819975467 
-0.197072982 13.227688415 5.509471082 
-0.180105863 13.189604599 5.556663315 
-6.203075152 10.371497458 -5.771047385 
-6.441039431 10.280342154 -5.674406721 
-1.233865394 14.746005337 4.920383579 
1.808236489 13.265204739 3.635692458 
-2.512277692 11.913187922 -5.778683278 
-6.414670590 10.413298127 -5.635195279 
-0.922758909 14.049117495 6.012209868 
-1.530018148 13.151818525 6.266061076 
-6.678968307 9.497070612 -5.577352793 
-6.544264525 11.405191334 -5.774204159 
0.960886771 14.941938022 3.887424861 
0.825228361 14.986962435 3.840023019 
-6.348414986 10.736149977 -5.750631718 
-6.334036565 10.298326158 -5.695012634 
-0.603203486 14.287749855 -5.510143631 
-0.720656154 14.223092470 -5.619569582 
-8.170038814 11.149726914 4.835216348 
-8.326103965 11.074242290 4.728606340 
1.817376913 15.362517878 -3.558113120 
-2.132195709 13.189576859 -7.340201955 
-5.845017047 12.888459023 4.896325244 
-3.215930977 12.513392563 5.702886053 
-0.392475064 14.118184052 -5.320988847 
-1.357490654 13.668212809 -6.229500481 
-6.806322643 11.295183054 5.701202464 
-7.156786895 11.305482918 5.546476526 
-0.715280510 13.756600891 -5.941487241 
-1.680375436 13.213395546 -6.676184820 
-5.888831816 11.373560116 5.969363456 
-6.447800163 11.287048111 5.796856110 
-0.645274918 17.574890137 -2.764246813 
-0.543705613 17.488339171 -3.100320620 
-10.367520584 13.538274796 1.237165698 
-10.363808209 13.524959773 1.344561971 
-0.599150250 17.537079698 -2.931991487 
-0.540053179 17.560648921 -2.770414118 
-10.235559755 13.625398813 1.548421652 
-9.993627522 13.791551315 1.876801097 
-0.533750166 17.535618567 -2.862461586 
-0.330362547 17.559538475 -2.599716951 
-10.420068762 13.485472703 1.147450352 
-10.309205869 13.572131399 1.429863121 
-0.696440886 17.479135694 -3.247558937 
-0.626683529 17.476622722 -3.201419585 
-10.314760567 13.536236611 1.505233757 
-10.273700275 13.605341133 1.462285059 
-0.376207647 17.624368713 2.059358323 
-0.492812747 17.621039356 2.228318385 
-10.403253371 13.500848540 -0.940258092 
-10.476380109 13.431026644 -0.730138671 
-0.649982148 17.562989927 2.688703642 
-0.607154874 17.574518461 2.600932979 
-10.248464621 13.647174067 -1.122361251 
-10.303835888 13.604402304 -0.985034968 
-0.030986832 17.625693119 1.563993514 
0.011884089 17.652767207 1.111339040 
-10.549014727 13.369483939 -0.232187734 
-10.446121334 13.471477512 -0.661262751 
-0.186460090 17.591761572 2.106989403 
-0.300424754 17.635069271 1.903100598 
-10.285894502 13.570629043 -1.278950018 
-10.239676511 13.584047888 -1.482613022 
-2.177755400 13.086142067 6.826148581 
-2.254862235 13.014374257 6.902274422 
-5.454160080 11.824331346 -5.915940780 
-6.179458248 11.581951227 -5.789089164 
-1.974184623 13.106786583 6.731776588 
-3.371142410 11.918273643 7.357646574 
-7.872696555 13.289588581 -4.095483157 
-8.594801166 12.780371096 -3.713869710 
-1.499117127 13.566317275 6.320504586 
-1.275908961 13.743619045 6.091095295 
-5.800733192 11.773300549 -5.869328708 
-5.270294696 11.963124661 -5.932647486 
-1.821955556 13.347885285 6.574565917 
-2.058991914 13.272222398 6.667062430 
-5.831629715 11.733628121 -5.874807550 
-6.019852402 11.624524020 -5.847407749 
-1.066889666 13.808492463 -6.046964788 
-1.805117868 12.872520753 -6.677834527 
-7.704040667 11.121954674 5.193997606 
-6.336569065 10.835740278 5.870729125 
-1.110120645 13.795772906 -6.094976894 
-0.913353755 13.951548800 -5.894820901 
-7.658806953 11.131275518 5.238877154 
-6.995361335 11.388987396 5.576164642 
-1.297265873 13.752429868 -6.168259008 
-1.506931538 13.695906910 -6.303776005 
-7.736470002 11.182110682 5.159362249 
-7.483000014 11.275492910 5.317064557 
-1.686615672 13.522511812 -6.473126966 
-1.499131854 13.601212653 -6.333301765 
-7.708422706 11.202494459 5.168096193 
-7.831684574 11.133608847 5.093061276 
-0.294940201 17.654888823 -1.884688927 
-0.644245247 17.494878286 -3.106142496 
-10.301705115 13.573978352 1.371571854 
-10.218994707 13.658826513 1.429867694 
-0.413522316 17.675810444 -1.881359337 
-0.409067361 17.654885987 -2.051185087 
-10.319330892 13.574208281 1.303989009 
-10.359337517 13.546702834 1.247280792 
-0.197177770 17.632207537 -1.930990761 
-0.224536630 17.614538548 -2.089600336 
-10.187183152 13.645847017 1.626364405 
-10.024313904 13.779552169 1.813362584 
-0.351566019 17.599439759 -2.347752186 
-0.354108727 17.488363406 -2.952999224 
-9.576718743 13.655414657 3.013604378 
-8.828265959 14.725926313 2.720624501 
0.138356721 17.666754610 -0.194582468 
-0.097952497 17.714361973 -0.006403821 
-10.409934416 13.508241513 -1.219568822 
-10.455622131 13.452227098 -1.142055610 
0.027648494 17.694238513 0.347715731 
-0.012553243 17.691071086 0.885324733 
-10.302377542 13.579418490 -1.380178677 
-10.433699948 13.485117498 -1.072952110 
0.090199567 17.639493500 -0.443054842 
-0.754812721 17.588434945 2.535735577 
-10.369376871 13.517655007 -1.174602012 
-8.090728575 14.806773927 -3.592568988 
-0.042884156 17.705100104 0.669156755 
-0.053978211 17.715796108 0.516272819 
-10.393754182 13.584450306 -0.690090148 
-10.314518894 13.627321788 -1.178096855 
-1.201296259 13.906944274 6.032309707 
-1.892491217 13.553117186 6.553045033 
-7.090584277 11.401126638 -5.518637653 
-7.109333402 11.440963853 -5.475147993 
-1.340309260 13.763360001 6.213844148 
-1.305579367 13.814210156 6.148308630 
-6.784912509 11.567838244 -5.611236123 
-6.764760495 11.597997876 -5.603933790 
-1.641665201 13.842825993 6.247007990 
-1.421777942 13.885081955 6.132567075 
-6.582808174 11.508303359 -5.761013013 
-6.418444077 11.656477137 -5.756027791 
-1.024385103 14.065413327 5.840095161 
-1.230014791 13.892925317 6.098066532 
-5.971739379 11.798089434 -5.867713730 
-6.388551012 11.629880896 -5.793122737 
-1.988063774 13.384577834 -6.676221743 
-2.525053203 13.122900256 -6.980401323 
-8.350184183 10.895628413 4.797823760 
-8.355280677 10.927085350 4.763725321 
-1.847785703 13.433634898 -6.576117555 
-1.684797459 13.533922307 -6.506863186 
-8.154592865 11.001947836 4.930884001 
-7.744257550 11.180095220 5.172026803 
-1.236220630 13.838346518 -6.105699484 
-0.928227531 14.052653206 -5.799953666 
-7.590969437 11.135489047 5.344910511 
-7.360756965 11.245420385 5.449363285 
-1.411804040 13.828234479 -6.149634139 
-1.656870609 13.649103513 -6.374302767 
-7.938506362 11.029291022 5.100330709 
-7.829939093 11.091629174 5.161747776 
0.036059167 17.574767037 -2.097814917 
-0.004261622 17.659265684 -1.409033119 
-10.560944699 13.405216267 0.175266124 
-10.505812973 13.446701358 0.663206792 
-0.158904227 17.561918550 -2.404474965 
-0.175779758 17.581496400 -2.276267410 
-10.710052576 13.217949169 -0.101518992 
-10.511917947 13.427527682 0.864813859 
-0.175519031 17.611868095 -2.067602263 
-0.299424594 17.624689591 -2.112939115 
-10.448277495 13.519700968 0.649410907 
-10.503956824 13.460678578 0.632659450 
-0.118478754 17.556539522 -2.391673660 
-0.072209524 17.641915517 -1.708965309 
-10.563069560 13.393037690 0.548133866 
-10.460813561 13.443668148 1.175601807 
0.212804943 17.651265119 0.799252633 
-0.132503635 17.708182544 0.859460152 
-10.507117996 13.451327298 -0.564616459 
-10.539573461 13.425714786 -0.513669796 
-0.074867451 17.717590793 0.423288611 
-0.027102314 17.703186267 0.135319872 
-10.510187530 13.464364215 -0.531411948 
-10.434016633 13.521063074 -0.776539096 
-0.068287049 17.677015905 1.408312791 
-0.216926348 17.727910028 0.911781204 
-10.498744504 13.487116973 -0.374544632 
-10.489727983 13.481036375 -0.664407302 
-0.310097113 17.739692476 1.103410165 
-0.132464675 17.712289304 0.760681646 
-10.575080832 13.387903956 0.024260082 
-10.517851576 13.460558254 -0.268890636 
-1.261610137 13.901083605 6.046434183 
-1.027602480 13.992380782 5.894136793 
-6.966259859 11.496535178 -5.542095232 
-6.685373408 11.622613160 -5.645466447 
-0.995517318 13.995220375 5.873562656 
-1.041678280 14.012575697 5.872896877 
-6.577833558 11.790507701 -5.583075513 
-6.860869314 11.542641933 -5.583169650 
-1.283944338 13.846892702 6.096590184 
-1.455608383 13.784530255 6.210274697 
-6.774375735 11.634296218 -5.566131962 
-7.249095322 11.396288858 -5.416376052 
-1.746889176 13.634843057 6.403022262 
-0.638231999 15.223219135 4.888841240 
-7.361986847 11.394120026 -5.333220796 
-8.034479115 12.002266505 -4.493494892 
-1.784775845 13.532211643 -6.551577425 
-1.702711881 13.572377038 -6.461688590 
-8.027686615 11.074245119 4.931755621 
-7.785575596 11.125188169 5.113255502 
-1.534160777 13.628876906 -6.375507380 
-1.585884813 13.603187253 -6.436019821 
-8.123472917 11.064942828 4.878419244 
-7.963251860 11.066268862 5.015006390 
-1.205799492 13.728133020 -6.203014413 
-1.473757745 13.629791330 -6.342229511 
-6.665071216 10.264465905 5.844704870 
-6.273449189 10.625716636 5.962947119 
-2.373461507 12.509864978 -7.139371110 
-0.183665557 14.795033918 -5.125018684 
-8.425028190 11.976621992 4.279939186 
-7.084929510 10.423662781 5.650610175 
-0.247378892 17.702905422 -1.513969448 
-0.208890935 17.695182807 -1.389800840 
-9.489427227 14.129007961 2.337731566 
-9.780740975 14.014573594 1.853604619 
-0.484595051 17.702111486 -1.767426088 
-0.166089496 17.607278183 -2.069235259 
-9.726455141 13.940019856 2.206477586 
-9.829512880 13.890644991 2.084214390 
-0.522507708 17.618744729 -2.413798922 
-0.615155722 17.540185691 -2.923062416 
-10.382422831 13.519985681 1.186352687 
-10.390359474 13.566593046 0.841395645 
-0.223130105 17.625196731 -2.056059887 
-0.189125465 17.634438795 -1.978510328 
-10.324932834 13.568340246 1.281689065 
-10.363771918 13.545171773 1.197552176 
-1.876321075 18.163880015 1.470129361 
-3.340894178 18.018226915 2.599061343 
-9.583299069 14.687558315 -0.733798699 
-9.732849209 14.507020147 -0.983994048 
-0.084987522 17.521205014 2.026692714 
0.207367961 17.561247309 0.781193539 
-9.324161941 14.172639202 -2.289341558 
-9.686252834 13.817464687 -2.111129141 
-0.025543357 17.291364932 3.251430210 
-0.634550866 17.451563861 3.051570943 
-9.952876096 13.612225329 -1.876519256 
-9.746138516 13.672130319 -2.190971358 
0.116406449 17.537870085 1.548679774 
0.116794890 17.555990808 1.358670925 
-10.325316276 13.357918181 -1.197898479 
-10.350805119 13.291012187 -1.139918497 
-0.862904304 13.737731312 5.993489003 
-1.350320106 13.494287719 6.420444849 
-6.871465903 11.205012962 -5.692476654 
-7.258086363 11.617735008 -5.487827038 
-1.231917638 13.762952143 6.098667037 
-1.206353916 13.836956876 6.019995123 
-5.489466946 11.771272069 -6.039482953 
-6.026154677 11.569456709 -5.905089898 
-1.808878615 13.295493856 6.704544561 
-1.861119658 13.195069860 6.778177846 
-6.258883382 11.483600495 -5.900119489 
-6.720708263 11.291107276 -5.731550181 
-1.098677394 14.156725847 6.086740490 
-1.380050487 14.016864801 6.228132346 
-7.532676139 10.486837691 -5.115832915 
-6.558036153 11.905770636 -5.194752751 
-1.601704884 13.616771915 -6.304736759 
-1.315410229 13.815156120 -6.097928427 
-6.998749188 11.392337554 5.528536638 
-6.371347224 11.684390576 5.756830877 
-2.234776450 13.354579804 -6.704600818 
-1.336474083 13.706358581 -6.169641474 
-7.366853227 11.275780176 5.426980740 
-7.110988741 11.337121020 5.543659817 
-2.633193822 12.994574417 -7.038120845 
-2.290498558 13.356661940 -6.745583917 
-7.613429791 11.167506628 5.270505854 
-7.352028527 11.317999111 5.419016278 
-0.038012114 15.462074807 -4.695888049 
-2.584035901 12.947852121 -7.056793397 
-7.969713055 11.154632189 4.993106443 
-9.303550726 12.607995515 2.383877630 
0.255848748 17.424759791 1.132380227 
0.153888642 17.421376177 1.306892623 
-10.684430965 12.821567512 0.090549339 
-10.617361778 13.092992005 -0.045818687 
0.297033856 17.443281688 0.430888106 
0.377223166 17.436262082 0.300766355 
-10.467188157 13.240920467 0.204420459 
-10.496726607 13.175202469 0.427447746 
-0.754888244 17.868538409 -1.703693511 
-0.706976778 17.722723013 -2.536717762 
-8.797230115 14.730358580 3.084883674 
-9.482126205 14.507345248 1.899796606 
-0.734005935 18.174734053 -1.567618142 
-0.548264422 17.994884245 -1.876165007 
-9.358257844 14.415474033 2.168396013 
-10.163919429 14.032933645 -2.197555871 
0.660772433 17.359082290 -0.020984341 
0.561048668 17.340805540 -0.719919336 
-10.289032891 13.225934983 -0.998308139 
-10.715721862 12.866313160 0.453448400 
-0.091626900 17.769450664 1.063569839 
0.333803324 17.454967280 2.007208137 
-10.280786455 13.735383951 0.116211591 
-9.920652522 13.760419800 -0.935862405 
-1.295068484 17.709774978 1.956069104 
-4.282975551 15.474044612 6.926367555 
-7.185214851 15.495108621 -3.542257148 
-9.367907602 12.658758605 -3.465923193 
0.726839029 17.301892928 1.758477464 
0.955497555 17.188605689 -0.043183340 
-10.266335966 13.290266421 -1.558026837 
-10.753709350 12.914928138 0.434359663 
-0.782489959 13.960838090 5.674511140 
-1.041849285 13.841701129 5.873466550 
-6.222229828 11.359874895 -5.920831355 
-6.249075420 11.378617076 -5.887567545 
-0.259264922 14.271452898 5.119774611 
-0.649535764 14.015593737 5.581708982 
-5.245459168 11.761918069 -6.019116713 
-5.612109943 11.710481387 -5.932550624 
-1.088670140 13.836006713 5.905431150 
-0.926106689 14.735178462 5.028468334 
-6.102261812 11.568481716 -5.875098391 
-7.188987605 12.415177092 -5.240637741 
-1.432068534 13.347731328 6.261914544 
-1.633349549 13.174406670 6.396514112 
-5.449794469 11.516187430 -5.959243332 
-5.776613863 11.307615398 -5.933742163 
-1.380766792 13.705934420 -6.162749591 
-2.101363945 13.419545863 -6.563094665 
-6.503189060 11.640550456 5.691095283 
-6.808503579 11.437952600 5.646807193 
-1.210238222 13.757947444 -6.059130327 
-1.885639737 13.510600947 -6.456316503 
-6.776195547 11.478458267 5.619834250 
-6.413916679 11.585833186 5.753058038 
-0.881258178 14.463915174 -5.620950205 
-0.803393035 15.663017311 -4.931349250 
-7.639346656 11.547793814 5.050301475 
-8.525546255 11.455408967 4.231488730 
-1.521703616 13.757606326 -6.151234053 
-1.718230400 13.473294560 -6.325807926 
-6.023111516 11.759417811 5.859757819 
-6.314114988 11.482387420 5.813637879 
-0.069501890 17.622175572 -1.352063450 
-0.018935671 17.639919132 -0.754120702 
-10.558372286 13.218176244 -0.639284668 
-9.319715124 13.302583732 -3.320734756 
-0.189797307 17.668544773 -1.087569548 
-0.164239397 17.646540253 -1.343199203 
-10.538420251 13.291523524 -0.533660354 
-10.557408606 13.296214239 -0.076507637 
0.547646234 17.323896254 -0.452757355 
-0.109179167 17.659251065 -0.961060657 
-10.629477921 13.183423416 -0.440227209 
-10.725157444 13.082860683 -0.103105840 
-0.236558402 17.614789658 -1.822515219 
-0.075478298 17.634930308 -1.241644699 
-10.594684300 13.219267750 -0.394973570 
-10.613090135 13.223060316 -0.170299231 
-0.243040827 17.668369028 1.756421933 
-0.293416799 17.695132041 1.574540866 
-10.380567030 13.449367797 -1.589606638 
-10.438529300 13.485862815 -1.124232702 
-0.265009055 17.649053358 1.968821252 
0.314084429 17.571740284 1.858791638 
-10.440467580 13.485553733 -1.079323118 
-10.778166999 13.115743327 -0.824154501 
-0.175999430 17.719465827 1.011718130 
-0.199213026 17.705563024 1.305874538 
-10.552601147 13.321656472 -1.301837248 
-10.368926929 13.518431314 -1.346787075 
-0.260780055 17.656917390 1.881510274 
-0.231534950 17.661576360 1.744566386 
-10.677256167 13.130952713 -1.479442048 
-10.278904550 13.560985286 -1.593220383 
-0.850437538 13.952045719 5.860268184 
-0.941168564 14.041833624 5.818224641 
-8.965611104 10.769757008 -4.160347120 
-8.658053774 10.870551816 -4.443196195 
-0.596568046 13.792423320 6.053966568 
1.419756790 14.022995336 3.405792762 
-8.672809718 10.934158124 -4.406511930 
-8.450661983 11.024360258 -4.585010624 
-0.828512894 14.120314548 5.712157776 
-0.137292799 14.351226649 5.169408336 
-8.338103702 10.975065502 -4.717967862 
-7.799393163 11.190065568 -5.100776871 
-0.503400807 14.174180049 5.490817415 
-0.670935995 13.997316570 5.754922718 
-8.165959548 11.003734674 -4.911029541 
-8.262965096 10.992820967 -4.803289718 
-2.477921293 14.825936645 -6.698430221 
-1.330574215 15.607281913 -5.799722597 
-3.710292038 12.777163879 5.736893536 
-4.996190349 11.791325059 6.151327648 
1.110229372 15.036551319 -2.806754380 
-2.433003878 12.375060275 -7.354843578 
-1.491580177 12.606968096 5.515405104 
-4.434995507 11.882707774 6.110392734 
-2.730760562 12.805485471 -7.039011358 
-2.976635430 12.663079480 -7.184532784 
-8.541789235 10.406739044 4.483403339 
-8.501310928 10.405542302 4.550347353 
-3.613807835 11.709751955 -7.295905242 
-3.588646214 11.688137044 -7.325132181 
-6.440797452 10.990646221 5.935401706 
-6.493508449 10.964712755 5.943411268 
-1.166041356 17.192761530 -4.031511305 
-1.156438783 17.077403288 -4.398559498 
-9.870915915 13.548151266 2.561875514 
-10.171658071 13.300029484 2.301470101 
-1.580541904 17.811112023 -1.903191052 
-1.114028342 17.625207402 -2.326644987 
-11.324298488 12.270075283 0.222439409 
-10.306786422 13.576756481 1.689391462 
-0.509857701 18.041553405 -1.834669462 
0.062422138 17.950026761 -1.490918298 
-9.297054096 15.433031288 -0.058797637 
-10.112014043 14.547390134 -1.167851306 
-1.190703881 17.939505397 -0.974261152 
-0.003757561 17.143132076 -3.564766992 
-10.541207346 13.264073921 1.510902418 
-10.600120533 13.027580434 1.810920537 
-0.657321837 17.584638699 2.686712131 
-0.736293034 17.505677339 3.122529536 
-10.316491064 13.558675417 -1.334745344 
-10.370594251 13.522356202 -1.262254957 
-0.020638409 17.691775161 0.760420376 
0.060805237 17.660947945 0.576445717 
-10.310887956 13.482651690 -1.526006662 
-10.174410084 13.664134814 -1.542416094 
-2.059342027 17.985268251 2.455088456 
-1.121335142 17.937761712 2.131627116 
-9.548124303 14.889054591 -1.602064642 
-9.138788647 15.210337884 -1.865045103 
-0.949486111 17.948413920 1.169502140 
-1.809297703 18.031557732 -1.806875717 
-9.714389844 14.943058969 -1.048797065 
-9.580424445 15.048749829 0.591079410 
-0.899853143 13.721225697 6.181103870 
-1.707737418 13.536651842 6.450379101 
-7.722062670 11.257460856 -5.174223909 
-7.794317306 11.067053822 -5.247572092 
-1.327923799 13.818082614 6.216595070 
-1.729686625 13.681603040 6.440557388 
-7.152112846 11.399566320 -5.488938050 
-7.466034770 11.303379032 -5.329072822 
-0.772879826 14.138696039 5.668909164 
-2.860991201 12.750996782 6.688934871 
-8.614556918 11.682325427 -4.110992116 
-8.262012577 11.711291728 -4.732968399 
-2.716584463 13.256349877 6.451385820 
-3.309153331 12.706437616 6.623405491 
-4.978703317 11.906658928 -6.006588498 
-5.116802277 11.733730837 -5.974473148 
1.012273371 14.835160432 -2.905643176 
-2.658026557 13.199772950 -7.077531071 
-3.405039981 12.866937881 5.477120702 
-4.603780758 12.508968761 5.615113693 
-0.028321083 14.359151919 -5.505925681 
-0.379437259 14.163798645 -5.931417132 
-8.629633466 11.242913213 4.292491755 
-8.463981434 11.224785966 4.493590705 
-0.340319595 14.084567603 -5.829859144 
-0.219222297 13.969728109 -5.923330443 
-7.807725043 11.625191622 5.125131006 
-8.839020531 11.256107518 4.404373865 
-1.620630787 13.507547191 -6.369047565 
-2.047545338 13.302572522 -6.179101625 
-7.118836749 10.504420103 5.449645003 
-6.647819839 9.807256544 5.699891365 
-0.380049670 17.649157489 -1.952721723 
-0.258362366 17.614883680 -2.073615821 
-10.310991512 13.583551252 1.283947642 
-10.538091781 13.408035348 0.602843326 
-0.526889054 17.489197582 -2.470658124 
-1.582028137 18.058801927 -2.226959502 
-10.247741113 13.050863241 -2.063449516 
-10.242136554 13.133799492 0.845572057 
-0.236580889 17.615047885 -1.997108499 
-0.040868147 17.580624313 -2.132429050 
-10.159510044 13.670380576 1.575357775 
-10.425595363 13.480969205 1.201736274 
-0.079201315 17.702257407 -0.936884618 
-0.073785175 17.689523153 -1.131225343 
-10.182861982 13.667094294 1.602597447 
-10.231998196 13.596656540 1.575875584 
-0.386002446 17.690364885 1.646752885 
-0.236812448 17.721705498 0.959472278 
-10.463455927 13.491853815 -0.447592307 
-10.460040086 13.490241948 -0.663555166 
-0.225008061 17.683457615 1.711199929 
-0.107736761 17.669934832 1.074660289 
-10.549518714 13.432625840 -0.882612681 
-10.391147991 13.464349797 -1.135864398 
0.169810051 17.297530461 -1.397228434 
-0.163738982 17.359121121 -1.138456660 
-9.951811907 13.411262151 0.365454489 
-9.378326923 13.482090630 3.142710618 
0.089127301 17.602830385 -0.577665478 
-0.453667134 17.669398627 -0.634049188 
-10.344887257 13.485772968 0.831137249 
-10.420806128 13.431050632 0.651479123 
-0.442840630 14.179558294 5.414492607 
-2.697926099 13.322281802 6.452482142 
-6.275673195 12.295770465 -6.220696365 
-5.191105868 12.138217370 -6.437838653 
-3.005526148 13.580225303 7.134345728 
-1.110146180 14.097554454 5.897473517 
-8.610697516 11.070977316 -4.602386929 
-8.043754486 11.379226623 -5.019766328 
-2.739135866 12.351829809 7.453713229 
-4.797092158 11.888104615 7.257964634 
-7.657248308 11.450847875 -5.687864960 
-4.415686854 12.606421026 -6.391982010 
-4.861019494 12.726592071 6.742564615 
-3.395944724 13.539460108 6.634013907 
-6.510194328 12.033734296 -6.217094746 
-7.438297194 12.199933378 -5.438192363 
-2.670836921 12.969087413 -6.731421719 
-3.738978989 12.545201765 -6.998498125 
-5.246017984 11.844925421 6.247574240 
-4.770547398 11.723576601 6.393715601 
2.000877813 15.209510429 -2.433410840 
1.168144690 15.072137925 2.245705270 
-7.385577078 13.136983825 3.926150560 
-8.793894555 11.317406041 4.114432194 
-1.369358616 13.640911010 -6.528099401 
-1.819296159 13.267744241 -6.486044023 
-8.151811862 11.242809772 4.947725507 
-8.125881128 11.402792803 4.870926857 
-1.692894403 13.497877604 -6.199984855 
-2.647478463 13.063454744 -6.478048730 
-7.241103849 11.469134220 5.444253921 
-8.229640791 10.961405664 4.720379263 
0.355890590 17.322091969 -1.793662559 
0.791755187 17.265121361 -1.133737871 
-10.476508930 13.098599133 -0.869195473 
-10.720006301 12.704173536 0.545285284 
-0.140008810 17.763348711 -0.801816538 
-0.284030549 17.819512542 -0.434969064 
-10.567624962 13.451789219 -0.469973114 
-10.532319367 13.545421526 0.320510750 
-0.121492777 17.735253432 -0.892063065 
-0.258068267 17.768287711 -0.313187697 
-10.489216315 13.387359044 -1.203460553 
-10.528364840 13.410537383 -0.790318370 
-0.319808158 17.742585533 -1.094729343 
-0.270534274 17.751106316 -0.859104721 
-10.526716403 13.429526012 -0.513684796 
-10.470444775 13.508430864 -0.416660769 
-0.059965743 17.595305869 1.388003892 
0.031653904 17.601992034 0.946352937 
-10.541957109 13.268753530 -0.502848929 
-10.364861039 13.398049911 -1.191236913 
0.199620120 17.600697140 0.567358933 
-0.045963060 17.676917416 1.208833525 
-10.655821654 13.055583091 0.962123304 
-10.559019234 13.284307134 -0.244155406 
-0.046692001 17.650171994 0.850691917 
-0.045961185 17.653296746 0.562077528 
-10.499326683 13.364574013 -0.432790685 
-10.260432395 13.486350735 -1.569290177 
-0.116839307 17.615818104 1.420661840 
-0.057831602 17.639842302 0.517669527 
-10.575260551 13.221142642 -0.732975178 
-10.457318218 13.373580897 -0.755235408 
-1.443026753 14.223852357 6.132103377 
-2.184247527 13.403094637 6.710259118 
-7.671934419 11.383278508 -5.253716741 
-7.587492794 11.267799381 -5.220182353 
-1.091783239 13.935015132 6.157988734 
-1.423895692 13.938936192 6.566531061 
-10.114200413 9.453146948 -2.192695116 
-8.690596621 10.005445609 -4.398149965 
-2.179773200 13.409496089 6.756643703 
-1.530223713 13.685088302 6.363145122 
-7.627792690 11.054894613 -5.221628635 
-7.404649571 11.204298430 -5.332693026 
-1.653899027 13.390147937 6.531740648 
-1.694946731 13.493222244 6.408017782 
-7.633108572 10.976796242 -5.216288291 
-7.194735068 11.095544311 -5.492897518 
-1.280228692 14.687830057 5.493556058 
-2.094988223 13.745210650 6.401734351 
-10.169747588 11.608210962 -0.344258351 
-6.904552577 10.701274234 5.626796552 
-0.013930231 13.808067836 -5.491283555 
-0.260065712 13.628048172 -5.572236988 
-7.115679746 11.792564866 4.940055319 
-7.832845682 11.057898193 4.726641906 
-2.457272730 13.189833025 -6.560688112 
-2.650201161 13.141072998 -6.602358216 
-6.178717782 11.080368615 5.874602056 
-7.443617221 11.208981977 5.461342327 
-5.055568148 10.727322959 -6.792018113 
-5.679186884 10.566114035 -6.523667218 
-7.712750349 10.603815653 5.531983991 
-7.898516829 9.970769662 5.472240487 
-0.824966678 17.378498092 -3.668187267 
-0.358553299 17.598110282 -2.341604332 
-10.361321445 13.554044037 1.162822147 
-10.461409385 13.480922520 0.800103640 
-0.533852792 17.636186399 -2.257748575 
-0.260569719 17.672954982 -1.724975051 
-10.328008195 13.585019266 1.187634664 
-9.893819986 13.874831337 1.953915669 
-3.914721624 16.855036820 -4.949989036 
-2.796405628 16.776095056 -4.937673975 
-8.066420482 14.992290628 3.303881471 
-9.146137582 14.757193958 1.780807046 
-2.262442074 17.967026195 -2.425691603 
-0.263261763 17.588822972 -2.267833530 
-9.959846984 13.844208780 1.837121748 
-9.960398864 13.821414591 1.875321876 
0.205236384 17.651469515 -0.154946100 
0.039958646 17.689126334 0.525121488 
-10.041082418 13.745302303 -1.827133032 
-10.146274379 13.670156126 -1.667136011 
-0.043467866 17.705468512 0.287873572 
-0.184695398 17.582526244 2.217183954 
-9.766735341 13.889553710 -2.223485378 
-9.066963396 13.855100302 -3.345685026 
-1.683749260 17.708290553 2.728240170 
-1.288924559 17.788456433 2.417775794 
-8.658999066 14.893890443 -3.077023072 
-9.485501022 14.140856034 -2.872237966 
-0.248294739 17.703929939 1.352626135 
-0.514206795 17.734186622 1.464519066 
-9.551161180 14.100397001 -2.226517989 
-9.925280738 13.927972245 -1.664580873 
-1.202593424 13.914202333 6.067888909 
-1.290710913 13.893517245 6.117371217 
-6.510695224 11.570716628 -5.771924669 
-7.123746410 11.365565916 -5.534937552 
-1.153271598 13.878248940 6.056122727 
-1.292825241 13.759296821 6.237354433 
-6.977739233 11.379474318 -5.626165150 
-6.132632874 11.204511243 -5.791094766 
-1.478684158 13.659858594 6.299917690 
-1.964564009 13.377833887 6.827196158 
-7.318217820 11.198303796 -5.460732126 
-7.222200457 11.457968620 -5.456493571 
-1.706169134 13.644413962 6.375887744 
-2.179449820 13.354942757 6.720094898 
-6.817545353 11.317406400 -5.742013733 
-6.823473838 11.418835536 -5.666502001 
-2.419726626 13.199744788 -6.934139904 
-2.572382891 13.152311371 -7.011328531 
-8.261819197 10.825701914 4.928605623 
-8.050145845 11.060538804 4.992247288 
-2.843983379 13.063981299 -7.106050416 
-2.353724612 13.292000373 -6.859147013 
-7.612960339 10.970932580 5.406233660 
-7.290187117 11.262326046 5.478267866 
-2.444690716 13.809724147 -7.157993950 
-1.728460771 13.595545241 -6.479015150 
-8.874762058 11.399715697 4.149272647 
-7.158517874 11.310121530 5.504683116 
-2.162933761 13.409074264 -6.714008818 
-2.099240076 13.304126848 -6.821815513 
-7.229129822 11.043641532 5.628650363 
-7.322887894 11.259747427 5.423754747 
-0.452700142 17.661808646 -2.032947856 
-1.030845507 17.863533169 -1.537257400 
-10.392188579 13.567539243 0.913356873 
-10.333840054 13.158247033 1.322182817 
-0.914350080 17.577851522 -2.854257878 
-0.744675691 17.542203900 -2.951174975 
-10.302535132 13.610711023 1.256552511 
-10.339005030 13.596466792 1.089626156 
-0.690243207 17.715438047 -1.933721574 
-0.870757804 17.758631422 -1.893431938 
-10.057844651 13.771941472 1.702324085 
-10.362066286 13.563054930 1.057185770 
-0.670817808 17.647431792 -2.302202568 
-0.513778148 17.695500575 -1.851153439 
-9.629937884 13.993626486 2.374498560 
-10.049222888 13.832686178 1.628951641 
-0.704208862 17.538897046 2.784499054 
-1.040457320 17.377743268 3.327360064 
-5.908839534 15.512444412 -4.492774606 
-8.470023382 15.084900728 -2.375215429 
-0.087054124 17.695972853 0.974111515 
0.021753644 17.680197049 1.022143747 
-9.474753272 14.092912287 -2.505997038 
-8.831339764 14.502857205 -2.841001721 
-0.146948603 17.556343696 2.386415191 
-0.067226354 17.678590655 1.318399096 
-9.688129437 13.937200527 -2.329013094 
-9.757886845 13.877687178 -2.230559612 
-0.870468088 17.541163172 3.014867028 
-0.004693936 17.638240501 0.400182400 
-9.198146833 14.268529576 -2.697967853 
-10.442736775 13.301908354 1.527075186 
-0.906075736 13.928204875 5.958125265 
-0.887865496 13.694953996 6.144465107 
-6.810819139 11.273038281 -5.745562595 
-7.004598212 11.269003586 -5.648187271 
-1.245453523 13.716892675 6.221416176 
-1.947816604 13.396475278 6.673978398 
-7.106553506 11.223700262 -5.604785442 
-6.683514518 11.382214488 -5.743299102 
-0.537842010 14.038187031 5.716106420 
0.291121298 15.781061334 2.793244415 
-8.923225009 10.622314055 -3.985679936 
-9.056389666 11.125591840 -3.516306030 
1.077616688 15.650634765 2.911274392 
1.514535714 15.669542818 1.965075427 
-8.267915381 12.635175233 -3.803432792 
-9.606959534 10.219783908 -3.309950206 
-2.953430980 13.050613994 -7.019926479 
-3.561200109 12.569663275 -7.373213539 
-7.162396431 11.371553651 5.519261125 
-6.129701305 11.646054506 5.921718044 
-2.515532802 13.057293865 -6.990457542 
-2.667235835 12.938219458 -7.092444939 
-6.784839216 11.376104328 5.738198373 
-7.555709828 11.166954095 5.332328485 
-2.967488182 12.881514374 -7.187195640 
-3.009412737 12.896746631 -7.201480819 
-6.602733019 11.540480123 5.736923586 
-6.406702244 11.432380640 5.853611793 
-2.430094389 13.138775007 -6.915095412 
-1.944781511 13.229539727 -6.798992855 
-5.973058379 11.647199774 5.969298210 
-6.253833550 11.583603126 5.905607681 
-1.042572094 17.268894453 -4.138203241 
-1.053581885 17.389641089 -3.734154249 
-10.203230993 13.662046883 1.516240954 
-9.556212758 14.067192706 2.364804272 
-2.283351505 16.683786924 -5.109177132 
-1.143710747 17.250306263 -3.910473024 
-6.540333546 15.234608618 4.518791770 
-6.785812426 16.017686548 3.020390026 
-1.223824414 17.380772650 -3.781915572 
0.100679124 17.616029669 -0.593778262 
-10.499207560 13.438583623 0.841371244 
-10.441829041 13.263211249 -1.764479713 
-0.734195108 17.394427075 -3.568186818 
-0.798804200 17.418288252 -3.512214082 
-10.355459821 13.541087533 1.244980926 
-10.211425435 13.599854841 1.669790149 
-0.342823451 17.736082180 1.107043225 
-0.271290534 17.675043079 1.660715853 
-9.646959314 13.997266483 -2.335290582 
-9.514679569 14.140062550 -2.208130767 
-0.310477559 17.749373136 0.702732573 
-1.139687752 17.920204331 1.215462438 
-8.946106107 14.499334587 -2.682637255 
-9.160823630 14.401733251 -2.489369729 
-0.755007843 17.747246262 1.660189369 
-0.600627089 17.722626346 1.670646039 
-9.213627165 14.239598776 -2.655871898 
-9.160021609 14.393173740 -2.516128791 
-0.518569321 17.720288112 1.566059091 
-0.538111682 17.707126591 1.683230854 
-9.759809913 13.971994178 -2.095367548 
-10.041571217 13.785150464 -1.776059687 
-2.553029655 13.077876430 6.944449842 
-1.953857174 13.445555709 6.639581535 
-6.207073115 11.531974872 -5.933847455 
-6.079273803 11.637262544 -5.923024984 
-2.421950450 13.422484827 6.805464516 
-2.128904757 13.425800236 6.658763240 
-5.654268517 11.768466907 -6.041973585 
-6.055484683 11.789500354 -5.877232194 
-2.336298913 13.157020489 6.921767684 
-1.927728311 13.398158772 6.656060083 
-6.656211295 11.366503420 -5.785793830 
-6.278297093 11.621347126 -5.856056888 
-2.533302457 13.180138630 6.928006972 
-2.260124866 13.351399884 6.809641709 
-6.213057373 11.630459460 -5.864058106 
-6.166357135 11.689117932 -5.856741348 
-2.956235083 12.669968088 -7.329103340 
-2.621074102 12.953635103 -7.076459193 
-7.735618340 10.934797093 5.309602554 
-7.732511636 10.981211543 5.287322042 
-1.992421585 13.427758078 -6.752261297 
-1.585942181 13.461135389 -6.566902158 
-7.744029198 10.849536119 5.332791325 
-7.384360784 11.124495959 5.483707249 
1.039687957 15.744603076 -2.510356313 
1.415624332 15.678000754 -2.086739374 
-8.377765664 12.586976531 3.741971873 
-9.002569655 10.572028363 3.932477007 
-1.213783680 13.785910869 -6.181928334 
-2.212907295 13.174395877 -6.880821703 
-8.881586518 11.540100840 3.840860206 
-8.730189711 10.823505824 4.178722267 
-0.037563955 17.609719841 -1.864440558 
-0.174555799 17.554593013 -2.325086608 
-10.320227894 13.558514547 1.272749394 
-7.979035517 15.770899537 1.797596726 
-0.230343442 17.670811319 -1.612534049 
-0.359212786 17.597131503 -2.353029453 
-10.369856209 13.573296430 1.034039977 
-10.360083525 13.597938824 0.802698219 
-0.462315171 17.506799263 -2.945534074 
-0.693965997 17.715748454 -1.976859694 
-10.272180524 13.624062937 1.330684410 
-9.944361931 13.915985492 1.647198689 
-2.011389490 17.568559670 -3.368364696 
-1.474250847 17.771941525 -2.539508221 
-8.567994982 14.931904645 3.105121843 
-9.380964832 14.166978169 3.057867062 
-0.399154117 17.723340143 1.386309474 
-0.233700226 17.679626232 1.607384550 
-9.546818099 14.032779809 -2.503546906 
-8.952833632 14.386883935 -2.885668491 
-0.021110687 17.701811426 0.453085927 
-0.070178422 17.710102764 0.622001050 
-9.824910685 13.886776369 -2.122521551 
-9.882125742 13.860686310 -2.041942836 
-3.197066019 18.062432194 1.660239426 
-0.578609794 17.926849470 2.036875080 
-9.752438509 13.942536452 -2.200684514 
-9.582442041 14.026085842 -2.357835224 
-1.953944384 17.587948417 2.894933635 
-1.963773057 17.665204597 2.767806405 
-7.699126157 15.199629685 -3.414482295 
-9.304190664 14.667336954 -1.661305276 
-1.457171600 13.837894689 6.168936125 
-1.774300605 13.595587159 6.503991577 
-6.466856047 11.368824673 -5.884324807 
-6.274887519 11.628200779 -5.862568940 
-1.195436895 13.968469547 6.010665326 
-1.506600222 13.726320492 6.322555852 
-7.092775738 11.158343341 -5.670287688 
-6.550666507 11.518778556 -5.786971774 
-0.605825192 14.153895932 5.619090121 
-1.082762402 13.874242407 6.061910569 
-6.226111333 11.618120093 -5.881320351 
-5.987201753 11.769509677 -5.898590460 
-0.292973184 15.160115142 4.727385409 
-1.065327019 13.961094979 5.945073436 
-6.493569449 11.447369645 -5.847025006 
-6.627726439 11.544261368 -5.681534866 
-2.006535558 13.372839532 -6.728264697 
-2.028676941 13.418878819 -6.726099920 
-7.875567780 11.066581522 5.146468931 
-7.669008217 11.208936150 5.225508172 
-2.155438348 13.342361727 -6.785791060 
-2.531311958 13.134888939 -6.971315430 
-7.538595117 11.103001909 5.382009946 
-8.086989678 11.066286994 4.930964287 
-2.234831407 13.333219060 -6.727538545 
-1.830761696 13.452441103 -6.566687507 
-7.014932737 11.313720392 5.620797867 
-7.539816555 11.224869026 5.319149991 
-1.833554391 13.462116348 -6.584461650 
-2.368506354 13.308668165 -7.046858067 
-6.076786285 11.799852840 5.816424884 
-6.475598120 11.799701991 5.669727435 
0.211250567 17.591820219 -0.627341902 
0.094248637 17.641251834 -1.150513257 
-10.601902631 13.216538628 -0.092731623 
-10.569285485 13.272819544 0.064467501 
0.120717308 17.592956777 -0.868613681 
0.166517094 17.586696125 -0.618538077 
-10.239159671 13.525356230 1.473278774 
-10.349163238 13.391885763 1.289699438 
-0.028953258 17.596534659 -1.534060490 
0.042946670 17.621588277 -0.665452807 
-10.462720528 13.398664473 0.363540057 
-10.674227910 13.143382623 0.214490822 
-0.239264774 17.625460063 -1.639319265 
-0.063552465 17.577115355 -1.808540674 
-9.766662318 13.828407521 2.058347877 
-10.530986167 13.331206162 -0.211142023 
-0.287710072 17.663555946 2.122514040 
-0.180340668 17.772554595 0.996445292 
-10.465318465 13.495825522 1.003986914 
-10.509226525 13.559610751 0.064595858 
0.398445836 17.320919018 1.731716263 
0.795229248 17.232187751 1.515519817 
-10.526103139 13.020870944 1.236013996 
-10.408885034 12.965878466 -1.200138626 
-0.328572471 17.753381328 0.922649125 
-0.340366138 17.758009498 0.794971026 
-10.534587293 13.441581783 0.426826027 
-10.529026334 13.456525390 0.179828991 
-0.259467426 17.766645178 0.552752768 
-0.170714084 17.728818268 -0.497198875 
-10.493642185 13.474555227 0.740562884 
-10.556371962 13.448751837 -0.070557915 
-0.068962808 13.789214936 5.522410344 
-0.208380275 13.652186493 5.505148801 
-7.209225532 11.720442658 -4.947563176 
-7.797078861 11.066678166 -4.760312388 
2.187532102 15.510533130 -0.225054873 
0.893363705 14.974117855 -3.513667963 
-10.180673006 11.598119738 0.533970570 
-8.089094146 12.521601071 -4.412757261 
-4.376033785 11.041917360 6.787813288 
-3.700867435 11.373930720 6.640833762 
-8.143861260 10.368072940 -5.297747258 
-8.008139225 9.921909686 -5.397740627 
-2.583244304 13.124394967 6.624723787 
-2.751737441 13.107515306 6.632264425 
-5.570244201 11.333594783 -6.014953431 
-6.777699462 10.439292734 -5.521908469 
-1.328160122 13.943932207 -6.260996372 
-1.262783773 13.927749262 -6.394282199 
-10.078206005 9.525098877 2.142874020 
-8.795123536 9.932644623 4.307343477 
-1.447033347 14.267060909 -6.087757835 
-0.754830733 14.235852030 -5.561011709 
-7.327451618 11.469030667 5.434704607 
-7.344296597 11.292074607 5.362205216 
-1.500258173 13.557966457 -6.323580800 
-1.544700884 13.522379177 -6.386065657 
-7.279871198 11.042170887 5.455830494 
-7.453185922 10.948957432 5.377758717 
-1.798651962 13.523522827 -6.616617410 
-1.801151990 13.562353989 -6.552178334 
-7.496172016 11.358859086 5.239995003 
-7.633571277 11.010685525 5.225689328 
-0.202279776 17.754881307 -0.841899741 
-0.069146316 17.674505945 -0.834281927 
-10.344319254 13.493732156 1.531358849 
-10.406204628 13.490936566 0.820329757 
-0.372431355 17.728713280 -1.161899423 
-0.389921014 17.717644624 -1.375791069 
-10.401470156 13.571907676 0.495024929 
-10.564172486 13.378869021 0.284041524 
-0.049624862 17.651983428 -0.066977893 
0.050556322 17.603802599 -1.338758906 
-10.427175544 13.508134192 0.657902296 
-10.285936444 13.516596827 -1.080283531 
-0.110944131 17.111277170 2.329526408 
-0.117879994 17.362196357 1.017519225 
-9.818971263 13.489340120 0.282981577 
-8.028342123 14.502627520 -3.454692453 
-0.505092431 17.268044820 3.282823777 
-1.593759541 18.026916115 2.476160771 
-10.331198004 12.987777377 1.977599647 
-10.313292848 13.071324949 -0.159341844 
-0.347303080 17.536429813 2.672921787 
-0.257738263 17.557973066 2.482711579 
-10.457767787 13.502071961 -0.557792129 
-10.592073701 13.363343067 -0.245797269 
-0.092432275 17.652897198 1.588925757 
-0.221452484 17.631896475 1.978781191 
-10.430386144 13.523111111 -0.808467601 
-10.384787674 13.546751799 -0.976979192 
-0.333619802 17.525444606 2.613863163 
-0.096176211 17.650342051 1.672916619 
-10.397180716 13.522715992 -0.909426957 
-10.432434517 13.465407524 -1.277124694 
1.824293401 15.323994195 2.781680451 
-0.083888256 14.807306486 4.441463402 
-7.498636796 13.006362940 -4.006394852 
-8.770660688 11.345494831 -4.098597377 
-0.636021876 13.669049090 5.866853975 
-3.525640645 12.587639091 6.991918440 
-4.987428801 11.974999854 -6.280002259 
-4.632251689 11.803180632 -6.390267983 
-1.710995415 13.577177970 6.265598737 
-2.607929107 12.970221922 6.558924503 
-8.356469857 11.240790821 -4.471885301 
-8.370695088 10.920073750 -4.550895084 
-1.631986301 13.412801400 6.762005918 
-2.053995879 13.168091514 6.606443509 
-8.153929561 11.368907894 -4.891290429 
-8.047631088 11.465791720 -4.893076164 
-2.968719744 13.565774185 -7.124573426 
-1.523529920 13.858027141 -6.280173300 
-8.168813384 11.236709976 4.939765611 
-7.872700704 11.452670742 5.110970208 
-0.343818412 14.180139857 -5.382586500 
-2.428583927 13.474016623 -6.286226068 
-6.253204184 12.292346549 6.238009209 
-4.465397584 12.972505362 6.382581610 
-4.793780282 12.741680005 -6.750697906 
-3.579345435 13.477729482 -6.681907316 
-6.605861359 12.004639355 6.192063431 
-7.513642544 12.176210770 5.355298604 
-3.117392850 12.189100189 -7.568207251 
-4.653949541 11.891531296 -7.276434679 
-7.545478862 11.474298435 5.754185122 
-4.643839060 12.533219779 6.405993514 
-0.273991339 17.628560055 -2.096435561 
-0.345482730 17.631180939 -2.128933180 
-10.330729918 13.567598970 1.356969218 
-10.369176774 13.532533211 1.260651035 
-0.038168581 17.692348587 0.170928510 
-0.008480914 17.670256703 -1.320451050 
-10.197280284 13.622343727 1.714738013 
-10.245855190 13.576837758 1.706364911 
-0.109768621 17.604339261 -2.053129336 
-0.153165115 17.493336840 -2.776841548 
-10.247160145 13.558724319 1.644567336 
-10.149936893 13.633441546 1.804545482 
-0.138995850 17.581483847 -2.249134691 
-0.148462134 17.513054860 -2.639363824 
-10.249834106 13.596995553 1.521716106 
-10.385158882 13.494225287 1.299650772 
-1.137947877 18.097522322 0.959314568 
-0.268866405 17.676002663 1.606280418 
-10.282517292 13.649359575 -1.093370464 
-10.244358954 13.714057190 -0.962130610 
0.459026995 17.665852456 1.041374523 
-0.236529925 17.653081651 1.858116174 
-9.744369009 14.426003460 -0.988171600 
-10.084259032 13.877962218 -1.159801791 
-0.155126631 17.716949567 0.871837630 
-0.272601652 17.732419297 1.028986426 
-9.687773701 14.060920496 -1.989362847 
-10.056708928 13.828811632 -1.485667588 
-0.165628881 17.720255776 0.781644402 
-0.320681505 17.741635150 0.875919795 
-10.111645026 13.769807773 -1.485221604 
-10.307998118 13.591368551 -1.341213638 
-0.938165181 13.928307619 5.915869371 
-1.641521389 13.562912786 6.473348906 
-5.544164879 12.001506685 -5.943064245 
-5.684794716 11.979954259 -5.890612709 
-0.621855768 14.138266526 5.616919832 
-1.046622886 13.944160567 5.932647605 
-5.752344989 11.885253022 -5.937811737 
-5.756548038 11.925653650 -5.906861740 
-1.724803084 13.536954535 6.507568394 
-1.717093525 13.593978598 6.476346107 
-5.869574553 11.795329513 -5.926014246 
-5.480992657 12.011710810 -5.974992528 
-1.687453006 13.563631356 6.508559950 
-2.195108165 13.298753622 6.817156992 
-5.796090159 11.865915617 -5.937847939 
-6.193863918 11.702364127 -5.854657663 
-1.363121037 13.815152118 -6.143908374 
-1.395516039 13.742289662 -6.268540103 
-7.897842576 11.155568256 5.037061304 
-7.591040921 11.283897117 5.207270686 
-1.385088032 13.827071043 -6.151925104 
-1.006933798 13.975594446 -5.900055310 
-7.782308460 11.200524326 5.129120627 
-7.504387005 11.281166642 5.287988697 
-1.508208787 13.711153053 -6.278477168 
-1.386241119 13.740503251 -6.231315606 
-7.771191048 11.148495869 5.154158336 
-8.144957965 11.027086689 4.893100300 
-1.630354010 13.650602520 -6.380364618 
-1.443933555 13.740718318 -6.254397729 
-8.039774946 10.999105519 5.004288361 
-7.895288891 11.112769026 5.057996707 
-0.201397197 17.699688160 -1.087845509 
-0.470773849 17.745037621 -1.654479398 
-10.190284705 13.681708192 1.304602821 
-9.235079061 14.200066727 2.786081047 
-0.430343308 17.756849926 -0.820824797 
-0.435023415 17.726287413 -1.383440327 
-9.745068552 13.969326259 2.162915879 
-10.541459839 13.418654824 0.327868474 
-1.721017791 17.853764067 2.401078842 
-1.163082924 18.201030754 -1.346691151 
-9.790295578 14.825958417 1.185631279 
-10.531477878 13.558043557 -0.820768397 
-0.403731213 17.903264263 -1.058411597 
-0.705431120 17.190768334 2.956157748 
-9.803901336 14.804086258 1.033768210 
-9.801313978 14.665624208 0.554630403 
-1.342267570 17.720312900 2.152288628 
-0.121665648 17.499189755 1.379577673 
-10.171594847 13.748492792 -1.581284485 
-9.728727716 14.101296666 -2.269860165 
-0.176005499 17.299128843 2.750364321 
0.187734459 17.390846147 1.893872200 
-10.581652580 13.177729756 -1.276476930 
-10.570232176 13.195839414 -1.267382373 
0.010037867 17.508099928 1.705004628 
0.347922555 17.352757427 1.933298586 
-10.814522198 12.739126403 -0.852294875 
-10.839040840 12.741260741 -1.076067356 
0.415254949 17.445104353 -0.067622460 
-0.485206412 17.708908927 -0.612322819 
-10.552621314 12.948635227 1.394671046 
-10.316240043 13.492923579 1.574969623 
-0.965103875 13.164225404 6.598713483 
-4.018091156 12.038775301 7.587877073 
-7.857661909 10.876967559 -5.168857599 
-7.880499539 10.990380799 -5.441339378 
0.600914778 14.731998526 4.228746937 
-0.212591655 14.448134581 4.994856103 
-5.724735649 12.736647470 -6.529298768 
-7.361625859 12.008484676 -5.839637092 
-0.489563941 14.514402691 6.092587189 
-3.266352702 12.139624193 7.483218988 
-7.321848962 11.514567501 -5.791755200 
-7.471071657 11.152393772 -5.581574260 
-1.470990834 14.173767159 5.367969648 
-1.033392772 13.287909751 6.549727843 
-7.989931679 10.202407780 -5.282640329 
-5.273418317 11.911948675 -5.938868817 
-1.456115428 14.158936365 -6.381868361 
-1.197555164 13.634657875 -6.085483238 
-7.700045520 12.007025957 4.924251474 
-7.688959693 11.346864627 5.130711421 
-1.974922474 13.083014281 -6.375683485 
-2.602113595 13.221022685 -6.528220434 
-6.984943126 12.026446189 5.943098764 
-5.195544521 12.731573957 6.302047781 
0.576667033 16.162442676 -2.355907340 
0.016440333 15.853174092 -3.700333274 
-7.049764625 11.881122763 5.498393313 
-9.522142061 11.832981207 2.933900443 
-1.892525828 14.291437540 -6.194422553 
-0.817617924 15.211708371 -5.074603266 
-7.317232171 12.169308557 5.080943609 
-8.693662745 12.020426015 3.957059772 
-0.021855966 17.392176504 -2.119191421 
-0.032486528 17.364804493 -2.275304454 
-10.627075092 13.164534300 1.086353567 
-10.726958905 13.078885969 1.007243564 
-0.104153839 16.954585994 2.850519713 
-0.278349364 16.999530129 3.165809203 
-10.330582310 13.498037690 2.068908744 
-10.063684065 13.812799901 1.970978557 
0.312624349 17.440825686 0.496689767 
-0.504639852 17.730897154 0.385177671 
-10.675575950 12.818993451 -1.228620998 
-10.255369996 13.485906519 -1.964264245 
-0.279173176 17.661818267 -1.644074558 
0.307924375 17.309301588 -2.271242824 
-10.835580426 12.745565393 0.644205296 
-10.914928689 12.703995141 0.811684836 
-0.546003394 17.769639732 1.049439140 
-0.323056674 17.724154286 1.219731950 
-10.200787807 13.665899624 -1.634755022 
-10.527029084 13.247431584 0.512562201 
-0.357763173 17.664086329 1.746134660 
-0.405039608 17.745060276 1.581868387 
-10.344901038 13.581203653 -0.876065283 
-10.148991785 13.781780735 -1.546734919 
-0.491408382 17.828454383 1.924453865 
-0.484759053 17.200264743 -2.800740984 
-9.788703002 14.844884223 -0.762487618 
-9.792948441 14.704878659 -0.285127090 
-1.395410851 18.299838237 0.428568877 
-1.047722616 18.234016989 0.867540167 
-9.859576357 14.811928836 -0.888894698 
-9.499723928 15.329742526 -0.773386860 
-0.994465287 14.109312045 5.707877607 
-2.560233102 13.149770716 6.533726589 
-6.367141222 11.758540919 -6.052231892 
-5.484861888 12.305982689 -6.250608565 
-0.713265028 14.205146120 5.938513052 
-1.484298178 13.575284614 6.206301236 
-8.176539506 11.774670540 -4.711641781 
-7.260679656 11.480857362 -5.383215081 
-1.735121984 14.449171063 6.006812535 
-0.947999854 15.105174836 5.167586670 
-7.191196547 12.184742461 -5.153141668 
-7.864861287 11.949492460 -4.802154554 
0.184353030 16.340323483 2.556591498 
-0.019102957 15.853885996 3.719849158 
-10.128899493 11.698086076 -1.313648039 
-9.592265086 11.793578192 -2.791580677 
0.457036144 14.706135493 -4.377062707 
-0.651355249 14.361646407 -5.235998039 
-5.799838428 12.708984948 6.523207593 
-7.259008953 12.042809164 5.900888435 
-0.977245002 13.174204171 -6.633187979 
-4.284254278 11.935356355 -7.580437682 
-8.007878732 10.800025814 5.085437921 
-8.022842289 10.951785360 5.336917896 
-0.254162235 14.082575671 -5.144162030 
-1.293949661 13.183782840 -6.744568478 
-8.121514465 10.124271884 5.201354144 
-5.610619735 11.786630373 5.908909540 
-0.530681693 14.420158612 -6.263636411 
-3.346046438 12.068006187 -7.508429068 
-7.737828944 11.323293667 5.548396153 
-7.605721509 11.093252644 5.475812226 
0.594601374 16.831834951 -3.812349503 
-0.308479434 17.636756016 -2.064413105 
-10.425539738 13.405824960 1.034127536 
-10.096906427 13.860451715 1.222592642 
-0.282718817 17.552721064 -2.538870617 
-0.416888089 17.612836492 -2.302869748 
-10.460993661 13.519755381 0.202652053 
-10.422282725 13.545174496 0.037065609 
-0.176821652 17.635832930 -1.854579139 
-0.268844489 17.651542309 -1.915655317 
-10.350716658 13.607046855 0.877051295 
-10.291047768 13.657977746 0.872164125 
-0.448603967 17.629358795 -2.238561977 
-0.361541004 17.690359471 -1.717156854 
-10.274010136 13.681338442 0.928291306 
-10.122592945 13.780729708 1.339342698 
0.052005764 17.675832064 0.988253797 
-0.091687784 17.701598872 1.089871551 
-10.156926175 13.543583794 -2.046045928 
-10.115799316 13.644198752 -1.887291798 
-0.277649628 17.630547868 2.040272171 
-0.317992368 17.605223919 2.271037014 
-10.086590687 13.681608247 -1.901812020 
-10.124205826 13.632173850 -1.925940865 
0.118241370 17.657282739 1.031630697 
0.009085097 17.695201394 0.815086367 
-9.836440434 13.794569516 -2.311186531 
-9.909740207 13.781715842 -2.126226490 
0.076468078 17.667982351 0.915695563 
0.103546122 17.625770571 1.532025827 
-10.072956370 13.692704264 -1.911417776 
-10.017647905 13.741360619 -1.930655149 
-1.281827005 13.940733471 6.023277136 
-1.508492059 13.761363841 6.260279629 
-7.385488017 11.272777452 -5.358801102 
-7.435680651 11.261254995 -5.348546688 
-1.347576400 13.849621366 6.116962691 
-1.405227264 13.756365367 6.210741565 
-8.062937980 11.076094091 -4.934815363 
-7.964095618 11.131765896 -4.991062974 
-1.179928057 13.984925617 5.979565664 
-1.221448035 13.883796240 6.050276642 
-7.838544856 11.047371893 -5.148623986 
-7.383772721 11.255490194 -5.371679643 
-1.145147723 13.904164092 5.972906262 
-0.932016108 14.023292124 5.826670051 
-7.252586224 11.391099225 -5.386227563 
-7.381162825 11.279201211 -5.368525500 
-2.524832590 13.206340866 -6.949968035 
-2.381771438 13.218737996 -6.894808981 
-6.640662590 11.523434119 5.734212172 
-6.797090152 11.445137087 5.684930161 
-2.533455177 13.118938697 -7.005165736 
-2.243049498 13.290763727 -6.824702956 
-6.396452651 11.651072974 5.773245839 
-6.776484965 11.495366221 5.661043973 
-2.426917792 13.142743979 -6.949395126 
-2.348862953 13.210202480 -6.898939532 
-6.629480727 11.560617607 5.727360912 
-6.458976573 11.648630601 5.768475998 
-2.539921503 13.128408138 -7.013420836 
-2.385136964 13.177227203 -6.941148721 
-6.795045261 11.509872886 5.670983185 
-6.276381814 11.659875047 5.856160465 
