0.366556945 20.631887913 -0.323864927 
0.510773145 20.565943069 0.091808230 
-12.782824023 15.037334866 -1.676630641 
-12.755147252 15.170603277 -1.462868049 
0.335760811 20.617719675 0.037208492 
0.343888436 20.621633250 -0.437413249 
-12.683663286 15.112452494 -1.831168566 
-12.681450987 15.114247867 -1.954634074 
0.265192948 20.609552223 0.147545197 
0.296595432 20.586721107 0.227429057 
-12.709768409 15.190547547 -1.377138784 
-12.691071961 15.239690974 -1.505428872 
0.301665829 20.580052719 0.230408366 
0.187470619 20.561738045 0.599086520 
-12.826513247 15.152836615 -0.892925133 
-12.753986773 15.243486529 -0.789880562 
3.056129507 18.140120316 0.855697653 
3.007734829 18.207233305 1.476954064 
-12.870897597 11.678286596 -1.968047313 
-12.773271660 11.741547192 -2.471440309 
2.892715634 18.101680254 2.415738747 
3.016397665 18.162565602 2.122340208 
-12.994773966 11.464660344 -1.692898646 
-12.829868532 11.526880679 -2.282852442 
2.851568780 17.954699185 3.362632078 
2.886581715 18.020938114 3.022093367 
-12.906767239 11.694672003 -1.946812249 
-12.950576771 11.505538407 -1.735420253 
2.790226913 17.977522496 3.254592020 
2.945831750 17.977895771 2.797725839 
-12.884180454 11.752328916 -1.992250398 
-12.897562259 11.741433965 -1.915412793 
2.256551301 14.748678915 6.684109965 
2.148856411 14.647230387 6.799255430 
-9.522891696 9.919319265 -6.727357037 
-9.489939856 9.889340611 -6.759408116 
2.115710718 14.694857298 6.814314224 
2.057039442 14.655615597 6.953008528 
-9.746562010 9.901299808 -6.464899530 
-10.128395078 9.715628053 -6.114675146 
1.518290910 15.677724152 6.734156459 
1.184744922 12.756587985 8.536606069 
-11.200590008 11.096338553 -4.611755505 
-9.462159568 9.341693024 -6.800488051 
2.455538638 14.844933234 6.314943216 
2.350692351 14.749260227 6.535248404 
-8.346130233 11.867107353 -6.760740446 
-9.144595615 9.935985093 -6.915427844 
-3.139395794 14.954432092 -9.128291362 
-2.962575840 14.911531369 -9.132651377 
-8.271516144 12.811585671 7.937992812 
-8.121228936 12.920268008 7.972557746 
-3.111550128 14.968202002 -9.123855891 
-3.275634281 14.902149299 -9.196721981 
-8.848909740 12.495260673 7.773543178 
-7.960961683 12.983729049 8.032188494 
-2.273469193 15.373672955 -8.772076766 
-1.069496496 16.751345326 -7.741001139 
-8.126433519 12.874635168 8.002512122 
-10.004288828 13.123997779 6.645401246 
-3.395547637 14.724184082 -9.315057304 
-2.933160929 14.905129265 -9.159905646 
-8.174372619 12.860840585 7.958325246 
-7.823135687 13.045719588 8.079290110 
0.326549168 20.525290581 -0.571974196 
0.185160900 20.553827966 -0.653106862 
-12.761757049 15.193038786 -0.901442217 
-12.866478810 15.033493332 -1.119053920 
0.255509354 20.527448415 0.346819187 
0.234804279 20.498865918 0.700692425 
-12.775432409 15.122244028 -1.320173459 
-12.825459966 15.108732114 -0.926720846 
0.329312681 20.440073673 0.940496927 
0.229599360 20.484063149 0.861288922 
-12.720861360 15.213574370 -0.908909168 
-12.747670939 15.171376671 -0.900370354 
0.395995630 20.413444355 0.944786859 
0.456594313 20.987920163 -2.539008465 
-12.808945614 14.985639264 -1.238441038 
-11.052633793 16.474612605 4.440919318 
2.724245479 18.314771945 1.856896566 
2.741254912 18.290950191 1.870659157 
-11.850973282 12.336573943 -4.073692696 
-12.259640398 11.976494370 -3.535250233 
2.925548067 18.273327799 1.411110629 
2.819550387 18.195116918 2.203261152 
-11.724422421 12.358422464 -4.297630969 
-11.908421034 12.329137718 -4.018527538 
2.681367940 17.749079606 4.091838190 
2.878428710 17.971931576 2.369932775 
-9.762525817 14.020271791 -6.248984270 
-10.492538448 13.986726231 -5.174974035 
2.991875774 18.077606591 1.809988672 
0.518326659 20.254508340 3.464730465 
-11.650975264 12.472700948 -4.447083698 
-12.174139507 12.160018441 -3.759460270 
1.081425927 14.353198445 7.732381934 
1.374649522 14.477026351 7.418280793 
-10.356647094 9.552391473 -5.799070817 
-10.069984480 9.672942373 -6.131486801 
1.955988445 14.813756133 6.720314666 
2.143574175 14.727232257 6.663339717 
-10.166323983 9.503786493 -6.059041368 
-10.174450333 9.492479944 -6.105881596 
2.393033284 15.191239792 5.926339097 
2.479255245 15.176800303 5.886742287 
-9.961827569 9.617787997 -6.321786625 
-9.498177460 9.816184698 -6.714432659 
1.890035394 14.630468069 7.052229629 
2.138925869 14.845387698 6.551875298 
-9.801627700 9.592913656 -6.483989352 
-9.485103177 9.823891658 -6.705231938 
-3.251629024 14.802460148 -9.167753885 
-2.851835343 14.935043259 -9.095681481 
-8.162893821 12.937985768 7.889974632 
-7.950104274 13.014981341 7.974709138 
-2.812868648 15.121873341 -8.895782823 
-3.809480806 14.445370152 -9.407434538 
-7.875202856 12.994609008 8.022166490 
-8.205381111 12.801099639 7.944273045 
-3.490798421 14.653987203 -9.302068427 
-3.939293592 14.418588297 -9.448569071 
-7.252849671 13.214978847 8.224475459 
-7.462642955 13.124359923 8.172006121 
-3.400901670 14.760926413 -9.205740982 
-3.108368253 15.110291142 -8.954749138 
-7.754792018 12.930921663 8.134021036 
-7.423006557 13.161317432 8.156788123 
3.732900743 17.617511313 -2.503152328 
3.300849599 17.687558704 -3.357603407 
-12.827895613 11.078460326 2.714926426 
-13.240666686 10.777535904 1.215314390 
3.626608994 17.651484261 -2.702215104 
3.816399567 17.675069442 -1.963713036 
-13.248974252 10.656560393 1.415774838 
-13.315854837 10.592452833 0.854239817 
3.245772145 17.278614337 -4.715780529 
3.569436243 17.359074238 -3.879696861 
-13.385252467 10.499492231 0.200143207 
-13.296902913 10.585965606 1.114889676 
3.869000167 17.364516717 -3.264374493 
3.733734934 17.538543326 -2.772185238 
-13.353561874 10.382362207 -0.585038310 
-13.322265969 10.617890327 0.867818151 
1.041566713 20.525060491 0.902734916 
1.271639412 20.462057895 0.930273085 
-13.358869680 14.436097606 1.179956490 
-13.249027436 14.647104033 0.579619887 
0.990584022 20.540914665 1.004241178 
1.235197745 20.462823803 0.342775198 
-13.304570480 14.438457274 1.623054965 
-13.354758233 14.457491554 1.084960351 
1.082716742 20.486707896 0.136170967 
1.265120079 20.437932143 1.278949761 
-13.272273860 14.588911493 0.877947943 
-13.307450636 14.527341958 1.139135643 
1.218891048 20.376566597 -0.864845902 
1.137015960 20.416838246 -0.701247363 
-13.421099566 14.356902926 1.183151362 
-13.289724301 14.535340914 1.215066567 
-2.105724000 16.728099675 8.694301585 
-2.540181782 16.686940237 8.754081865 
-9.532437028 13.890811326 -7.570505853 
-8.989132762 14.054452874 -7.858884650 
-2.371269027 16.624700600 8.847642830 
-1.351345248 16.239536308 9.262239215 
-9.166617239 14.004112880 -7.751557525 
-7.428036862 13.055294739 -9.268707812 
-2.860846340 16.539051676 8.917561475 
-2.451134358 16.734418731 8.723949685 
-9.125238746 13.931048550 -7.843424420 
-8.580770757 14.131210247 -8.090831315 
-2.062380085 16.956832532 8.437468612 
-2.224279105 16.919015925 8.513860923 
-8.951348040 14.017301403 -7.931517873 
-8.742196825 14.122109268 -7.984389524 
0.610876029 14.794036720 -8.815937391 
-0.942432369 12.866659987 -10.373224917 
-11.453392169 14.101796756 2.338369658 
-11.932626533 13.444546813 1.268290991 
0.654653065 14.808949474 -8.793748517 
0.889725507 15.104933527 -8.390703680 
-9.581408154 11.025231229 7.192480917 
-10.504009071 10.382501644 6.611936200 
-0.021068232 14.637876787 -9.206832587 
0.030497074 14.790825058 -9.032212288 
-10.675810172 10.603986625 6.335000841 
-10.721285822 10.708040608 6.257505898 
0.380656332 14.856416559 -8.852347918 
0.598677853 15.010771458 -8.628863020 
-10.603527530 10.668462331 6.384343796 
-10.412779166 10.634814712 6.616618490 
-2.432691817 18.245327881 -8.649107252 
-0.405697774 18.999672838 -7.181713140 
-13.442121009 14.165247352 3.954902848 
-9.758445809 15.194036051 8.115378181 
2.003500174 17.184604891 -6.252518230 
1.503555970 16.913043501 -7.043128987 
-13.155319871 10.939060842 1.798084654 
-13.119335855 10.813784658 2.064663294 
1.805856736 17.354055284 -6.791971016 
3.433390735 19.309819785 -1.506144318 
-12.357115420 13.264295416 0.903733316 
-12.791849618 11.877330484 1.085339580 
2.293325877 19.832672019 4.305637657 
-0.017633661 18.500802868 7.693265732 
-12.991239420 15.514936883 -4.957891382 
-13.377235331 14.757535925 -4.911694009 
3.334801013 19.993110248 2.668820778 
2.822560216 20.101946987 3.375549558 
-14.680557481 12.925739846 -0.477550492 
-14.757642269 12.779757500 -0.443541229 
2.173448551 20.826050564 1.201082767 
2.303295112 20.802892624 0.557446348 
-14.477401100 13.787879672 -0.740972596 
-14.499861315 13.746736182 -0.671758644 
0.149629343 20.435811851 -0.979584370 
0.696154122 20.572558432 -0.435955134 
-11.912788159 15.450773902 -4.491190193 
-14.026409233 15.200310619 1.235333898 
3.658707086 19.976556139 0.887075960 
3.800625971 19.822942842 -0.696385300 
-14.743563525 12.450913314 0.688413339 
-14.777925607 12.446427642 0.125204448 
4.625923621 17.992443891 5.107609117 
-0.626795049 16.032001647 10.343351473 
-8.921769385 13.346798775 -7.853041613 
-5.680606370 12.836478499 -9.809928503 
2.177406733 14.896939632 8.604858649 
3.474971601 17.177887989 6.253443315 
-11.965270601 9.089612032 -6.258392869 
-10.460593244 13.684084844 -6.573261710 
1.873338446 15.173343802 8.601255953 
2.355504480 16.133876062 7.882736654 
-7.783756947 13.754416917 -8.845593791 
-10.321846087 13.885525304 -7.654482016 
-0.421358308 16.714619024 9.200090296 
-0.183416559 16.938184813 9.008421206 
-8.026916098 13.446620850 -9.501655341 
-8.601872698 12.639496376 -9.386911890 
1.565168524 17.493404479 -4.635464425 
5.480736104 13.903917172 -3.001760523 
-8.784067533 13.491177657 6.957013891 
-11.046788007 8.399532737 5.046902919 
3.166250955 14.439895834 -6.200792060 
3.072039632 14.199771541 -6.529439513 
-9.689518265 8.341990395 6.526137647 
-10.047632595 8.204578585 6.161871541 
3.786129845 17.136832084 -2.358537114 
3.120703387 16.768714335 -4.810021961 
-11.765927685 9.715780948 4.296941813 
-10.487985436 8.773775897 5.790965116 
-0.675478566 14.948971667 -10.695265612 
1.718612365 16.012033077 -8.659174143 
-12.291573828 9.973975695 3.861887129 
-10.369122792 9.768763845 7.863183058 
0.349664481 20.049972017 1.400374526 
0.240500962 19.893232871 2.146577083 
-12.264145193 15.180444711 -1.327437062 
-12.452416568 14.978138506 -1.024830067 
-2.415590962 19.141228613 -7.437435506 
-1.720348384 20.675081672 -3.690601173 
-10.948159779 15.678219739 5.118108810 
-11.619904228 16.880011207 -0.587153231 
0.143518235 19.985928977 2.329756877 
0.672422824 20.054841038 1.323911240 
-11.954286045 15.240759098 -3.210688568 
-12.378567864 15.006819600 -2.403118824 
-0.036898671 19.413644923 3.471434340 
0.400053225 19.590272493 2.585815923 
-11.931841578 15.009157658 -3.213059650 
-12.198449457 14.978118211 -2.437717818 
0.294373818 18.998542348 0.307294672 
3.673809178 17.915331350 2.364470372 
-7.482103371 15.111887520 -5.780569789 
-12.441595527 10.932496651 -1.903660010 
3.385436679 18.321241357 -0.062756899 
3.563318163 17.603094014 1.655865867 
-13.657788222 11.520810544 -1.013555207 
-12.782434982 11.386607742 -2.251922099 
3.418829962 17.981969701 1.065450074 
3.393544987 18.007964204 -0.527068866 
-12.537396670 11.990781388 -2.531403699 
-13.111948541 11.538203877 -1.039546872 
3.261529179 17.986323287 -0.933219657 
3.319562640 17.977253658 -0.821794246 
-13.022596906 10.912731474 -1.161045111 
-12.984007655 10.952329958 -1.200112417 
1.568946330 14.322950561 7.330145463 
0.401357506 13.520123727 8.624246774 
-8.756703186 10.027903558 -7.138366261 
-7.885157260 10.103929842 -7.700025631 
1.376412522 13.764353831 7.811300451 
0.904694505 13.543818453 8.291298616 
-8.373494818 9.649467039 -7.585763416 
-9.000363885 9.492712095 -7.183448511 
1.377357357 13.874555273 7.656018044 
0.444121316 13.395765583 8.473945320 
-7.055012868 10.385849669 -7.900307833 
-6.763909939 10.916872706 -7.811468278 
0.737017853 13.927350228 7.919260384 
0.562466587 13.812343967 8.203788471 
-7.556697787 10.420115292 -7.638379471 
-8.145977355 10.192942850 -7.355725453 
-1.405860556 15.703321027 -8.339591802 
-2.204252038 15.277374557 -8.754862767 
-7.816072167 12.973067221 8.064659918 
-7.321906550 13.090050813 8.201157649 
-1.147619797 14.760672927 -8.902506181 
-1.638426754 14.537073536 -9.062984990 
-6.385563860 12.602163849 8.718853123 
-7.280408558 12.162703747 8.542858248 
-2.200663237 15.036916710 -8.843288625 
-1.959829319 15.161730729 -8.716245993 
-7.348632929 12.743182236 8.343838896 
-7.428354103 12.718632998 8.299812304 
-1.527412905 15.630775126 -8.292695709 
-1.504585827 15.595954581 -8.321340859 
-7.811149929 12.869084541 8.039698284 
-7.286854719 13.069859891 8.187957711 
0.048629395 20.355027068 1.547105528 
0.403903466 20.110316185 2.426673099 
-12.311120892 15.272607848 -0.505847983 
-12.320116271 15.221094035 -1.315216312 
-1.681884668 20.882101042 0.531473071 
-0.264024845 20.193880031 1.410053415 
-12.220222023 15.394464701 0.081533340 
-12.237874291 15.379377052 -0.018628480 
-0.598035430 20.270195122 2.798740657 
0.018972895 20.258903876 0.119490747 
-12.509602021 14.953189196 -1.124527879 
-12.387214209 15.159817046 -0.665872764 
-0.136623090 20.276912871 0.201285254 
-0.084064119 20.293691343 -0.441297415 
-12.455318026 15.030345951 -1.135020105 
-12.435746182 15.068608659 -1.222437738 
1.966101598 16.758843829 -5.784052819 
2.817727741 17.761106437 -3.601321719 
-12.545502683 11.134153803 -0.796758011 
-12.633547721 10.974892539 -0.566860967 
2.232099431 18.466356835 -1.738376552 
2.932231652 17.789840668 -1.869870651 
-13.243527901 11.195580435 -1.584715307 
-11.000097394 10.786551796 4.446579139 
3.838688164 16.509685150 -1.415444261 
3.022848569 17.423878629 1.815473681 
-12.541798642 11.070037519 -1.176076317 
-12.397402622 11.273604181 -1.710252605 
3.659813293 16.661218883 -1.392827698 
3.513035547 16.594023461 -2.112882406 
-12.633325874 10.959656764 -0.845749435 
-12.484200527 11.070741963 -1.737161346 
2.002764736 16.672827366 3.618740951 
2.412644073 16.106610223 3.850307920 
-8.899502273 11.141636285 -6.637138432 
-6.971297055 11.231804578 -7.413062311 
-2.874382650 10.770625774 9.775855642 
-2.475881231 10.822286555 9.829384373 
-4.681375792 11.565865583 -7.730040443 
-5.225097828 11.097311944 -7.767163234 
-1.837170884 10.943908619 9.482766150 
-1.960010013 11.047469188 9.598469366 
-8.365488168 9.018051348 -7.038712571 
-8.537482531 9.129925389 -7.126595636 
-5.021149379 10.679166651 10.325706269 
-5.368304170 10.535311541 10.260041432 
-11.731812268 8.285764364 -2.065580355 
-11.752041690 8.249123140 -2.217347450 
-3.287353405 14.231819607 -8.883674756 
-4.622909620 13.998691833 -9.292065293 
-4.415255000 14.366092403 8.024029958 
-4.562777703 13.666242840 8.476947003 
-0.457645241 16.458919580 -7.124158906 
-1.574347098 15.886914976 -7.886250478 
-8.077258696 13.141216264 7.618668108 
-7.775905333 13.250906361 7.740192133 
0.294397039 16.069527085 -6.999552789 
-2.100492282 15.635224165 -8.193410313 
-9.197550250 12.359044051 7.384390477 
-10.505336225 11.881545869 6.342861593 
-2.174292876 15.601048757 -8.232603248 
-1.532566741 15.619131833 -8.393187333 
-8.274115073 13.085871161 7.535236856 
-8.601877183 13.001198590 7.364403112 
3.409577116 17.390159537 2.612383372 
3.419956716 17.296484248 2.767262216 
-12.515936805 11.228326758 1.450885717 
-12.128872442 11.117184525 2.175622320 
3.557197861 16.265199208 3.811275896 
3.722698155 16.892892944 2.943118640 
-13.057502828 10.347296983 -1.598791144 
-13.070507488 10.247632283 -1.724950097 
-0.016275520 21.307992509 -2.761766825 
2.816891423 17.271706242 -4.528988291 
-12.735160211 16.648268008 0.960438312 
-14.452447892 13.668072352 -1.827308222 
1.732329712 19.771143215 -3.947415446 
1.596259405 19.413593213 -4.763221782 
-12.528268910 14.900316996 5.109357484 
-14.276990225 11.860089685 -3.007994929 
0.540697118 18.900969218 -4.270329566 
0.508451105 18.878798297 -4.329947787 
-12.559371647 13.740069329 2.692985177 
-12.716755880 13.718943763 1.959014895 
2.433204835 19.703239573 5.242461208 
3.383711599 18.506149690 -6.432513332 
-12.214475076 14.062489109 3.101398230 
-13.873654139 11.856650729 2.922716656 
3.174036324 20.406144014 0.794844523 
2.911677862 20.469005527 2.352712215 
-14.611225230 13.284448616 -0.890368698 
-14.800556235 13.211220349 -0.342985619 
-1.906737717 20.348404278 -1.672369642 
-0.628914961 19.394324399 -4.097695721 
-12.590868575 14.667177122 1.695411656 
-12.576139832 14.224527422 2.583576626 
-0.665739758 17.147485169 7.308459637 
-0.533030396 17.067088774 7.374000365 
-6.999631636 14.085678709 -8.390165668 
-7.804589228 13.731572576 -8.233095943 
-0.951850067 16.808310133 7.657493927 
-1.763115295 16.451208259 8.145787919 
-7.312032837 13.857917763 -8.314404180 
-7.268499804 13.930735231 -8.290397354 
1.877992894 17.006801553 8.114385931 
3.135148621 17.496262839 6.899414719 
-10.227366549 11.934525617 -8.701158458 
-13.392616034 11.261341532 -4.608849668 
-0.461975447 17.860184005 6.535641090 
-0.548079907 17.616006291 6.915996896 
-9.355432292 13.805271507 -7.228281238 
-9.799330129 13.585167463 -6.999052931 
2.169984909 15.450713895 -6.360014981 
1.373769497 14.890913474 -7.566548767 
-10.174287836 9.935749939 6.386640675 
-10.173601647 10.092335878 6.319916533 
2.394056747 15.471446683 -5.910024716 
1.541586175 14.974335547 -7.181669384 
-10.888882918 9.699967668 5.489786412 
-10.919418792 9.495010567 5.543018252 
-2.126610738 14.062922655 -10.636355715 
-0.872517383 12.940205690 -9.526956716 
-7.092759264 13.133872782 7.291084792 
-9.101613732 11.365683678 7.303274026 
2.620400528 14.677683047 -6.577200035 
-2.721797851 14.370789063 -9.462937653 
-8.031750732 10.669901731 8.160965061 
-4.891782071 14.009336797 7.822363219 
3.493969235 17.838033857 0.349391275 
4.074781238 16.574730878 0.884100674 
-12.743689941 9.950661337 1.252458006 
-12.852649141 9.748634616 1.048670141 
0.939220140 18.747817122 -2.851527983 
0.589274891 18.655156780 -3.246152240 
-7.932788448 15.074651859 5.509602381 
-7.034251969 14.188687625 7.036983625 
4.193668800 16.790397613 0.016493593 
4.178549964 16.772601120 0.394683503 
-12.828120513 9.398820009 -0.573633362 
-12.434170412 10.416692241 -0.878676259 
3.997198170 16.673004046 1.333063114 
4.053323569 16.722716690 0.683549709 
-12.796804815 9.703385052 -1.444329872 
-12.701494079 9.862500078 -1.701700845 
-0.728880329 20.989285991 4.335206971 
-0.255898185 21.245556830 1.347817270 
-11.036796204 17.515065004 -3.329851578 
-12.643850088 15.581579816 -0.196838210 
1.301771988 19.343163562 -2.287439415 
0.967691246 19.190205844 -3.180994563 
-12.552663974 14.040587319 2.454395561 
-12.790414587 13.861762541 1.680527128 
1.290380836 18.774598417 -3.465788372 
0.790827648 18.693681109 -4.151589249 
-12.762583261 13.672017033 1.309432890 
-12.801918818 13.512412488 1.847063790 
1.562769387 19.190625602 -2.994722290 
0.654927310 19.132502512 -3.891219045 
-12.829896393 14.046643398 1.225373578 
-12.613419527 14.078799191 2.600759901 
-2.089555170 17.103655809 7.823135136 
-2.248318260 16.413563741 8.518644383 
-7.551924023 14.719965357 -7.806656923 
-7.848790277 14.199828331 -8.108849492 
-1.166647490 17.427507643 7.331297721 
-1.786496995 17.189781066 7.724488403 
-8.618517431 14.333186531 -7.487957679 
-8.806790625 14.250294605 -7.392803256 
-2.351320174 17.099768074 7.890008015 
-2.625965630 16.840645513 8.207452318 
-8.530668850 14.264137205 -7.577643303 
-9.281584183 14.039965454 -7.190382093 
-1.859583845 16.989101720 7.897667177 
-2.007425510 16.802109627 8.130544877 
-8.231198561 14.221470779 -7.781630363 
-8.497233270 14.210247597 -7.608483783 
2.035485800 15.536690583 -6.599279385 
1.808372130 15.766701264 -6.541345126 
-9.460984927 10.616660783 6.986488243 
-10.602686968 10.350149252 5.975841873 
1.106553295 15.445420313 -7.550628867 
1.058465618 15.520145267 -7.539631138 
-9.267983501 11.196727456 7.011007547 
-9.808085714 11.030627635 6.640800771 
1.200387014 15.937590262 -6.983419178 
0.985848928 15.691945347 -7.429110322 
-10.441006254 10.840174620 6.168044259 
-10.635941179 10.902711406 5.906610499 
1.169348886 15.248402780 -7.664561722 
1.134102477 15.416341428 -7.485258643 
-10.346962784 10.615101641 6.280397110 
-10.143034549 10.699432419 6.434962340 
0.239350737 20.437186556 1.305003787 
0.439958400 20.501046809 0.452577426 
-12.568453916 15.382549376 0.939665237 
-12.558285397 15.445522387 0.498494625 
0.022474229 20.312320883 -0.791312901 
0.021874175 20.278926894 -1.496807399 
-12.251058689 15.374633430 0.425825971 
-12.431766855 15.202843017 -0.336410431 
-2.027594643 20.407105731 2.395605190 
-3.129364538 20.047083804 3.583660809 
-12.486792788 15.960673640 0.507450385 
-10.732729512 17.293934422 -1.508615944 
-0.415535744 20.576830651 -0.299623261 
-0.809786861 20.513467222 0.164693017 
-11.231801816 17.017856191 0.568412533 
-11.037312609 16.993801326 0.261898855 
0.927249533 16.033480026 7.135634018 
1.637458684 17.499465452 3.836006787 
-13.992155595 10.415835544 -1.235933933 
-12.090060897 12.768564249 -0.140520789 
0.917376688 16.326964584 6.814264600 
0.793280652 16.385592222 6.803130962 
-12.118445959 10.661911195 -3.060007341 
-11.873480088 10.970458145 -3.772670951 
1.588861590 19.353825261 1.948509356 
3.054457223 16.232212719 5.043264156 
-12.919190745 11.527347450 -2.824115403 
-12.466177937 11.373868552 -3.885692891 
3.926780877 18.586402942 2.273328556 
2.939257339 19.236808075 1.792070850 
-11.976412822 15.714267282 -1.641752150 
-13.342941178 13.995433270 0.497041237 
3.176169044 15.452387633 4.633724451 
2.958896617 15.241514503 5.366225714 
-10.322510168 10.848029485 -5.110783874 
-10.100456364 10.786645020 -5.396409025 
2.911540149 15.564542181 2.979168134 
0.405133163 14.151852670 8.027237570 
-5.359186779 11.852932753 -7.453052458 
-8.825754053 11.131981233 -6.079914069 
1.842875805 14.478383876 7.302818419 
1.111462958 14.396860419 6.741529877 
-7.958733479 8.974369606 -7.560848748 
-7.646019369 7.755875206 -7.475716628 
2.733005543 14.900547279 6.099408980 
3.023917429 15.019531023 5.672971555 
-11.458831107 10.247718663 -4.343362270 
-11.467654539 10.363375923 -4.294652286 
-2.142899068 15.195661516 -8.970183260 
-2.117895246 15.222630139 -8.959848216 
-7.921214189 12.874619206 8.122265976 
-7.138341955 13.015213878 8.432773436 
-2.801685886 15.907850533 -8.239801382 
-2.993826597 15.326594399 -8.721231823 
-7.822027423 13.759416650 7.575030278 
-8.694605551 13.420837801 7.238906493 
-4.803761150 14.650758704 -8.551972513 
-5.174486268 14.030781750 -8.691796154 
-5.448767748 13.762919216 8.311140522 
-4.948948868 13.683757130 8.377906959 
-1.445444899 17.078605517 -7.361098122 
-3.529057603 13.804842403 -9.163290502 
-8.347339382 13.447675463 7.311993485 
-9.028164827 14.040588447 6.713093201 
0.443524589 20.406314944 -0.493537973 
1.001910031 20.305957214 -0.543576442 
-12.432403739 15.055428194 -0.842732913 
-12.336873829 15.186371448 -0.970400340 
-1.480300441 20.893633577 -0.186105125 
0.131283775 20.225736745 -0.228203051 
-12.314245264 15.185169128 -0.636619832 
-12.313551868 15.176516061 -0.887721493 
0.077966659 20.260479735 -0.786686352 
0.058424730 20.224604439 0.325884937 
-12.512534769 14.939777978 -0.988533324 
-12.366143875 15.135220984 -0.551043536 
-0.098481371 20.227015270 0.442300354 
0.447528327 20.161487888 -0.289751223 
-12.310169408 15.086804860 -1.479181175 
-12.376160624 15.009403465 -1.561233655 
3.613293086 17.860145775 0.093752185 
2.672516992 17.534809505 2.254955462 
-12.555337885 11.035920000 -0.914698528 
-12.433558624 11.230708916 -1.399099595 
3.239903731 17.324693441 1.029672280 
3.149437237 17.342067172 1.257546452 
-12.561794880 10.986658987 -0.323134205 
-11.569581671 11.012033331 3.224509028 
3.102107711 17.358798110 1.713515973 
3.356180314 17.296448917 0.451700073 
-12.481961183 11.119293000 -1.299671504 
-12.475626043 11.095276597 -1.433658927 
3.179539127 17.372005394 1.339794776 
3.044379679 17.421491705 1.457678100 
-12.650486666 10.830232494 -0.554490072 
-12.626515252 10.818984180 -0.820075352 
3.765654204 16.025922076 1.475433887 
1.048550702 13.022263864 8.152309238 
-5.752924447 13.916735407 -7.749283975 
-8.366414242 10.315503389 -6.660122256 
2.777367731 16.134402311 4.742977414 
1.785760760 17.234711140 5.395753739 
-5.691545450 11.585989802 -7.799175553 
-6.874887594 10.271414811 -7.741000438 
-1.038900245 11.526641495 9.246026980 
-0.597269508 11.786506813 8.997807555 
-7.914748377 9.474189500 -7.446915249 
-8.235335748 9.342655188 -7.164245570 
1.044081732 13.391478744 8.217972812 
-0.664164817 12.693343498 9.262761587 
-10.754739314 8.749897619 -4.674259715 
-10.665616074 8.790019583 -4.773826330 
-1.955690442 15.772121544 -8.077490859 
-1.885189783 15.806352839 -8.065518311 
-8.274410558 12.751479341 7.635286095 
-10.443641955 11.608680149 6.149335639 
-1.690838474 15.816605937 -7.984318408 
-1.438895244 16.129301134 -7.668702067 
-8.773662659 13.081421075 7.232188304 
-8.519536541 13.108069433 7.390286551 
-2.213145540 15.532398936 -8.340311484 
-2.131654679 15.630504767 -8.237783685 
-10.463088955 12.437882090 6.075355777 
-9.421737145 12.757640342 6.914865675 
-2.358555151 15.646448575 -8.250897676 
-2.266784496 15.695533353 -8.186279286 
-9.297276955 12.907852456 6.940248892 
-9.032905381 13.046267461 7.053794694 
3.379568080 17.567041790 -1.599329815 
3.801135136 16.758408495 -2.860816717 
-12.835969960 11.376446681 0.434636075 
-11.975567102 11.286058645 2.184762768 
4.310251614 17.099943690 -0.095056142 
4.288189601 17.061478628 0.254821998 
-13.204366908 10.180253072 -0.307946779 
-13.197984026 10.156144833 0.017716538 
4.081847897 17.456967340 -1.493375854 
4.561327076 16.934658052 -1.331702983 
-13.704745940 10.978137204 1.370682091 
-13.719265703 11.012719839 -0.756359836 
1.561330659 17.201428550 -5.318589057 
2.664196844 17.660034383 -2.530402145 
-9.358844499 13.589506582 6.059302177 
-11.811244317 8.851047894 2.197898140 
0.495566058 18.910300243 -4.158736909 
0.455802290 19.018258596 -3.940523297 
-12.569210471 13.993936735 0.128111595 
-12.265215310 13.825765273 3.345614608 
-0.123095245 19.266280784 -4.566890466 
-0.122258054 19.304788454 -4.498838068 
-12.782494473 14.163476787 1.871094210 
-12.584760834 14.413525607 2.648009746 
-0.115148771 20.561970084 -1.591643327 
-0.401630248 20.967970341 -0.526299673 
-12.060745299 16.006018007 -0.514583277 
-11.920541548 16.811004750 1.230879042 
-0.163161341 20.999409290 -0.271776803 
-0.061618991 20.955946353 1.517008486 
-12.023470393 16.356174832 -2.154506617 
-12.769246245 15.933931829 -1.099861500 
-3.034462573 16.261936520 8.531473957 
-2.832025177 16.383574178 8.384875262 
-5.728443562 14.839310284 -8.224950765 
-5.858275220 14.648051354 -8.356576059 
-2.082817039 16.383747471 8.284925062 
-2.817722503 16.035327264 8.639008351 
-7.105371473 13.937903533 -8.352200266 
-6.140903227 14.388876066 -8.412202890 
-2.703989827 15.560256958 8.874031533 
-3.262344615 15.068536260 9.154223544 
-6.321995986 13.894148431 -8.549296914 
-6.442912761 13.637687863 -8.622122385 
-1.016594883 17.561423054 7.110353172 
-1.989505906 18.862897746 5.882368663 
-7.740732777 14.516182138 -7.736214145 
-9.624839955 16.206176333 -5.082715274 
2.060488971 15.435872555 -6.463880472 
1.405128389 14.938317327 -7.435641422 
-10.992012876 9.714143290 5.444591464 
-10.410648594 9.923419794 6.086576134 
1.106512448 14.550539156 -7.869454998 
1.318424672 14.546736047 -7.764082775 
-10.955721386 9.535534860 5.493868694 
-10.773396324 9.594999866 5.690105627 
1.437952814 13.914577021 -7.991392231 
1.605560268 14.078830846 -7.559776376 
-8.913522041 9.652362641 7.243264389 
-8.942788956 9.495077045 7.168862565 
1.466581033 14.925213452 -7.537787758 
1.361837540 15.888523030 -6.123106359 
-9.554407671 10.222006719 6.950314868 
-10.633553220 11.524655847 5.550211428 
1.948079559 16.523349534 -5.848239495 
2.816292583 16.693113587 -4.388003190 
-12.364660499 10.176075383 1.177887052 
-12.323509862 10.450375620 1.532724429 
2.198189037 18.497416262 -1.810309013 
0.655344948 18.649403140 -3.365764592 
-12.388043649 11.918594238 0.685608089 
-6.787304402 14.346455789 6.937994726 
2.968933774 16.493907339 -4.644562828 
3.271026015 16.594160249 -3.799820974 
-12.464802070 10.050117436 0.142936621 
-12.396602174 10.347404975 1.226946311 
2.086240679 16.411085926 -5.927826681 
2.309614539 16.506067009 -5.489262782 
-12.311251561 10.106567574 1.641746825 
-12.247886372 10.199695499 2.017438383 
0.447355733 20.025350359 -1.286763856 
0.581726847 20.030259179 -0.975592389 
-12.507035342 14.942949845 0.033383792 
-12.336398082 15.092183427 -0.251988424 
0.403989907 20.017568042 -1.508549467 
0.460110688 20.129130877 -0.620531966 
-12.527460399 14.962132892 0.335054338 
-12.568361971 14.846737342 0.437271269 
0.344767177 20.137974135 -0.574204434 
0.417160175 20.123601220 -0.611434015 
-12.690396059 14.654821367 0.956417870 
-12.987847598 14.342395931 0.468822986 
0.379897620 19.998275757 -1.457291932 
0.644341980 20.152409167 0.311580691 
-12.907988435 15.109800135 0.042268414 
-12.528602968 14.953748436 0.503020054 
-4.362173564 15.596504369 8.846460178 
-3.010088278 16.332980375 8.201671667 
-8.747965997 13.669086457 -7.501408557 
-7.932351256 13.991819877 -7.780544118 
-3.928317627 15.827987662 8.641496542 
-3.496144602 16.037087543 8.450694657 
-8.740200898 13.620755259 -7.609474450 
-8.109754661 14.003090047 -7.654374766 
-0.545011435 19.643498380 5.767492004 
-3.966193714 15.248961891 9.430351233 
-8.296304126 14.001669418 -7.512154193 
-11.398896960 13.741066886 -5.834320680 
-4.411833291 15.650547592 8.739525549 
-4.291357741 15.641282534 8.785484750 
-7.943828402 14.134124060 -7.639545425 
-7.678833686 14.136975210 -7.802542509 
-0.658355555 13.733468027 -9.121446949 
-0.776313241 13.772469245 -9.139221206 
-10.427157176 10.036447112 5.728516051 
-10.444373786 10.125067123 5.673072886 
0.488221778 14.070371502 -8.841390512 
0.540148231 14.037506625 -8.845460879 
-11.095954607 10.391349804 6.117516446 
-11.727544385 10.968382483 5.374931473 
1.948084488 16.803418255 -6.600596917 
1.995337935 16.895745280 -6.020267696 
-11.776546826 9.240564685 4.643825320 
-12.036349227 9.314984810 5.390441717 
0.349894259 14.004522365 -8.615587062 
0.679168239 14.281042953 -8.218279466 
-10.728776738 9.718564160 5.889095330 
-10.416375816 9.886867527 6.183576197 
1.167600462 19.392709250 2.224954027 
0.800357863 19.168739538 3.211335591 
-12.660307011 14.036946551 -1.808713934 
-12.765445382 14.140025737 -0.610408595 
0.229035882 19.681481095 -6.963081679 
-0.179012410 21.296160387 -0.825203874 
-13.116789737 14.063489776 3.899408520 
-12.562986982 15.560913356 0.580026935 
1.285163601 19.219273702 2.967338817 
1.176538645 19.271574008 2.921977261 
-12.605825549 14.020392447 -2.766578241 
-12.469435814 14.019235143 -3.285898167 
1.474896122 18.752903508 3.263885943 
1.414248315 18.809882525 3.234942752 
-12.612839747 13.626898439 -2.668747814 
-12.182654393 13.684928258 -3.885472377 
0.670687539 18.707684066 3.321759599 
0.466185613 18.578699214 3.741843416 
-9.090471525 14.842648062 -4.734480011 
-7.065439330 14.293350226 -6.882527452 
3.449732235 17.841297518 0.094255280 
3.457184843 17.382897414 0.243094663 
-13.682306081 11.521489846 0.331330274 
-12.038767704 12.432054392 -3.414955950 
4.121633193 16.636040690 -0.918264992 
4.030948872 16.606161875 -1.464637295 
-12.628471768 10.093664189 -0.599386907 
-12.780728725 9.814936608 0.954662359 
3.771178975 16.682549605 -2.426207571 
3.941224477 16.731511353 -1.726312690 
-12.663140846 10.055249744 1.401263618 
-12.618064780 9.948206374 1.782650118 
1.067960517 15.495995364 7.476082846 
1.453746323 15.702714102 7.004714771 
-9.613710285 11.108208239 -6.786541504 
-8.933749136 11.339359576 -7.223598114 
1.193071262 15.278972953 7.503988392 
1.855592332 15.532368274 6.770905365 
-8.935616342 10.896136423 -7.269360096 
-11.110028048 10.292891426 -5.334411617 
1.643148310 15.936163908 6.521166425 
1.209756033 15.499252382 7.341533013 
-8.611947690 11.207693723 -7.483196857 
-9.268091158 11.075780521 -7.055858399 
1.440584869 16.004134322 6.742223875 
0.628434663 15.926128269 7.295257295 
-9.914560305 11.200099063 -6.537221416 
-9.354828917 11.533827600 -6.847021107 
-1.414597790 17.315766600 -7.583927120 
-0.407273432 17.663248569 -6.819967362 
-8.664374437 14.238801635 7.507511617 
-8.227764836 14.303089783 7.723748778 
-1.878363470 17.149623715 -7.760966942 
-2.307259970 16.443068998 -8.503263441 
-8.131301149 14.441051097 7.684956111 
-8.196046960 13.920861486 8.065077693 
-1.330236235 17.244665652 -7.504631345 
-3.482065658 16.312157048 -8.655065064 
-8.075489756 14.399409863 7.741750421 
-8.850650319 13.950028523 7.578703929 
-2.595963979 16.851807040 -8.163321689 
-2.399867673 16.972323926 -8.024233146 
-8.706921156 14.278382477 7.449352287 
-8.386090354 14.446477165 7.534808908 
1.744402434 19.242992075 1.967780127 
1.696574307 19.875903294 -0.010427805 
-12.841464648 13.368420048 -2.469278655 
-12.989893566 13.919125490 -1.888347640 
1.035583821 19.513200224 2.533019424 
0.943741679 19.409108009 3.151593072 
-12.818663908 13.831900003 -2.158081597 
-12.943740605 13.889731751 -1.386191610 
1.712207671 19.515697439 0.948829080 
1.353288855 19.492095900 1.844610233 
-12.980439950 13.641746813 -1.395300924 
-12.964156708 13.589402706 -1.799641046 
1.987857571 19.274401818 1.378220317 
2.116111945 19.342660050 0.111389814 
-12.615376360 13.385057507 -3.299467648 
-12.611639037 13.364275694 -3.347597742 
3.784573033 16.885880920 0.512922989 
3.855338802 16.803406919 -0.175070856 
-12.674116491 10.123119314 0.469754395 
-12.746691734 9.841564730 0.411110401 
3.849267728 16.962787069 0.159648997 
0.146931583 14.920371296 -8.781847893 
-10.459570027 11.520916241 5.881427110 
-12.423526105 13.120887569 1.940618278 
3.570118883 17.098348924 0.629028495 
3.786302983 16.977935294 -0.175814870 
-12.724180231 10.007422902 1.288671891 
-12.795065307 10.010690817 0.651665442 
3.821633656 16.913220686 0.636010916 
3.787376430 16.752747555 -1.413572331 
-12.764537196 9.775784848 1.242579702 
-12.790306114 9.939813787 0.361143685 
1.185661951 18.758877572 -3.775918142 
-0.140095368 19.759712170 0.932420432 
-14.763304300 11.379728018 -0.359101489 
-13.877420652 9.561486334 -3.962974543 
3.018164075 15.024529346 6.137146246 
3.109968540 15.095431689 5.927091209 
-11.303085282 10.977178264 -4.398712981 
-11.240037477 10.936125963 -4.515640897 
3.552221115 15.298952795 4.540137622 
3.376707232 15.226801871 4.911176769 
-3.382304872 11.766819437 -8.349592154 
-7.194344854 12.618595594 -7.227081104 
3.340652563 17.516042923 5.812810935 
-0.698957909 16.068924517 9.727220025 
-11.045116483 10.536722098 -5.193547018 
-8.283476389 13.541919304 -9.523252914 
-0.695551167 19.623141838 -3.477882293 
1.805252168 19.318453575 -0.941004998 
-9.900308080 16.060595871 4.492664751 
-7.084483951 14.401745786 8.643439966 
-5.260173396 18.611380777 -6.256501827 
-3.828058065 17.080417970 -7.748683074 
-9.096330541 15.597490439 6.414248022 
-7.539027832 15.282470814 7.676960951 
-3.858523738 16.497776158 -8.342873518 
-3.389460365 16.688967148 -8.181082325 
-8.120989822 14.834172272 7.636852631 
-8.345428132 14.777063663 7.535842953 
-3.778982604 16.154680905 -8.223522098 
-3.715958387 15.839226940 -8.588087392 
-11.288199136 11.573371071 6.587780417 
-9.757433785 11.821624813 7.950776227 
3.004056299 17.580582168 -1.455416390 
2.435513970 17.701797915 -3.870193566 
-12.593867793 10.616015039 1.344578064 
-12.888709692 11.119263789 0.865283262 
2.882300684 17.732143164 -1.151533513 
2.947876848 17.730009154 -1.451026714 
-12.814399221 11.245026613 1.434228580 
-11.355594148 10.984877832 3.086864537 
-1.407120112 17.169810770 -7.116615525 
3.094123383 17.783738475 -3.541003911 
-12.363344815 13.120555612 3.339746900 
-13.371592512 11.768902077 1.738862857 
2.724810288 18.389307481 -2.195861314 
2.071714401 18.502098191 -2.758649819 
-10.232940875 14.174727988 3.305588538 
-12.467922690 11.503834403 -1.371563514 
0.054889378 20.192831452 -2.794120913 
-0.110340693 20.091008875 -2.990750116 
-12.522819555 14.961654910 1.168322894 
-12.698801210 15.156514089 0.315335078 
0.056084008 20.134130992 -2.892409265 
1.944481700 18.423759456 -2.389911348 
-11.666738416 15.801790735 -3.323433141 
-9.567031161 18.143264994 -2.426601233 
-0.514043193 20.125983804 2.255411564 
-1.008994604 20.496744668 1.251891197 
-11.051828221 16.072696886 -3.230138394 
-11.811641924 15.944180713 -1.832370890 
0.029361429 20.131867837 -2.143811384 
-0.170668038 20.011043006 -2.581935382 
-12.321947192 15.006983171 1.658022065 
-12.430280810 14.989735378 1.449194937 
-1.148652389 16.564051532 7.569559506 
-1.208574598 16.414052340 7.724463173 
-6.601957558 13.803500870 -8.288622891 
-6.924613790 13.645096388 -8.237809612 
-0.862493055 16.569031635 7.476544904 
-0.819751181 16.571782655 7.472734739 
-7.790127490 13.608183868 -7.830799585 
-8.110282304 13.459224668 -7.711833032 
-1.119892324 16.228271468 7.664034219 
-0.636584673 16.521662378 7.391761085 
-8.084520607 13.177068526 -7.669411522 
-8.347319839 12.974298790 -7.721341516 
-1.696062951 16.479162234 7.731117478 
-2.330380208 15.990818545 8.006277514 
-8.284017427 13.454704488 -7.660621619 
-8.696331274 13.129876702 -7.570896042 
1.392957794 14.521876066 -7.527114996 
0.763944245 14.107872230 -8.240337775 
-10.808873806 9.420876430 5.588146026 
-11.178986354 9.442453219 4.978974871 
1.771627788 15.297907337 -6.358004115 
2.403092736 15.613455092 -5.280911060 
-10.697038447 9.493029240 5.657076465 
-11.046520413 9.570575950 4.984080796 
2.765271513 16.644435844 -3.498729723 
2.269907000 15.231265552 -5.784529007 
-11.760419976 10.331842877 3.339346815 
-11.312992628 9.599093669 4.041534998 
2.061781828 15.521679574 -5.893802868 
1.495390568 14.518466255 -7.425941696 
-10.782181249 9.575389607 5.504508706 
-10.781888090 9.474778527 5.516137687 
3.393267791 18.332751980 -0.361518261 
3.330828343 17.510799976 -1.416721298 
-12.002640086 11.370510171 3.589744835 
-11.774132566 11.343751895 3.968249511 
1.415877466 17.790630727 -3.355967720 
2.317377773 17.491559329 -2.135035787 
-6.140502004 15.253657382 6.317446475 
-9.064598735 13.836290563 5.577083926 
3.359277462 17.929814908 -1.384739576 
3.342377195 17.989023007 -0.366690093 
-13.007195260 10.977816456 1.045849538 
-13.009743663 10.959362660 0.993661503 
3.282183394 18.013831760 -1.434188688 
3.398266183 17.714008745 -3.176823671 
-13.034941440 11.692778791 0.913837271 
-13.113595889 11.497586916 1.081510262 
-2.315114960 19.297212333 6.790882849 
-1.190120066 20.915596236 2.574586882 
-9.111884224 16.845755306 -5.756099730 
-9.556036255 18.080529967 -3.529963761 
0.298710364 19.975191653 -1.984185718 
0.424756757 19.865956581 -2.224763878 
-12.324454147 15.107211295 1.392979164 
-12.415198246 14.933533767 1.646965434 
0.166342810 19.569754259 -2.982978187 
-0.579644158 19.257001654 -4.243195232 
-12.036408407 15.043743026 2.700581551 
-12.339828074 14.935729407 1.704321298 
-0.034249149 19.864884371 -3.069307612 
0.146386904 19.966586924 -2.556261262 
-12.397844387 15.192058411 0.683057661 
-12.245012460 15.075167716 2.641305350 
-1.312006782 14.743193389 8.901991800 
-1.751767421 14.395374661 9.154260635 
-5.531433702 12.953513349 -8.784888990 
-8.290452302 13.658983428 -7.380268907 
-1.380024913 15.631017755 8.366341106 
-2.090493173 15.181086202 8.764296568 
-6.139543436 13.696903217 -8.359567009 
-7.141563156 13.169128162 -8.253623843 
-1.192577030 15.748303663 8.123709133 
-2.459356703 15.188592135 8.743141441 
-7.039339064 13.051170580 -8.311681298 
-7.561195446 12.829707435 -8.189755950 
-1.697792929 15.173183496 8.691992695 
-2.037971369 15.065533656 8.800662895 
-6.807085514 12.924383438 -8.476976688 
-7.286776857 12.710853458 -8.372871344 
1.553047656 13.708688727 -7.770113420 
2.053217890 14.124101144 -7.143794913 
-7.185835941 10.178053106 8.117898419 
-8.407577590 9.630299124 7.599554593 
1.549161770 14.173253889 -7.468023403 
0.849647713 13.655659302 -8.282928767 
-8.951719408 9.922942067 7.010019066 
-9.149523606 9.795404487 6.856779536 
0.818559837 14.051706006 -7.793579719 
0.132289236 13.583566602 -8.506849351 
-9.561099269 9.609031924 6.418914344 
-9.736671959 9.518030073 6.261607577 
0.732444342 13.625246209 -8.159866373 
0.761740101 13.663446113 -8.113652010 
-9.446082536 9.389786708 6.604079938 
-9.220023995 9.633662421 6.717224001 
2.403837110 20.765114862 -0.487837373 
2.365440554 20.782724442 -0.486784786 
-14.395677333 13.923507195 0.833911658 
-12.831118751 14.000839619 -2.073840966 
3.445019488 20.183116366 -1.090338198 
2.976634467 20.123575021 -2.975106609 
-14.799455579 12.703792602 0.473478832 
-14.735483920 12.761839355 0.908252091 
3.485759131 19.736954558 2.277597187 
3.707423816 19.683767840 1.950535620 
-14.552726938 12.662025759 1.979606520 
-14.666032204 12.563939712 1.477362708 
3.545424100 19.918075555 0.358606491 
3.529724738 19.939224180 -0.062411420 
-14.524277564 12.592984880 1.547122868 
-14.566290914 12.517828711 1.466579339 
2.050063086 17.220073160 6.133935376 
1.754103577 17.031084199 6.684518405 
-13.213405252 10.980986162 -0.903438229 
-13.310071566 10.464601235 -1.067462181 
-1.343474239 18.641378156 8.015233016 
-3.691576937 17.615522901 9.390976547 
-12.698701145 9.675918882 2.369942875 
-13.476603912 11.992525360 -5.133236428 
-1.187983112 18.677950593 -8.014787820 
0.171564209 18.553215092 -7.545659522 
-12.980533800 15.495248448 5.051428241 
-13.458781628 14.670351379 4.918834393 
0.205945956 17.700004669 7.316012605 
3.446923279 19.326881503 0.542891833 
-11.817464072 13.522392143 2.003627866 
-12.755910164 11.936105933 -1.295906525 
3.418508098 14.505461964 5.805571688 
3.443544222 14.427732135 5.896367691 
-9.348718049 8.490552465 -6.868670065 
-9.629014237 8.385073846 -6.605837632 
1.642802916 17.539273782 4.462340369 
5.495151421 13.943783020 2.852144743 
-4.578970503 10.623321251 -8.738397581 
-9.832131702 8.728849395 -6.429815713 
1.619723213 16.518605980 8.629627630 
-1.161277904 15.319903224 10.056729195 
-9.512830375 7.122853499 -6.503979560 
-10.016696207 11.145939357 -8.540123707 
3.805948434 17.156513833 2.298072030 
3.657241937 17.210802669 2.251278697 
-9.645837483 9.204014372 -6.490221969 
-9.643427427 8.504911370 -6.742704473 
-1.280338170 17.167832851 -8.237921018 
-1.450574549 17.067922877 -8.367427800 
-9.907000204 13.581234925 7.528306266 
-10.142016409 13.477889944 7.397261113 
5.212406164 18.023354648 -3.873633931 
-2.124836873 15.345793286 -11.136045381 
-9.013842690 13.320797524 7.769488195 
-4.158997283 13.219150995 9.887325057 
0.651710606 17.223607654 -8.373725435 
-1.072882686 16.386883913 -9.714601077 
-9.142231378 12.978874522 9.148174651 
-9.478725907 12.991948431 8.930447145 
2.001280947 15.169026928 -8.518023799 
1.243639303 15.541815932 -9.133061598 
-6.932524456 14.003457734 9.078261683 
-7.758404009 13.916620058 8.794414444 
1.177540725 20.502111124 -0.557791046 
1.419753827 20.414287485 -1.026691868 
-13.296379171 14.463431156 -1.447118087 
-13.353635635 14.419523375 -1.287700822 
1.297916152 20.467791727 -0.795300770 
1.291963458 20.463779608 -0.549000894 
-13.317641946 14.503610323 -0.973457072 
-13.266005348 14.641773333 -0.416618742 
1.340148793 20.428422288 -0.670485125 
1.477490008 20.382456202 -0.261707920 
-13.276174247 14.416253479 -1.588945674 
-13.336455074 14.475534507 -1.145582689 
1.302546350 20.447792571 -1.268087146 
1.374712273 20.425865199 -1.190879354 
-13.381284106 14.389904590 -1.043903632 
-13.317391179 14.489100635 -1.108196728 
3.678919424 17.615916803 2.640094956 
3.546841348 17.644647569 2.925024285 
-13.305496554 10.616190304 -1.088108949 
-13.336635377 10.507678430 -0.716662594 
3.331876394 17.579475279 3.680145288 
3.383328148 17.589766148 3.547306056 
-13.200126872 10.827789291 -1.454601822 
-13.249879217 10.767695279 -1.200841738 
4.053063361 17.512205598 1.787708542 
4.102737682 17.538663644 1.047948708 
-13.378502163 10.440746947 0.142127309 
-13.331125073 10.575784525 -0.619026966 
3.862952665 17.495063219 2.686082579 
3.767845741 17.606185997 2.373293715 
-13.188213826 10.716739999 -1.711038367 
-13.119644222 10.728194395 -2.054118469 
1.052444532 15.067344678 8.349880492 
0.958645210 14.952893394 8.513867756 
-9.166127704 11.137227108 -7.465797593 
-10.038604554 10.847745022 -6.877772595 
1.317357398 15.050811287 8.169116244 
-0.653544333 13.070434181 10.237225908 
-11.345556034 14.198408460 -2.499438612 
-11.886473668 13.275497168 -1.881117214 
1.829532039 15.743635607 7.184443029 
2.059889893 15.983088905 6.697310857 
-9.578499891 11.072848667 -7.192645816 
-8.933924569 11.317379269 -7.582427995 
1.470621063 15.435780747 7.763112459 
1.184160672 15.366847822 7.976806529 
-9.609350299 11.015143097 -7.198577919 
-9.836862323 10.877976978 -7.058159157 
-2.091584908 16.841766985 -8.584946816 
-2.622879737 15.326165219 -10.022071461 
-9.350068337 13.886253238 7.711515390 
-7.630934688 12.984428583 9.202873946 
-2.170727072 16.807296663 -8.630619226 
-1.916339040 17.010235815 -8.377474749 
-9.278706696 13.896586150 7.773259629 
-8.331913407 14.280397816 8.130427193 
-2.432891557 16.723443727 -8.714654244 
-2.738925236 16.654946102 -8.819120079 
-9.342321321 13.989185011 7.622327609 
-8.985291428 14.115503167 7.811496980 
-2.969574504 16.415885571 -9.050866903 
-2.694363407 16.522657845 -8.925222080 
-9.311226060 14.017907125 7.628488233 
-9.506043074 13.905457757 7.566744079 
2.524597426 18.030453022 -3.368682132 
1.834246499 17.756717307 -5.128428346 
-12.584215984 11.915789986 2.883830597 
-12.491593536 12.006921309 2.978015805 
2.404239274 18.078701750 -3.375643042 
2.373883180 18.032477858 -3.618513260 
-12.615470293 11.899437743 2.776323234 
-12.666215683 11.832265283 2.672822942 
2.592733520 18.022377187 -3.449845263 
2.507189029 18.046169634 -3.695250921 
-12.376251434 11.987923621 3.273114636 
-12.204868804 12.268599019 3.603452646 
2.349869233 17.935141851 -4.040976753 
2.214964163 17.671013400 -4.863086214 
-11.309407326 12.701438378 5.442246017 
-10.464904842 13.981472013 5.226359031 
0.237552533 20.343616241 -1.961054747 
0.000780002 20.417834635 -1.733137484 
-12.796024118 15.203964620 0.118357426 
-12.834440433 15.144577883 0.209685900 
0.243129251 20.428215349 -1.315481747 
0.364104960 20.504000929 -0.621714386 
-12.714227026 15.276643906 -0.101273773 
-12.781865291 15.195844222 0.294926763 
0.133318417 20.286417955 -2.245815388 
0.548976756 20.963511265 2.551294848 
-12.683947197 15.201204434 0.310447170 
-11.034717356 16.604180844 -4.587749249 
0.271390595 20.499114619 -0.885340003 
0.189929947 20.477613318 -1.107556035 
-12.535769062 15.358408410 0.934207842 
-12.632283266 15.355052510 0.243133708 
-2.209733369 15.328364766 8.728869184 
-3.269716838 14.866806066 9.137558728 
-7.370430451 13.125749639 -8.220378347 
-7.414476349 13.079512966 -8.217901596 
-2.411430311 15.117336018 8.920001637 
-2.434888588 15.252782213 8.795662021 
-6.923709846 13.367112239 -8.267674113 
-6.895351433 13.394479089 -8.258251625 
-2.861307354 15.217573667 8.862674222 
-2.529680017 15.272881443 8.793859966 
-6.641990845 13.276650950 -8.449764955 
-6.406938979 13.453056826 -8.417906845 
-1.953505256 15.550719854 8.527573507 
-2.273913119 15.310460441 8.779876407 
-5.793604719 13.670331170 -8.487812185 
-6.359586887 13.511182110 -8.407210159 
0.792816867 13.966184453 -8.201387789 
0.081654833 13.584729343 -8.815036580 
-11.101621282 9.266912410 4.977413892 
-11.113220713 9.311917566 4.933066295 
1.021549983 14.078440846 -7.903596168 
1.186391895 14.162328644 -7.810094278 
-10.891996330 9.380097759 5.278267727 
-10.476585731 9.593517630 5.726888589 
1.749829766 14.611650975 -7.013835949 
2.092598751 14.878518236 -6.502432507 
-10.233178824 9.488767173 6.091251969 
-9.997006689 9.629985912 6.309620737 
1.552721304 14.634136391 -7.119864136 
1.245214289 14.369357113 -7.567400945 
-10.643699281 9.388758611 5.612545856 
-10.544693226 9.471645436 5.709092976 
2.893407599 17.815863143 -3.602758547 
3.022194288 17.969483528 -2.596461126 
-13.083795034 11.512188194 0.947320549 
-12.973644076 11.644213355 1.737467468 
2.617323923 17.844137593 -4.067969375 
2.627704304 17.874349390 -3.888460323 
-13.210905941 11.258057177 0.517079484 
-12.962830927 11.681501465 2.059862490 
2.699021325 17.896056647 -3.571995263 
2.539176837 17.948005010 -3.665963911 
-12.952553979 11.736391221 1.711640554 
-12.994661629 11.631734159 1.664903320 
2.663141680 17.780281158 -4.041964301 
2.862976250 18.000374416 -3.064518148 
-13.037707104 11.525579283 1.532280671 
-12.811858789 11.678236269 2.538627441 
0.611723514 20.442510114 -0.798204394 
0.239352221 20.544934377 -0.668442342 
-12.787051985 15.200985555 0.929259596 
-12.795488017 15.179050603 1.018594980 
0.195668526 20.506817592 -1.196614566 
0.165951235 20.451123212 -1.565144358 
-12.829072819 15.219979536 0.898149233 
-12.825711220 15.260441468 0.564248263 
0.435978749 20.537139234 -0.079137774 
0.128383485 20.558011611 -0.651007849 
-12.750594058 15.271871502 1.107335282 
-12.796460829 15.233298304 0.780221461 
0.087795100 20.613958799 -0.357633798 
0.227116020 20.543296902 -0.797421543 
-12.740671621 15.196368747 1.591372007 
-12.711835573 15.252138026 1.304707701 
-2.211144003 15.312266703 8.802700084 
-1.871655233 15.464117166 8.667386302 
-7.241935083 13.211972637 -8.283150292 
-6.819310729 13.404708514 -8.345952636 
-1.795973403 15.432436009 8.661954330 
-1.878091195 15.462556473 8.642838562 
-6.688796014 13.516510788 -8.303077132 
-7.097172761 13.245008339 -8.334525456 
-2.253492087 15.248309883 8.857864482 
-2.500299566 15.139858895 8.955664998 
-6.956938222 13.361760394 -8.287739323 
-7.656261551 13.034336701 -8.180254943 
-2.933521938 14.931436370 9.117203929 
-1.103952908 16.935991765 7.483245515 
-7.800461293 13.051528831 -8.071510232 
-8.742819532 13.407806405 -7.177052383 
1.044434758 14.173718203 -8.004354086 
1.167044222 14.255220176 -7.835502117 
-10.882714392 9.523355208 5.204966082 
-10.631852975 9.567309204 5.544959043 
1.334617577 14.275969414 -7.738347470 
1.265403760 14.235335669 -7.834977750 
-10.948265760 9.501337643 5.162353556 
-10.784190027 9.486922635 5.403540992 
1.738315028 14.383140912 -7.360389635 
1.428812880 14.288838623 -7.623960799 
-8.514216932 8.100540469 7.065942716 
-8.046944504 8.578466265 7.437537049 
0.186450545 12.548652593 -9.062905411 
2.699750174 15.671540092 -6.031856565 
-11.584653155 10.962566132 4.102983351 
-9.156782684 8.364217654 6.770961642 
0.427915951 20.108251054 1.124088930 
0.402661666 20.035768384 1.285274497 
-12.297080530 15.171255630 0.281398462 
-12.355185650 15.145723445 -0.469486824 
0.276010859 20.141023802 0.801125231 
0.743346703 20.040187465 0.432655592 
-12.455959263 14.959069242 0.046896615 
-12.500339998 14.956714391 -0.124246207 
0.519702635 20.545321998 -0.462372236 
0.608108011 20.156516697 -0.705100191 
-12.595439822 14.703331671 -1.407387202 
-12.431629486 14.844947028 -1.845672506 
0.699981706 20.106391766 0.445606318 
0.679376471 20.085682636 0.534496575 
-12.589827899 14.747710892 -1.276503795 
-12.585676363 14.732990575 -1.395132222 
1.992536999 18.548919828 1.873063880 
0.497738642 18.617396124 3.603049818 
-12.358146056 11.974236061 -0.633852083 
-12.460946303 11.677881945 -0.851399457 
3.376783774 16.810535346 2.716359849 
3.720111857 16.815167134 0.861143525 
-11.322601359 11.539466367 -3.762934542 
-11.605803756 11.039856085 -3.348728429 
3.257405879 16.397694703 4.422276545 
2.662021977 16.805105147 4.341303510 
-11.882617527 10.765964338 -2.926405498 
-11.579923826 10.843444612 -3.438785297 
3.617083830 16.808410100 1.993205463 
3.619739996 16.848472675 1.740051971 
-12.322523761 10.419442579 -1.777401979 
-12.297308716 10.306679923 -1.647927574 
2.493208065 15.168217252 6.550824908 
1.939236001 14.838722908 7.331425121 
-10.937506743 10.481501506 -6.325404812 
-11.438713381 11.152248155 -5.755784844 
1.925953135 15.435477580 6.195193591 
1.932063514 15.555209537 6.037865689 
-8.716787451 10.659266285 -7.102751648 
-9.217812934 10.270256337 -7.173779030 
1.404580634 14.597126961 7.945153858 
1.319938757 14.639490603 7.578730342 
-9.546608247 10.215680495 -6.866591666 
-10.051592584 9.964782977 -6.550907724 
2.088998367 16.871926723 6.337900152 
1.772619055 16.704676528 6.571156732 
-11.478891509 9.366174892 -5.165585105 
-10.696897220 11.823696654 -5.519657811 
-3.159334647 16.017857584 -8.588436474 
-2.825980777 16.274463134 -8.274959787 
-7.739555147 14.188479246 7.769527676 
-6.837629382 14.578547583 7.875233588 
-4.067313193 15.670713383 -8.770120636 
-2.841993068 16.168336850 -8.371293648 
-8.192296959 14.060634055 7.571893107 
-7.856223138 14.127733479 7.719034762 
-4.581839408 15.280749479 -9.085842228 
-4.147984077 15.667158055 -8.784369872 
-8.528816157 13.883847038 7.472030259 
-8.157959423 14.112481694 7.546912876 
-0.776577865 19.498687243 -6.148266051 
-4.404562062 15.100578483 -9.570488671 
-8.991105921 13.866598376 7.137098900 
-11.200934605 16.138190158 3.786962217 
0.030981431 19.294372111 4.384582472 
-0.149383951 19.279298070 4.555637255 
-12.681627502 13.965384566 -2.862146105 
-12.539203920 14.362458083 -2.986769153 
0.571954146 18.950525367 4.025202444 
0.716317027 18.974410393 3.873703754 
-12.272173784 13.903751881 -3.212746602 
-12.437900036 13.760211009 -2.929773402 
-0.141731318 21.001484851 -0.067844169 
0.159547272 20.961870081 -1.278203469 
-11.871648426 16.458884810 2.392921783 
-12.370732529 16.433343086 0.943245366 
-0.668835181 21.184322474 0.217436259 
-0.271373370 20.982271080 -0.090057838 
-11.924685844 16.134401361 0.779973365 
-11.331885692 16.495781388 -4.302147275 
4.243922625 17.071571234 -0.074025856 
4.125223463 17.053498669 -1.088239330 
-12.661342885 10.750436439 -2.115020393 
-13.183457368 10.237804957 0.364616977 
3.406226971 17.562438141 1.551286302 
3.750307298 16.800696089 2.775523428 
-12.858602089 11.375958203 -0.401436545 
-12.142594486 11.189117314 -1.986255169 
2.283460554 17.707888976 2.960282191 
-3.363007922 13.695996388 10.129282551 
-8.565023926 13.820234888 -6.597700792 
-10.482145803 9.192981449 -4.582028866 
4.129620674 17.228271591 2.805689445 
4.461436813 17.007327018 0.133183636 
-13.099333922 11.566069902 -3.058954628 
-13.727020797 11.010938309 0.088304893 
2.521920322 15.480722930 5.890736780 
2.250147737 15.353009839 6.266008128 
-9.388666843 9.957146630 -7.025935310 
-9.451901033 10.006323383 -6.925137002 
2.970306286 16.062223988 4.731631908 
2.630738883 15.744689755 5.575027421 
-8.352699632 10.563907137 -7.587613551 
-8.865849655 10.560433487 -7.244665175 
2.214022239 15.445156238 6.427112280 
2.126863563 16.250645263 4.999376534 
-9.360055441 10.328609357 -7.096564785 
-10.531749261 11.562905909 -5.596813820 
1.764061866 14.214019396 7.518707797 
1.501268534 13.911522865 7.798523927 
-8.057669335 9.918799893 -7.731493986 
-8.395557788 9.606556009 -7.529582321 
-2.731394304 15.890483545 -8.741728056 
-3.751314626 15.496550049 -9.056736984 
-6.949313846 14.224154220 8.220559244 
-7.379636174 13.952641158 8.219484505 
-2.501783297 16.202187265 -8.533744435 
-3.456374447 15.859827510 -8.859319607 
-7.499882435 14.210076598 8.036617976 
-6.993481821 14.328412429 8.193621102 
-2.140435873 17.083845746 -7.930909016 
-2.453529557 18.559647611 -6.518064279 
-8.596864006 14.255599567 7.407215590 
-9.863771371 14.128318988 6.458777577 
-2.775525424 15.536520080 -8.918264531 
-3.040164559 15.092107232 -9.143806567 
-6.055697290 14.010914287 8.568943709 
-6.474605783 13.602477661 8.615267345 
2.899917201 17.374971276 -2.394456111 
3.036711707 17.401711795 -1.514428747 
-12.568644030 10.745132805 -0.490713835 
-11.071520105 10.806951033 -4.304339271 
2.812375833 17.492886586 -2.036896132 
2.804498605 17.437377689 -2.391144864 
-12.583853029 10.857601527 -0.318867676 
-12.600727519 10.921406127 0.412655115 
3.720934215 16.573591479 -0.824895355 
2.919084062 17.456536053 -1.841803081 
-12.652571367 10.748220574 -0.160558728 
-12.705826525 10.657668923 0.371932737 
2.638669989 17.385153390 -3.090900008 
2.909372063 17.400025600 -2.239220052 
-12.627329632 10.801547045 -0.077677711 
-12.645154591 10.833820470 0.278664160 
0.073245532 20.195145505 -0.150293471 
-0.061428218 20.240056183 -0.284815886 
-12.519706530 14.962828592 0.221346465 
-12.398139860 15.096697919 0.784727416 
0.093066118 20.266673279 0.244121940 
0.861250003 20.336842708 0.477378138 
-12.398750799 15.131276055 0.771906169 
-12.714370268 14.742350850 1.063044699 
-0.098391693 20.181654784 -0.976707445 
-0.032702282 20.204344441 -0.634609819 
-12.598379274 14.867277275 0.580800865 
-12.411013976 15.098444124 0.502945865 
0.069991709 20.238382482 0.089668879 
0.071728403 20.219140574 -0.094165722 
-12.835364593 14.636457916 0.299273861 
-12.408619671 15.109708940 0.182844265 
-2.135316753 15.648842307 8.204306619 
-2.236330942 15.729551180 8.155190532 
-9.956556494 12.622878427 -6.537147226 
-9.501061141 12.756591436 -6.845256357 
-1.652933319 15.509653000 8.526448389 
1.389535047 16.347722962 5.738791790 
-9.509249254 12.823313530 -6.799431530 
-9.189049128 12.939101031 -6.984200253 
-2.097531743 15.860563897 8.033062276 
-1.124360018 16.198335799 7.545660423 
-9.027093689 12.894213058 -7.134953618 
-8.252336600 13.203812881 -7.494039774 
-1.598099614 15.894337289 7.896580571 
-1.870371065 15.706930458 8.136308857 
-8.772228761 13.002536738 -7.295868371 
-8.919328852 12.976074069 -7.191632643 
0.190531125 16.099026833 -7.834194783 
1.450493622 17.037856812 -6.216228270 
-5.563408652 11.528847437 7.843784864 
-7.053291972 10.153046968 7.749186951 
3.835495293 15.998317376 -1.510985697 
0.287108121 12.524370354 -8.877440994 
-2.315792780 11.264102106 8.202698660 
-6.660882137 10.341114868 7.733189865 
-0.413982988 12.826774845 -9.107579769 
-0.757949991 12.614150361 -9.356534021 
-11.022393761 8.612258003 4.173935900 
-10.983613158 8.603467975 4.285889498 
-1.437413738 11.330394838 -9.425796961 
-1.411235519 11.293450738 -9.452632781 
-8.675326042 9.119049835 6.943377931 
-8.717580751 9.082842727 6.955626533 
1.199731895 16.606362220 -6.169745409 
1.085835597 16.383182897 -6.638567155 
-11.477649295 11.281063292 4.268779027 
-11.811255117 10.930206834 3.838369164 
1.263922923 17.854589547 -3.329052855 
1.680768735 17.392889855 -3.853499052 
-13.985584020 10.443577417 0.915245357 
-12.674394851 12.221193641 3.348829831 
2.115208822 19.375924757 -3.144226870 
2.810287817 19.177931154 -2.546357006 
-12.179289770 15.496018755 1.373018521 
-13.291746956 14.101789805 -0.803241190 
1.481696841 19.347624332 -2.117079761 
2.970258181 16.241392321 -5.104360170 
-12.887050325 11.533801172 2.992051841 
-12.795208156 11.192327206 3.398903916 
-0.093592675 20.317593107 1.147616542 
-0.055215977 20.274587176 1.697590250 
-12.446237008 15.177697722 0.404357681 
-12.476005004 15.144586536 0.501974261 
0.325125895 20.470027793 -0.866586253 
0.402821473 20.431949379 -1.059186445 
-12.847978430 15.105954228 -0.357602006 
-12.661385262 15.340133672 -0.340474205 
-1.917536319 20.741554232 0.766482322 
-0.858158796 20.519475953 0.119828610 
-11.377355736 16.917932228 -0.039650892 
-11.159992624 16.917869389 0.081238443 
-0.684129622 20.922086465 -0.044785686 
-3.214182544 20.007265467 -3.692576693 
-11.286602038 17.007686219 0.806661998 
-10.543807175 17.334111727 2.385407082 
-2.340234873 15.703727787 8.371289250 
-2.669102467 14.688234026 9.317181448 
-8.266734286 13.639366485 -7.384843326 
-8.379100882 13.424679854 -7.470799769 
-2.253867438 15.130541290 9.002494032 
-2.836877117 14.934928522 9.187903515 
-7.528026585 12.909382035 -8.306266328 
-7.996425897 12.745152712 -8.154757577 
-1.575440853 15.489548163 8.369696216 
-4.518334727 13.430581114 9.210809217 
-9.417279889 13.220902630 -6.719715003 
-8.736298300 14.029571356 -6.931580914 
-4.687379755 14.692484798 8.541793023 
-5.414792095 13.905516190 8.697922086 
-4.486711811 14.141812371 -8.254449170 
-4.638827564 13.794711778 -8.356280862 
3.656495746 15.595668194 -1.466152329 
0.149680387 13.985694055 -8.253966979 
-5.743644360 11.830405571 7.360472647 
-7.275316862 11.393817212 6.928280187 
2.984774058 15.364984783 -5.175913362 
2.654942792 15.156322335 -5.856563623 
-11.541958500 10.098214172 3.522585465 
-11.386429794 10.026807685 3.877693332 
2.742330979 15.075903952 -5.833054108 
2.882717930 14.851344863 -6.000113319 
-10.923156906 10.489225605 5.057925928 
-11.855989861 10.174547692 3.635069885 
1.152617741 14.097838810 -8.022515275 
0.932219163 14.255294817 -6.984345682 
-9.338083679 8.527571205 6.660471614 
-8.212427694 7.480842194 7.119214923 
0.693410445 20.709113454 -1.492534858 
0.896117841 20.663676377 -1.716218046 
-13.201035071 15.032515695 0.762330251 
-13.376158443 14.840409954 -0.194739379 
0.728392220 20.566420342 -1.940061645 
-1.045703085 21.215396936 -2.558053398 
-12.368447208 14.614326871 -4.124832788 
-13.248228204 14.319676282 -0.178260620 
0.774985059 20.661612607 -0.904024018 
1.023487745 20.625042036 -1.264389807 
-13.007521832 15.188662424 0.536375233 
-13.207312652 15.004599013 0.162095793 
0.573115370 20.620397026 0.388653865 
0.646502578 20.629477652 0.122188837 
-12.902882825 15.241174309 0.676450587 
-12.975698729 15.143091621 0.675417209 
2.834311493 17.513164104 2.679799917 
3.074377927 17.576483315 1.653734827 
-12.681738596 10.961018443 -0.996886382 
-12.656498033 10.978268565 -1.344316660 
2.665451043 18.964640563 2.994982996 
3.279411096 18.372062465 1.899356684 
-13.601514626 12.300485638 -1.903676485 
-13.196792046 11.520301943 -2.226107554 
3.815664316 17.651865816 -2.178685068 
3.326301074 18.059878117 -1.559901901 
-12.891180919 11.170552422 -0.218822220 
-12.075572320 11.911120939 4.781381094 
3.137742351 18.900462567 -0.456171402 
2.493917307 19.194965574 -0.555738280 
-13.497201242 12.451455201 0.721793849 
-13.564646490 12.401317053 0.446312349 
1.983806654 15.040101396 7.529280780 
-1.636553080 14.629132193 9.968885167 
-8.610571127 12.573044825 -9.462302900 
-6.997712733 11.174038055 -9.234302322 
-0.868877114 14.318426890 9.506336220 
1.677640244 14.879030440 7.411470852 
-11.563280990 9.719342005 -5.567425069 
-10.535345312 10.356345592 -6.974727912 
-1.092653790 12.135402414 10.275208170 
-3.708992754 11.608075786 10.392304886 
-9.707788610 10.911219211 -8.348697001 
-6.025161939 11.667021952 -9.189507886 
-3.293593214 13.356071484 9.723127253 
-1.110576018 14.431948864 8.849819381 
-9.183746744 10.989795643 -8.146801397 
-10.504477316 11.268722057 -6.427185788 
-4.488953039 14.665075359 -9.061114554 
-5.775737168 13.794147027 -9.384652359 
-5.103847875 13.413137571 9.233202911 
-4.382098193 13.132323755 9.455214669 
3.566562191 17.192226202 -4.400702875 
3.199958272 17.465494793 1.765012324 
-8.193912692 14.924466693 6.514303628 
-9.994097540 12.599470000 6.790917235 
-2.336367323 14.994202224 -9.340994629 
-3.039795174 14.521795928 -9.213947989 
-9.015061628 12.935174982 7.630119961 
-8.893622379 13.176665362 7.482808734 
-3.383987021 15.988867340 -8.133925575 
-4.580523627 15.424440143 -8.359888989 
-8.311975670 14.658502766 7.076352992 
-9.297558722 13.672845292 6.778466010 
1.341686494 20.273249862 -0.705379162 
1.636449815 19.911888246 0.897115000 
-12.367606622 14.806357848 -3.280603560 
-13.009877285 13.863756992 -2.043945131 
1.201137367 19.375174606 2.846678029 
0.779143826 19.420806171 3.289111760 
-12.020605766 13.944072140 -4.386700761 
-12.494500884 13.907324819 -3.358921993 
1.308335372 19.291981947 2.755251428 
0.828676289 19.209252238 3.494661924 
-11.436653913 13.952346724 -5.271747526 
-11.775996628 13.848786500 -4.799117762 
1.342440987 19.247076959 2.530097739 
1.261172277 19.196602274 2.847135259 
-11.971692760 13.619921094 -4.524294412 
-11.983294082 13.683748571 -4.403365126 
3.847527324 16.815520308 1.003977257 
3.915948291 16.771139766 0.209079242 
-12.727476884 9.974607697 0.135736835 
-12.654075225 10.078814267 -0.890428932 
4.061215078 16.764342289 -0.400659148 
3.965372373 17.008219600 0.384916481 
-12.496691203 9.815833014 2.634520958 
-12.795688323 9.991693467 0.771844851 
3.797816067 16.970658037 0.440369912 
3.774935739 16.961899149 -0.004726961 
-12.762878237 10.173457143 0.014561063 
-12.546198615 10.310000387 -1.903868516 
3.790498433 16.903294000 1.160544336 
3.776714486 16.889901376 -0.233779465 
-12.791266793 9.925629957 -0.285633265 
-12.730523436 10.122532539 -0.360857435 
1.325674130 17.146432764 5.877775720 
0.893475406 15.505729385 7.376752595 
-11.443454171 10.809969309 -4.897386492 
-11.210215210 10.487989156 -4.903528910 
1.987355430 14.908442893 7.180999043 
1.573154928 14.960212698 7.809535785 
-12.658406211 8.241887609 0.049376056 
-11.737608320 8.426402484 -3.597855425 
0.953964561 15.397535063 7.489458346 
1.651324240 15.700780005 6.655481052 
-11.223911969 10.146712611 -4.826108417 
-11.023352781 10.330829492 -5.075526423 
1.535668228 15.427209414 6.950775931 
1.453180352 15.626054088 6.707813659 
-11.257552945 10.120121110 -4.761766767 
-10.833804120 10.196935911 -5.371372989 
-1.785628341 18.717174543 6.006329878 
-2.734702108 17.712748564 7.506013973 
-12.216188119 15.185648361 0.141589737 
-7.206647175 11.922002767 8.729198265 
-0.207419891 15.115038771 -8.469308472 
-0.186943115 14.650977205 -8.647476166 
-8.220976033 12.277531328 7.970679909 
-9.254831100 11.123929767 7.658847331 
-4.039050262 16.430579286 -8.389039802 
-4.292913318 16.357224867 -8.415647467 
-6.673054193 13.332544293 8.742775681 
-9.086729062 14.428205857 7.257158090 
-7.756835425 11.284530055 -8.717593029 
-8.547374149 11.061639706 -8.230718827 
-8.839877141 12.780913563 8.220105115 
-9.303750161 12.028617230 8.203990385 
1.637344637 17.524906752 -5.867259557 
2.524904360 17.858871556 -3.935915285 
-12.779500229 11.693789540 2.434217748 
-12.976591742 11.642768753 1.877490577 
2.335073506 18.056668486 -3.860968467 
2.754840058 18.055258869 -3.042941266 
-12.789686001 11.825089240 2.505839939 
-12.202443522 12.376040010 3.787551401 
-1.388686266 16.134706122 -7.518521549 
-0.829124914 15.867214159 -7.582845249 
-9.389238066 14.411282068 6.246061530 
-11.580553029 13.868231755 3.863111363 
0.749485813 18.090734587 -3.976350815 
2.587240743 17.917494317 -3.860139651 
-12.225283117 12.086346495 3.516327359 
-12.192291284 12.058537610 3.576661119 
0.410839166 20.342091372 -2.006204721 
0.478109377 20.512776061 -1.141253445 
-12.669975734 15.319129442 -0.494651532 
-12.795013422 15.267480161 -0.441372080 
0.352022776 20.533416386 -1.375053578 
0.674185126 20.577595989 1.049095315 
-12.510029089 15.456426046 -1.153147006 
-11.748949450 15.361665767 -3.956387742 
-1.385292582 20.427243322 1.190466079 
-1.040995289 20.560055941 0.985026094 
-11.247495122 15.982695447 -1.153604168 
-11.987436688 15.684999672 -1.580107358 
0.323531335 20.603276088 -0.172631032 
0.032093281 20.670951415 0.020750548 
-12.249917679 15.690227455 -1.053749701 
-12.490143996 15.596650331 -0.351319468 
-2.210876193 15.505775989 8.781487449 
-2.320252669 15.470371640 8.834779803 
-6.697652579 13.519960150 -8.481198366 
-7.576407764 13.184273646 -8.286915779 
-2.173958508 15.505441970 8.763245457 
-2.335131547 15.301940679 8.984174250 
-7.352369669 13.258690919 -8.345899885 
-7.947611896 14.515674838 -7.593786005 
-2.834779429 15.124633056 8.779697268 
-3.543396136 14.727809699 9.248983056 
-7.659858744 13.181866108 -7.972600611 
-7.485166282 13.271740023 -8.053124624 
-2.885441381 15.091726805 9.097701205 
-3.681016490 14.796021069 9.301856255 
-7.138802407 13.216782880 -8.487514424 
-7.159925373 13.174944095 -8.474089051 
0.341660604 13.927420183 -8.665524224 
0.093795163 13.810136793 -8.884383152 
-11.032668105 9.178083469 5.492760629 
-10.932938675 9.528332621 5.353614012 
-0.161988338 13.796118933 -8.943537136 
0.455509824 14.088281575 -8.453106777 
-10.280524306 9.302426877 6.312347940 
-10.030985319 9.711215213 6.462962677 
0.446621285 15.090210433 -7.944855596 
1.296947415 14.735029267 -7.053508912 
-11.783291875 10.417179770 3.123827060 
-10.053289369 9.897574490 5.756224888 
0.677947580 14.233575612 -8.252702996 
0.725338262 14.023975844 -8.419957453 
-9.764258101 9.366467825 6.871608401 
-10.073329125 9.715137127 6.388114534 
2.391576502 18.062489513 -3.563345971 
1.358402315 19.361543380 -2.993308345 
-12.755063997 11.629194592 2.040977081 
-13.092673705 12.380769398 2.736100117 
1.745037212 17.870068225 -4.757565158 
1.898210697 17.736284212 -4.866095436 
-12.588255583 11.668116928 2.568683552 
-12.679543577 11.671192224 2.318332643 
2.311960521 18.175263279 -3.367744747 
2.129596502 18.193673785 -3.312383451 
-12.279030713 12.047186699 3.345356525 
-12.737533089 11.732961690 2.316898591 
2.258508656 17.723757071 -3.826769376 
2.452434203 18.359643188 -3.277993596 
-11.558153395 12.358796981 4.419759323 
-12.447725638 12.154400772 3.222086096 
0.088656981 20.454613292 1.428139891 
-0.140282337 20.416861687 3.685637099 
-7.782104181 17.528805258 -6.049604696 
-10.880579212 16.794455440 -1.281618822 
0.285378131 20.458935094 -0.726941103 
0.367802355 20.350953047 -0.849949776 
-12.186171838 15.662331029 -1.431379902 
-11.615084115 16.123079258 -2.052331722 
0.597085276 20.446227466 1.036231203 
0.381726431 20.446898923 -0.375072283 
-12.333819421 15.487872749 -1.128047434 
-12.415244942 15.468323630 -1.172750979 
-0.094407899 20.531489607 1.917622667 
0.424988190 20.447136749 -1.939560609 
-11.926575646 15.839339243 -1.690471000 
-11.932639762 15.366177972 4.382578206 
-1.960869647 15.596650320 8.572727671 
-1.949557311 15.323168147 8.812851845 
-7.059242250 13.208657453 -8.413230067 
-7.336915123 13.330473161 -8.231146727 
-2.441272301 15.325400900 8.833740706 
-3.453432946 14.875872833 9.189587305 
-7.495860003 13.155777251 -8.273272506 
-6.931819786 13.108366616 -8.564094078 
-0.542113496 15.443902277 8.834851703 
-0.372360533 18.791412104 4.856410388 
-10.626472212 12.983579968 -6.318338840 
-10.839522686 13.506667422 -5.999817749 
1.197592336 18.402570103 5.274543499 
2.182835176 18.471763566 4.132623270 
-9.240340418 15.061589133 -6.290790417 
-11.556672516 11.123728067 -6.076867577 
-0.156147241 13.952066747 -8.588541153 
-1.055543065 13.094369827 -9.446824880 
-9.853681600 9.827226031 6.479681470 
-8.579631058 10.130149565 7.464038841 
0.222738656 13.715849423 -8.794147331 
-0.014005694 13.493560238 -9.023243528 
-9.390398114 9.794830920 6.895751473 
-10.336270873 9.593879881 5.950321125 
-0.282262320 13.537031699 -9.004978742 
-0.370568104 13.506819846 -9.057971457 
-9.271141717 10.035059874 6.888844719 
-9.040102525 9.873228832 7.102594083 
0.388449094 13.853386548 -8.452291507 
0.973148271 13.925564844 -8.125301421 
-8.453138236 10.117771222 7.443498955 
-8.710044664 10.046653098 7.417066232 
0.055362482 20.354132596 -3.470229592 
-0.073287929 20.461561700 -2.907753286 
-12.635656344 15.298771665 0.046795855 
-12.196810345 15.629036773 1.135260617 
-1.611968902 19.597533699 -6.082239433 
-0.246989524 20.255045747 -4.498373910 
-8.614199965 17.161639819 5.914642191 
-8.524881506 18.318876662 4.310904933 
-0.275175081 20.408897831 -2.835491776 
0.634057863 20.455520392 1.703757660 
-12.685645650 15.103798365 -0.945061702 
-11.787874797 15.373321326 -4.643811389 
0.238767884 20.357140553 -2.465005662 
0.134587551 20.414474971 -2.508248746 
-12.777819729 15.205585937 -0.173471984 
-12.723933857 15.205050842 0.324171992 
2.807572768 17.947745257 2.073517013 
2.754402422 17.834331249 2.915629782 
-11.601686152 12.342802414 -4.350285962 
-11.532669299 12.449177795 -4.182414547 
2.845976662 18.092885000 1.518732767 
1.335076241 19.402994636 2.536037446 
-10.784750409 13.194176385 -5.071626104 
-11.104270721 12.914489197 -4.685520456 
2.270040378 18.049080014 2.949931247 
2.376058493 18.096858928 2.999655447 
-10.993783781 12.752824438 -4.944933569 
-11.132015224 12.963491187 -4.741598177 
2.475208471 18.077161715 2.839080792 
2.431365759 18.025685572 3.011402094 
-11.837072432 12.310631859 -3.985741135 
-12.238904805 12.099279889 -3.467683030 
0.299586468 13.894974589 8.492134812 
0.974538719 14.273858717 7.885671515 
-8.709678473 9.973173732 -7.359389138 
-8.657742424 10.131844768 -7.287650426 
0.435290277 14.341820333 8.150047938 
0.777038254 14.287365396 7.937060390 
-7.910211617 10.260285438 -7.835117183 
-8.614309365 10.337814581 -7.260215733 
0.357852794 13.750628278 8.774140507 
0.907346064 14.120475063 8.270086544 
-9.327901336 9.790704800 -6.832283545 
-8.918930929 10.127367184 -7.096602453 
0.234417149 13.905411054 8.577681863 
0.559492021 14.104415957 8.293400244 
-8.852193127 10.139133610 -7.115842854 
-8.796074993 10.219810934 -7.148689181 
-4.798465810 13.854991656 -9.812740756 
-4.306562475 14.248459534 -9.636643825 
-8.396402111 12.747511210 8.004495655 
-8.395500475 12.927157514 7.906892606 
-3.533720691 14.884831229 -9.227440313 
-2.887783562 14.908634305 -9.211650959 
-8.453693581 12.543421356 8.115685807 
-7.858209116 13.121811059 8.067329262 
1.237922435 18.546162132 -4.804061900 
2.001205992 18.479584749 -4.276934569 
-9.397255997 15.006739968 6.218241794 
-10.563714316 11.677026224 6.860429342 
-1.442925872 15.003019690 -9.363875217 
-3.705875832 14.542925541 -9.542537031 
-10.402908263 12.953457076 6.498862627 
-10.314180014 13.171799437 6.596832606 
0.682529102 20.500297042 -0.395105421 
0.677518182 20.517135231 -1.087690069 
-12.829863896 15.180469066 -0.173233598 
-10.031424917 18.032844662 1.621063990 
0.413281880 20.590088050 -0.179453882 
0.460004264 20.598785757 -1.203420353 
-12.828291782 15.247791984 -0.428171958 
-12.767824994 15.302652904 -0.698523216 
0.448463596 20.433420965 -1.603878872 
-0.090414272 20.693406823 -0.661425567 
-12.767761168 15.248436081 -0.167919220 
-12.478571766 15.572645069 0.245088783 
-1.559617704 20.369580337 -2.064676525 
-1.217106463 20.555445150 -1.124063625 
-11.213954777 15.968800302 1.201376195 
-11.946395757 15.673347613 1.829188125 
2.669890234 18.250927883 2.558105587 
2.789220320 18.138295945 2.883995073 
-11.554737707 12.538845847 -4.652401096 
-10.725177956 13.055080379 -5.343149477 
3.192318504 18.111326409 1.122411794 
3.128757446 18.123528726 1.377526439 
-12.041298265 12.403481189 -4.055422350 
-12.074557938 12.209884658 -3.877738418 
-0.064877654 18.591749426 2.818390555 
2.253978923 18.038568614 3.452857858 
-11.935468862 12.405811944 -4.159325343 
-11.648109596 12.502620580 -4.433586622 
0.776133398 17.360993889 4.645914133 
0.916614255 17.456491429 4.372455316 
-8.796608285 14.641292648 -6.450816495 
-11.844638671 13.764070332 -3.593391909 
1.570413281 14.859742532 7.144331413 
1.129132573 14.435803600 7.877884015 
-8.973550561 9.775417340 -7.330119623 
-8.818484744 10.151043522 -7.378278395 
1.820915932 14.927384140 6.999045683 
1.449223172 14.598459643 7.560630533 
-9.637044165 9.520814413 -6.939630277 
-9.128783902 10.009430891 -7.188390859 
2.494348350 15.117789943 6.168082895 
1.968246013 14.778560692 6.951184551 
-8.786753658 10.134875201 -7.385071411 
-8.504608256 10.338904960 -7.510494761 
2.443585595 16.649815449 3.744180097 
1.979911957 15.117997133 6.098313819 
-9.020769300 9.892688636 -7.278421874 
-9.548133296 10.196536894 -6.173441147 
-3.374716203 14.759032586 -9.412629607 
-3.441223797 14.844615305 -9.361687143 
-8.665452219 12.802162619 7.878642307 
-8.364963545 12.889064083 7.991134939 
-3.596774263 14.716412383 -9.433336953 
-4.095237587 14.413902937 -9.604827251 
-8.192924915 12.843717867 8.166075377 
-9.033202463 12.635097287 7.710102980 
-3.603408788 14.620846096 -9.445135051 
-3.078878273 14.838796837 -9.303262359 
-7.418995634 13.141751093 8.382793842 
-8.171451354 13.007785338 8.054064912 
-3.359636324 14.894484895 -8.997542366 
-4.099366632 14.624768844 -9.382523683 
-5.913680326 13.952778870 8.188918335 
-6.416978381 13.702151813 8.203266912 
4.077864928 16.746815255 0.331273161 
4.072301211 16.900742589 -0.329771918 
-12.747919243 9.940877788 -1.212282275 
-12.767540336 9.991889835 -1.082713123 
3.982254492 16.754192209 -0.182762688 
3.997659509 16.698726901 0.294120839 
-12.559687650 10.268407389 1.500324271 
-12.629995358 10.066605899 1.053222049 
3.877391495 16.854802181 -1.305578790 
3.882738672 16.839209620 0.044628015 
-12.716566688 10.179058627 -0.250883162 
-12.804512144 9.859719248 -0.545203393 
3.632703487 16.990860723 -1.668375645 
3.796246054 16.865783152 -1.883756725 
-12.066573940 10.749768827 2.851319685 
-12.699771766 10.165149048 -1.042957478 
1.755923375 19.552023435 -1.043837612 
1.214472283 19.477025564 -2.572819710 
-11.541534090 14.133670605 5.018370802 
-12.215735972 14.004288013 3.863462946 
1.381051985 20.266598571 0.624512147 
1.754357668 19.901973145 -0.458059312 
-12.301355263 14.782225562 3.663282071 
-12.977580452 14.022511152 1.192591230 
1.287323089 19.195783424 -2.767100802 
1.186834716 19.177259610 -2.936147327 
-12.027446739 13.667752689 4.398570252 
-12.202697023 13.562957725 4.102082879 
0.987408958 19.261251333 -3.193846311 
0.439463565 18.963661247 -4.479204399 
-11.787635958 13.943629781 4.726235344 
-12.396720750 13.678766773 3.717111639 
-0.281848322 15.083076142 8.502947425 
-0.110535381 14.680080391 8.573711157 
-8.350375209 12.170484293 -7.974522294 
-9.187385001 11.139522000 -7.707274103 
2.047462077 19.562536070 0.352416255 
0.691855851 19.120038518 -3.860445897 
-12.249454968 15.169674244 0.075879460 
-8.814767731 15.184604165 -6.620266326 
-6.841481549 11.679451156 8.982468354 
-5.905564246 12.114202289 9.081630530 
-9.460723858 12.476830388 -7.953357884 
-9.459735222 11.979510798 -8.099541766 
-4.201109262 16.343092256 8.450503369 
-4.414675833 16.329129489 8.434518978 
-5.776482731 13.707108402 -8.820096650 
-7.520977437 12.393092504 -8.407813706 
1.708787423 14.959465888 -7.369148879 
1.764895304 14.919739487 -7.593959380 
-12.606278721 8.340836499 -0.120274030 
-11.826610282 8.349121491 3.432601013 
1.293242771 17.220906124 -5.793181204 
2.248601312 16.534136407 -5.060708242 
-11.103162302 10.848632737 5.352893717 
-10.962163525 10.465806087 5.227519530 
1.659859481 15.685388326 -6.522072592 
1.617676615 15.649593338 -6.630458971 
-10.905686610 10.114790852 5.304591641 
-11.067257852 10.009095644 5.109951418 
1.379594329 15.495187830 -7.152886212 
1.367746314 15.564196995 -7.041096459 
-11.135021005 10.596388899 4.877227569 
-11.224185078 10.080405722 4.831866074 
2.800759916 19.156534153 -1.666679585 
3.399828292 18.293007080 -1.491543621 
-13.306554867 12.568512151 2.892318300 
-13.268250836 11.504259739 1.687221083 
2.926427116 17.578449865 -1.940737876 
2.886768428 17.543186701 -2.253885206 
-12.665038579 11.134765677 1.139658341 
-12.752918573 10.800465695 0.720043652 
2.937224551 19.004882699 -0.541701021 
2.932916822 18.792249928 -2.458882295 
-13.406610246 12.623454597 1.681218115 
-13.440014471 12.492081592 -1.119284555 
3.419819986 17.139162518 3.679439917 
3.368707785 18.090085013 1.365600946 
-12.700825439 11.349551093 1.307060389 
-10.364290246 13.389002570 -5.696641169 
0.874032503 20.297053549 2.989376157 
-1.074166440 21.178422320 2.858806535 
-12.491236233 14.525764106 4.016102560 
-13.193785744 14.281432801 1.144326638 
0.808731801 20.591764503 2.452549870 
0.915806432 20.604985952 2.240455932 
-13.253212650 14.985900640 0.292789880 
-13.384037064 14.804889912 0.689540932 
0.713810030 20.620832773 0.474323359 
0.629453209 20.625685165 0.976018589 
-12.998104168 15.144745804 0.425098982 
-12.982928010 15.156626172 0.199817218 
0.785033619 20.600708492 1.737218337 
0.852418875 20.679377162 0.633764103 
-13.108985168 15.073515054 0.407984349 
-13.232845472 14.977679443 -0.266702480 
3.294694780 17.305848033 4.828028324 
-0.112311739 16.539168100 7.154726044 
-8.314537476 14.773680004 -6.607626627 
-9.974348456 12.620445709 -6.776311846 
-1.017500289 15.203486872 8.909908505 
-5.510187597 13.882576256 9.401723452 
-4.720454787 13.590164208 -9.227459643 
-4.184865914 13.234605367 -9.431074144 
-3.305306792 16.542109562 7.907878139 
-4.521770147 15.385361853 8.417385507 
-9.458560998 14.064138070 -6.422649992 
-9.499378830 13.592859556 -6.614430974 
-2.747130922 14.692988327 9.558156357 
-3.378716726 14.387223575 9.303988845 
-9.016830006 13.086450827 -7.556264239 
-8.779054416 13.261311182 -7.501212625 
-0.815358345 14.291254501 -9.486089598 
1.143236867 14.547151906 -8.044076140 
-11.026446518 9.927520842 6.213701398 
-10.299603827 10.470368539 7.165527642 
2.178822649 15.010904273 -7.392437831 
-1.185777635 14.884549173 -9.702923716 
-8.545215433 12.575553956 9.512945955 
-6.049414384 13.598235588 10.027096607 
-3.207549226 13.363939566 -9.720131825 
-1.352347409 14.356046380 -8.962723078 
-9.309263427 10.960983787 8.083300623 
-10.592344792 11.243799115 6.284900890 
-1.580977887 11.910237158 -10.451358223 
-3.544168198 11.592986597 -10.394904372 
-9.525599759 10.958187095 8.473197987 
-6.331631102 11.570318808 9.146411872 
0.475656442 20.595727112 -0.841693655 
0.415558877 20.635197105 -1.051997875 
-12.749924658 15.061971008 -0.587538201 
-12.769434938 15.024613866 -0.724312852 
0.042074594 20.301453675 2.181820635 
0.608772568 20.576597551 0.087293785 
-12.824652559 15.189556807 0.346221701 
-12.908347852 15.159749213 0.503402711 
0.706552518 20.596812391 -0.926190590 
0.829277666 20.534547915 -1.961708819 
-12.963748760 15.133757050 0.558253581 
-12.870997028 15.214137956 0.748000157 
0.719391876 20.594445187 -1.237206798 
0.808170070 20.552791820 -1.818173470 
-12.883952269 15.204077255 0.287922741 
-12.932449486 15.094284160 -0.157974310 
2.741517730 18.274702987 0.972553739 
2.792466557 18.033053012 2.847953850 
-12.838350037 11.971265036 -2.381305036 
-12.836067066 12.018080800 -2.166539695 
3.624293225 17.688209789 1.759697979 
2.611536805 18.256089238 3.314306253 
-12.610380692 13.525341650 -2.329058243 
-12.637676623 12.384422517 -2.577552613 
3.012624190 18.207622803 1.762606942 
2.801540204 18.418880884 2.048273995 
-12.051738782 12.859543802 -3.934328764 
-12.612107835 12.494188636 -3.076124535 
3.034088020 18.171920665 1.610903195 
2.806921529 18.364280380 1.801187068 
-12.593019767 12.258465932 -3.040371588 
-12.786762089 11.959611273 -2.773692039 
2.105341604 14.795186721 6.818628582 
1.216758928 14.276242781 7.931621149 
-7.864513878 10.655126708 -7.853756002 
-8.154089040 10.633029452 -7.626637757 
2.480561265 15.116664249 6.129365677 
1.993901444 14.858402872 6.775090699 
-8.071149812 10.499786132 -7.816688796 
-8.131574312 10.555405558 -7.726241923 
1.113138865 14.249266536 8.020020080 
1.075506494 14.296565557 8.063776808 
-8.286135195 10.364666167 -7.647270507 
-7.595790765 10.685516637 -8.101953213 
1.083060550 14.215930224 8.131167809 
0.395651306 13.837902709 8.754683097 
-8.074238325 10.467377243 -7.827634613 
-8.660468435 10.253041426 -7.473180208 
-2.226289894 15.207201058 -8.983489227 
-2.352935298 15.151770649 -9.081761408 
-8.743655488 12.630572285 7.858722251 
-8.285778072 12.798237336 8.045613177 
-2.153668612 15.160757005 -9.039365981 
-1.706350132 15.448111196 -8.745651338 
-8.517696128 12.865384897 7.881249042 
-8.132570871 12.858587056 8.102819492 
-2.338482574 14.987667072 -9.173628928 
-2.237798758 15.084470966 -9.100121588 
-8.572349935 12.600712215 8.014702390 
-9.111431646 12.522121058 7.685822233 
-2.628367177 14.973550969 -9.212350793 
-2.436266240 15.163514580 -9.048603091 
-8.977897613 12.434593220 7.845440080 
-8.764661884 12.506000701 7.916642729 
1.138502639 20.819568098 -0.115921248 
0.392964702 20.815348579 -0.539804363 
-13.413893269 14.978048094 0.655937287 
-12.272513070 15.714163231 2.613552839 
1.560025791 20.428510757 -1.110539707 
1.486619033 20.410724126 -1.901867988 
-12.433929918 15.632212020 1.297710116 
-13.862621743 13.748745909 0.566555043 
-3.375242129 19.279302227 5.118934151 
-1.377291155 20.938832087 0.510075639 
-11.633737079 16.933321879 -0.569762904 
-12.083604088 15.535347226 -3.028189388 
-0.178362040 20.224186485 1.574291758 
-2.119145801 17.676694826 6.533563215 
-11.549979548 16.473204840 -1.494201240 
-11.405136938 16.085025930 -2.344100223 
2.146072327 17.331648000 3.018937354 
2.512999513 19.607706266 2.059179137 
-12.410163377 11.606810954 -2.892962051 
-11.857771485 12.137437570 -3.982348629 
2.760860113 16.724305182 4.282541473 
3.290625474 16.848197584 3.057411473 
-12.764463606 10.933135318 -2.439638109 
-12.751720279 10.930382397 -2.410227964 
3.110234171 17.508414711 2.940242327 
3.449087704 17.113123131 3.171721532 
-13.163330333 10.536254764 -1.855527060 
-13.108582821 10.534917179 -2.191982831 
3.732835399 17.885185190 0.123914970 
2.904625674 17.137427939 -3.502374328 
-13.138822176 10.735722777 1.662855606 
-13.381270040 12.345641587 1.728070784 
-2.263648940 16.010323688 8.807513100 
-2.576151711 11.771684435 10.512321431 
-9.279603548 13.792584049 -7.333689912 
-10.314807237 9.482334645 -7.070508124 
2.754854391 16.130921130 6.518172755 
1.846469050 15.655880967 7.512762052 
-7.630020585 12.420836137 -9.385843437 
-9.738341162 11.640240882 -8.317479275 
2.277793228 16.846346410 5.255828959 
-0.681184090 12.476462949 9.590304794 
-9.979937873 10.198992823 -7.387873707 
-9.564526774 10.011631163 -7.869221364 
1.151702684 16.628902154 4.608286475 
1.955829584 13.797023412 7.828755107 
-10.373037450 8.298386891 -6.571854103 
-8.316455938 10.750265438 -7.298526418 
-1.877782414 15.661565393 -9.406554544 
-1.619696712 14.871354352 -9.131191463 
-8.835522320 13.467468612 7.823280056 
-8.600156421 12.667172933 8.062940178 
-2.479475944 14.040694674 -9.663674213 
-3.219228342 14.118157773 -9.770021425 
-7.886868530 13.218748612 9.133024065 
-5.296615344 14.140568800 9.511617127 
0.614930349 18.944736934 -4.437667390 
-1.319983717 18.872409420 -5.337911968 
-7.321999823 14.233015474 7.895577434 
-10.817223793 14.690346771 4.718225636 
-3.115839706 15.908334661 -8.840941876 
-2.020966307 17.541009861 -7.310997956 
-7.829850337 14.086119706 7.764744150 
-9.639704850 14.671132709 6.047785264 
3.042016005 16.879902373 -3.392881018 
3.004661970 16.828309351 -3.608421321 
-12.857258370 10.901203145 2.133293321 
-12.943041567 10.772800548 1.996355866 
2.377096148 18.690130445 4.500843634 
2.736919476 17.553508135 4.511500394 
-12.458105250 11.374914645 3.632757707 
-12.216959377 11.818632973 3.539601189 
3.618655913 17.931866783 0.487474079 
2.996906373 17.217250705 3.145505469 
-13.181047482 10.481601065 -1.457951384 
-13.282888716 12.307920500 -2.402169930 
2.777042064 17.858428718 -2.931727829 
3.348508867 17.028097808 -3.645183497 
-13.219938123 10.529968830 1.530245885 
-13.235248496 10.466725786 1.770656805 
1.619087508 20.258777901 1.638627661 
1.706466390 20.334563155 1.725854630 
-12.797821122 15.320595505 -0.451241369 
-12.646331902 10.172913867 1.043827517 
1.044415117 20.823469343 1.049268361 
0.474999274 20.813356877 0.452011612 
-13.509640800 14.880975400 -0.013570407 
-12.997831685 15.341373023 -0.585221003 
0.080904801 20.288381119 -0.522536561 
-1.825911060 17.760188021 -6.384145097 
-11.382360233 16.574814288 1.828067899 
-11.233212337 16.157238922 2.701287727 
-1.919419304 20.839165433 -1.691834862 
-1.402818748 20.894160341 -1.090358225 
-11.578576201 16.972777334 0.926346963 
-10.985684786 17.619921973 1.083738829 
-1.568640253 15.552422339 8.579102325 
-3.202579802 14.037633480 9.782771215 
-6.995865741 12.710695596 -9.302015928 
-5.703564257 13.348388458 -9.518300010 
-0.795056414 15.755180129 8.964411396 
-2.024456743 14.772850243 9.244878881 
-9.555997603 13.124257389 -7.565873037 
-7.947421241 12.869694529 -8.347422350 
-2.759196212 16.053727073 8.719628649 
-2.273180427 17.484320258 7.333727672 
-7.615796320 14.266145483 -7.757430402 
-8.575537400 13.685693494 -7.511202631 
-1.192106709 19.676509459 3.805314811 
-1.371045620 18.878100133 5.347382968 
-12.232233858 14.081616736 -3.110481051 
-10.940498500 14.608864749 -4.589991192 
2.543121597 16.100355446 -6.733550015 
1.301398592 15.528614048 -7.845967787 
-7.717982453 12.378471443 9.367862267 
-9.576493220 11.693517655 8.438083606 
-2.293884290 15.970768042 -8.853940621 
-2.958214158 11.621609920 -10.554522915 
-9.484540341 13.689252610 7.243014042 
-10.515650046 9.429886950 6.861018154 
2.850064751 14.852008089 -5.650541848 
1.656016353 13.690464154 -8.123922471 
-10.517505278 8.201931266 6.439912502 
-8.719385617 10.598306647 7.097992013 
2.273355383 16.755152096 -5.529150156 
-0.719238890 12.472365942 -9.569853063 
-10.496615096 9.964565253 6.917893759 
-9.718693890 9.984098147 7.765950428 
3.485283150 15.688747502 -5.198514024 
2.484422004 18.233874419 -3.623869850 
-12.681704372 11.187964003 2.100819451 
-12.626552847 12.346801969 2.665514377 
2.476586043 17.998420966 -4.266130998 
2.432320304 18.032198547 -3.921910784 
-13.107707104 11.577425684 0.875729834 
-12.907281646 11.199180529 0.409673039 
2.720887027 18.246212994 -3.281661497 
2.638433933 18.220953814 -3.367625143 
-12.892001848 11.739486579 1.965330299 
-12.876716684 11.910609099 2.007417274 
2.347634037 18.219179109 -3.872806708 
2.522462583 18.442168569 -3.116293214 
-12.866192472 11.943814590 2.085284667 
-12.645347102 12.211423760 2.802074536 
0.558445121 20.492940409 -0.698365828 
0.381796542 20.514264746 -0.595174407 
-13.020690999 15.060794848 -1.410525118 
-12.896272642 15.223822673 -1.102050557 
0.440099817 20.524395669 0.511392481 
0.453314241 20.554618928 0.934271377 
-12.828798648 15.261237910 -0.902352158 
-12.898032816 15.200640163 -1.016909677 
0.733733236 20.548816529 -0.442868474 
0.527247888 20.564185755 -0.734678916 
-12.672348496 15.352047611 -1.537511495 
-12.696989591 15.361416582 -1.275388336 
0.648997184 20.546334148 -0.599926743 
0.854294962 20.573989099 0.250501422 
-12.817132238 15.280832613 -0.940873749 
-12.744428157 15.338806586 -0.923106787 
-2.215463582 15.447991757 8.777892618 
-2.465006101 15.131383183 9.075271269 
-8.036791408 12.554051755 -8.301713771 
-8.065568524 12.777631427 -8.214797717 
-2.153350907 15.216626521 8.975961037 
-2.396972360 15.193321061 8.993604893 
-9.073923205 12.250054482 -7.830192375 
-8.878145365 12.480641833 -7.855218618 
-2.002471739 15.490745126 8.783807843 
-2.068938630 15.353246984 8.869797229 
-8.680435789 12.501278257 -8.012626807 
-8.019079534 12.701946155 -8.269428467 
-1.950486784 15.375466897 8.797117413 
-1.604849744 15.541284536 8.669454089 
-7.825842130 12.826028033 -8.288773255 
-7.991003276 12.760671652 -8.246141445 
-0.040568967 13.721816641 -9.029839472 
0.264219070 13.803316268 -8.746255333 
-9.173215105 10.026485542 7.183818996 
-9.411755887 9.926838150 6.981356226 
-0.051487855 13.583517914 -9.095665124 
0.375389305 13.854796761 -8.719480915 
-8.970073465 10.201686061 7.241510882 
-9.455340669 10.007646667 6.894582990 
0.157502256 13.660733599 -8.905512740 
0.229293447 13.738905769 -8.866314312 
-9.132624742 10.085653353 7.244797361 
-8.930178266 10.205256958 7.374436447 
-0.078014221 13.591713236 -9.139143826 
0.164981531 13.678745789 -8.950723475 
-9.346675674 10.024906810 7.098777710 
-8.655688001 10.202849516 7.573757152 
