0.747978995 17.587137033 -0.513250136 
0.893422252 17.541526960 -0.197539456 
-11.050083312 12.595322017 -1.162856065 
-11.002943390 12.713583701 -1.019888806 
0.737084395 17.586046807 -0.240561389 
0.734065832 17.585264108 -0.674757451 
-11.015060637 12.648296918 -1.285518383 
-10.962551265 12.657805673 -1.448804181 
0.705543628 17.597684695 -0.158193817 
0.741227174 17.584637488 -0.110623719 
-10.990732853 12.729225303 -0.899210450 
-10.965270969 12.769592073 -1.060179486 
0.744203548 17.576248954 -0.110086409 
0.679631487 17.582639089 0.192393145 
-11.066359190 12.703021687 -0.480307260 
-11.005220305 12.782739134 -0.387893628 
0.715601210 17.445894742 -0.930133013 
0.786525054 17.486111832 -0.471639437 
-11.015793073 12.705902344 0.193418463 
-11.037139232 12.678103724 -0.170965138 
0.850182838 17.505286916 0.249079007 
0.915757626 17.484213306 0.020944847 
-11.104104727 12.584696328 0.383168233 
-11.094175639 12.607703854 -0.060987698 
1.019287935 17.449829863 0.991868209 
0.967779568 17.478697842 0.726583464 
-11.021280391 12.703606559 0.209224102 
-11.077139395 12.583787343 0.371921330 
0.935551019 17.477903164 0.905885905 
0.964018616 17.481808046 0.559557738 
-10.999398374 12.734948519 0.180108688 
-10.995644696 12.739598616 0.235371000 
-0.551778086 15.360372368 5.670739802 
-0.646286098 15.275404852 5.758875306 
-8.039097300 12.292162033 -5.516971103 
-8.016692342 12.266175362 -5.539266668 
-0.685814784 15.296988496 5.778251307 
-0.728702340 15.265490224 5.867991944 
-8.182892289 12.272399580 -5.393248931 
-8.490574738 12.108746012 -5.217828173 
-1.303498823 15.909345803 5.564550368 
-1.164904336 14.021568211 7.066453349 
-8.944281409 13.087461602 -4.206513375 
-8.330638425 11.836072305 -5.472775160 
-0.388610967 15.443935666 5.445156747 
-0.469115204 15.371540171 5.581540139 
-6.377544624 13.710026143 -5.614640491 
-7.774150149 12.319856074 -5.617602989 
-1.708860144 15.018248147 -6.454217193 
-1.640486037 15.030043844 -6.390056909 
-8.680359982 12.279004692 4.955006413 
-8.610973327 12.272110493 5.041368736 
-1.668073896 15.019184047 -6.460257122 
-1.733800999 14.948129609 -6.596661837 
-9.087407142 12.000505473 4.764275613 
-8.511624237 12.314345081 5.117281219 
-1.128579843 15.332627503 -5.968162540 
-0.676556136 16.463789051 -4.760968053 
-8.601115591 12.277944972 5.047168425 
-9.738663358 12.473438061 3.726989697 
-1.858492541 14.851195620 -6.696642823 
-1.585218043 15.002662592 -6.428725739 
-8.630717484 12.281257797 4.999848089 
-8.438227354 12.281246766 5.211135125 
0.793888308 17.561334742 -0.934897002 
0.671643549 17.586632987 -0.992383448 
-11.033475591 12.727933504 -0.545665251 
-11.116196541 12.591621403 -0.724403533 
0.761543032 17.570585133 -0.061041471 
0.766930151 17.559633881 0.244167744 
-11.056269307 12.663738791 -0.899537014 
-11.072986448 12.659568698 -0.560099179 
0.847302660 17.508992617 0.441889871 
0.761688351 17.545314821 0.402445930 
-11.033869497 12.743627059 -0.491363319 
-11.062317266 12.709039398 -0.455380609 
0.905623374 17.485463204 0.435836788 
0.296816766 17.698812166 -1.693373245 
-11.096719669 12.551912715 -0.744826739 
-9.250673261 13.905598106 3.440603110 
0.651359520 17.533163707 -0.219122349 
0.661793081 17.538645964 -0.206069235 
-10.658059241 12.991549240 -1.384420600 
-10.894737759 12.789419999 -0.980943858 
0.748792282 17.484226594 -0.549096148 
0.802193372 17.512850480 0.052233650 
-10.616411875 13.002260439 -1.573079274 
-10.677103799 12.989982428 -1.343813914 
1.079008126 17.377084612 1.569584369 
0.853538853 17.503970573 0.212007721 
-9.436981688 13.529496111 -3.213598799 
-9.832593523 13.831014066 -2.225649300 
0.857200246 17.481361469 -0.228640239 
-0.168976690 17.794244858 1.265974941 
-10.573336386 13.015325033 -1.674484527 
-10.827267851 12.818521406 -1.133653549 
-1.527212590 15.049486997 6.336931364 
-1.296620422 15.146350466 6.142742842 
-8.736345105 11.979184093 -5.088526296 
-8.509386153 12.091923701 -5.245400725 
-0.835338789 15.396401997 5.709913563 
-0.648131451 15.358858978 5.686513411 
-8.620206101 11.949131524 -5.237261051 
-8.656360682 11.945866208 -5.218312994 
-0.495924856 15.668450342 5.185347516 
-0.407915296 15.670264408 5.182212489 
-8.474265562 12.054108739 -5.319892144 
-8.075677549 12.220409908 -5.539646435 
-0.833177307 15.306205728 5.898651902 
-0.668430604 15.439745326 5.609546697 
-8.372821491 12.038837507 -5.430939660 
-8.058618749 12.227804541 -5.562566713 
-1.728544198 14.915075833 -6.573048603 
-1.440663699 15.011246984 -6.431661284 
-8.698882388 12.176939560 5.033613889 
-8.559298010 12.236854964 5.138105421 
-1.497978852 15.179755058 -6.189819249 
-2.117606855 14.660293519 -6.916577999 
-8.487412188 12.295817013 5.148879659 
-8.716146470 12.130376731 5.043258892 
-1.906501418 14.820181589 -6.737897687 
-2.207969773 14.641261037 -6.985737669 
-8.093671287 12.345231971 5.470187043 
-8.218347757 12.355632374 5.351655344 
-1.871700501 14.907747097 -6.610511217 
-1.681385068 15.163826720 -6.314775561 
-8.438697590 12.194183254 5.286537766 
-8.197961297 12.376289571 5.353118766 
0.733440355 17.503253381 -1.064761789 
0.446574557 17.532834281 -1.640772092 
-10.704037019 12.974891574 0.988716707 
-10.897770596 12.814257019 0.006437763 
0.657087903 17.516857797 -1.197764841 
0.747299591 17.518417270 -0.676813305 
-10.969069042 12.718483928 0.149881916 
-10.980977512 12.693945340 -0.223274512 
0.617952585 17.342950088 -2.672411149 
0.781292211 17.391133492 -2.071727646 
-10.996562696 12.646402317 -0.651782476 
-10.993907019 12.679978821 -0.046744676 
0.971495373 17.393931443 -1.639938707 
0.778827861 17.470661109 -1.257403420 
-10.957758807 12.588991253 -1.174691784 
-10.975697403 12.709637211 -0.214926327 
0.315663683 17.549347820 2.221235646 
0.506697082 17.497568296 2.246839474 
-11.013609100 12.751504790 -0.439298698 
-10.792416348 12.975436860 -0.901632895 
0.258252274 17.550386366 2.292938949 
0.557261791 17.542958988 1.789597933 
-11.038531500 12.733096173 -0.094327572 
-10.981758026 12.791230359 -0.524721961 
0.471557559 17.578416263 1.623990763 
0.452581468 17.461634147 2.526880227 
-10.868563889 12.911171693 -0.677042867 
-10.955490746 12.835978317 -0.474786530 
0.751976517 17.559216974 0.817644407 
0.657504212 17.577453046 0.944676339 
-11.071080984 12.680251796 -0.435928963 
-10.955055134 12.835989319 -0.414405426 
-0.922977422 15.136174799 6.012926768 
-1.222661176 15.112093420 6.143956889 
-8.924743553 12.011118223 -4.915510703 
-8.561131638 12.119836761 -5.208392704 
-1.075409920 15.044853231 6.222430008 
-0.702284445 14.855899182 6.066039569 
-8.691749976 12.081540682 -5.111190449 
-7.392552865 11.622785448 -6.089817591 
-1.431458842 15.003612470 6.346821530 
-1.155624811 15.145217230 6.110903644 
-8.645841896 12.043513866 -5.158575945 
-8.268920488 12.176354550 -5.423770384 
-0.882867600 15.316677412 5.816481746 
-0.996385714 15.286077207 5.907720401 
-8.528171352 12.096996554 -5.256048839 
-8.391812572 12.165039228 -5.335335561 
-2.234345766 14.281093323 -7.187700741 
-3.269152190 13.066849800 -7.881904975 
-8.662416914 14.352167405 3.477275499 
-9.394276904 14.083481936 2.688142785 
-2.198238316 14.289020325 -7.171362416 
-2.029937773 14.474693135 -6.937781239 
-6.919052714 12.554403062 5.909844840 
-7.777654700 12.061815283 5.693420738 
-2.744747744 14.128147423 -7.377450978 
-2.724778485 14.212323275 -7.266888976 
-7.886577631 12.207698150 5.548442557 
-7.903864373 12.275062672 5.500131657 
-2.432425600 14.294812206 -7.194821700 
-2.265096550 14.400051806 -7.076808154 
-7.813897137 12.256238502 5.571413573 
-7.679499531 12.252265079 5.692171813 
-2.262730031 16.614802621 -5.397676464 
-1.019711858 17.078665940 -4.153198584 
-10.692454161 13.243140168 1.750084219 
-8.535809998 14.004999719 4.900004036 
0.126639122 17.305356354 -3.595817941 
-0.117910178 17.160262043 -4.238756331 
-10.964127558 12.797027884 0.244658830 
-10.999072264 12.696446788 0.441303575 
0.221605518 17.370013722 -3.941736438 
0.569368746 18.081214947 -0.163714819 
-9.838979243 14.470567559 -0.637485133 
-10.483279912 13.560214137 -0.337938557 
0.168657191 16.962201308 2.937724814 
-1.656196732 16.131439270 5.197450839 
-9.952977967 13.740595716 -3.499837872 
-10.221754367 13.210642290 -3.458170910 
0.885227503 17.513052030 1.160906406 
0.629032179 17.519561948 1.681932662 
-10.987827049 12.773866243 0.378885951 
-11.067938683 12.640346953 0.400277975 
0.628243617 17.604016002 0.383233231 
0.669353596 17.582740129 -0.092172003 
-11.072412430 12.691611944 0.089717131 
-11.083147611 12.672974884 0.145316167 
-0.242170913 17.926653405 1.014675514 
0.197567647 17.827949722 1.319244753 
-8.333250197 14.696991710 -3.630141502 
-10.815652173 13.530750036 0.354123473 
0.980729618 17.402576206 0.003624948 
0.971590093 17.283540428 -1.049379876 
-10.953856384 12.518739254 1.146446473 
-11.018837964 12.508294373 0.793352440 
1.364641077 16.599876992 3.712167768 
-0.915536518 14.997279246 6.706205949 
-6.814230228 13.860990014 -4.764517482 
-5.303583767 13.060303397 -6.005165963 
-0.494298909 14.649080205 5.953742163 
0.288962600 16.095836187 4.494992163 
-10.433744806 10.514135265 -3.454856576 
-9.619973602 11.935645247 -3.982719854 
-0.576845252 15.112482142 5.881076445 
-0.620764859 14.993384850 5.950149111 
-7.594081686 12.050079223 -5.840730532 
-8.814305328 12.175507484 -4.896668305 
-0.892924589 15.162039442 5.776150590 
-0.645293815 15.389688087 5.585564302 
-7.192622670 12.472149617 -5.937012203 
-7.724587212 12.221615247 -5.724132515 
-1.393226532 16.067565916 -4.710515352 
2.330776741 14.496264006 -3.404314321 
-5.919737441 14.237108469 5.477262447 
-8.781966560 10.725450518 4.915500587 
-0.023834902 14.508453209 -5.695976335 
-0.094634636 14.351853549 -5.908042093 
-7.777854135 10.829972898 5.743935361 
-8.094693172 10.705206137 5.541097079 
0.936150955 16.271860446 -3.455505036 
0.102679995 15.847411332 -5.129410284 
-9.309165255 11.643616195 4.501187307 
-8.290969498 11.090091245 5.343073721 
-2.294023070 14.421710862 -7.292478159 
-0.835678484 15.075325139 -6.009533003 
-9.552614362 11.579532350 4.278785897 
-8.561994283 11.480154026 5.149699458 
1.013025286 17.373214439 0.360729165 
0.872983590 17.144303209 1.237981180 
-10.696873197 12.775594760 -0.575121141 
-10.797442401 12.588995719 -0.401647425 
-1.435273967 16.502611581 -5.971826690 
-1.021709908 17.906531071 -2.238849076 
-9.509987488 13.244523326 3.692559309 
-10.462424865 14.118184996 -0.356201086 
0.809848503 17.200643425 1.547566995 
1.200816283 17.216420092 0.630819880 
-10.565561922 12.726803475 -2.453829549 
-10.861170482 12.543250443 -1.719266614 
0.821976911 16.908221799 2.227976375 
1.117943422 17.005821904 1.415132524 
-10.669950933 12.580291296 -2.148564318 
-10.822305053 12.573013299 -1.451904281 
-1.840974097 17.960770564 -1.396275122 
1.558936000 17.137837292 0.320587034 
-7.838405975 15.154275853 -2.889609362 
-10.935290211 12.701166822 -0.089949338 
1.113041921 16.958176386 -1.635778368 
1.479793141 16.901600285 -0.387272308 
-11.193071163 11.821715901 0.901087591 
-11.042926003 12.279533922 0.022390495 
1.225196194 17.104664575 -0.826044940 
0.945757483 17.015193995 -2.006936707 
-10.874279669 12.573912377 -0.069489670 
-11.037072917 12.353381129 1.010166430 
0.717854158 17.109803281 -2.281846740 
0.787562946 17.116659702 -2.201469293 
-11.108066353 12.013460314 0.866669343 
-11.075979189 12.042905039 0.838830313 
-1.066695952 15.116050503 6.146734467 
-1.931865518 14.539723699 7.045067113 
-7.532332004 12.416807751 -5.808211661 
-6.929235650 12.481706332 -6.145280287 
-0.930835586 14.883666059 6.068119950 
-1.208409222 14.741159564 6.337181562 
-7.635329755 12.045427279 -5.752751730 
-8.132136208 11.908211061 -5.417011632 
-1.152353646 14.837982000 6.348085643 
-1.886581862 14.471446998 6.906575347 
-6.225546307 12.722654297 -6.200245404 
-5.845012190 13.143682236 -6.013563092 
-1.808027486 14.750938767 6.604185445 
-1.912522773 14.685400194 6.787480232 
-6.495676077 12.745365838 -6.098230570 
-6.970985602 12.561208000 -5.976116919 
-0.569234640 15.642319184 -5.452123879 
-1.099051504 15.358543498 -5.958851520 
-8.502433529 12.316070509 5.213505492 
-8.149093683 12.437901917 5.383188112 
-0.758155436 15.253558585 -5.869023097 
-1.129186553 15.114920028 -6.062359423 
-7.409632752 12.553114737 5.797843144 
-8.031168123 12.228904643 5.542107285 
-1.222813501 15.273906014 -5.988579639 
-1.077323981 15.363895642 -5.828050899 
-8.189783384 12.237949520 5.484920253 
-8.228964658 12.254136895 5.419940751 
-0.652634392 15.581227428 -5.430441443 
-0.618233738 15.550021950 -5.461346636 
-8.511614015 12.183202596 5.213356043 
-8.152336164 12.335941577 5.419500387 
0.713066256 17.501272127 1.017753147 
0.998871988 17.259961431 1.818723093 
-10.954875387 12.856186790 0.286038498 
-11.018368737 12.759007780 -0.554298063 
-0.464150579 18.242051469 0.036347858 
0.601786171 17.564713380 0.598617255 
-10.817897241 12.987864006 0.830692648 
-10.844283078 12.966017340 0.726199799 
0.180212757 17.430750901 2.327940692 
0.738234295 17.574144581 -0.653748626 
-11.154707730 12.555679092 -0.280847059 
-11.026993525 12.754508454 0.148321932 
0.618452762 17.610707786 -0.593158366 
0.604783338 17.591906998 -1.187126320 
-11.113971491 12.618380446 -0.306198838 
-11.109699784 12.640882018 -0.413394646 
-0.941798208 16.269222813 -5.517058539 
0.053328330 16.585124761 -4.101689807 
-10.892317088 12.658942012 0.984653302 
-10.950364756 12.532670434 1.156048383 
-0.416712956 17.532382354 -2.773238462 
0.219859489 17.120352439 -2.875421617 
-11.341988542 12.364898319 0.459553234 
-8.878857989 12.740989375 4.675264884 
1.150045721 16.845005406 -2.412763085 
0.907052022 17.417866608 -0.122043048 
-10.980761849 12.578813810 0.697449069 
-10.929502212 12.690519779 0.308153361 
0.979289599 16.876155897 -2.445658204 
0.759342138 16.786829956 -2.962349490 
-11.004239174 12.490335301 0.953347414 
-11.045126088 12.511399958 0.284651171 
-0.796489861 16.274303429 4.253299193 
-0.480689835 16.140545623 4.171649397 
-7.149303729 13.222223611 -5.546779027 
-5.724906495 13.362497684 -5.829127394 
-4.419764166 12.516725910 8.023173981 
-4.062089981 12.578733376 8.126048563 
-4.032752502 13.686864301 -5.864678305 
-4.545611539 13.320942297 -6.038387709 
-3.574388798 12.674526492 7.883212300 
-3.684652431 12.742528968 7.923068684 
-7.439341458 11.611920856 -6.091962964 
-7.583568949 11.705605047 -6.094757968 
-5.605001150 12.632077684 8.011575058 
-5.873438012 12.523403278 7.961524467 
-10.465712119 10.862181066 -2.622271219 
-10.484411383 10.836206175 -2.725545156 
-1.639409856 14.376477451 -6.437472556 
-2.419595770 13.814243140 -7.386927692 
-6.048370324 13.206518597 5.813231030 
-6.081496326 12.321773853 6.354164012 
-0.213637674 16.274089747 -4.158801559 
-0.429036680 15.617651330 -5.248645380 
-8.744906313 12.159415831 4.983627614 
-8.546365989 12.199906932 5.162920281 
0.268606238 16.036710207 -3.997824449 
-0.781737562 15.447429697 -5.629295602 
-9.326324180 12.212001731 4.391543661 
-10.027101221 11.973104077 3.384288137 
-0.816637575 15.411993707 -5.690514190 
-0.691200058 15.675408794 -5.516428242 
-8.883248917 12.099971790 4.890481139 
-9.092194306 12.074414198 4.672390991 
0.272971935 17.129496831 2.858993503 
0.282945960 17.091573457 2.954448245 
-10.738770652 12.849060387 -0.401335899 
-10.624857689 12.820917564 0.203621603 
0.495579289 16.397768180 3.820881058 
0.632799551 16.692292345 3.247484939 
-10.707046950 12.237646179 -2.439766931 
-10.733791655 12.170082115 -2.521609378 
-0.662077228 17.995787276 -1.430163545 
0.671764054 17.379492765 -2.248497189 
-9.935229386 14.633944683 -0.057145643 
-10.889272724 12.633755510 -1.597922544 
0.351673728 17.733042288 -1.571604689 
0.329670153 17.625053507 -2.149623054 
-10.208984368 13.850180698 2.596599494 
-10.550274019 12.354073921 -2.642958143 
0.952888026 17.016558854 -1.881486614 
0.940059114 17.004279117 -1.935987646 
-10.969031516 12.355929174 0.460454452 
-10.913891375 12.410307219 -0.154436881 
0.520108895 17.045331406 3.257866080 
0.741370815 16.269088656 -4.852949206 
-10.806054407 12.408134050 0.951636462 
-11.113687832 10.918783167 0.955759541 
0.931683869 17.313579539 0.624896125 
0.791011802 17.488150956 1.369944601 
-10.870643203 12.578342910 -0.531948497 
-11.083631212 12.625311726 0.113439994 
-1.641520103 18.194075441 0.497601154 
-0.076925388 17.669926646 -1.617546874 
-10.912229507 13.053877663 -0.321343361 
-11.020647477 12.608351454 0.465222638 
0.149443908 15.813747986 4.600681919 
0.281050487 15.737905898 4.663700320 
-7.538178368 12.271577284 -5.895653972 
-8.112502654 12.023298641 -5.625486948 
-0.096554197 15.750254944 4.851844799 
-0.620401837 15.504237353 5.408215851 
-7.845595989 12.287564262 -5.676944772 
-7.808653253 12.350205934 -5.660100144 
-0.042397445 15.681391669 5.077507978 
0.318644574 16.193204427 4.684759807 
-8.410708838 12.161946650 -5.338872548 
-10.146034135 12.310137928 -2.979714434 
0.184358496 16.369449763 3.873481331 
0.225523048 16.156080387 4.273016088 
-9.179910129 12.175792159 -4.575693431 
-9.464077312 11.982337215 -4.352312249 
-0.904041427 15.174186921 -5.824712579 
-1.586992573 14.748197500 -6.567111158 
-7.964307251 12.022816765 5.635900503 
-7.908064951 12.128561984 5.591948474 
-0.690292606 15.306340023 -5.489419388 
-1.441640989 14.916938470 -6.256824634 
-8.659385433 11.837694931 5.120369526 
-8.742222319 11.680731334 5.169144433 
-3.556892436 14.495766778 -7.490812489 
-3.121587996 13.772861819 -7.468275795 
-4.519690739 13.881929589 5.978747285 
-6.863191194 13.147255881 5.626672016 
-0.092990764 15.345696667 -4.901756982 
-4.644121138 14.657554472 -7.028266502 
-7.073359953 12.610783931 5.629331088 
-3.803582989 15.198755486 5.151844145 
0.389373771 17.799899500 0.813651055 
1.030799863 17.197504961 0.970437544 
-11.048505532 12.426081102 0.416526876 
-11.165690770 12.254308212 0.265682952 
-1.667195220 18.341567836 -1.246722285 
-2.059136092 18.314966214 -1.731710914 
-6.663770096 16.272530630 2.945646853 
-6.118124310 15.705911526 4.459093394 
1.163817222 17.372978403 0.205691277 
1.144427674 17.356313694 0.491716020 
-11.202315219 12.026323502 -0.760726130 
-10.599019925 12.820165616 -1.267126965 
0.970837123 17.267125597 1.223503517 
1.023364222 17.304298744 0.748381938 
-11.102489229 12.285029617 -1.350402828 
-10.983918426 12.419963798 -1.544561280 
-0.861063926 17.583445175 4.044277616 
-0.358299741 17.838984487 1.519691838 
-8.848661012 14.879304042 -2.773419205 
-10.633093943 13.326870042 -1.043414031 
0.980958007 17.495544488 0.192255346 
0.906673175 17.339579143 -0.672859925 
-10.734878753 12.890797105 0.195353362 
-10.741836683 12.773998690 -0.406332611 
1.092415966 17.182501055 -0.781331266 
0.818977375 17.182795092 -1.413512002 
-10.600178882 12.849422261 -0.781628668 
-10.763392877 12.683800719 -0.367322939 
1.404316807 17.241823414 -0.555793364 
0.790372889 17.303670668 -1.358204300 
-10.684453946 12.931678056 -0.755803784 
-10.864695877 12.814081115 0.336945672 
-0.785655953 15.327310942 5.612314899 
-0.899861089 15.075956556 5.986438514 
-7.538987175 12.438447706 -5.679251081 
-7.937531193 12.259112653 -5.610141807 
-0.097806680 15.584456693 5.049271107 
-0.525652608 15.399330001 5.506520951 
-8.364694202 12.156909992 -5.265873713 
-8.488081555 12.090694931 -5.169292755 
-0.960743105 15.224483865 5.835471067 
-1.147806063 15.003685673 6.177141380 
-8.186704152 12.004552086 -5.467803339 
-8.740479558 11.855621771 -5.042886430 
-0.593646633 15.227956851 5.648921270 
-0.682495476 15.065927017 5.894365269 
-8.041806403 12.050031963 -5.542367487 
-8.236905472 12.068122443 -5.347735440 
-0.951014647 14.737162989 -6.209626630 
-1.140990024 14.857596177 -6.186810196 
-6.898303849 12.163913983 6.111890869 
-7.918899528 11.878587236 5.660440368 
-1.773650102 14.542627035 -6.804444198 
-1.810260130 14.579784478 -6.805166026 
-6.610983238 12.533911203 6.107910261 
-7.090918459 12.376608399 5.969217036 
-1.637097474 14.778437752 -6.498522067 
-1.840221353 14.600580619 -6.756080030 
-7.641735585 12.117535927 5.795550084 
-7.799059393 12.132395309 5.658388305 
-1.714986836 14.407926878 -6.860593364 
-1.746115185 14.504904717 -6.749655855 
-7.624792493 12.044615371 5.828870716 
-7.429830331 12.117195404 5.896529183 
0.729424672 17.475833170 0.816162266 
0.870630740 17.512893007 0.066806060 
-10.788832331 12.933238883 1.172239725 
-10.818042694 12.974671352 0.783169308 
0.598945153 17.542137802 -1.501319021 
0.532419720 17.482933282 -2.150380533 
-10.715649445 12.994015326 1.118545021 
-10.943834661 12.804846739 0.403664425 
-0.594815474 18.035711813 1.707193517 
-1.495562253 17.777390469 3.046674471 
-10.752592606 13.399552651 0.471480782 
-10.111316155 14.567959979 -0.892690693 
0.425644657 17.858985620 -0.924130443 
0.033140612 17.979575107 -0.939404353 
-10.234427833 14.375832783 1.222408503 
-9.899634989 14.626771224 1.436072925 
0.144310210 16.793228466 4.474754369 
-0.007716523 17.629475744 1.485872091 
-11.727912603 11.462397786 0.688549100 
-10.023979307 14.071413363 1.390024956 
0.084188978 17.006140849 4.133338113 
-0.027539685 17.037755487 4.111384731 
-11.036201214 12.266958894 -0.920129787 
-10.925038320 12.401562684 -1.443304195 
-0.160795758 17.845513710 -0.166681825 
1.286426792 16.993338889 2.825685438 
-11.170538284 12.413795280 -0.456700396 
-11.083654957 12.277639663 -1.311249529 
1.681915478 17.403752311 0.397887103 
0.929772472 17.827209346 -0.135479742 
-10.082424637 14.923828192 0.775383579 
-10.638158896 13.843086350 2.164271766 
0.334471006 15.822682388 4.839361853 
0.113951985 15.644369640 5.362581254 
-8.302727460 12.876246576 -4.824257174 
-8.130868338 12.846428456 -4.997169635 
0.138603680 15.994336094 3.523259290 
-2.210184006 14.719730560 7.025396635 
-4.148031182 13.820675157 -5.749935065 
-6.942510326 13.172094006 -5.355472983 
-0.822992885 15.181960502 5.825638284 
-1.707499173 14.803284248 6.052297444 
-7.255175479 11.543167970 -6.002166756 
-7.487607622 10.495106109 -6.087408444 
-0.127987805 15.350837718 5.801640339 
0.153587688 15.461374539 5.528152379 
-9.384167687 12.319079115 -4.435687231 
-9.383989943 12.392209102 -4.431114242 
-1.101854866 15.259336963 -6.097631079 
-1.091710252 15.278614372 -6.079214310 
-8.463243963 12.318458801 5.164218774 
-7.984167042 12.343693467 5.576084731 
-1.118813647 15.347628445 -5.961513164 
-1.113608850 14.799735971 -6.594012002 
-8.489465581 12.204266242 5.236159208 
-9.098332802 11.978662383 4.770792117 
-2.710093706 14.620885723 -6.577001574 
-2.967479681 14.150893324 -6.833538707 
-6.782609851 12.480474117 6.048512643 
-6.426124479 12.531891157 6.128130118 
-0.784818870 16.739376905 -4.514896103 
-2.025486689 14.409245390 -6.669919189 
-8.823407086 12.872283325 4.411671855 
-9.387815396 12.721429327 4.179737559 
0.951899623 17.495783189 -0.874043130 
1.404364087 17.382167608 -0.925950263 
-11.082384399 12.680124294 0.052521999 
-11.018361752 12.767914849 -0.130390047 
-0.345455648 18.216299232 -0.682562196 
0.792605730 17.539380690 -1.030432450 
-10.971851350 12.816417620 0.279301124 
-10.999721335 12.790713772 0.029165641 
0.702276536 17.539424573 -1.519579931 
0.785804143 17.562706250 -0.495807218 
-11.147213199 12.567003514 -0.104780971 
-10.997996345 12.770161752 0.339401376 
0.661109135 17.592020288 -0.429432494 
1.033536053 17.469249101 -1.122584333 
-11.046503149 12.683642508 -0.539318701 
-11.097946106 12.604003544 -0.641725425 
1.199697240 17.040382954 -1.525715944 
0.653601457 17.507010498 0.212184154 
-10.951971148 12.603089278 0.869606753 
-10.905806477 12.718579806 0.517118582 
0.943248814 17.372991398 -0.680063571 
0.898260268 17.386093971 -0.511691979 
-10.863002651 12.636525201 1.287154858 
-9.430039933 12.823813646 3.909514473 
0.950048912 17.405639515 -0.176847031 
0.964375794 17.314458877 -1.122559237 
-10.950693429 12.632517076 0.591430939 
-10.976405952 12.597432892 0.492905186 
0.951437696 17.392310091 -0.464599501 
0.844668059 17.424033390 -0.380515897 
-11.004994194 12.455072750 1.136893934 
-11.042590369 12.438251721 0.931527987 
0.968420938 16.380706626 2.323116876 
-1.429152959 14.092972476 7.140484712 
-4.215726427 15.310260521 -5.635408402 
-6.826536211 12.589546634 -5.845601176 
-0.126895670 16.461371903 4.398214635 
-1.114515005 17.061960857 4.773584691 
-4.899710944 13.694005287 -5.932167232 
-5.973083053 12.663080277 -6.330504547 
-2.940800964 13.133802982 7.666822578 
-2.605840786 13.330859771 7.488968483 
-6.998262489 12.000973962 -6.271080820 
-7.241273129 11.888607981 -6.117364643 
-1.191548589 14.607322317 6.587305902 
-2.541748573 14.059145552 7.332351052 
-9.392837203 11.320329347 -4.501105776 
-9.298516375 11.355387310 -4.579322355 
-0.601803715 15.458083028 -5.557227447 
-0.542380106 15.483086547 -5.540055247 
-8.759844942 11.936291351 4.835232683 
-9.954958838 10.907768966 3.342064603 
-0.416342290 15.482492890 -5.422289497 
-0.298534081 15.728599722 -5.056928157 
-9.207853878 12.027545369 4.591075547 
-9.042116624 12.013656790 4.782345381 
-0.754989442 15.286508410 -5.865592352 
-0.698188188 15.344601137 -5.756842839 
-10.235666000 11.695858080 3.296659783 
-9.631841644 11.782434739 4.215907682 
-0.880665690 15.370633518 -5.797684874 
-0.814477085 15.396638223 -5.721650730 
-9.543526677 11.888084894 4.263904593 
-9.362735825 12.019206704 4.387519211 
0.803202878 17.585606348 -0.032850434 
1.417438508 17.219118366 -1.120764027 
-10.773951467 12.972138142 -1.153755404 
-10.479920492 12.970240788 0.199450403 
1.433282124 16.996342464 1.078746512 
1.376227426 16.965073363 1.330659764 
-11.047537790 12.060174837 -1.558506701 
-11.095976423 12.027786283 -1.331041039 
1.467805983 17.041975888 0.214444345 
1.908368946 16.762620854 0.285016221 
-11.166138762 12.049641291 -0.439632349 
-10.950593385 12.163365049 -1.993276669 
-0.354927576 17.456107717 -2.900104674 
0.100886729 17.655063244 -0.790047080 
-8.771054228 14.558715450 3.131493686 
-10.919539411 11.397554806 0.890340075 
0.882765234 17.047287453 -1.753414183 
0.811533749 17.109553624 -1.565135416 
-10.302515440 12.873544833 -1.604633839 
-10.892581920 12.400630975 1.005103155 
0.615948232 17.007795403 -2.594539012 
0.608524455 17.031922873 -2.539337425 
-10.927226964 12.320660511 0.219705067 
-10.935168224 12.454336160 0.911160803 
0.628795827 17.781929787 -0.738032432 
0.332863584 18.077800470 0.245571934 
-10.464712566 13.571417386 -1.218982174 
-10.592459073 14.160954845 0.365463700 
0.245835767 17.909845469 0.400944789 
0.207224959 17.791935067 1.893842027 
-10.016666352 13.875475727 -2.400658496 
-10.683414338 13.437870365 -1.195571516 
-1.444543932 15.199779300 6.082461427 
-1.332117252 15.307251656 5.883599292 
-6.585950878 12.882989245 -5.958075154 
-6.690735136 12.692453353 -6.077110851 
-0.839318161 15.467888073 5.583856505 
-1.335696592 15.218991278 6.029078183 
-7.705662666 12.310642930 -5.769471857 
-7.004953736 12.651759073 -5.982735005 
-1.403096884 15.179436051 6.071465815 
-1.794768672 14.871411170 6.413840244 
-7.255016447 12.631319240 -5.858004283 
-7.349096333 12.456277559 -5.881001814 
-0.116741884 16.166139164 4.479984680 
-0.702289458 17.173823741 3.742084033 
-8.071590511 12.661011785 -5.266045217 
-9.510939352 13.773645442 -3.351766079 
-0.995838495 15.125757012 -5.936056379 
-1.567426392 14.743931576 -6.528583857 
-8.678333773 11.774357750 5.162395854 
-8.135423318 11.976563043 5.505358810 
-1.782776709 14.597214740 -6.731834978 
-1.589883664 14.615630530 -6.684027864 
-8.764472676 11.711377751 5.133800787 
-8.594879123 11.766886809 5.250227055 
-1.315648738 14.511177281 -6.558081701 
-1.208707566 14.635947333 -6.261790096 
-7.334220622 12.018003453 5.876891324 
-7.420763671 11.907503941 5.849088253 
-1.514606031 14.835908244 -6.459650118 
-1.583262847 15.764385702 -5.410423170 
-7.413330058 12.291581846 5.853135689 
-8.277938085 13.348828400 4.832730889 
0.211529304 17.202541059 -3.534744250 
0.728198245 17.297842881 -2.382272518 
-10.959170906 12.366058387 -0.166880048 
-10.889695470 12.561251971 0.068658624 
-0.613203042 18.189902410 -0.528001621 
-1.974999020 18.323994729 -1.814391174 
-10.320736764 13.955453428 -0.220880075 
-5.929597172 15.812499621 4.310308486 
0.920800013 17.191478957 -2.631379230 
1.041749686 17.249501385 -1.982208308 
-10.937546099 12.318525044 -0.915829338 
-10.932313107 12.501339727 -0.143431850 
0.364739564 17.135546095 -3.617036239 
0.474932657 17.195139969 -3.265166307 
-11.005431646 12.286655567 0.180139735 
-10.984003075 12.340002843 0.455343944 
0.768946107 17.545617348 0.334752557 
0.822843816 17.532119509 0.629115047 
-10.635158426 13.080351614 -1.381351303 
-10.425059580 13.243530694 -1.618962840 
0.763361795 17.557369759 0.137354536 
0.646637881 17.582655054 0.946159617 
-10.696420839 13.065774365 -1.117552221 
-10.779551187 12.957603572 -1.031437719 
0.541292367 17.599150680 0.993540629 
0.610863593 17.584239587 0.957460384 
-11.000808193 12.751104678 -0.595753365 
-11.139035150 12.503784348 -0.995977569 
0.718982329 17.556954925 0.214327135 
0.637310065 17.526603204 1.771485820 
-10.844157801 12.917001128 -0.887762327 
-10.757441943 13.031404756 -0.966154992 
-2.283226484 14.680297242 6.915922709 
-1.311099201 15.278593391 5.998843689 
-8.820919764 11.856810506 -5.109440561 
-8.261047010 12.116400046 -5.465882521 
-1.976275549 14.896401004 6.594760270 
-1.663519070 15.044577399 6.322694746 
-8.783401968 11.984131523 -5.006563694 
-8.379895940 12.160388567 -5.304195884 
0.054841925 16.864780544 3.832368531 
-2.096657719 14.468215757 6.960222695 
-8.534673575 12.137762023 -5.207379170 
-10.062654788 12.033850867 -3.307211697 
-2.337406769 14.740966812 6.804774068 
-2.272825461 14.720123816 6.759059585 
-8.279986901 12.251007541 -5.354157916 
-8.076064012 12.246832451 -5.512502566 
-3.252337028 13.800645406 -7.667624469 
-3.350543259 13.832008718 -7.652157962 
-8.202092094 11.987719192 5.514984327 
-8.193750623 12.047548303 5.479215553 
-2.214048034 14.338919335 -7.243785918 
-2.167505337 14.314101152 -7.278347405 
-8.183549665 11.920218319 5.506559376 
-8.653829702 12.299756736 5.051196461 
-1.068240306 15.476626444 -6.046977697 
-1.018454738 15.558279397 -5.719555903 
-9.037681926 11.072624260 4.676516926 
-9.245853951 11.151986520 5.094110008 
-2.379188034 14.092913774 -7.425970273 
-2.114065605 14.286611497 -7.195332471 
-8.476607524 11.849933698 5.340319783 
-8.190715693 12.003230111 5.483665747 
0.829255557 17.537617814 -0.246713015 
0.743856381 17.372812977 0.668162021 
-10.662531773 12.928660864 0.314105601 
-10.522933532 13.002899193 1.236220090 
-0.441063069 16.446641396 -5.904342081 
-0.261638446 17.892892528 -1.096242952 
-10.138803998 12.379072775 3.413507690 
-10.510993467 13.346571539 1.394131961 
1.121072793 17.308346568 0.499167798 
1.015642975 17.341563215 0.466644745 
-10.917980675 12.741058796 -0.470101655 
-10.939165248 12.684187611 -0.908895347 
1.192442193 17.167364894 0.582753182 
1.148615689 17.192965499 0.573382683 
-10.881348003 12.648551812 -0.269239099 
-10.833830936 12.610565889 -1.283585532 
-1.850895307 18.341226851 1.590717572 
-2.109507436 18.283919175 2.094282523 
-7.441386564 16.122479019 -2.454512169 
-6.119901142 15.779627317 -4.300126728 
0.369346353 17.834829293 -0.467890205 
0.402888950 17.692282630 -0.131903740 
-10.946000677 13.173240847 1.220550909 
-10.204661568 13.921777570 -1.273563215 
1.102296170 17.262775376 -0.902237785 
1.016544809 17.235216641 -1.303065586 
-10.905148530 12.587879010 -0.014138874 
-11.058920333 12.376193571 1.027100204 
0.773591594 17.269186982 -1.968055721 
0.918087921 17.311872882 -1.461522841 
-10.875197169 12.575938293 1.363460556 
-10.872301925 12.492740358 1.613492790 
-1.807694641 14.562914699 6.753181903 
-1.452264255 14.732818234 6.492594737 
-6.914908856 12.446074215 -6.018149631 
-6.321936044 12.649614044 -6.173398602 
-1.715588408 14.475128386 6.725833598 
-1.107539284 14.715690500 6.322290801 
-6.421783123 12.390957888 -6.190148110 
-8.382249787 11.771124507 -5.322660491 
-1.265292754 14.893348799 6.189007390 
-1.676619279 14.565234641 6.663005489 
-6.092387645 12.580820462 -6.285726977 
-6.628410264 12.438626466 -6.134668210 
-1.411811377 14.845656408 6.362881416 
-2.146995414 14.694939965 6.654837841 
-7.117608459 12.400146581 -5.932988599 
-6.586118773 12.666805293 -6.024754319 
-0.248460828 15.493065208 -5.333571164 
0.455953149 15.713975428 -4.546220056 
-8.399475555 12.083013491 5.268949710 
-8.072074747 12.105924440 5.522184969 
-0.622538495 15.350194934 -5.541233013 
-0.935115485 15.086933647 -6.000124235 
-7.960916447 12.226484560 5.495101026 
-8.187820667 12.062271893 5.502360212 
-0.230893943 15.409569045 -5.226070555 
-1.781823100 14.714065309 -6.578028361 
-7.922416190 12.199459241 5.529594729 
-8.487072327 11.844945803 5.296254651 
-1.135660049 15.002590344 -6.130656683 
-0.991791664 15.111734637 -5.965879022 
-8.310852807 12.022339789 5.344649352 
-8.081345706 12.160165116 5.446668193 
0.757288977 17.524267618 -0.521419767 
1.535567788 16.969472152 -0.997147254 
-10.958924355 12.767092620 0.017141578 
-11.072651321 11.994997288 -0.442896380 
0.478575879 17.656641451 0.034648598 
0.600439921 17.614882234 0.581370425 
-10.872911386 13.001723273 0.197525892 
-10.807733258 13.070791106 0.791231628 
0.666163293 17.554624504 -1.300156148 
0.553209374 17.611195957 -0.567652631 
-10.819017248 12.968164784 0.814246259 
-10.916877169 12.881445189 0.506065398 
0.862163749 17.490897051 -1.002278065 
0.698235600 17.440576582 -2.005548517 
-10.991480026 12.709167169 -0.651424371 
-11.004268914 12.682669099 -0.692020054 
0.788986535 17.422034369 0.019166023 
0.827229592 17.377266722 -0.409629996 
-10.888940098 12.621516472 0.785935439 
-11.036271676 12.407253460 0.667751061 
0.794830660 17.442046822 -0.153330237 
-1.724706275 16.046440726 -6.536272739 
-8.811235634 13.762989685 4.505500970 
-9.601252657 14.834880268 1.952571532 
0.628542754 17.487926365 -0.106119874 
0.802069199 17.407346491 -0.683833685 
-10.929089473 12.479550896 1.508557265 
-11.014276064 12.465682037 1.069009444 
0.850349457 17.418346888 0.036922316 
0.762462884 17.287614653 -1.430192424 
-11.042662373 12.327672773 1.344534675 
-11.047394443 12.442175615 0.755117225 
0.692444010 17.315963847 -1.036354048 
-1.317487826 17.456466709 2.752794154 
-11.115278206 12.112144496 -0.705044617 
-10.431891604 10.757289548 -3.644931700 
-0.203919818 14.762127236 5.702088379 
-0.121268495 14.816685798 5.563551104 
-8.695699587 12.201930777 -4.933989289 
-8.634247947 12.174515909 -5.012813822 
0.349039686 15.133562992 4.654826904 
0.168854023 15.059835151 4.895179112 
-2.386198343 13.402623895 -5.713168617 
-4.565073587 13.433526040 -5.849181652 
0.204947599 15.928977817 4.765843058 
-1.904167336 15.123119345 6.257415443 
-8.363915128 12.022329870 -5.233038673 
-6.861303413 13.441363291 -6.002982579 
0.112130959 17.313934618 -1.725448403 
1.636492920 16.473761699 0.233190627 
-9.347132582 13.422099181 3.033626330 
-7.223219480 12.624817002 5.762836302 
-3.111858150 16.857491643 -5.054460509 
-2.042402055 15.346851715 -5.971049391 
-8.832869593 13.113522371 4.658906048 
-7.404172688 12.758209847 5.905795960 
-2.140956228 14.628259634 -6.568404288 
-1.777290383 14.772915072 -6.355406914 
-7.786371998 12.385816787 5.766738276 
-7.950849629 12.342937255 5.661104883 
-1.834283446 14.662064214 -6.635619400 
-1.878636141 14.162370210 -6.983622155 
-10.424749174 10.412496955 3.829006979 
-9.405945338 10.529417037 5.103775436 
0.583957447 17.568905432 0.196037189 
0.640793511 17.509588725 -1.494194696 
-11.179985290 12.173415455 -0.592958362 
-10.994988151 12.656304569 -0.821412905 
0.449373297 17.581876726 0.485164487 
0.578245887 17.557939201 0.289611855 
-11.014759835 12.674944503 -0.436782856 
-10.341266262 13.074382356 1.333575072 
-1.666275953 17.397504829 -4.177633437 
1.415647075 17.163687831 -1.092399016 
-10.630921897 13.328436540 0.835838179 
-11.175282419 12.346124071 -0.347968640 
0.663238850 17.951904744 -0.119576553 
0.241717552 18.049700053 -0.509252950 
-8.936216174 15.367520161 0.975761002 
-10.392712794 13.328119807 -2.478537424 
0.627648651 17.333239708 -2.020467785 
0.581802893 17.332617780 -2.081888606 
-11.002815426 12.778627115 -0.085236290 
-10.976291300 12.811835539 -0.412578895 
0.666552649 17.313456970 -2.063053480 
2.075425335 16.530576753 -0.200685786 
-9.944362795 13.361241519 -2.344946556 
-8.721440669 15.228072735 -2.113332259 
-0.154176096 17.405186436 3.063643004 
-0.229945153 17.830089070 1.979458051 
-9.365711585 13.827160955 -3.813044625 
-10.332858085 13.574930627 -2.517004165 
0.710879149 17.481698413 -1.035911203 
0.600706356 17.463989040 -1.344788390 
-10.939825064 12.853498376 0.246937695 
-10.984862977 12.802898231 0.138356380 
-0.167719464 15.824159235 4.878603754 
-0.239613217 15.766867422 4.994865399 
-7.555397775 12.507166923 -5.769635834 
-7.791695969 12.440720185 -5.640993770 
-0.072107615 15.917407847 4.685702568 
0.020982253 15.865280667 4.714735378 
-8.383285500 12.159521489 -5.351382451 
-8.620563695 12.083805076 -5.181025448 
-0.252408798 15.867807083 4.904299237 
-0.044861866 16.122251279 4.542913958 
-8.652704016 12.267825702 -4.945680839 
-8.868748176 12.210123660 -4.926891218 
-0.476313984 15.714164620 5.178389919 
-0.854771918 15.699516260 5.591158051 
-8.714538080 11.966595480 -5.179058349 
-9.008113128 11.913765934 -4.895267224 
-1.334019554 15.031603684 -6.349686229 
-1.817219702 14.733291084 -6.794409664 
-9.123146397 11.828558558 4.839389820 
-9.373981067 11.814873514 4.526886668 
-1.142600623 15.263380509 -5.938878858 
-0.463432864 15.115195855 -5.586673203 
-9.001201853 11.883524435 4.936475293 
-9.193939484 11.878852189 4.686005443 
-0.044054514 16.516411018 -4.103033201 
-0.535927743 15.656562694 -5.430833479 
-9.737603180 12.312159113 3.852561701 
-9.601845504 11.909609980 4.112079617 
-0.859290244 15.355535747 -5.734034440 
-1.271191503 14.977418565 -6.394263680 
-9.034599787 11.943161750 4.839049477 
-9.051552547 11.853190415 4.903598406 
1.192097938 16.984923448 1.322905889 
1.136316956 17.134373414 0.548105271 
-10.835751426 12.324526545 1.023648111 
-10.759583776 12.271199576 1.338745451 
-0.194017330 17.605947374 -0.958875750 
0.346659387 17.416080142 -0.052268637 
-7.041691854 15.284288511 3.563011858 
-8.878827196 14.444902767 2.758631037 
1.189751855 17.241396827 0.575191415 
0.997446642 17.208637328 1.344013894 
-11.059081251 12.058715158 -0.964377332 
-11.051121696 12.058758254 -0.994535424 
1.175287668 17.144069841 0.553383926 
1.601836722 17.058375690 -0.832533889 
-10.924286726 12.480347053 -1.109951204 
-11.054874201 12.321234760 -0.979616122 
-1.466401730 16.509777517 5.689433450 
-0.714385798 18.047897342 1.217006522 
-8.090160036 14.166172644 -4.427089039 
-8.832027735 15.238714045 -2.246520447 
1.010010473 17.308847186 -0.942895182 
1.021625909 17.094717740 -1.357003709 
-10.752247922 12.707873565 0.639036588 
-10.809491022 12.545116668 0.915096360 
0.951947543 16.991902628 -1.839939576 
0.424616648 16.802584358 -3.008686353 
-10.713573000 12.640599150 1.651445889 
-10.857220959 12.570084789 0.780501346 
0.682787276 17.096951180 -2.274935447 
0.809065475 17.167766583 -1.810145944 
-10.787802456 12.752120192 0.144055819 
-10.775407397 12.600669760 1.909738428 
-0.883126449 15.238740812 5.879204823 
-1.102315223 14.992618910 6.195230349 
-6.817487878 12.796068956 -5.974211662 
-8.579528347 11.886026599 -5.031622133 
-0.545416382 15.595222646 5.477865434 
-1.025029909 15.298734429 5.952609914 
-7.342981784 12.822246204 -5.750263785 
-8.037866293 12.471523265 -5.468948428 
-0.394750738 15.646449427 5.245437490 
-1.247653733 15.277588564 6.013855694 
-8.005758167 12.281127729 -5.588388870 
-8.366503789 12.128567829 -5.395413781 
-0.823184446 15.349359263 5.803765907 
-1.081924006 15.287001345 5.941471216 
-7.820214244 12.367941224 -5.682393567 
-8.157243975 12.212805190 -5.521034153 
-0.752962980 14.864618101 -6.050915465 
-0.374118397 15.165036814 -5.492115236 
-6.697797057 12.450797990 6.052160048 
-7.717582846 12.002565865 5.698386093 
-1.052086610 15.024407085 -6.251888234 
-1.564235771 14.657671421 -6.815940010 
-7.704092868 12.332816747 5.740796344 
-7.881357585 12.230663239 5.659912730 
-1.757500847 14.835629901 -6.518398080 
-2.266944536 14.500859395 -6.997041233 
-8.182983036 12.072882513 5.464701096 
-8.334052815 11.992960903 5.381509634 
-1.694620216 14.624792864 -6.699142325 
-1.678910820 14.649710250 -6.667294880 
-8.228615849 11.906604139 5.505739713 
-7.973052376 12.109392673 5.561853328 
0.720214987 17.565720665 0.158602870 
0.689410949 17.579690569 0.164905094 
-11.017773055 12.766768564 -0.009435570 
-11.026583060 12.666284523 0.125533413 
0.936123965 17.404806406 -0.299353057 
0.700106060 17.533056405 -1.402007964 
-11.044259617 12.492399667 -0.229754358 
-11.086261112 12.623044078 -0.099845055 
0.670972602 17.168591948 2.043334863 
0.845653267 17.158281939 1.849770109 
-11.005854623 12.585919909 0.569770272 
-11.052673959 12.539699583 0.243356985 
0.716367852 17.460845110 0.845477265 
0.728544594 17.482973116 0.569726093 
-10.978507690 12.725925528 0.245933460 
-11.010718589 12.679867412 0.195866357 
0.130920285 17.325352448 3.503786612 
0.006255684 17.222265925 3.947479222 
-10.877329054 12.878086896 0.361433225 
-11.091760086 12.493484620 0.216402459 
-1.567713533 16.862448564 4.848552241 
-3.186904402 16.077478561 6.055726559 
-10.740791184 12.169271996 2.425905802 
-10.693981290 12.456491954 -2.632295312 
-2.363657692 16.115546516 -5.432374256 
-1.520846997 16.167263150 -5.101810481 
-9.959026294 13.719139066 3.560237302 
-10.297988703 13.142859447 3.456479834 
-0.921928295 17.501916840 4.235982591 
0.478319602 18.069326109 -0.497605614 
-8.980777161 14.803924210 2.565584036 
-10.460778422 13.590544200 0.188542711 
0.208991865 14.577378106 5.440440762 
0.238788560 14.535888438 5.497310970 
-7.478122027 10.955407190 -5.930926231 
-7.721235952 10.863375798 -5.790204461 
-1.316827270 16.115012490 4.599087213 
2.349416223 14.525147354 3.299711497 
-3.535212882 12.636792676 -6.429151506 
-7.674875054 11.044224328 -5.715296670 
-0.776699538 15.434809643 5.873790178 
-1.273734569 14.535164283 6.340122141 
-8.022849361 9.903119971 -5.731172211 
-7.675015436 12.231787922 -5.757696715 
0.983544144 16.275309978 3.434018806 
0.829429820 16.318140414 3.378847993 
-7.574765031 11.428509004 -5.839815789 
-7.605623679 10.890492444 -5.853293202 
-0.528848061 15.683914881 -5.313273227 
-0.639016502 15.621261720 -5.440209906 
-9.191031029 12.095381531 4.597258104 
-9.343919308 12.019162906 4.474431921 
1.781511292 16.639948486 -2.959541712 
-1.890379731 14.575643741 -7.419198573 
-6.857553981 13.850292496 4.718388306 
-4.301042659 13.335840551 6.063176177 
-0.245319621 15.497075281 -5.121035609 
-1.181466403 15.061383382 -6.170327534 
-7.928425575 12.133362336 5.661812406 
-8.250662951 12.181455620 5.443210862 
-0.453142784 15.133051110 -5.806101891 
-1.415991579 14.586391581 -6.701250501 
-7.020532188 12.202606799 6.124766384 
-7.577273773 12.131143895 5.852174740 
0.496943712 17.546125416 -1.937872049 
0.631387764 17.452806400 -2.321851038 
-11.005490989 12.769079098 0.242973406 
-11.020015953 12.747046761 0.369221516 
0.561185020 17.506141568 -2.131315814 
0.598129217 17.520725372 -1.939084316 
-10.937853034 12.835739183 0.615599876 
-10.772024615 12.982371389 1.024215289 
0.615655706 17.492436058 -2.047016971 
0.781542191 17.488818489 -1.735871701 
-11.037563620 12.719477584 0.138113868 
-10.984359627 12.790158875 0.470705778 
0.501284845 17.461051973 -2.503617455 
0.564057897 17.449223870 -2.446749336 
-10.999596586 12.742732989 0.562787768 
-10.958225448 12.818519089 0.513972161 
0.700586104 17.500567361 1.157686336 
0.610179705 17.515279682 1.356519615 
-10.989932603 12.703922308 0.063712745 
-11.016136636 12.642347832 0.305941680 
0.513871804 17.485972865 1.896504605 
0.547188478 17.489424848 1.795688858 
-10.885999770 12.839550680 -0.158536703 
-10.912168441 12.806446913 0.005376898 
0.961219537 17.450128793 0.578054612 
0.934182070 17.451950780 0.064339822 
-10.987397998 12.617582258 0.876432063 
-10.978459398 12.689463382 0.383855106 
0.889002800 17.450489730 1.206398015 
0.752896158 17.497757009 0.976257656 
-10.938933049 12.747193830 -0.339254421 
-10.925134101 12.746237583 -0.579460053 
-1.890018078 14.463698777 6.917048708 
-1.958842580 14.388544446 7.015023324 
-6.588399189 12.656048073 -6.017439577 
-7.319770343 12.411224018 -5.794486044 
-1.669491892 14.481626593 6.809204717 
-3.057229790 13.220521316 7.805657581 
-8.519352165 14.418021104 -3.566004695 
-9.252850707 13.887729368 -3.153070770 
-1.251513703 14.953256529 6.266740828 
-1.051733323 15.131380351 5.984576264 
-6.939083268 12.603930667 -5.916549984 
-6.399013121 12.800739597 -6.045670503 
-1.553033500 14.731980052 6.587004382 
-1.798583349 14.657478784 6.703942083 
-6.971630328 12.561989202 -5.924051660 
-7.164005653 12.447999172 -5.878172013 
-0.898019208 15.205106561 -5.953300030 
-1.514458913 14.246837550 -6.833014241 
-8.780697246 12.016498223 5.025578427 
-7.515816794 11.604550498 5.996267991 
-0.942159203 15.192867595 -6.007417171 
-0.767620168 15.347708473 -5.765238090 
-8.738456128 12.024025528 5.079762729 
-8.088402098 12.275884971 5.497379166 
-1.140270992 15.151744936 -6.096407811 
-1.347264742 15.095554579 -6.248966139 
-8.799724489 12.089270345 4.976062637 
-8.557035216 12.175977165 5.165676004 
-1.509062831 14.921310378 -6.465931211 
-1.326604950 15.000354308 -6.302691412 
-8.773208825 12.107967570 4.984974014 
-8.894014311 12.039725203 4.898438305 
0.771851928 17.516725620 -0.967964845 
0.578366700 17.416268585 -2.401544342 
-10.972274169 12.727114722 0.460342184 
-10.910062403 12.812381922 0.533762308 
0.658818808 17.549464841 -0.969588697 
0.685001176 17.535306942 -1.164646823 
-10.978500853 12.732476064 0.379815116 
-11.005916906 12.710400890 0.309376222 
0.874819591 17.479479630 -1.022742759 
0.870710362 17.466733989 -1.208487852 
-10.905759698 12.785333420 0.765982536 
-10.788836807 12.910289284 1.002531585 
0.776741140 17.480022083 -1.505138589 
0.837788180 17.380828423 -2.201411374 
-10.420259464 12.647737275 2.495037762 
-9.824310862 13.828492759 2.274511641 
0.785703985 17.421576634 -1.426605266 
0.594577751 17.500237272 -1.219454554 
-11.048734055 12.750982490 -0.211680221 
-11.074294307 12.699916262 -0.118120389 
0.781158116 17.495482100 -0.831209075 
0.837756489 17.532840355 -0.232451653 
-10.980159343 12.814288047 -0.404272955 
-11.044904544 12.739314205 -0.039729882 
0.688805677 17.368480477 -1.694253443 
0.359174711 17.680881278 1.679358977 
-10.998009248 12.755437022 -0.164498486 
-9.240484270 14.050538161 -3.294610958 
0.769802001 17.535494610 -0.474614105 
0.732506612 17.538599721 -0.644431895 
-10.940188255 12.871179526 0.400386077 
-10.958195838 12.878702573 -0.167017379 
-1.077144252 15.311087648 5.932350756 
-1.740642890 14.958010206 6.551103480 
-8.173840422 12.304599292 -5.433045119 
-8.181704032 12.356609897 -5.380090214 
-1.195373729 15.167827100 6.152445269 
-1.165325366 15.218147151 6.071132944 
-7.861715319 12.480943045 -5.551537192 
-7.836628360 12.516757388 -5.541556424 
-1.534448863 15.249547490 6.167800517 
-1.310162427 15.290874285 6.041437466 
-7.684232345 12.393704319 -5.754796034 
-7.505687625 12.559426992 -5.751236302 
-0.921751540 15.467662122 5.698540873 
-1.100247760 15.296911143 6.002896009 
-7.059915254 12.698255324 -5.920160979 
-7.481731770 12.525223255 -5.798927696 
-1.719852524 14.772142748 -6.694501035 
-2.244215295 14.504400859 -7.081555855 
-9.446651957 11.735615011 4.499108848 
-9.444445186 11.773607676 4.456794696 
-1.583434598 14.821782784 -6.575735245 
-1.417824037 14.921420336 -6.478035379 
-9.257509151 11.841207991 4.654366755 
-8.857237836 12.021947928 4.949174547 
-1.008874260 15.227668105 -5.983289503 
-0.729353950 15.439359293 -5.613967249 
-8.733348746 11.947412829 5.162645827 
-8.502792948 12.063809276 5.295007537 
-1.196437957 15.220079039 -6.034563490 
-1.417936610 15.040514840 -6.311886948 
-9.059928521 11.855838170 4.862686877 
-8.951482575 11.921736746 4.937490178 
1.109494266 17.413805580 -1.194175512 
0.979754584 17.478054377 -0.412501245 
-10.999884755 12.650300144 -0.934692249 
-11.041731714 12.652994275 -0.374778669 
0.963076628 17.429610822 -1.557070883 
0.931730526 17.446759911 -1.410295330 
-11.076166499 12.475522728 -1.245877200 
-11.081606925 12.617599006 -0.142422025 
0.904553770 17.471115214 -1.168804549 
0.794935951 17.497326645 -1.229515651 
-10.992089340 12.733341837 -0.389931313 
-11.036127261 12.675070194 -0.413294299 
1.000943816 17.418479937 -1.541686663 
0.958969841 17.479158746 -0.757984178 
-11.072047798 12.608698720 -0.510324002 
-11.084749785 12.608758430 0.222611419 
1.031164740 17.467518742 -0.337289077 
0.708462257 17.557317647 -0.265182475 
-11.019497365 12.745173032 0.546184019 
-11.040882125 12.723519753 0.604572289 
0.693533333 17.534621597 -0.747599545 
0.683474875 17.494194149 -1.067284324 
-11.018894609 12.766286587 0.586095231 
-10.998746580 12.806318913 0.302741313 
0.864069872 17.554530280 0.354797874 
0.639023182 17.590146237 -0.203017991 
-10.978392376 12.803998335 0.764799501 
-11.027613769 12.771853005 0.432340694 
0.582410905 17.624629625 0.015122940 
0.694031325 17.555662431 -0.373689392 
-10.966081611 12.736464545 1.214948684 
-10.977313183 12.782680771 0.881756932 
-1.141508123 15.305010636 5.949724428 
-0.910352178 15.394465197 5.772332221 
-8.042107193 12.408272832 -5.462234402 
-7.761238455 12.536477231 -5.596373250 
-0.877941396 15.397319246 5.751131426 
-0.932343188 15.415058043 5.747441477 
-7.626759351 12.734467808 -5.519250671 
-7.935939935 12.456170538 -5.515392681 
-1.153734565 15.250726664 6.014151378 
-1.324422764 15.189311085 6.146110549 
-7.836451604 12.562843787 -5.495964176 
-8.318294998 12.312006260 -5.301064065 
-1.608967293 15.040115675 6.381643034 
-0.757812038 16.578684300 4.512876166 
-8.420690346 12.319360660 -5.197698136 
-8.933257300 13.046844654 -4.186786741 
-1.523655748 14.920094417 -6.525324481 
-1.448601563 14.961180625 -6.422465985 
-9.123153215 11.926111088 4.670530105 
-8.897473412 11.966834041 4.891935141 
-1.275273002 15.016101948 -6.316193689 
-1.323110666 14.989955158 -6.386173898 
-9.212557667 11.919685630 4.599180074 
-9.070230586 11.907668320 4.768350019 
-0.942758266 15.112552021 -6.107995761 
-1.212950143 15.016448304 -6.280276412 
-7.958778173 10.820738825 5.950628490 
-7.547541520 11.219139298 6.098896711 
-1.990845349 13.846461288 -7.388222640 
-0.070066525 16.149315705 -4.748001377 
-9.316593394 12.981725782 3.845917202 
-8.351122141 11.048285254 5.622638084 
0.708660410 17.591529162 -0.484263899 
0.728263425 17.564407709 -0.345605809 
-10.382987159 13.301309048 1.628924606 
-10.584762116 13.221689327 1.010327045 
0.523338727 17.617966311 -0.786009074 
0.868370267 17.499662211 -1.118420977 
-10.573443029 13.108381984 1.447201152 
-10.651409082 13.070026253 1.285969866 
0.566280573 17.580322413 -1.516146003 
0.542810661 17.508152018 -2.120131525 
-11.008186130 12.749309641 0.186433172 
-10.959219816 12.828929424 -0.215935632 
0.809482315 17.531944988 -1.101216545 
0.833090031 17.532740627 -1.013567856 
-10.971148560 12.793752134 0.297690909 
-10.993527605 12.776249543 0.198725704 
-0.801140996 18.211818046 0.564055161 
-2.103217344 18.299427882 1.998017676 
-10.276243523 13.994147358 0.274067166 
-10.451689943 13.801816081 -0.003814411 
0.964512249 17.349104360 1.103197519 
1.062998936 17.300273594 -0.306573267 
-10.208789259 13.291410141 -1.636648783 
-10.492548245 12.926509315 -1.376371154 
1.151079801 17.139270080 2.492195411 
0.566688862 17.357776100 2.321252935 
-10.699058013 12.727455258 -1.073914464 
-10.543822700 12.765667278 -1.466064682 
1.091339120 17.325382852 0.554506204 
1.066562158 17.334965602 0.342150356 
-10.927924009 12.515307985 -0.243585572 
-10.936108593 12.450970280 -0.173225406 
-0.591337236 15.117908823 5.879188640 
-1.056720619 14.874411384 6.387482605 
-8.035749752 11.993921392 -5.613189331 
-8.367855803 12.450213097 -5.244105188 
-1.009139632 15.149544436 5.984242286 
-1.002009517 15.224686974 5.886646758 
-6.645935427 12.568195007 -6.158101077 
-7.194547454 12.359532235 -5.958081045 
-1.509666279 14.674411906 6.738410752 
-1.556244687 14.569994294 6.833658189 
-7.432071123 12.267593696 -5.921748334 
-7.890683521 12.079611556 -5.694734091 
-0.942298149 15.541548935 5.885626068 
-1.227093935 15.407265174 6.067971914 
-8.739804078 11.197933965 -4.968197031 
-7.594394737 12.847827830 -5.054673803 
-1.455243361 15.018998642 -6.272916058 
-1.180123199 15.215411078 -6.009635896 
-8.082259623 12.290457475 5.446474491 
-7.456500747 12.583533935 5.738527972 
-2.073427862 14.754232670 -6.744000651 
-1.178811996 15.105750793 -6.107570424 
-8.454239165 12.161898957 5.293445210 
-8.205695897 12.219511957 5.448041991 
-2.437461404 14.383512618 -7.179008855 
-2.130318937 14.756443011 -6.784922189 
-8.691672672 12.060881052 5.110555672 
-8.433461929 12.210468838 5.280032335 
-0.088062235 16.768255336 -4.177480120 
-2.388436604 14.336566780 -7.216122388 
-9.015732449 12.070974770 4.765773439 
-9.846080266 13.768945434 1.800775635 
0.713445057 17.026263468 2.403339674 
0.583948973 17.012209208 2.584173936 
-11.022024903 12.080587803 -1.058908587 
-10.974029604 12.379137308 -1.206724375 
0.920622450 17.062755439 1.631577197 
1.018088489 17.060774043 1.493997048 
-10.865306228 12.466242803 -0.898341944 
-10.931451408 12.379828757 -0.646334030 
0.245418813 17.905536622 -0.708303399 
0.400577261 17.790671186 -1.664004139 
-9.880620633 13.966202244 2.600359956 
-10.409997878 13.838370469 1.072609557 
0.160850624 18.286684561 -0.482982886 
0.389671618 18.062810312 -0.824829844 
-10.312903896 13.686282127 1.429591095 
-10.151213029 13.758978877 -3.581173235 
1.349175961 16.981048496 -1.192566185 
1.141447002 16.919533815 -1.934393062 
-10.907646233 12.347240705 -0.084527233 
-11.004411222 12.102875927 1.603951237 
0.819278445 17.587121282 0.002942867 
1.348611720 17.240607095 1.053127329 
-10.772677030 12.956512268 1.184520939 
-10.590822287 12.889543280 -0.052686581 
-0.181918437 17.686560452 1.092323362 
-3.010647696 15.280783561 7.498315084 
-8.329918679 14.673591011 -3.585355098 
-10.115356734 11.626258597 -2.873633904 
1.716634296 16.987286433 0.803282686 
1.654912574 16.748180471 -1.186575215 
-10.907548911 12.351236687 -0.722299489 
-11.057460405 12.118835823 1.558395430 
-0.559009131 15.341089543 5.492394941 
-0.810094241 15.225181063 5.729819438 
-7.411870992 12.115745744 -5.967846136 
-7.432267586 12.145170626 -5.921114680 
-0.107881641 15.648235175 4.859929951 
-0.453681098 15.398735600 5.395138588 
-6.398640344 12.553085423 -6.197100808 
-6.760374117 12.521165582 -6.039785471 
-0.883014999 15.225992217 5.782099560 
-0.891729355 16.096844645 4.662454232 
-7.253011134 12.383412120 -5.917953134 
-8.170208319 13.371186365 -4.905681971 
-1.084732632 14.715015066 6.243251654 
-1.260349119 14.534703173 6.424973701 
-6.652529085 12.237167612 -6.114771724 
-6.998809219 12.002482642 -6.051143880 
-1.248885387 15.109222148 -6.118292599 
-1.968245865 14.822927914 -6.598250719 
-7.570147727 12.562151820 5.671108701 
-7.891074898 12.340726263 5.610748638 
-1.049385017 15.155894989 -5.980992630 
-1.726823724 14.910907825 -6.452068195 
-7.867862487 12.367592793 5.563699632 
-7.510930298 12.470436171 5.746313275 
-0.840223326 15.853213272 -5.389276094 
-0.967625005 16.969063599 -4.433144451 
-8.652096164 12.504802126 4.841351321 
-9.444155799 12.463152760 3.878029501 
-1.451849043 15.166183697 -6.121499878 
-1.623166047 14.880006086 -6.372628935 
-7.070111252 12.702026108 5.932045822 
-7.378781641 12.404920065 5.887529733 
0.897734558 17.431635666 -0.342395919 
0.848962139 17.412992235 0.334935528 
-10.798449259 12.533211245 -1.848568337 
-8.964271375 12.757916666 -4.572114454 
0.744573579 17.476236756 -0.047728212 
0.805155363 17.467752590 -0.333474615 
-10.809472948 12.599986758 -1.732630890 
-10.923552881 12.565837235 -1.226613573 
1.312720456 17.019067253 0.692048941 
0.803167215 17.453119125 0.095521584 
-10.909078095 12.479615873 -1.630327895 
-11.062719974 12.343813442 -1.256316724 
0.806214603 17.464331971 -0.883444220 
0.876027055 17.440739858 -0.217804368 
-10.887522290 12.509448791 -1.578378720 
-10.952637816 12.493781837 -1.329215229 
0.757594103 17.559195640 0.767833928 
0.678266337 17.587548879 0.556604395 
-11.066471739 12.641898882 -0.657969981 
-11.051848157 12.719822266 -0.110554230 
0.762455599 17.562419673 1.004740037 
1.296384404 17.416941631 0.855528867 
-11.045937629 12.726881363 -0.054868880 
-11.295654285 12.366190751 0.253838906 
0.704338283 17.568567743 -0.080758825 
0.728580526 17.574708760 0.250687655 
-11.175548743 12.533643047 -0.311251862 
-11.024851813 12.735784121 -0.373180613 
0.753232536 17.561505915 0.904495259 
0.761747462 17.553204351 0.747981281 
-11.307049637 12.325308984 -0.507176721 
-10.982868701 12.761144491 -0.668317806 
-0.698499099 15.348875413 5.729642768 
-0.817363932 15.439574783 5.668579894 
-9.960819930 11.705836565 -3.808042814 
-9.674997357 11.799181875 -4.135336202 
-0.350191678 15.176204638 5.917870252 
1.695342905 15.348822546 3.010194523 
-9.675953539 11.874150993 -4.087468644 
-9.464909854 11.960835689 -4.291342472 
-0.711430947 15.515783523 5.539774464 
-0.033985511 15.737229220 4.925550414 
-9.374971453 11.895986976 -4.456043960 
-8.856582437 12.103877109 -4.903493025 
-0.386817802 15.568094602 5.301851171 
-0.519262098 15.392978508 5.610000412 
-9.223009266 11.908266425 -4.675482923 
-9.308556391 11.905989064 -4.550662615 
-2.396083555 16.200017269 -6.380970684 
-1.372091652 16.923846319 -5.289216993 
-4.790028662 13.651947566 5.991368458 
-6.160766845 12.565050571 6.353930055 
1.037446243 16.370066449 -2.347067702 
-2.039329997 13.697716586 -7.652390514 
-2.405853497 13.443886772 6.193671606 
-5.571439855 12.659438007 6.422694694 
-2.357909431 14.156738451 -7.216040502 
-2.599062840 14.005639917 -7.411095287 
-9.667125162 11.193540673 4.151074995 
-9.634381169 11.186994503 4.231905616 
-3.248130423 12.981571612 -7.791308521 
-3.217571135 12.955119567 -7.828862316 
-7.662418330 11.699204625 5.978877472 
-7.719170499 11.666224565 5.986880228 
0.154732555 17.168273961 -3.537455771 
0.188220223 17.040428631 -3.974950447 
-10.666346110 12.632985872 1.841789142 
-10.901484157 12.387781431 1.511858582 
-0.465563537 17.813356329 -1.040016361 
0.035332155 17.567089317 -1.512211919 
-11.654702371 11.508240836 -0.920487638 
-11.015982765 12.720077437 0.818838425 
0.493115096 17.999902074 -0.840905930 
0.975052564 17.823664893 -0.420784685 
-10.159148162 14.771949005 -0.961309457 
-10.531829547 13.947669365 -2.375118511 
-0.216251194 17.844891759 0.042667621 
1.215990057 17.000136364 -2.875462719 
-11.191224757 12.414956421 0.588526628 
-11.249909928 12.136334778 0.929188535 
0.469688084 17.541463565 1.838496414 
0.443566760 17.476742545 2.348903354 
-10.961805867 12.782329770 -0.348894204 
-10.998132467 12.749908387 -0.261903493 
0.817845008 17.520609392 -0.362937961 
0.856874884 17.465992493 -0.573649282 
-11.005803589 12.689439217 -0.586541220 
-10.890280026 12.882330123 -0.609229714 
-0.917182824 18.154455835 1.644678945 
-0.051877379 17.968832389 1.214164799 
-10.429498705 14.259260378 -0.698208199 
-10.103900385 14.520585751 -1.104711603 
-0.039047574 17.915712190 0.090961273 
-1.564537069 17.748399731 -3.166500490 
-10.500929932 14.369929890 -0.027871409 
-9.999287033 14.572290348 1.851012072 
-0.666940457 15.108222580 6.095102696 
-1.543497362 14.939583171 6.447673568 
-8.795277044 12.146624922 -4.967401504 
-8.896894725 11.923711476 -5.059480208 
-1.186949453 15.221494729 6.140889108 
-1.590092431 15.086673943 6.404284062 
-8.232685766 12.304169633 -5.392848679 
-8.536850629 12.214035215 -5.190284209 
-0.715351686 15.540367929 5.511773871 
-2.795823944 14.145830987 6.896489145 
-9.486472780 12.739058028 -3.769861046 
-9.204506447 12.709166063 -4.414413672 
-2.625269463 14.661121350 6.533309149 
-3.194613591 14.094297066 6.848783349 
-6.058864021 12.795987445 -6.187649480 
-6.190124238 12.630488644 -6.162422501 
1.022435917 16.157131639 -2.412644397 
-2.421017331 14.587942745 -7.158932965 
-4.431501877 13.800164906 5.733718565 
-5.659065160 13.438913801 5.722303258 
0.135741333 15.731960983 -5.227170986 
-0.186647209 15.543520864 -5.711763644 
-9.607060916 12.189071981 3.921914596 
-9.470447293 12.152804732 4.156463237 
-0.131527673 15.463361584 -5.621429356 
0.024297817 15.346038850 -5.734835121 
-8.841689399 12.545618922 4.859162793 
-9.803777947 12.206516672 4.014261610 
-1.356471141 14.894252752 -6.337421229 
-1.856492583 14.700332736 -6.200552017 
-8.358701422 11.177841349 5.405066205 
-7.976730972 10.262615618 5.835251514 
0.634655326 17.560109102 -0.981277995 
0.766986598 17.521439310 -1.114496568 
-10.952440183 12.823377947 0.287852380 
-11.033116653 12.695485162 -0.505585107 
0.575906132 17.369765197 -1.603947764 
-0.536761016 18.284821933 -1.316117552 
-10.130501410 12.493652350 -3.351548385 
-10.741890363 12.306635732 -0.179045080 
0.790192374 17.499541826 -1.038059236 
0.988337697 17.463270542 -1.177211303 
-10.854353910 12.875029883 0.641632829 
-11.031733388 12.718040999 0.183889285 
0.777294351 17.533289631 0.171187454 
0.817344549 17.530723466 -0.049461529 
-10.892920277 12.873563356 0.677506314 
-10.929218704 12.799718052 0.644194094 
0.656413087 17.544049256 0.709927111 
0.698859202 17.528238218 -0.076344472 
-10.966684101 12.708214123 0.609491477 
-11.002837084 12.690868203 0.361741098 
0.809368687 17.506787038 0.771308129 
0.820006618 17.445432674 0.035510357 
-11.087488334 12.611652540 0.127615256 
-10.981335806 12.623472301 -0.168553143 
0.651835826 16.776564994 -2.617438918 
0.385422810 16.886528770 -2.349140254 
-10.364176315 12.529625635 1.387678078 
-8.998730331 12.936926408 4.386601526 
0.752291946 17.218937406 -1.759662523 
0.220749775 17.308668394 -1.816338822 
-10.571723453 12.750299436 2.010237840 
-10.674410960 12.679862169 1.815016014 
-0.242923769 15.544822242 5.159481098 
-2.620684389 14.729952126 6.524426253 
-7.300817800 13.264596336 -6.169456421 
-6.328030427 12.964673927 -6.545517590 
-2.805051079 14.975604565 7.114035241 
-0.888142033 15.472139916 5.687619415 
-9.645490065 11.956030039 -4.236946158 
-9.103176101 12.248044428 -4.711917161 
-2.333717157 13.667342190 7.748907685 
-4.526915603 13.184603373 7.741584048 
-8.770845153 12.258130603 -5.427042480 
-5.524330540 13.454863635 -6.592887918 
-4.725504922 14.117521971 6.932196060 
-3.242360126 14.941484210 6.619176397 
-7.592431552 12.928948658 -6.086219886 
-8.375151988 13.199340745 -5.102251031 
-2.491236683 14.361848677 -6.859647865 
-3.578271902 13.923520877 -7.253360386 
-6.346511651 12.715409367 6.393584411 
-5.888299566 12.536216706 6.675178160 
1.813900930 16.512878319 -1.930589626 
0.639357283 16.219497708 2.872554851 
-8.197220269 14.198002366 3.476448940 
-9.726322741 12.317269236 3.766123921 
-1.204333852 15.041549186 -6.485726064 
-1.650397948 14.668063211 -6.535222518 
-9.167378255 12.188340443 4.690471524 
-9.110581707 12.377023198 4.601466706 
-1.544719483 14.896103178 -6.191877980 
-2.518215508 14.460486094 -6.572728207 
-8.316259370 12.357548830 5.280600751 
-9.265507396 11.886086469 4.497621647 
1.259527268 17.149177027 -0.726591450 
1.613887144 16.984437897 -0.022899455 
-10.650344070 12.496161669 -2.131795450 
-11.103093780 11.940608166 -0.575281900 
0.714439761 17.578974820 0.297000426 
0.509375170 17.632775135 0.708577406 
-10.844666860 12.805474917 -1.685227142 
-10.981339579 12.843010199 -0.809550847 
0.753052889 17.540224449 0.188207856 
0.523742268 17.544525916 0.830797213 
-10.609041376 12.777851630 -2.461928128 
-10.744812036 12.764552115 -2.017282402 
0.598749586 17.558747088 -0.050451532 
0.608535122 17.550569436 0.215590515 
-10.803521428 12.745802416 -1.706954915 
-10.774550181 12.818854898 -1.599745976 
0.888371166 17.390615767 0.372547910 
0.903179942 17.367201298 -0.129191821 
-11.002349984 12.488013419 0.569814380 
-10.958160717 12.575208846 -0.220511069 
1.015858588 17.336666747 -0.544885314 
0.876804236 17.494073825 0.166358985 
-10.813052647 12.388706690 2.188031913 
-10.986334523 12.528220898 0.859405307 
0.842037820 17.421859425 -0.214007882 
0.795400801 17.405867370 -0.536446664 
-10.976901191 12.583312859 0.633447329 
-10.944581090 12.621887802 -0.697285468 
0.852275804 17.421070210 0.422351369 
0.766319741 17.385944705 -0.591420324 
-11.086063972 12.417833798 0.300028462 
-10.989193725 12.573719932 0.269764174 
-1.358035133 15.610955958 5.929380358 
-1.979521907 14.795184805 6.710928320 
-8.741020757 12.267465909 -5.017043462 
-8.674242307 12.138224573 -5.011988245 
-0.850913329 15.313414616 5.981003375 
-1.184316397 15.320070136 6.411551002 
-11.094462105 10.239312305 -1.556810912 
-9.855514877 10.724341090 -4.063291252 
-1.924742197 14.792981725 6.747077098 
-1.286809613 15.067256748 6.265559944 
-8.753726381 11.870222940 -5.002688923 
-8.528344136 12.028493715 -5.136559794 
-1.381608563 14.769536055 6.507928742 
-1.452959333 14.877242505 6.353893381 
-8.761341966 11.790953613 -5.008008807 
-8.345321298 11.893645368 -5.357903664 
-2.230781067 15.653078632 5.861041198 
-3.067523172 14.697068776 6.744754905 
-10.610909815 12.767787203 -0.999395159 
-8.031162003 11.540151748 5.744490555 
0.177820642 15.202258978 -5.402970926 
-0.056276713 15.021472871 -5.529315222 
-8.075909374 12.806826509 4.785747736 
-8.858972973 12.002512532 4.561894616 
-2.281967833 14.581975758 -6.629784172 
-2.486270086 14.533978745 -6.683397670 
-7.306425941 11.917728604 6.000173458 
-8.527536289 12.089417260 5.307465165 
-5.039875703 11.918810856 -7.546286697 
-5.753798936 11.749340799 -7.287337104 
-8.877337488 11.390770747 5.413925399 
-9.128410269 10.655826317 5.389138885 
0.455524789 17.315231355 -3.076851817 
0.768872684 17.479071877 -1.500225954 
-10.994220643 12.725828932 0.210765020 
-11.022623016 12.674397037 -0.213509298 
0.592019300 17.534408759 -1.411943731 
0.784589203 17.526744563 -0.787301573 
-10.969929212 12.755093604 0.243018596 
-10.693059325 13.002327549 1.183825997 
-2.532399477 17.094354717 -5.016801242 
-1.389907012 16.827123397 -4.901800209 
-9.146510836 14.093476538 3.170895296 
-10.082062354 13.932048344 1.120633304 
-1.057507911 18.094512683 -1.709483010 
0.853983768 17.453649000 -1.415567909 
-10.734657033 12.983364385 1.029943851 
-10.737747306 12.955691099 1.075918763 
0.852429497 17.405819533 -1.385239735 
0.820219021 17.503565119 -0.636642662 
-10.815532411 12.948993275 -0.955752742 
-10.885190548 12.884191597 -0.756422236 
0.699675265 17.510251343 -0.896414842 
0.869509492 17.500755838 1.281625575 
-10.618474997 13.071322484 -1.449959976 
-10.046425688 12.976789591 -2.833947445 
-0.489754355 17.861995595 1.994518573 
-0.157406432 17.889821895 1.580634800 
-9.700077547 14.096048990 -2.571794745 
-10.423976438 13.322034395 -2.209503248 
0.683366390 17.594516372 0.297655887 
0.444713660 17.658085026 0.431161906 
-10.434890932 13.291549816 -1.479623999 
-10.696840145 13.161178860 -0.764607897 
-1.077050597 15.316912523 5.968822906 
-1.166015611 15.296705361 6.023936014 
-7.604963966 12.463035155 -5.766933955 
-8.211457694 12.261444934 -5.449920442 
-1.017292802 15.280421958 5.963460333 
-1.137956473 15.161347862 6.177429681 
-8.074029201 12.267112769 -5.565852267 
-7.279117639 12.006500421 -5.889935236 
-1.327569968 15.062571953 6.271935661 
-1.788939238 14.777054201 6.887085508 
-8.413980061 12.082545399 -5.371626777 
-8.281535016 12.385197395 -5.354397704 
-1.567462292 15.049128612 6.349722136 
-2.016808260 14.756256622 6.772713598 
-7.933384911 12.182329974 -5.728177163 
-7.918782209 12.309016001 -5.629970040 
-2.145258248 14.582562720 -7.011440957 
-2.296473622 14.533744155 -7.106115108 
-9.386092530 11.634795000 4.657428321 
-9.154234737 11.899864970 4.728598992 
-2.581870117 14.445976517 -7.226916789 
-2.092590856 14.678416965 -6.909675313 
-8.780666913 11.748543793 5.248673198 
-8.436841892 12.073584109 5.335688121 
-2.260018872 15.204401879 -7.091782328 
-1.497441465 14.985553667 -6.439046272 
-9.809124758 12.366290681 3.728692298 
-8.295501139 12.135699752 5.385754249 
-1.909153812 14.797723167 -6.728347341 
-1.815345556 14.686432321 -6.866009848 
-8.416636122 11.801545131 5.539073838 
-8.463296256 12.077637197 5.270547163 
0.643539926 17.540722896 -1.150749757 
0.042973501 17.788826010 -0.626974149 
-10.982688736 12.762754337 -0.085389577 
-10.927185589 12.260204710 0.415509454 
0.295827044 17.526675531 -2.128036262 
0.469283501 17.474419805 -2.232600497 
-10.957602701 12.780612234 0.320883166 
-10.964459204 12.778029587 0.123813344 
0.400497964 17.625551134 -1.040679229 
0.222374244 17.693074440 -1.001251470 
-10.805069274 12.912776095 0.866882298 
-10.980248008 12.740285638 0.090055186 
0.460662369 17.563620832 -1.461965788 
0.558790384 17.579422799 -0.939485155 
-10.499685339 13.097724565 1.714708427 
-10.798693937 12.989941435 0.778508583 
0.447333911 17.514374961 1.967697822 
0.201522077 17.438962644 2.663835081 
-7.039858612 14.724900897 -4.791176648 
-9.553723497 14.304430187 -1.918234885 
0.776667057 17.547801398 -0.133240146 
0.892113832 17.521537282 -0.078097734 
-10.393306472 13.265041418 -1.823990908 
-9.848535663 13.673583664 -2.319246424 
0.924608534 17.478244372 1.469758099 
0.853672624 17.550632839 0.255456721 
-10.563315271 13.110835154 -1.590489140 
-10.614439820 13.056593542 -1.464488647 
0.312316664 17.551408208 2.243082722 
0.714741927 17.485885289 -0.802846447 
-10.166079379 13.436836337 -2.093455684 
-10.507913282 12.922378651 2.882664032 
-0.757725878 15.327957839 5.845596138 
-0.685780056 15.091523400 6.088262535 
-7.931103027 12.132918614 -5.738558167 
-8.118022788 12.136014483 -5.602303830 
-1.079371053 15.118192342 6.168314194 
-1.770744966 14.796836058 6.714092432 
-8.218371589 12.092595835 -5.548117710 
-7.791378406 12.258656319 -5.743253006 
-0.437226671 15.438966524 5.592143859 
-0.031703443 17.068717891 2.319082715 
-9.919845549 11.562355543 -3.654262182 
-9.950208499 12.170303737 -3.205957297 
0.845141298 16.967022347 2.462088001 
1.254400838 16.966403817 1.475356959 
-9.026918944 13.748405379 -3.386798546 
-10.597617084 11.175406098 -3.003674247 
-2.714683746 14.436985766 -7.137696511 
-3.293395049 13.931446610 -7.633999709 
-8.303495268 12.192499424 5.382773007 
-7.294160507 12.445120829 5.945165895 
-2.228321849 14.435266618 -7.108246162 
-2.369844730 14.310435852 -7.246746239 
-7.952568713 12.168461261 5.681561355 
-8.692998782 11.984485286 5.151820324 
-2.689852154 14.255313355 -7.359915313 
-2.733078459 14.271224819 -7.371247596 
-7.753896130 12.357025320 5.683265286 
-7.578569120 12.220839370 5.862694194 
-2.152411525 14.520357876 -7.006880133 
-1.641458016 14.607388310 -6.859099818 
-7.142339049 12.437229969 6.028747053 
-7.423164723 12.375609187 5.919304095 
0.250772875 17.294544660 -3.570832909 
0.206603813 17.423682250 -3.096804798 
-10.912886403 12.891017835 0.569786940 
-10.450826838 13.246429594 1.643874119 
-0.883481569 16.773993526 -4.956427633 
0.158314100 17.319467084 -3.375781831 
-7.679718541 14.418393183 4.676389396 
-8.059200115 15.418375161 3.028943242 
0.048520092 17.423487942 -3.170436203 
0.849416082 17.469181710 0.591937524 
-11.061943777 12.707963715 -0.227785951 
-10.444379128 12.910182064 -3.128626623 
0.499648637 17.389380568 -2.881177916 
0.433562381 17.423273881 -2.822424793 
-11.004063041 12.788753214 0.241040938 
-10.940884388 12.811291002 0.753040167 
0.612248673 17.569049941 0.080650445 
0.764037750 17.525542803 0.712402419 
-10.512531962 13.105822575 -1.664179784 
-10.391031432 13.265583899 -1.528927127 
0.579705236 17.552224198 -0.375613750 
-0.111901392 17.849588534 0.252407930 
-9.928471427 13.615237321 -2.184331021 
-10.103532115 13.528739577 -1.903084698 
0.299172763 17.649919860 0.725731047 
0.450346021 17.605508641 0.734563374 
-10.154565972 13.335425013 -2.115819771 
-10.106937848 13.520316770 -1.936199697 
0.514342047 17.588680262 0.612039165 
0.512736561 17.581394868 0.748219925 
-10.593358941 13.096375553 -1.365208932 
-10.800959460 12.921420184 -0.956323575 
-2.281781265 14.459226306 7.053720162 
-1.693241643 14.833337294 6.639154853 
-7.381659534 12.315510078 -5.969271540 
-7.242335991 12.437626293 -5.959180969 
-2.192873673 14.815514136 6.819960064 
-1.883941676 14.816428845 6.664920234 
-6.824631367 12.552319095 -6.145149387 
-7.202542708 12.613324211 -5.885620624 
-2.045285277 14.536388352 7.010400837 
-1.652117080 14.783421283 6.669781557 
-7.826751362 12.156181826 -5.755798018 
-7.434595662 12.432334652 -5.853275929 
-2.266884208 14.564551227 7.012192876 
-1.998742878 14.738882563 6.842888671 
-7.371253016 12.438662750 -5.874471314 
-7.318629368 12.505845690 -5.863642941 
-2.742302554 14.044373824 -7.574527675 
-2.427045079 14.343074639 -7.240678810 
-8.845164104 11.798726558 5.180679008 
-8.835038973 11.852082994 5.148096447 
-1.818438542 14.828637783 -6.785634518 
-1.393100981 14.860116618 -6.586711713 
-8.866582160 11.698899467 5.216621863 
-8.493517981 11.992550775 5.386293415 
0.762750450 17.047051747 -2.045998489 
1.155533084 16.975515613 -1.598941129 
-9.128098721 13.703642311 3.318982451 
-10.010403680 11.529868207 3.697794698 
-1.107895824 15.190262492 -6.128310925 
-2.020586726 14.569973850 -6.984088568 
-9.732226210 12.596620324 3.448338618 
-9.716606372 11.781968987 3.867718455 
0.962263130 17.502126252 -0.873486670 
0.890858425 17.470400137 -1.402565125 
-10.973799661 12.798385645 0.278675750 
-9.157847028 15.131703444 1.356414012 
0.739828484 17.570499184 -0.591737105 
0.719217209 17.540540444 -1.443604301 
-10.984562765 12.841279444 -0.004717226 
-10.934597071 12.883128767 -0.270721251 
0.693225572 17.467927135 -2.135720939 
0.346664753 17.687675476 -1.023073136 
-10.944792497 12.863501404 0.349890135 
-10.707857123 13.149939255 0.739904700 
-0.735732130 17.757369622 -2.797903372 
-0.323602290 17.891242345 -1.731314147 
-9.618581122 14.128329329 2.630326835 
-10.343791656 13.335028463 2.448920576 
0.603420261 17.573145787 0.403630414 
0.794950748 17.523994445 0.652989704 
-10.437811847 13.132147872 -1.880385545 
-9.932152519 13.479005637 -2.427289756 
0.818720642 17.459939840 -0.655681958 
0.800267331 17.485157147 -0.466473176 
-10.647448006 13.000949455 -1.393250492 
-10.689788287 12.983256119 -1.286291566 
-2.111162582 18.282728014 0.792209211 
0.509521379 17.899182993 1.140415654 
-10.591054585 13.057452559 -1.489221013 
-10.456059412 13.131497043 -1.702358611 
-0.709516155 17.665134325 2.239386109 
-0.739521805 17.766820002 2.079614797 
-8.799905831 14.316323326 -3.383413405 
-10.199358596 13.854231909 -0.933328364 
-1.244595028 15.228707251 6.052999142 
-1.525284502 14.984602506 6.460811130 
-7.650293962 12.138752072 -5.895619501 
-7.434605762 12.433455530 -5.862913047 
-0.985717694 15.355804535 5.854711750 
-1.266328710 15.115106132 6.238707251 
-8.273673392 11.927733368 -5.590735855 
-7.712290640 12.320500153 -5.751782111 
-0.400283640 15.532908750 5.397550883 
-0.842071170 15.258734098 5.926110375 
-7.388557651 12.419479641 -5.892969721 
-7.141218420 12.582480634 -5.929772925 
-0.336824474 16.502345480 4.303552567 
-0.865830822 15.348525325 5.794793205 
-7.667029884 12.232426634 -5.836019111 
-7.763826011 12.377444149 -5.626967536 
-1.828682212 14.772627404 -6.777165339 
-1.856923683 14.819703836 -6.763186506 
-8.950029379 11.965052388 4.968807953 
-8.734924856 12.120434443 5.064462040 
-1.985166310 14.742640666 -6.844594139 
-2.358698243 14.531472771 -7.086393210 
-8.636123491 11.983420121 5.264547791 
-9.135837925 11.986164532 4.713816742 
-2.079402452 14.735124999 -6.787587246 
-1.662019237 14.853936304 -6.592427914 
-8.116722447 12.194916898 5.567548127 
-8.615603363 12.128157461 5.179014129 
-1.668030363 14.863214565 -6.610856440 
-2.209022828 14.708761664 -7.129020122 
-7.155941996 12.708085614 5.852073313 
-7.528323918 12.739697831 5.644601600 
1.034284429 17.330444424 0.480338376 
1.002525520 17.437632229 -0.099140022 
-10.957939545 12.477845635 -1.233073350 
-10.959340891 12.533048004 -1.063604706 
0.980862087 17.344262245 0.213384135 
0.979160619 17.320462419 0.495229204 
-10.893189237 12.682827746 0.559581161 
-10.958836579 12.562815899 0.334637315 
0.950570403 17.403449756 -0.545604541 
0.882986562 17.371415659 0.432426093 
-10.924648184 12.629007078 -0.717141383 
-11.077880737 12.377891978 -0.891936154 
0.774189594 17.454597690 -0.680286157 
0.962405498 17.398735199 -0.864479272 
-10.571962844 12.939899975 1.325212284 
-10.877202323 12.599572145 -1.360122013 
0.767693691 17.558202371 1.202508161 
0.702489727 17.611207912 -0.083591860 
-10.626750281 12.894234740 2.262321037 
-10.882020944 12.886870465 1.239417911 
1.290559053 17.142885072 0.655877162 
1.669083249 16.968433946 0.440614538 
-10.611259979 12.450970983 2.522652833 
-10.940924345 12.154527914 -0.178524052 
0.566532842 17.559028438 -0.139666908 
0.532897512 17.556604532 -0.284180020 
-10.829926581 12.754504691 1.613785863 
-10.876766728 12.745186887 1.337943182 
0.565020956 17.559567705 -0.563955705 
0.458406732 17.436268558 -1.717159154 
-10.729071589 12.830547465 1.965245728 
-10.958758464 12.733779481 1.068243835 
0.120918008 15.184021105 5.440156534 
-0.010016865 15.046170955 5.457384331 
-8.178501837 12.725566281 -4.791000975 
-8.826643648 12.008793406 -4.602880599 
1.710946361 16.701624030 -0.794334102 
0.183482382 16.042437485 -4.082762257 
-10.602578552 12.764964965 1.189131755 
-8.937923395 13.566316696 -3.989035135 
-4.292778058 12.274463995 7.468177530 
-3.566605471 12.645907290 7.235029671 
-9.309014229 11.144880899 -5.129219229 
-9.236727104 10.606835284 -5.297442374 
-2.403870547 14.514958823 6.713165826 
-2.591015157 14.500235307 6.721685781 
-6.674604058 12.187039088 -6.215928458 
-7.962195442 11.200150113 -5.605795326 
-1.099707511 15.325283650 -6.090768472 
-1.018641385 15.307312292 -6.231816024 
-11.045667690 10.323524782 1.502635046 
-9.957953896 10.647161680 3.956536244 
-1.372541838 15.653307803 -5.875488822 
-0.635798116 15.618065354 -5.328145681 
-8.416183382 12.341849818 5.250771285 
-8.448281380 12.149763736 5.196269897 
-1.255769401 14.940686310 -6.250252135 
-1.294071657 14.904431987 -6.323122359 
-8.432361471 11.836458171 5.313604255 
-8.605334704 11.739511502 5.214008417 
-1.535673012 14.904861400 -6.570847791 
-1.548873168 14.945234456 -6.494281044 
-8.586538661 12.216672619 5.004346897 
-8.764794012 11.819698393 5.010919525 
0.705138680 17.534188344 0.212559527 
0.820749165 17.431580820 0.233625747 
-10.970261347 12.619784149 0.623604748 
-10.942229489 12.676134507 -0.199519774 
0.597608110 17.557239769 -0.154333764 
0.613571981 17.559377408 -0.399341738 
-10.925927670 12.787731866 -0.551635831 
-11.023430225 12.604752815 -0.799720160 
0.736350308 17.321430052 1.054106721 
1.024511907 17.346681869 -0.353740440 
-10.957856375 12.698780343 -0.364564648 
-10.463553396 12.801069030 -2.279966620 
0.188578741 16.502715711 3.567306636 
0.452844925 16.896109259 2.220675395 
-10.349588118 12.570760400 -0.648109490 
-7.414623896 14.080939453 -4.651296037 
0.674859708 17.145285706 2.524614500 
-0.510782296 18.263447892 1.613118969 
-10.232739413 12.420657183 3.262961553 
-10.672475007 12.291548298 0.956984148 
0.760214019 17.469833287 1.806334671 
0.821038575 17.480312958 1.582307221 
-10.955021079 12.795530930 0.553902059 
-11.013188396 12.677537382 0.909015627 
0.867056472 17.519803957 0.563629469 
0.801156440 17.527109314 1.012875201 
-10.984269620 12.786658442 0.259462650 
-10.972484741 12.796753138 0.063150380 
0.772154584 17.436740933 1.744062785 
0.872825392 17.521264603 0.658076987 
-10.956499785 12.771669707 0.144294372 
-11.052384720 12.695034579 -0.273221394 
1.636473744 16.625816849 2.276456830 
-0.123772881 16.181003177 4.122754286 
-8.324585431 14.061915701 -3.569378061 
-9.699515463 12.348356838 -3.749174116 
-0.387024286 15.055599977 5.785095548 
-3.351376484 13.966217159 7.236542005 
-6.079725717 12.850884261 -6.452641335 
-5.740840541 12.624425736 -6.681898056 
-1.522794727 14.967727681 6.212635831 
-2.445427544 14.361492989 6.680622520 
-9.337485884 12.204902506 -4.178949553 
-9.391941966 11.855161252 -4.304897317 
-1.443054326 14.810994466 6.780321737 
-1.888260316 14.567494410 6.683468818 
-9.147305864 12.332831972 -4.616608215 
-9.028599501 12.444875531 -4.627843821 
-2.763117544 14.960540243 -7.108535111 
-1.268139161 15.236501104 -6.146054468 
-9.231816211 12.111454004 4.635998123 
-8.938228536 12.320468128 4.823193707 
-0.130907780 15.543539747 -5.122904887 
-2.365408286 14.883828034 -6.318224670 
-7.285463930 13.254065740 6.196694044 
-5.449463710 13.979321364 6.485112161 
-4.652039809 14.132138835 -6.939276068 
-3.427946165 14.880075691 -6.684382174 
-7.683218179 12.903460102 6.047956487 
-8.439873807 13.181513184 5.008368286 
-2.725598951 13.495412174 -7.919264332 
-4.374102361 13.187148167 -7.756265017 
-8.667016286 12.276820091 5.514117841 
-5.759294769 13.379097220 6.577470584 
0.766523532 17.558286319 -1.145218230 
0.698358099 17.569444454 -1.181052883 
-10.997010258 12.803067188 0.376296093 
-11.014279992 12.771766152 0.263087695 
0.621485738 17.455968220 1.396018755 
0.903651030 17.542438061 -0.250960385 
-10.934168025 12.834847709 0.804341942 
-10.976572361 12.790708014 0.789727007 
0.913470703 17.517717163 -1.084883454 
0.962339904 17.433133530 -1.914495726 
-10.969412529 12.772629694 0.721401952 
-10.908331817 12.839312450 0.917867221 
0.911105957 17.506221639 -1.309242254 
0.946669428 17.448843644 -1.751617495 
-10.953739365 12.824730761 0.572880770 
-11.038014899 12.733958035 0.305624772 
-0.180053465 18.032188605 -0.069816166 
0.759089369 17.522659463 0.651247253 
-10.921973658 12.829702275 -0.138790450 
-10.868173403 12.908210684 0.014412990 
1.291794288 17.470504666 -0.081104433 
0.830639552 17.487858824 0.949515926 
-10.462125500 13.662446762 -0.044197007 
-10.769038904 13.054092221 -0.241025466 
0.760378921 17.515112463 -0.183346327 
0.672715160 17.553680702 -0.003771438 
-10.523159380 13.192696386 -1.254747027 
-10.781452068 12.985077260 -0.617224440 
0.735744271 17.513638253 -0.284685072 
0.602487041 17.554441139 -0.175298680 
-10.827929065 12.925703768 -0.609708276 
-10.975727837 12.748142257 -0.427265951 
-0.702852801 15.311375005 5.760742978 
-1.373198518 14.948129141 6.435439132 
-6.685160757 12.829132517 -6.013869997 
-6.821611636 12.815384432 -5.934754003 
-0.416271198 15.517593853 5.399234729 
-0.822518962 15.328841971 5.775108577 
-6.901186109 12.703189105 -5.991221148 
-6.899945354 12.751918358 -5.949831013 
-1.456795653 14.922416973 6.478403333 
-1.455754770 14.980154031 6.431295127 
-7.022728425 12.607856858 -5.973576295 
-6.629607083 12.826631006 -6.061703263 
-1.414980175 14.947816566 6.471768477 
-1.910335202 14.680082808 6.864195681 
-6.949334827 12.677857076 -5.987848799 
-7.347325503 12.515842155 -5.853305864 
-1.236381072 15.219050098 -6.073396078 
-1.249497348 15.145240877 -6.217562974 
-8.947000579 12.080166566 4.845940468 
-8.646878270 12.207754856 5.052970960 
-1.264897294 15.231159128 -6.079259039 
-0.887503052 15.377060662 -5.784265930 
-8.837492039 12.121147955 4.952114076 
-8.568965262 12.197606328 5.149528960 
-1.373261168 15.115210573 -6.236824995 
-1.245295796 15.143857983 -6.180570912 
-8.835524754 12.060685044 4.988631829 
-9.192631007 11.947622506 4.675214000 
-1.488205114 15.054616740 -6.355173574 
-1.304117705 15.144399590 -6.203763710 
-9.104881528 11.904689559 4.809992829 
-8.951840430 12.030398371 4.874437157 
0.688379630 17.520401898 -0.010496201 
0.524940764 17.649534088 -0.660497775 
-10.832844181 12.893523878 0.329788594 
-10.177706914 13.332638326 2.197584102 
0.428201493 17.610204120 0.273386043 
0.512786159 17.616679617 -0.360737479 
-10.595360859 13.175473449 1.364463761 
-10.994529551 12.713890908 -0.791721315 
-1.589928797 17.461984878 3.746655033 
-0.281447616 18.299391057 -0.250514493 
-10.581955510 14.263752744 0.162856671 
-10.729362748 13.010798130 -2.105657164 
0.471661498 17.810025548 0.041083647 
-0.625032930 16.564999695 4.209785398 
-10.552404677 14.187333714 0.012805836 
-10.447564484 14.024331619 -0.517651779 
-0.211878958 17.685999778 1.315063059 
0.844574510 17.209807908 0.407035890 
-10.884804084 12.917331035 -0.691967163 
-10.574082780 13.252395920 -1.524724399 
0.991157978 17.112173470 1.982154195 
1.244190147 17.151478415 0.991691073 
-11.163539483 12.315802727 -0.323057431 
-11.152237838 12.337330586 -0.311020292 
1.041386676 17.281388452 0.769659690 
1.379393534 17.094868731 1.006444864 
-11.283885055 11.883511924 0.166555109 
-11.337908147 11.865110165 -0.089160266 
1.073921327 17.084110417 -1.262116779 
0.093411345 17.442890260 -1.860747334 
-10.642468590 12.292516798 2.640695600 
-10.443691562 12.838078347 2.815983787 
-0.664444481 14.534495940 6.650285007 
-3.687420300 13.340277184 8.017591183 
-8.947090557 11.750520313 -5.015309596 
-9.037622421 11.760151129 -5.213157648 
0.726192141 16.064172080 3.820079128 
-0.025144158 15.803029791 4.694700808 
-6.770571582 13.667301029 -6.411399090 
-8.353427362 12.951343376 -5.538758374 
-0.403293676 15.887581147 5.811294879 
-2.926910055 13.453334848 7.870056075 
-8.430098655 12.365105590 -5.597704383 
-8.617273107 11.940336413 -5.394393743 
-1.465248620 15.563434010 5.164423059 
-0.682158154 14.654710374 6.543339569 
-9.214503003 10.889449327 -5.154482033 
-6.399517698 12.753265827 -6.054897130 
-1.377229164 15.556003471 -6.213298045 
-1.042848497 15.035315661 -6.032426187 
-8.642122604 13.011681052 4.622064106 
-8.728193793 12.280769027 4.937674082 
-1.772423101 14.474037837 -6.479243407 
-2.491062339 14.622641485 -6.605137133 
-7.997441879 12.995932499 5.801482856 
-6.186904424 13.731765667 6.317135900 
0.207175747 17.396088406 -1.779137014 
-0.241918013 17.134824925 -3.181192207 
-8.047662560 12.867206364 5.355271021 
-10.198892105 12.950009548 2.409667160 
-1.878570414 15.692965919 -6.029600602 
-0.922425909 16.564506228 -4.689058784 
-8.254665857 13.198077434 4.847833145 
-9.527334364 13.071128292 3.522928592 
1.070127238 17.176595156 -1.253960984 
1.077282610 17.153671908 -1.431953532 
-11.177165371 12.320427484 0.098791096 
-11.255548655 12.237826623 0.005410565 
0.070026559 16.288091929 4.070315520 
-0.182350304 16.357447964 4.417698265 
-11.080454787 12.617843275 1.260417563 
-10.833927392 12.958953589 1.153464742 
0.907346615 17.052490878 1.715904426 
0.120579184 17.484788521 1.615182707 
-10.785961427 12.155006736 -2.468788096 
-10.277820915 12.875793138 -3.234283626 
0.771595120 17.481975282 -0.720089245 
1.380813157 17.063716971 -1.389136120 
-11.269578954 11.905502555 -0.402812064 
-11.366763432 11.848578612 -0.215161350 
0.362936036 17.641959483 -0.005328679 
0.597430657 17.594447791 0.174962039 
-10.924812420 12.904831159 -0.692760417 
-10.795544237 12.496409803 1.667527909 
0.637726063 17.532681026 0.758210354 
0.577873100 17.640357284 0.576240617 
-10.896609515 12.823364784 0.175341808 
-10.853891798 12.995146705 -0.612551699 
0.520565740 17.788103573 0.945574522 
-0.388715430 16.585655994 -4.058786589 
-10.483700614 14.253871682 0.310217039 
-10.384413150 14.085640154 0.830611381 
-0.667363234 18.312245530 -0.778864352 
-0.256496314 18.288937309 -0.298413942 
-10.581089056 14.279001024 0.199387080 
-10.259373915 14.867489261 0.321058497 
-0.924399949 15.511175543 5.565092617 
-2.432846139 14.549266818 6.628171975 
-7.429529153 12.682774206 -6.027121459 
-6.519337338 13.257980973 -6.299813567 
-0.609774986 15.597364356 5.743726306 
-1.342658297 14.977872111 6.172625043 
-9.105923175 12.778878089 -4.370733593 
-8.318165264 12.404209886 -5.248096513 
-1.748355121 15.845816298 5.805460872 
-1.040200760 16.463881653 4.802042843 
-8.131978845 13.213716484 -4.934417928 
-8.804391322 12.966192408 -4.528099964 
-0.225268225 17.535428386 1.941032587 
-0.278296122 17.135195044 3.200450696 
-10.662571595 12.866263422 -0.732040390 
-10.257240149 12.916158409 -2.263746703 
0.585033540 16.042433786 -3.982824307 
-0.469241579 15.725613549 -4.974195895 
-6.850245909 13.633873270 6.400700751 
-8.258926692 12.981877498 5.615574804 
-0.680580413 14.545238720 -6.682370257 
-3.969907082 13.230150449 -8.041345724 
-9.095964070 11.671769388 4.914379056 
-9.170574697 11.728099786 5.084363943 
-0.046963080 15.459878459 -4.916279053 
-0.940863354 14.549714441 -6.776323270 
-9.345490608 10.808601794 5.055091484 
-6.742884981 12.624294827 5.983777462 
-0.422109933 15.796408045 -6.006402704 
-3.010336715 13.376592634 -7.914131604 
-8.826187925 12.182748799 5.293339830 
-8.744091635 11.886808215 5.270356822 
1.762808687 16.589088422 -3.063234661 
0.789175642 17.485486620 -1.190247607 
-11.011365467 12.572516742 0.057870155 
-10.788349497 13.032669345 0.312388010 
0.864455370 17.427609900 -1.726195564 
0.709668498 17.496986919 -1.460343329 
-10.919222334 12.765494811 -0.898804403 
-10.846507693 12.806130780 -1.087162434 
0.882604592 17.478723044 -0.935481017 
0.803035834 17.511086180 -1.008174624 
-10.941247425 12.805131118 -0.123121947 
-10.888453381 12.854381190 -0.122621028 
0.674288271 17.514711435 -1.391207743 
0.691794568 17.548544821 -0.788583968 
-10.882891374 12.878557881 -0.060174977 
-10.819397723 12.949054463 0.436657075 
0.911618273 17.519794714 -0.120324481 
0.792126250 17.565903655 -0.002263951 
-10.939044558 12.730262139 -1.199171996 
-10.888025124 12.848641275 -1.014528831 
0.754593237 17.552785934 1.080774068 
0.746341190 17.543753375 1.346000218 
-10.864802103 12.881178089 -1.038414161 
-10.900133881 12.829965376 -1.062198673 
0.977686167 17.499070042 -0.076666118 
0.841578289 17.535733903 -0.313441523 
-10.690342449 12.968582375 -1.549134673 
-10.736270162 12.968837089 -1.321182173 
0.918308683 17.505211515 -0.205328551 
1.040893015 17.497492410 0.484806223 
-10.855114402 12.894571559 -1.049335393 
-10.807452996 12.944265094 -1.074463947 
-1.174799677 15.344357553 5.919955392 
-1.380795120 15.165907248 6.206194066 
-8.458108649 12.182453343 -5.245103406 
-8.510889486 12.167456656 -5.226673763 
-1.229993574 15.253784858 6.038908328 
-1.267207942 15.160047592 6.154986198 
-9.107830880 12.001334025 -4.727784999 
-9.010287750 12.058425965 -4.794493264 
-1.072478063 15.387546840 5.865085098 
-1.097559031 15.286979826 5.960611389 
-8.916154181 11.944073099 -4.984506590 
-8.461529310 12.159561221 -5.257253113 
-1.022593203 15.307076634 5.876568052 
-0.818638333 15.424346244 5.698210140 
-8.317120479 12.311158789 -5.276474764 
-8.455117249 12.187800491 -5.252868731 
-2.244664428 14.587009921 -7.029731513 
-2.098744061 14.599717150 -6.966291161 
-7.794812520 12.333511407 5.674861785 
-7.950860187 12.254657290 5.609883076 
-2.241303791 14.495719906 -7.108688598 
-1.960413095 14.672512190 -6.875142880 
-7.543346136 12.473015390 5.739393340 
-7.922307575 12.315537517 5.578823018 
-2.137964301 14.521158361 -7.041914762 
-2.061276245 14.589936209 -6.974238160 
-7.780500735 12.374670766 5.664321839 
-7.607601341 12.467185756 5.724199314 
-2.246673434 14.504937317 -7.115668165 
-2.091241079 14.554945058 -7.026095912 
-7.943426843 12.325369386 5.583654011 
-7.435144828 12.465224633 5.848111490 
