2.596167206 18.511915829 0.808430635 
2.730207796 18.383086590 1.194893141 
-12.743446035 11.877341806 -2.787079318 
-12.734419284 12.052360479 -2.628312691 
2.563854218 18.470479304 1.137833569 
2.635356013 18.503445854 0.574945202 
-12.687924490 11.935467653 -2.934259177 
-12.582113381 11.999185346 -3.170700690 
2.518069579 18.480939040 1.239356738 
2.548233416 18.454816349 1.302368238 
-12.759670748 12.027831962 -2.448742307 
-12.696081764 12.137630490 -2.680485174 
2.577312527 18.421654159 1.284758722 
2.463777272 18.404700271 1.662372568 
-12.937082192 11.984555987 -1.896779294 
-12.902619845 12.073746252 -1.772665099 
2.539530931 18.032228517 -2.464346089 
2.731840126 18.082572570 -1.843381151 
-12.954934087 11.772206338 1.372656879 
-13.034499272 11.697728257 0.864355793 
2.910385737 18.161059074 -0.911493467 
2.964386121 18.084440975 -1.189095617 
-12.994744988 11.655331090 1.641931455 
-13.068673453 11.657785581 1.043971977 
3.202652469 18.090374859 0.073700796 
3.114950423 18.121590389 -0.271956669 
-12.956033726 11.753191585 1.382267863 
-12.970417815 11.650848793 1.624527520 
3.098136888 18.144277808 -0.042414249 
3.072296602 18.140700012 -0.508891434 
-12.943743020 11.781691448 1.334693836 
-12.932321477 11.785529283 1.401780990 
0.453309303 17.483401004 6.379735827 
0.354157241 17.384359843 6.514984105 
-10.163570818 13.155795200 -6.390485773 
-10.142798711 13.109802905 -6.428106250 
0.293872533 17.414899902 6.536913666 
0.247285775 17.376104863 6.651530345 
-10.304380774 13.175142181 -6.234554201 
-10.653753268 12.984102190 -5.977499776 
-0.526433788 18.170963965 6.114520327 
-0.140738138 15.799702103 8.411155002 
-10.986653849 14.393632216 -4.589705092 
-10.595927164 12.385206048 -6.230913446 
0.616678449 17.586599590 6.092238110 
0.533364507 17.500251878 6.277719461 
-7.893971802 15.243244570 -6.785606737 
-9.891633537 13.136335889 -6.549867484 
-1.202524534 17.152350671 -7.554886324 
-1.172081107 17.171192442 -7.493451468 
-10.672907358 13.468957863 5.752051321 
-10.635366149 13.408186025 5.838079110 
-1.141019824 17.150112089 -7.557605046 
-1.198731623 17.058600126 -7.729217915 
-11.155382514 13.114745698 5.474848004 
-10.520623617 13.456332437 5.944174537 
-0.517172029 17.521948649 -6.893839043 
-0.438170413 18.836324615 -5.331807273 
-10.589950467 13.454751245 5.872093150 
-11.766671545 13.825770556 4.025005634 
-1.389387081 16.948405471 -7.881400227 
-1.103102160 17.134463665 -7.544105683 
-10.634648792 13.448996553 5.801202532 
-10.458505411 13.383069881 6.064342334 
2.871014320 18.372841923 0.092345493 
2.744705808 18.430687118 0.017707989 
-12.895685530 11.963154175 -1.950374485 
-12.923425072 11.804041388 -2.187759664 
2.686442925 18.341682664 1.254470904 
2.642212981 18.298631153 1.646032629 
-12.831478448 11.904242871 -2.416021933 
-12.924134989 11.891042370 -1.976914033 
2.706163368 18.191644999 1.892817868 
2.609930674 18.263703928 1.850479550 
-12.914896436 11.952703770 -1.856319836 
-12.947845460 11.896790390 -1.801726171 
2.775296598 18.144573796 1.882279363 
1.982255208 19.133133196 -0.663709618 
-12.894732281 11.693066378 -2.176658318 
-11.675765927 13.621682875 3.491066841 
2.609159254 18.204248923 -1.540290368 
2.619916125 18.218212285 -1.522772863 
-12.856374920 12.048333215 -0.832899052 
-13.030023732 11.848553881 -0.218260645 
2.649999857 18.102669836 -1.974000064 
2.802798440 18.191704876 -1.198367506 
-12.829765442 12.054067741 -1.095020736 
-12.869184615 12.042480046 -0.773354982 
3.278059612 18.087984706 0.744164250 
2.836936125 18.239451873 -1.032134255 
-11.589466745 12.454879044 -3.679012075 
-12.153020277 13.051248102 -2.107767380 
2.778609206 18.156653115 -1.598077358 
1.811300342 18.918199105 0.350372787 
-12.789737693 12.040074951 -1.267823135 
-12.968678871 11.832411459 -0.451350827 
-0.776850606 17.162883941 7.337966801 
-0.515456060 17.277767453 7.079738772 
-10.874423759 12.914357566 -5.853065057 
-10.626154033 13.032351209 -6.060352991 
-0.015381291 17.572601272 6.497517661 
0.221126253 17.516581625 6.473275184 
-10.757453464 12.843066812 -6.051437147 
-10.813064826 12.820767219 -6.001876657 
0.326711742 17.896844890 5.805291315 
0.421153367 17.895599596 5.803183444 
-10.611618575 12.944543369 -6.137928578 
-10.161601688 13.129112881 -6.463876368 
0.015722044 17.455447503 6.728725862 
0.159634925 17.621951407 6.369096599 
-10.491333237 12.920291344 -6.305669037 
-10.117710773 13.167023401 -6.514774594 
-1.114789162 17.008899258 -7.699067411 
-0.788550852 17.121230080 -7.503890344 
-10.817623973 13.177952770 5.764696192 
-10.657723208 13.249599827 5.911080097 
-0.875540380 17.337062596 -7.182123178 
-1.602955891 16.703238374 -8.178628901 
-10.548256694 13.361311305 5.952534059 
-10.813801217 13.155644778 5.803890210 
-1.349294152 16.898848085 -7.920604592 
-1.708023636 16.681576738 -8.257487376 
-10.120068074 13.368187714 6.405981641 
-10.245153853 13.416789311 6.243983023 
-1.299428566 17.008093310 -7.746390721 
-1.059427481 17.316860809 -7.312857322 
-10.503078717 13.210059900 6.144419417 
-10.231967068 13.428867283 6.237436036 
2.606154497 18.599265547 0.073956413 
2.393619466 18.692158472 -0.707556536 
-12.916071862 12.452115239 0.073154267 
-12.919504461 12.344369404 -1.296071683 
2.547603257 18.629562715 -0.105398148 
2.561418358 18.587509451 0.576746258 
-13.009870595 12.220502766 -1.111404077 
-12.940690401 12.222380673 -1.615899352 
2.695499745 18.482068926 -2.047084739 
2.798151017 18.502717014 -1.235584346 
-12.854580413 12.206372734 -2.186926060 
-12.992006265 12.193720266 -1.378369505 
2.939751332 18.470361929 -0.654488139 
2.687146162 18.558343437 -0.171596811 
-12.675117003 12.183221224 -2.873447676 
-12.939416172 12.241270096 -1.603200654 
2.645756582 18.281486613 2.021419222 
2.847915800 18.188407624 2.031676364 
-13.083972312 11.617080362 0.215508981 
-12.933174246 11.867117470 -0.465383947 
2.587207548 18.294437335 2.123305579 
2.881699024 18.227909706 1.426215789 
-13.068718338 11.608468381 0.690235885 
-13.067560220 11.658727331 0.082273974 
2.782047253 18.280942612 1.207943818 
2.801449801 18.149766189 2.410479528 
-12.984057823 11.797634348 -0.141433128 
-13.042364849 11.718159008 0.155459367 
3.009585296 18.190051976 0.104975901 
2.922920892 18.233072020 0.280236049 
-13.129928019 11.534429450 0.234999943 
-13.035446101 11.721340685 0.242726880 
0.227180793 17.116511809 6.886258811 
-0.117114618 17.098405527 7.058714362 
-11.235040970 12.611468145 -5.468158977 
-10.829262897 12.731316270 -5.904977665 
0.062980819 16.998018573 7.167746676 
0.467302302 16.774126510 7.056283976 
-10.976270322 12.687486259 -5.756502549 
-9.434438867 12.084146483 -7.372596566 
-0.359003826 16.968253227 7.344391914 
-0.042727206 17.136528375 7.006084630 
-10.923592092 12.641168546 -5.836147069 
-10.497908677 12.786203870 -6.239405442 
0.258970144 17.342262781 6.589074563 
0.129936118 17.308462041 6.711247339 
-10.789300961 12.701566640 -5.981927982 
-10.637037916 12.779709022 -6.100541943 
-2.026256154 16.193005886 -8.707285460 
-3.256236462 14.602632373 -9.797033414 
-10.052709704 16.280301850 4.045285359 
-10.981121559 15.937071068 2.906485445 
-1.982316605 16.201358948 -8.689348885 
-1.783118454 16.433714258 -8.389948337 
-8.492535613 13.796859864 7.320603070 
-9.537741542 13.175307363 6.987164081 
-2.661670762 16.007343220 -8.948771261 
-2.633816174 16.114120991 -8.810344138 
-9.658859431 13.381408905 6.768416288 
-9.674020884 13.472541442 6.699762805 
-2.279767908 16.213746419 -8.711717764 
-2.074974889 16.344444962 -8.556758760 
-9.570995152 13.442224598 6.801518951 
-9.408487561 13.430880354 6.968177889 
-0.330358768 17.860049067 -6.262047013 
1.055384249 18.369711025 -4.396480078 
-13.004719947 12.666206025 1.141044602 
-10.834047695 13.507891169 5.608650642 
2.312720578 18.415010242 -3.493368373 
2.072557173 18.257401425 -4.376493775 
-13.023425460 12.209063364 -0.950206219 
-13.085137537 12.075977321 -0.688751876 
2.441490050 18.419001054 -4.019827985 
2.327803782 19.038618187 1.260142297 
-11.847263221 14.167711591 -2.018023957 
-12.493228987 13.150903218 -1.687075668 
0.585572229 17.609899433 5.229782298 
-2.196040919 16.586814486 7.520488248 
-11.012784380 13.455116332 -5.685618761 
-11.332709573 12.721819174 -5.582783118 
3.024697392 18.279567856 0.256679356 
2.843858067 18.297136321 0.994310376 
-12.875247210 11.874154685 1.648479228 
-12.938141614 11.707914967 1.671699303 
2.771523511 18.278495440 -0.602711780 
2.740571887 18.222956008 -1.241264817 
-13.043463689 11.658996119 1.123149601 
-13.043219135 11.645039171 1.203894321 
2.032366213 18.769754629 0.769426028 
2.488253930 18.589615345 0.914912351 
-9.149263705 15.599788105 -5.740669720 
-12.926176743 12.778430461 -0.530957433 
3.069764008 17.920228622 -1.153120196 
2.856561995 17.720096201 -2.543452657 
-12.663167224 11.481111176 2.550768663 
-12.805099094 11.465157668 2.094461232 
2.303927518 18.845581660 3.486745717 
0.144204683 16.988419676 7.635967873 
-8.421490973 15.420732801 -5.751113261 
-7.267738279 13.367691074 -7.382887107 
0.161380135 16.627624378 7.232849958 
1.080352021 18.365614566 4.939976996 
-12.841484467 10.990452006 -3.656967400 
-11.966195000 12.615846872 -4.159220892 
-0.056561167 17.208958396 7.032069605 
-0.693513289 16.790815275 7.573706645 
-9.704009697 12.556392368 -6.985970416 
-10.800983571 11.138020481 -5.784263507 
1.144045770 15.509714075 6.993889093 
0.669952983 17.341866082 6.185553644 
-8.639310960 11.358757531 -7.493275340 
-9.854179756 12.895031269 -6.702345131 
-1.164606464 18.374029414 -5.511796435 
3.875825695 16.326679256 -3.943542787 
-7.165628952 15.980964756 6.666734264 
-10.949722818 11.312540940 5.905579823 
0.958759942 16.441410778 -6.849233792 
0.887474092 16.239699795 -7.134595320 
-9.765866807 11.338625672 7.094017301 
-10.151981451 11.187790863 6.793401569 
1.596484942 18.580554889 -3.939983870 
0.616084064 18.081847277 -5.991533630 
-11.402595669 12.670676891 5.262800059 
-10.353260457 11.770921190 6.486161215 
-3.243851596 15.351017280 -9.275026919 
-1.203969511 16.041194831 -8.164057191 
-11.590154218 12.672761596 5.089433555 
-10.407658887 12.556081130 6.352748214 
2.822639108 17.905536108 1.922285355 
2.462059927 17.595326881 3.046376588 
-12.613418862 11.921909971 -1.838222040 
-12.716091887 11.726249299 -1.655560075 
0.507391786 17.840981870 -6.605313573 
0.385069094 19.703386603 -1.390504152 
-11.922427704 12.853134166 3.702745104 
-12.407955456 13.892294323 -1.826215243 
2.341723816 17.701471884 3.393810981 
2.926669211 17.773548691 2.278850340 
-11.929809633 12.110798603 -4.393938470 
-12.443957545 11.829690621 -3.448447765 
2.287173441 17.123969333 4.179332287 
2.763875962 17.313023376 3.203658837 
-12.174266739 11.747605930 -3.894009945 
-12.516011363 11.699315607 -2.992094146 
-0.434485778 19.033067019 -3.097150912 
3.655253169 17.476184619 -0.904007959 
-10.156426700 14.809198098 -3.618124650 
-12.971029151 12.088056521 1.127770660 
3.109359389 17.033078667 -3.047554485 
3.579248306 17.103824642 -1.633341599 
-12.833657116 10.281555053 1.846960880 
-12.930730653 11.092848477 1.040862261 
3.212349852 17.416257631 -2.224452512 
2.697882370 17.233891299 -3.704737739 
-12.874483259 11.417432749 0.747009418 
-12.810212313 11.234658121 2.278809371 
2.337204587 17.404225399 -4.097748066 
2.423542837 17.418122937 -4.001389071 
-12.839900446 10.868863633 2.171026648 
-12.817088538 10.901531397 2.133730051 
-0.078581944 17.194181513 6.980576603 
-1.066616559 16.491204982 8.243466136 
-9.623444215 13.224792063 -6.791103955 
-8.908669997 13.260551631 -7.357048632 
0.402142067 16.772798660 6.866532812 
0.158802411 16.562780922 7.221757152 
-9.868208250 12.444615430 -6.668157974 
-10.455058384 12.234890543 -6.100889521 
-0.151588669 16.841420185 7.341758979 
-1.005088932 16.400991474 8.132560141 
-8.074137524 13.565427462 -7.570326700 
-7.626577444 14.128998371 -7.377445361 
-1.016213340 16.784498010 7.719573915 
-1.137813351 16.696847967 7.953733292 
-8.356247374 13.671941365 -7.396267867 
-8.919714869 13.456138353 -7.162567389 
-0.063047336 17.898060651 -6.252431132 
-0.664440539 17.567508137 -6.916289127 
-10.416115059 13.560979033 6.092522263 
-10.004644563 13.707350964 6.347849526 
-0.481157055 17.391895878 -7.022886282 
-0.930939298 17.223047540 -7.284011215 
-8.919725221 13.966884874 7.101559590 
-9.679895432 13.563849789 6.757648068 
-0.809650023 17.459074066 -7.014771089 
-0.643851570 17.565696808 -6.809133937 
-10.063772777 13.430137473 6.518592242 
-10.102406547 13.460997919 6.436837720 
-0.065701992 17.818876813 -6.235299940 
-0.017187460 17.780563815 -6.276254775 
-10.496239908 13.315531903 6.096076761 
-10.075690817 13.499731006 6.392998024 
2.435236665 18.134722761 2.650613596 
2.537176062 17.719079567 3.677867801 
-13.019743441 11.873148526 -0.607346817 
-12.929523049 11.835467774 -1.792846770 
1.318478622 19.356340418 1.305968352 
2.544148690 18.220421308 1.952949195 
-12.968354607 12.005150874 0.169359891 
-12.980575105 11.987511104 0.013641930 
1.514757935 17.990922133 4.312131644 
2.880007668 18.294908311 0.306404923 
-13.083814637 11.532921080 -1.399201473 
-13.055062224 11.751164370 -0.801646239 
2.752011352 18.352446569 0.370188668 
2.803439617 18.364331021 -0.413336690 
-13.049046990 11.614569074 -1.431060424 
-13.028493731 11.661831719 -1.589410028 
-0.615774549 16.209318000 -7.952876477 
1.119188266 16.498119084 -6.312312973 
-12.664973362 12.035278911 2.562743269 
-12.668335938 11.892712809 2.789539867 
0.784511686 18.134740102 -4.835942615 
1.499322258 17.500388541 -4.946659247 
-13.264723581 11.542891237 1.788992141 
-9.334766537 12.341433977 7.047909414 
2.478193027 17.339489421 -4.419844546 
2.725551383 18.237628862 -1.554006605 
-12.814875177 11.918534254 2.188737578 
-12.863917060 12.011995016 1.658240492 
2.305214811 17.360079356 -4.457250368 
1.934963899 17.197170075 -5.078606936 
-12.768551362 11.819047562 2.523881273 
-12.967141138 11.788975277 1.632243722 
-0.417141188 18.616841510 4.875805230 
0.108745033 18.470516633 4.670270686 
-8.916681254 14.515715230 -6.707992053 
-7.272557665 14.610108493 -7.299345310 
-4.341163221 13.891001084 10.083118601 
-3.884117743 13.969140057 10.168094326 
-5.215164070 14.991067132 -7.599259817 
-5.843302732 14.515023732 -7.767114737 
-3.241689229 14.081241739 9.893778684 
-3.381309467 14.221169293 9.856165689 
-9.388637519 12.306480303 -7.439146412 
-9.555982995 12.457512245 -7.345621823 
-5.518379015 14.098473541 9.973202524 
-5.859854465 13.957917068 9.947677633 
-12.803650753 11.590140422 -2.474580569 
-12.827538752 11.551779919 -2.604352852 
-0.853734245 16.326663924 -7.708892436 
-1.620905697 15.543350832 -8.942685707 
-7.774862678 14.367411475 7.107921384 
-7.861666180 13.076767908 7.875212873 
0.345790411 18.628442100 -4.557845957 
0.528656449 17.791483109 -5.876770593 
-10.942060449 13.033563543 5.655879577 
-10.723646255 13.061186128 5.910835937 
0.914454613 18.354518485 -4.470628766 
0.131393858 17.598017114 -6.390567270 
-11.380080051 13.443654093 4.918046153 
-12.145788158 13.191133302 3.584474196 
0.100144819 17.553393190 -6.471676936 
-0.117821072 17.940907846 -6.263054193 
-11.100458384 12.955954538 5.514863769 
-11.326831600 12.946754825 5.205785217 
1.418991706 17.623720278 4.968556704 
1.389094232 17.572834761 5.087904856 
-12.726143589 12.056489290 -1.598198974 
-12.717013315 12.038503680 -0.805587645 
1.412308221 16.516752033 6.091413568 
1.792401994 16.888373788 5.398158254 
-12.044427096 11.442340924 -4.333795816 
-12.038324129 11.378196647 -4.439886681 
1.465482254 19.101943736 -0.911142163 
2.843821752 18.310981442 -1.593821576 
-12.070254931 14.277428004 -1.216422481 
-12.509930636 11.770447042 -3.219683577 
2.740975959 18.211775916 -1.559678746 
2.717082189 18.124369413 -2.252855526 
-12.549180055 13.094748050 2.499794677 
-11.857859042 12.764267574 -4.621578752 
2.934199949 17.183276715 -3.301128882 
2.908839753 17.164521775 -3.374271829 
-12.844163425 11.006624838 1.254913889 
-12.864229449 11.045063960 0.393791913 
2.899403343 17.230016401 3.641980309 
1.794284549 16.025228873 -7.035870792 
-12.607299449 11.151600807 2.029035292 
-12.613960615 9.330628050 2.075415960 
3.315568675 17.451550800 0.839915203 
3.168576324 17.841132284 1.017779425 
-12.675527719 11.044332464 -0.896355472 
-12.938987386 11.229729887 0.823835357 
0.486989435 19.282942607 -0.013033020 
1.950055147 18.181960569 -2.880328999 
-12.984603203 11.919592864 0.311823844 
-12.927406989 11.387559282 1.390285657 
1.214582917 17.986720579 4.987914494 
1.385114550 17.886557420 5.076650114 
-9.576565875 13.057661369 -7.005989906 
-10.244299814 12.768187609 -6.578551665 
0.832644810 17.957453034 5.375776334 
0.265579348 17.677314416 6.117950428 
-9.888683061 13.192426356 -6.685892509 
-9.845811253 13.275058683 -6.662393125 
1.789574783 17.247745562 5.196609204 
1.168078091 18.469651076 4.873371527 
-10.762196977 11.933248073 -5.814849125 
-12.246884941 13.553954428 -2.977947119 
1.114179769 18.634796623 3.974320572 
1.236669420 18.378005596 4.491175802 
-11.425239539 13.041548750 -5.040897880 
-11.750041458 12.788562551 -4.714284127 
-0.263913769 17.315788236 -6.830304130 
-1.066107759 16.797507630 -7.806684049 
-9.912541840 13.010508385 6.748757451 
-9.840489232 13.157320026 6.694677702 
0.051538162 17.477924732 -6.351258504 
-0.802280017 17.014800327 -7.351289817 
-10.758911420 12.779903311 5.964896359 
-10.851271404 12.577856715 6.039508773 
-2.793158886 16.384060543 -8.869999270 
-2.479467209 15.557628622 -9.019592107 
-5.199007852 15.639716341 7.528119993 
-8.817566838 14.265737899 6.598727072 
1.549059342 17.132887106 -5.130888600 
-4.391353994 16.746159846 -8.291339060 
-9.324670230 12.862856568 6.529519053 
-5.180124144 16.785670622 6.420278567 
1.729641106 18.955752443 2.505740064 
2.363547296 18.262120806 2.722636488 
-13.146760515 12.126795830 -0.804834960 
-13.223357328 11.922756017 -1.014736354 
-0.145357975 20.024536587 -0.330108374 
-0.669881969 20.156827770 -0.928345009 
-8.913670963 17.059131477 3.456849288 
-8.255886004 16.397400158 5.394088173 
2.548589894 18.579620355 1.816724756 
2.475854119 18.534845310 2.167141676 
-13.046210555 11.834999167 -2.351406184 
-12.291349739 12.591879518 -3.021701409 
2.160965564 18.342851730 3.067093870 
2.321700505 18.426913288 2.488008802 
-12.809061375 12.236535987 -3.096268819 
-12.642967859 12.411708163 -3.336496528 
1.252565128 18.820557624 4.223916189 
1.616484538 19.058938359 0.718104805 
-11.275752378 14.607780603 -3.035414675 
-12.896030018 12.558949532 -0.481411214 
3.285623930 17.938687016 -0.488547270 
3.114765709 17.717921387 -1.649359442 
-12.796522023 11.649999768 0.623818190 
-12.815554813 11.497150334 -0.197522147 
3.338776038 17.446596395 -1.695335741 
2.986385633 17.448866143 -2.501036200 
-12.663735714 11.546289525 -0.833674761 
-12.801602431 11.346022140 -0.255579730 
3.626935990 17.565511719 -1.517938510 
2.905993827 17.669619642 -2.524389233 
-12.798639124 11.708122375 -0.676657391 
-12.904937471 11.598723608 0.914376739 
0.523584050 17.271494913 6.318785170 
0.201664897 17.064848075 6.905411680 
-9.712836558 12.926757418 -6.693752192 
-10.092696586 12.934847126 -6.565168225 
1.258078967 17.566093776 5.531643572 
0.797131583 17.353823765 6.159806613 
-10.644364894 12.633524094 -6.023142353 
-10.789830152 12.547284899 -5.869543354 
0.389763127 17.110700131 6.612156699 
0.188171572 16.830895942 7.104897793 
-10.464217097 12.319795293 -6.304578744 
-11.089943159 12.170933595 -5.648824097 
0.750193299 17.136808522 6.386894080 
0.665240476 16.928724195 6.735707212 
-10.281570833 12.452170162 -6.445726219 
-10.510189258 12.499057496 -6.148722583 
-0.557169539 16.703783220 -7.614329666 
-0.820661372 16.856066846 -7.564538489 
-8.350351437 13.329188832 7.703131889 
-9.602119112 12.992829420 7.047296725 
-1.640446951 16.461053471 -8.319602323 
-1.699131745 16.505533727 -8.312508071 
-7.952256096 13.837381765 7.687805308 
-8.537327247 13.647714749 7.481210662 
-1.548007054 16.726769125 -7.973654184 
-1.799028377 16.506805734 -8.287635191 
-9.157536686 13.350526904 7.267475467 
-9.349838425 13.373174599 7.086081638 
-1.567411658 16.283492438 -8.426327381 
-1.608820357 16.404950214 -8.286314786 
-9.196848415 13.223154931 7.289162652 
-8.957743098 13.311431369 7.390344930 
2.442866824 18.173912904 2.430498326 
2.731797333 18.275337179 1.475299527 
-12.970952018 12.090192932 0.426748078 
-12.954786165 12.169102815 -0.118822210 
2.814614936 18.294925103 -0.759712700 
2.803469234 18.252511391 -1.624695211 
-12.872600251 11.989656537 0.515483931 
-12.989656578 11.811239172 -0.519836901 
0.901977218 18.840805053 3.475241900 
-0.438992035 18.412085295 5.165771204 
-12.857751438 12.918641775 -0.694270754 
-12.141396991 14.152441654 -2.203800547 
2.499996338 18.777379363 0.013792301 
2.175730505 18.900724143 -0.174758103 
-12.586232195 13.852097503 0.753833980 
-12.267150443 13.991107230 1.333162766 
2.419894744 17.709500702 4.531309485 
2.020458342 18.709484485 0.627271879 
-13.383372493 10.262942592 2.050956818 
-11.750292157 13.825846620 3.117645060 
2.317673712 18.023369804 4.202655619 
2.198630083 18.070426326 4.187494183 
-13.123625142 11.458366101 0.088872605 
-13.090175041 11.554014309 -0.652562614 
1.940505441 18.544790442 -1.221359338 
3.447694911 17.977251323 2.213291432 
-13.166872251 11.351822754 0.502388872 
-13.154526255 11.143220551 -0.637807287 
3.678228999 17.843545095 -0.965043949 
2.909637378 18.436870206 -1.453492132 
-12.389715984 14.361155172 1.410097676 
-12.484692693 13.026672709 3.562990773 
1.103337020 18.066593915 5.469461305 
0.857866225 17.856774366 6.121657357 
-10.158278588 14.226766751 -5.693276545 
-9.969620235 14.175646224 -5.932861534 
0.965106494 18.279527551 3.873845077 
-1.825035537 16.761143890 8.334137867 
-5.252194202 15.280571670 -7.387484984 
-8.634669280 14.522868696 -6.514450752 
0.246553187 17.260406420 6.574335411 
-1.170706416 16.882275820 7.244880353 
-9.353130895 11.943842947 -7.207065533 
-9.601412059 10.414506943 -7.321806693 
0.602065002 17.515171230 6.699380534 
0.925864600 17.643357379 6.343739293 
-11.395693272 13.575488866 -5.067181934 
-11.365374938 13.688748908 -5.073066288 
-0.539492097 17.441805338 -7.072523018 
-0.531174076 17.465307166 -7.045813970 
-10.451143046 13.482664671 6.015025399 
-9.906344588 13.478833361 6.599709937 
-0.115531642 17.435102866 -6.770353503 
-0.048788721 16.723285562 -7.682925749 
-10.721810594 12.912926928 5.965586549 
-11.396740489 12.670112633 5.277586068 
-2.081271354 16.611782085 -7.868229361 
-2.410573488 16.014466052 -8.332833817 
-8.695656349 13.348480372 7.320912519 
-8.243372948 13.449659405 7.502157768 
-0.374118404 19.145072758 -4.754527901 
-1.575380381 16.417943403 -8.004485427 
-10.786627239 14.219796493 5.008325299 
-11.601148271 13.745037784 4.441150323 
3.022095013 18.242888780 0.218356554 
3.499102960 18.049632191 0.170454618 
-13.088758614 11.650739119 -0.916348764 
-13.006155057 11.784929892 -1.181788676 
1.567836945 19.361452149 0.348330699 
2.991612863 18.249510227 -0.202683138 
-13.029474150 11.793691998 -0.581646186 
-13.016133690 11.781981755 -0.938891974 
2.941549035 18.291775351 -0.851666618 
2.917810648 18.255297704 0.502712598 
-13.110933056 11.527852292 -1.147363563 
-13.057672143 11.738313520 -0.506662033 
2.787352893 18.298948009 0.571857899 
3.256348888 18.128548878 -0.315766192 
-12.950962628 11.684996484 -1.721189221 
-12.970220489 11.603619516 -1.873175665 
2.948010793 17.301771844 -3.231357065 
2.515523956 18.404388080 -1.110994762 
-12.742828934 11.977399981 2.425973588 
-12.793225955 12.081565931 1.950641444 
2.620720078 18.160438502 -2.288133880 
2.613195127 18.189578437 -2.071832338 
-12.552018727 12.069696413 2.974907443 
-10.332350481 12.325084833 6.138570416 
2.742919002 18.226435106 -1.636179920 
2.551630769 18.038642579 -2.848029107 
-12.812309820 11.983562033 2.052469634 
-12.856679854 11.931166087 1.922039284 
2.685529592 18.191227189 -2.005855444 
2.595598706 18.242816361 -1.891653990 
-12.714901407 11.825005360 2.779518691 
-12.802060981 11.792792175 2.514698135 
1.802822897 18.687853265 2.259770196 
-0.795355840 15.951173191 8.613928608 
-5.447287894 17.120407309 -6.747821856 
-8.522647202 13.752339366 -7.185399090 
0.567350782 18.803270865 4.612629708 
-0.722889516 19.482057477 4.851507304 
-6.318757683 15.009458253 -7.440287891 
-7.615577379 13.689545829 -7.836290977 
-2.417143036 14.725031501 9.458042326 
-1.990964096 14.981589677 9.195336655 
-8.864469883 12.822195900 -7.636261793 
-9.152574534 12.701346155 -7.424072365 
-0.168763643 16.551191382 7.673656307 
-1.774276760 15.901576402 8.754381889 
-11.642584117 12.106399381 -5.083533106 
-11.536647911 12.148219539 -5.196785756 
0.395117629 17.583904124 -6.272817391 
0.455956101 17.612009610 -6.243270867 
-10.949127752 12.831527428 5.504006635 
-12.360763164 11.421659504 3.355254365 
0.608414513 17.607534957 -6.101080724 
0.705229317 17.904150462 -5.587220464 
-11.473845892 12.846073757 5.057393306 
-11.300122266 12.804979165 5.330166802 
0.217353652 17.381391724 -6.697409064 
0.295139585 17.446146294 -6.546135550 
-12.542582826 12.537137883 3.301771623 
-11.939756592 12.554532709 4.538602282 
0.075713183 17.486948896 -6.590708798 
0.157503325 17.514743758 -6.491449094 
-11.843337414 12.680143159 4.591941571 
-11.641344825 12.847906125 4.770528055 
2.624741846 18.441905116 1.366793892 
3.420731567 18.025294905 0.038701314 
-12.619757356 12.246650578 -2.595791957 
-12.595011375 12.223412743 -0.788802650 
3.139317592 17.426087302 2.786182489 
3.024467034 17.376872043 3.098180124 
-12.634076012 11.181668197 -3.208200042 
-12.738511606 11.127809419 -2.912965059 
3.482943013 17.416555287 1.559600222 
3.873999442 17.028064905 1.727072681 
-12.903743380 10.737348947 -1.560207755 
-12.423831278 10.980735538 -3.551201921 
1.764627370 18.637115419 -2.560071041 
1.992742258 18.762308461 0.304456637 
-11.144693792 14.169924503 3.596982650 
-12.934291286 10.560614919 -0.217797099 
2.896310444 17.238761157 -3.123949848 
2.850056444 17.346020598 -2.892257877 
-12.350313726 11.553484943 -1.778338585 
-12.701047463 11.075862016 1.974638569 
2.222505791 17.224450528 -4.430515527 
2.225037945 17.264559463 -4.364635721 
-12.832370642 11.126210631 1.190952929 
-12.750450508 11.347383430 2.127316747 
2.340606103 18.619975394 -2.284326742 
2.108733711 19.140610331 -1.069351691 
-12.753065809 12.875044663 -0.671171797 
-12.730631042 13.782283450 1.505556740 
2.111451283 18.948644065 -0.804525467 
2.260222389 18.908489291 1.150221267 
-12.387248561 13.271101968 -2.229559362 
-12.935829624 12.924726822 -0.371529442 
-0.541269601 17.292599405 6.982490554 
-0.426370841 17.428417852 6.712666324 
-8.480423860 13.805323757 -7.210223107 
-8.592554477 13.550371912 -7.363991719 
0.012659548 17.638861217 6.340904726 
-0.544672634 17.349903026 6.948730086 
-9.728377686 13.200950580 -6.830680463 
-8.908072640 13.611845756 -7.194111897 
-0.837299158 17.337464790 7.089409756 
-1.314069326 16.966052097 7.594029112 
-9.066737288 13.781968472 -7.043378662 
-9.173976231 13.561484074 -7.088975556 
0.834051529 18.407812764 4.759271666 
0.018509067 19.505985857 3.537285303 
-10.196219831 13.580021755 -6.071359337 
-11.698702213 14.842832691 -3.124826578 
-0.403871997 17.254792475 -6.996855040 
-1.072079016 16.789855157 -7.784001938 
-10.723819675 12.748344933 6.098436119 
-10.095121522 12.979451625 6.584117660 
-1.231678160 16.615521212 -8.009571973 
-1.000480319 16.631542502 -7.947911099 
-10.875451589 12.620119004 5.987675777 
-10.680569804 12.682463520 6.157300364 
-0.346654555 16.449792001 -7.702566865 
-0.200036914 16.610608657 -7.305819263 
-9.383971164 12.722939077 7.021121340 
-9.500127802 12.562408056 6.968822850 
-0.909864345 16.908414885 -7.622212736 
-0.963274421 18.054281910 -6.040997845 
-9.296186814 13.305295006 7.053170451 
-10.296138277 14.658176876 5.323791872 
2.378510422 18.307186479 -3.241993926 
2.821403549 18.340058538 -1.652061198 
-12.875327790 11.760825915 -1.565799402 
-12.878056203 11.968606329 -1.232752290 
0.952812737 19.604733664 0.715489599 
-0.565283077 20.162262397 -1.037469228 
-12.340756804 13.952144322 -1.602961916 
-8.043573119 16.526046589 5.282546872 
3.045003463 18.199885024 -1.945984361 
3.084745058 18.247189056 -1.071247080 
-12.677609761 11.772574638 -2.549949478 
-12.876510151 11.920735272 -1.514423578 
2.550697251 18.204600868 -3.333716121 
2.638671583 18.264893430 -2.846937952 
-12.996397469 11.638303101 -1.089736709 
-13.032668280 11.680502748 -0.712447658 
2.939007921 18.161615069 -0.621318296 
3.035067486 18.149832923 -0.223632355 
-12.813870566 11.996256270 -1.096031214 
-12.628526063 12.181880056 -1.479425238 
2.911760728 18.166449650 -0.870856209 
2.884783340 18.258654726 0.213271103 
-12.863220224 11.994640691 -0.716885950 
-12.924229294 11.860324965 -0.585196224 
2.781344279 18.292991478 0.283661778 
2.848772339 18.264139050 0.227327073 
-13.079245925 11.630574740 0.056874122 
-13.217303551 11.317816486 -0.469662620 
2.884140066 18.166851751 -0.756170083 
2.943456392 18.217925665 1.317292731 
-12.990543267 11.993592036 -0.136391016 
-12.909062866 11.963959926 -0.483291877 
-1.433723626 16.627805167 8.136838607 
-0.320365050 17.357271180 6.836697212 
-11.104636472 12.458476529 -5.763036008 
-10.465355290 12.781449755 -6.305085954 
-1.083763651 16.901954577 7.683751813 
-0.710729605 17.075994636 7.306873170 
-11.030727252 12.719288843 -5.656651405 
-10.604436120 12.852370522 -6.064202188 
1.306431246 18.953327033 3.602720519 
-1.362310212 16.408657206 8.273179326 
-10.781125871 12.818772265 -5.911217383 
-12.411459814 12.720533051 -3.214307220 
-1.501278070 16.712345886 7.995790790 
-1.418900232 16.688317122 7.942953873 
-10.491505581 12.958470831 -6.136568181 
-10.257857840 12.941759564 -6.384934555 
-3.222029031 15.618372789 -9.311068608 
-3.337383642 15.661801871 -9.282190891 
-10.087044445 13.076591723 6.640545927 
-10.072175235 13.159082811 6.593153697 
-1.695495404 16.286951836 -8.644398866 
-1.661020287 16.253202397 -8.695774796 
-9.961526326 13.054344637 6.750811078 
-10.498033352 13.579597364 6.028755864 
-0.842838372 17.624982226 -7.196399310 
-0.758491151 17.727980430 -6.822248392 
-11.072527242 11.947026945 5.724510831 
-11.262883408 12.085678142 6.126258943 
-2.131981532 15.974194245 -8.977081682 
-1.813072530 16.216703765 -8.675266167 
-10.525111021 12.794237808 6.307938077 
-10.198389861 12.973482405 6.509827809 
3.139233275 18.014782223 0.391819686 
2.957895909 17.771308570 1.621625520 
-12.755294295 11.686486884 0.085891796 
-12.642695122 11.785148387 1.276546197 
1.774200155 17.208568985 -6.644746048 
1.656151147 19.094445184 -0.142810620 
-12.325972948 11.266306158 3.522608949 
-12.796214120 12.546273893 0.990324594 
3.356534398 17.677314671 1.413016046 
3.252193805 17.738119389 1.365946270 
-12.930367350 11.516005222 -1.120044824 
-12.886974079 11.464510163 -1.740022550 
3.465083736 17.418079083 1.431476678 
3.418366457 17.463206102 1.425557700 
-12.884033866 11.329495750 -0.726112422 
-12.724060368 11.305352035 -2.108183272 
-0.325927374 20.087694964 0.811776261 
-0.692679716 20.156422048 1.423018536 
-9.764588228 16.853059415 -2.585256969 
-8.265195095 16.488569794 -5.205270629 
1.759404705 19.053973206 -2.071935688 
1.772098959 19.011274557 -1.665916108 
-12.733993729 12.724442056 2.840842464 
-12.559433726 13.557648368 -0.692770749 
2.367102807 18.365143071 -2.679218651 
2.185089533 18.300578464 -3.165905936 
-12.980310836 12.448784921 1.265651684 
-12.864797239 12.303482100 2.669757507 
1.737376608 18.323222018 -3.949943886 
2.016196579 18.414162259 -3.344771590 
-12.593199194 12.557370334 3.099453787 
-12.511089425 12.487640948 3.424765464 
-1.682511405 16.486783596 8.261331183 
-1.248784252 16.695347987 7.941215931 
-8.318889281 13.733979568 -7.555668384 
-7.578427115 13.988103834 -7.793157713 
-1.516636060 16.380291298 8.250648798 
-0.767967442 16.679374551 7.745067869 
-7.757121391 13.616023005 -7.837641888 
-10.159951816 12.873159540 -6.595882568 
-1.023594836 16.887996460 7.585684680 
-1.525330900 16.480486403 8.179124437 
-7.295520562 13.885023962 -7.972138200 
-7.962850974 13.712790191 -7.742977432 
-1.272276826 16.808956914 7.813567409 
-2.187258742 16.621840135 8.159278239 
-8.502365332 13.708064291 -7.467360137 
-7.844427731 14.042063244 -7.608131583 
1.098360529 17.454894836 -5.911968592 
1.882957240 17.681557233 -4.844432843 
-10.682492907 12.540623965 6.027557395 
-10.310575673 12.538685625 6.416305738 
0.712657226 17.287749427 -6.216956414 
0.168561678 17.075226020 -6.917868068 
-10.200445325 12.669390423 6.378789765 
-10.379763151 12.696047667 6.401500678 
1.155286257 17.344685172 -5.796877854 
-0.617058062 16.532522768 -7.731421285 
-10.152665184 12.643769747 6.435744529 
-10.786977997 12.207437638 6.053745735 
0.214275218 16.826172883 -7.045695913 
0.367254565 16.964342888 -6.805265452 
-10.611039635 12.347504267 6.110835800 
-10.352657196 12.523537476 6.279721160 
3.143906192 17.967487816 -0.326916497 
3.674147419 17.445716484 0.114427489 
-12.977767198 11.424946306 -0.218818913 
-12.830554361 10.814428775 -1.685955060 
2.804309895 18.191543399 0.532363893 
2.880385986 18.101723637 1.296342459 
-12.943568725 11.739005877 -0.042697126 
-12.901277369 11.821071460 0.762509272 
3.051601755 18.057299409 -1.281166202 
2.918419399 18.141152751 -0.303014470 
-12.894259711 11.688994700 0.855113502 
-12.979939635 11.586652472 0.408149687 
3.258195453 17.921258023 -0.948800799 
3.077593677 17.872546716 -2.291232361 
-12.967860044 11.371763481 -1.134948303 
-12.972901028 11.339546717 -1.194685077 
2.295707187 18.586573400 -1.513693245 
2.219925542 18.519340246 -2.061124826 
-12.689031950 12.437906725 2.429445873 
-12.859392527 12.220099294 2.283570725 
2.221496478 18.658650438 -1.721575131 
-2.404796146 16.493431463 -8.837101305 
-9.301988426 14.221442348 6.859850658 
-11.297646055 15.303053925 3.658435269 
2.185912593 18.611861325 -1.625998403 
2.253578888 18.445951220 -2.361608231 
-12.556049076 12.260399437 3.325628346 
-12.760278257 12.200126826 2.765164946 
2.397260658 18.561805174 -1.476213270 
1.973500865 18.278547821 -3.311522527 
-12.703922515 12.146658532 3.131007550 
-12.868568358 12.209867398 2.372736751 
1.015618079 19.720663715 -0.865229493 
-1.635749314 19.702798772 3.607829714 
-12.900412175 13.485920332 -1.555773375 
-11.660255917 11.040023555 -5.695969832 
0.597964673 16.758144963 6.884896364 
0.697925553 16.825695643 6.712133189 
-10.393781629 13.566386224 -6.037902094 
-10.320276405 13.530220019 -6.145017713 
1.323460051 17.227936504 5.488148055 
1.110779262 17.141123256 5.796199249 
-2.937770362 14.745370260 -7.702317429 
-5.285465649 15.045009693 -7.540020533 
0.254614729 17.370710040 6.686155537 
-2.111326404 17.230730473 7.431872117 
-10.150397923 13.192000138 -6.438159651 
-7.948486431 15.252545048 -7.179153294 
0.975903869 19.439369096 -0.876467626 
2.635835400 18.120046640 1.736094179 
-11.666097785 14.163650078 2.847277100 
-9.283316298 13.442356623 6.817330823 
-2.390568760 19.180579829 -5.322870743 
-0.936464117 17.348625363 -6.842290141 
-11.144743977 13.842061956 4.993075796 
-9.591832776 13.199606870 6.904737935 
-0.900756665 16.359065202 -7.770582611 
-0.469521829 16.527291843 -7.446750319 
-10.033668509 12.712006459 6.673866911 
-10.226626570 12.660936110 6.496010464 
-0.662220811 16.464842924 -7.806778309 
-0.610171607 15.757980183 -8.336789256 
-12.831428220 10.862836678 4.023424755 
-11.732517600 10.914269264 5.791625238 
2.401079385 18.410618376 1.609903301 
2.847649326 18.274973749 -0.741962454 
-13.013145893 11.448999347 -2.042146571 
-12.792340665 11.820195656 -2.265601877 
2.229794060 18.387042925 1.964831719 
2.434872092 18.333301131 1.690972158 
-12.896361367 11.792661790 -1.738407823 
-12.629985425 12.818828727 0.552475058 
0.407103624 18.617003822 -4.640302885 
3.744773239 17.417291066 -0.432637885 
-12.682504545 12.146614833 0.283349866 
-12.929188640 10.946019843 -1.285691428 
2.478307452 18.994661699 1.172980634 
2.094229166 19.192416445 0.635267261 
-11.303620866 15.564890927 0.436214316 
-12.028140109 13.027831819 -4.276141381 
1.970191293 17.924243341 -3.986411732 
1.976363771 17.882252697 -4.022924368 
-13.013313414 11.803047023 0.921924203 
-13.034897248 11.990853350 0.641223776 
2.037378756 17.869445603 -4.018946935 
4.353859808 16.406601724 -0.975240500 
-12.119905643 12.252445889 -2.605983144 
-11.158094426 15.097903493 -2.344159173 
2.131630593 18.245349666 3.057680485 
1.923462094 18.895812686 1.513196986 
-11.569857163 12.962951097 -4.427103891 
-12.641786282 12.765470060 -2.439703323 
2.471419242 18.103091315 -2.624946589 
2.334358932 18.038113189 -2.978967041 
-12.908807750 11.871614122 1.323417891 
-12.960703909 11.834937760 1.216360630 
0.685533386 18.062486192 5.404049841 
0.570262117 18.006779337 5.581781820 
-9.463880400 13.588182954 -6.873210652 
-9.725551196 13.533852862 -6.685972240 
0.711771896 18.187137488 5.183767442 
0.869477884 18.112431015 5.210195243 
-10.517728964 13.030608462 -6.187287465 
-10.783496692 12.956649702 -5.935137804 
0.443841461 18.139344531 5.450561055 
0.551381944 18.441249829 5.021023338 
-10.742672522 13.318023792 -5.666123212 
-10.904399012 13.345851151 -5.678780774 
0.398810114 17.925688445 5.767894776 
0.073182176 17.877338530 6.207038668 
-10.914047077 12.758170889 -5.917687859 
-11.194057903 12.810158539 -5.559144845 
-0.465125447 17.114926822 -7.312824370 
-1.009545413 16.750573395 -7.937261418 
-11.420309645 12.541390875 5.319831495 
-11.665611565 12.600265985 4.913516695 
-0.559459360 17.429526963 -6.926822732 
-0.123438090 17.148066064 -6.880805352 
-11.268121878 12.641946381 5.486504074 
-11.420153409 12.759761285 5.220346693 
0.442688204 18.872780240 -4.606201262 
0.266584011 17.871963358 -6.064095552 
-11.776088655 13.571141106 4.407320351 
-11.820492682 12.872592471 4.501568813 
-0.292378302 17.532653909 -6.704125476 
-0.460850814 17.055741274 -7.419081990 
-11.303327011 12.726046903 5.343704709 
-11.309463391 12.632985548 5.462836168 
3.247722149 17.077855410 2.645243217 
3.125077048 17.552867226 1.914820095 
-12.879120081 11.140486240 0.372951387 
-12.814994878 11.049485922 0.807297899 
1.830393639 18.630857031 -0.026609805 
2.240126955 18.287704060 1.241453687 
-9.193951362 14.991718580 4.705049686 
-11.283380207 13.993349306 2.947671543 
3.170516710 17.675489160 1.951541289 
2.833016283 17.593398750 2.921712570 
-12.784512461 10.927247493 -2.289091183 
-12.763656015 10.928964625 -2.336974052 
3.212505610 17.489979362 1.869159470 
3.825257633 17.419006835 0.130479253 
-12.695865031 11.386834650 -2.402253102 
-12.829398437 11.196410145 -2.240538276 
0.556411572 17.703069615 6.381054319 
0.539884542 19.768008461 0.034207208 
-10.444256193 13.908959602 -5.038580777 
-11.223155477 15.659735669 -2.054387876 
2.686728532 17.781426120 -2.663384698 
2.567568521 17.523984529 -3.207381770 
-12.646489984 11.848572414 1.931578968 
-12.621370580 11.687887368 2.322630160 
2.493852991 17.284424640 -3.721218850 
1.668044313 16.946264000 -5.114727247 
-12.383610192 11.760893540 3.213650523 
-12.721643944 11.634445780 2.066138759 
2.016553305 17.517758666 -4.287007896 
2.265773430 17.647037516 -3.721832032 
-12.799742988 11.921621552 1.269972833 
-12.321655995 11.893847708 3.674347855 
-0.617031123 17.377738171 7.036075817 
-0.860248572 17.079350650 7.447668921 
-8.207826880 14.258365818 -7.356585260 
-10.852632370 12.482038476 -5.720754056 
-0.029980419 17.841755518 6.297670380 
-0.571575869 17.494522521 6.931659545 
-9.062245096 14.159023670 -6.864497718 
-9.876905096 13.741658133 -6.463853859 
0.244906002 17.889769294 5.993121703 
-0.740567863 17.464117355 6.994353206 
-9.911430654 13.414115317 -6.630065570 
-10.329414561 13.236813784 -6.354435896 
-0.326559995 17.541772283 6.776425165 
-0.633144307 17.471785610 6.954644103 
-9.625462989 13.585087022 -6.805330820 
-10.022410585 13.399009894 -6.577003021 
0.614266315 16.733195082 -6.840138735 
1.080002732 17.057810715 -6.017437199 
-8.795176782 12.915714358 7.217665016 
-9.986082130 12.317441594 6.550379428 
-0.051625784 17.076471078 -7.134927765 
-0.628540260 16.626645954 -7.929990706 
-9.822447135 13.123073130 6.678781435 
-10.026249121 13.000133927 6.554487018 
-0.965190994 16.890381392 -7.593555500 
-1.558027736 16.477135328 -8.261351469 
-10.332540985 12.877596854 6.322275944 
-10.504350213 12.784542900 6.198094184 
-0.792380145 16.596456002 -7.840631079 
-0.778526021 16.628922144 -7.797590506 
-10.423595353 12.588714518 6.353633726 
-10.129429111 12.852818341 6.456413470 
2.775794350 18.198509708 1.339088664 
2.741434213 18.221766356 1.346491662 
-13.010111173 11.734858755 -1.002487658 
-13.036273099 11.382402297 -0.389751243 
3.225121313 17.694246065 0.471866333 
2.888056334 18.296334861 -0.618136412 
-12.856248436 11.098057337 -1.056905253 
-13.009503572 11.667133946 -1.270660616 
2.339597703 17.477903108 3.801623943 
2.561298825 17.485056748 3.559161770 
-13.015705724 11.453454798 -0.236616686 
-13.016938532 11.431368879 -0.697561022 
2.378610152 18.171707867 2.492533010 
2.451006939 18.222717410 2.140498857 
-12.978760460 11.966133065 -0.938656728 
-12.996807935 11.917625306 -1.010738676 
2.309562283 18.445773985 3.368381597 
2.197983408 18.325129739 3.971913847 
-12.816997557 12.355511794 1.768270279 
-13.035912006 11.894734524 1.585143009 
0.459052434 18.129994018 5.411798143 
-1.433007776 17.286096826 7.260019097 
-12.071841885 11.833593605 4.455110399 
-12.973181269 11.715604187 -2.193902760 
-2.943002555 16.317741255 -7.771390118 
-2.011439121 16.639675080 -7.432120630 
-10.989854453 13.440829086 5.760308734 
-11.400080271 12.647645943 5.584038613 
1.207690170 18.663513799 4.623336772 
2.094446134 18.984265115 -2.105927172 
-10.435203063 14.693499780 4.541162169 
-12.497600363 13.176835171 1.496012265 
1.246813776 16.523482927 6.520824939 
1.286939308 16.467744620 6.593082772 
-9.388017167 11.498645651 -7.376834574 
-9.690269125 11.385007645 -7.162963560 
-1.072891592 18.432048384 5.365686665 
3.894255873 16.364136860 3.809395155 
-4.430609159 13.659069234 -8.474082288 
-9.610195974 11.691940313 -7.078226649 
-1.200407823 16.812756147 7.776666646 
-0.282753248 16.449067535 7.495310124 
-10.048483960 10.067128516 -7.108966088 
-7.909706763 13.148838976 -7.953291099 
1.638662641 18.581821822 3.933459373 
1.465394072 18.637267047 3.846052915 
-9.424343688 12.253018041 -7.225229248 
-9.473272096 11.475216175 -7.334538758 
0.434510297 17.862558179 -5.911906747 
0.311501343 17.792146657 -6.085890954 
-11.446783992 12.945550524 5.066220651 
-11.616226244 12.852414016 4.892326672 
2.712115438 18.861729463 -2.541438299 
-1.048978599 16.517172779 -8.632845154 
-8.474525733 15.410037295 5.689127848 
-6.046409420 13.762725869 7.684820308 
1.927791036 15.942255257 -6.030483070 
0.059168341 16.967822064 -7.025077250 
-9.485242211 10.929882844 7.035865306 
-10.524380497 12.635724416 6.167692378 
0.111790163 17.233102226 -6.930129723 
-1.709904372 16.282487409 -8.407244772 
-9.012441141 12.725214746 7.458796108 
-9.688541471 12.660028078 6.983126907 
2.820294446 18.253588908 -1.612192528 
2.980485269 18.116685613 -2.108945022 
-13.055980350 11.643625525 -0.484840237 
-13.082463857 11.610673707 -0.306195930 
2.897684822 18.195427258 -1.866236317 
2.926961729 18.205074652 -1.602662279 
-13.035313169 11.705627635 0.045348441 
-12.921745502 11.872265052 0.635681823 
2.953787586 18.161368192 -1.748479478 
3.112394724 18.124337246 -1.328221338 
-13.068882999 11.583980445 -0.626454792 
-13.062199099 11.663055615 -0.173653436 
2.849333832 18.148538456 -2.363867778 
2.914626454 18.122377182 -2.284787469 
-13.079117421 11.592739374 -0.032400704 
-13.044021778 11.690082208 -0.100914636 
2.588617019 18.600135261 0.048605578 
2.519985734 18.642523726 0.314265875 
-12.987601961 12.226470913 1.399928503 
-12.953849852 12.176838364 1.730616496 
2.491618439 18.647103078 1.033052270 
2.517287015 18.639270485 0.900530338 
-12.941142618 12.359388498 1.086782015 
-12.931411393 12.336019718 1.311589189 
2.764372890 18.476511281 -0.724914664 
2.635915457 18.450155286 -1.388080115 
-12.785573226 12.194236225 2.485868966 
-12.902206771 12.227928142 1.829154465 
2.792547535 18.522731406 0.097801500 
2.610007972 18.584629829 -0.195175664 
-13.020042685 12.233170464 0.848092975 
-13.047442059 12.220199270 0.526822871 
-1.604522620 16.416294033 8.371159191 
-1.688919430 16.321636181 8.497907128 
-8.090276274 13.918530367 -7.486821072 
-8.974504869 13.626148857 -7.133878039 
-1.319622750 16.436437467 8.246589265 
-2.968244098 14.807056334 9.676977557 
-9.876957398 16.358994831 -4.166751395 
-10.848633147 15.699732862 -3.557423488 
-0.853884906 17.022245301 7.518277739 
-0.619291079 17.241650622 7.152527689 
-8.511957766 13.864906651 -7.310096074 
-7.857283667 14.104080301 -7.522647288 
-1.204270357 16.750935888 7.932167919 
-1.502988873 16.661664687 8.083395190 
-8.554966092 13.808585335 -7.319269126 
-8.787513721 13.667258476 -7.251144129 
0.262389586 17.196538418 -6.785604420 
-0.480440313 16.022486087 -8.178426423 
-11.077634849 12.608872605 5.640133009 
-9.587812507 12.073507542 7.227462942 
0.203707657 17.185309306 -6.857191461 
0.396322374 17.371561071 -6.508089760 
-11.027474261 12.620039254 5.720510655 
-10.297152795 12.897483929 6.357008957 
-0.033154399 17.148794636 -6.986139949 
-0.266952320 17.082170456 -7.193023104 
-11.097390499 12.709159512 5.557637884 
-10.824270201 12.810583836 5.844549565 
-0.453908819 16.869465122 -7.513550198 
-0.241150853 16.964185393 -7.288450673 
-11.068805541 12.729433019 5.574429553 
-11.202232470 12.651603786 5.447213232 
2.894512046 18.274691436 0.004214086 
2.849130863 18.217391291 -1.920956337 
-13.022388061 11.769057453 -0.491348797 
-12.983100949 11.871397507 -0.384350085 
2.775973187 18.335271180 -0.005719076 
2.828393021 18.324194726 -0.263356884 
-13.017409836 11.787540243 -0.608026285 
-13.033353341 11.777094353 -0.713363123 
3.015725518 18.203346006 -0.065194199 
3.045894002 18.179236786 -0.322759516 
-13.007598220 11.840371393 -0.078697800 
-12.930757256 11.947778517 0.285944507 
2.968568176 18.247857831 -0.709102117 
3.089474988 18.155760120 -1.604682785 
-12.524829050 11.395428745 2.417941715 
-12.145694216 13.050525559 2.165653767 
2.405341186 18.018384270 -3.171738353 
2.255206777 18.158884942 -2.903735994 
-13.066640089 11.916920781 0.911858772 
-13.069505920 11.862618102 1.042858597 
2.540461502 18.161720977 -2.408041964 
2.706330308 18.265037879 -1.647247971 
-13.040569864 11.975290773 0.634757401 
-13.030890189 11.908555399 1.140885496 
2.254426582 17.914099608 -3.503919592 
2.029517031 19.119438810 0.633661618 
-13.007606436 11.853023157 0.916724142 
-11.676664198 13.932327947 -3.264478238 
2.582595512 18.258826704 -1.965098086 
2.519510996 18.247342953 -2.172168355 
-12.859394205 12.055497825 1.695978176 
-12.985130215 12.049307887 0.943723157 
-0.388723689 17.486910622 6.838371522 
-1.130220294 17.062069742 7.659492411 
-10.203409236 13.331956256 -6.357627716 
-10.188524452 13.435702974 -6.295872099 
-0.530267831 17.315094572 7.139569222 
-0.446052573 17.366454273 7.017604207 
-9.851163757 13.534241665 -6.530835107 
-9.821936622 13.581844509 -6.515873597 
-0.903843536 17.421689494 7.118471154 
-0.651889691 17.467689949 6.963688723 
-9.626435610 13.429349192 -6.843880096 
-9.424503186 13.632424264 -6.844896099 
-0.213026662 17.672682430 6.511988315 
-0.411979714 17.468058017 6.919520433 
-8.885348883 13.809083140 -7.131358789 
-9.410546789 13.562368996 -6.909185068 
-0.968044075 16.812873644 -7.834966440 
-1.577864279 16.485834058 -8.370975538 
-11.681919834 12.623044168 4.990947349 
-11.681238455 12.669698869 4.925938304 
-0.873048581 16.881150218 -7.710362663 
-0.664725440 16.996852543 -7.552510815 
-11.480174021 12.734296591 5.192312082 
-11.030692118 12.949963188 5.614939172 
-0.247562320 17.375371377 -6.897050770 
0.062669389 17.627642013 -6.393171499 
-10.905624304 12.819021253 5.904995360 
-10.641685413 12.963104183 6.099588264 
-0.460175378 17.371445301 -6.960444006 
-0.687671742 17.152397519 -7.329912423 
-11.274369354 12.722045543 5.475871281 
-11.145028711 12.812258657 5.589822784 
3.293765459 18.080390919 -0.295526710 
3.056984301 18.136979310 0.715657650 
-12.777415029 11.761632074 -2.374700284 
-12.937709165 11.696002898 -1.604272386 
3.201964277 18.107146191 -0.815847323 
3.147645975 18.137339147 -0.613974039 
-12.758410589 11.585373671 -2.795125375 
-13.015989393 11.619717396 -1.276502454 
3.087445294 18.166538677 -0.290495896 
2.986153399 18.213518942 -0.388968299 
-12.897566979 11.778924179 -1.606297341 
-12.928170654 11.726221088 -1.654968581 
3.223849243 18.114084066 -0.768754941 
3.110118576 18.127606370 0.227730812 
-12.936680410 11.664548455 -1.795630366 
-13.078694035 11.587163040 -0.778203898 
2.841980935 18.178199103 -1.833890894 
2.478190323 18.361032473 -1.762849412 
-12.872494111 12.043074670 1.993856861 
-12.881654558 12.017788270 2.065945173 
2.375384472 18.286919204 -2.368190540 
2.299298630 18.201552097 -2.773183906 
-12.857249997 12.127599696 2.080439448 
-12.907155852 12.171071851 1.707724329 
2.772997892 18.379730684 -0.947206225 
2.430698157 18.410198447 -1.665055806 
-12.777715956 12.183993481 2.313277462 
-12.910666757 12.088730724 1.849594482 
2.376653577 18.505467383 -1.407322267 
2.423991027 18.366184433 -1.913303260 
-12.646949652 12.138352523 2.898902962 
-12.756056084 12.143709420 2.446495994 
-0.586956557 17.496809535 6.903736550 
-0.337727646 17.600568261 6.681170335 
-9.989915371 13.541697773 -6.434131253 
-9.671960092 13.681080915 -6.627431848 
-0.310917194 17.604417975 6.660902875 
-0.358769622 17.625638746 6.645236384 
-9.492278436 13.964074601 -6.534760280 
-9.851279701 13.616818774 -6.518889503 
-0.611378321 17.430987782 7.000551991 
-0.804966230 17.359229698 7.167423028 
-9.751516997 13.733654550 -6.487929863 
-10.303029088 13.440261318 -6.201703238 
-1.167471423 17.182328819 7.493023904 
-0.534418146 18.969411783 5.011794105 
-10.440910125 13.428691735 -6.042463987 
-10.701957790 14.606564699 -4.854290844 
-0.669888373 16.977858557 -7.554705998 
-0.585958654 17.028513601 -7.423976978 
-11.354372351 12.797851515 5.202646902 
-11.110912522 12.826458868 5.510156067 
-0.337122438 17.078768343 -7.257647248 
-0.397062023 17.047871519 -7.350013636 
-11.452628774 12.793935198 5.088827563 
-11.308562818 12.748074509 5.320183006 
0.026304926 17.191049332 -6.980718328 
-0.285471963 17.083086513 -7.223370384 
-10.135614849 10.979508562 7.066890858 
-9.684346297 11.445023904 7.276403876 
-1.102634264 15.595031698 -8.861717967 
1.200179644 18.238997381 -4.820862745 
-11.403680521 14.256070547 4.052906723 
-10.626830751 11.324116066 6.490006660 
2.895391659 18.244583509 0.407530099 
2.903374853 18.190186037 0.592440789 
-12.595412104 12.256726724 1.499362732 
-12.764469799 12.187897021 0.584342754 
2.741777878 18.313419853 -0.012791396 
3.133447542 18.122777693 -0.422416248 
-12.756339940 12.021564976 1.210691021 
-12.826103801 11.991009700 0.954522266 
2.760527688 18.397737011 -0.780581500 
2.865417606 18.213635524 -1.787533976 
-13.039595545 11.650870554 -0.631725817 
-12.944942086 11.774316477 -1.189328033 
3.067147764 18.180892583 -0.404652592 
3.082281356 18.173353099 -0.282677172 
-13.021172450 11.702012130 -0.482509578 
-13.029277170 11.684764804 -0.617292520 
0.753517822 19.660633170 -0.653704352 
-0.700253642 20.168286835 1.287466745 
-12.285769983 13.990773593 1.671680285 
-12.510201514 13.826520064 1.316975466 
2.889640373 18.328140753 -0.051626492 
2.737933130 18.155725794 -1.874776278 
-12.521120553 12.723143349 -1.061419883 
-12.741297775 12.299041697 -0.635846275 
3.263555225 18.112967720 1.725743034 
2.644748532 18.431711648 1.593976979 
-12.889657580 12.080818273 -0.189726567 
-12.789259176 12.096351594 -0.753529992 
2.932064092 18.246071391 -0.773043403 
2.875458031 18.239448958 -1.039418494 
-12.952989881 11.890844270 0.984079710 
-12.945045223 11.839848186 1.086479768 
0.189169048 17.229627473 6.857571540 
-0.363214330 16.937411192 7.522347859 
-9.775591711 13.148493931 -6.892001035 
-10.155638543 13.762620009 -6.281639390 
-0.523711677 17.281098167 7.090732640 
-0.525403617 17.373471261 6.963265800 
-8.217514923 13.769109439 -7.605602504 
-9.031656096 13.377578423 -7.229072129 
-0.890545424 16.696960700 7.983979680 
-1.147079604 16.563812885 8.198356124 
-9.252337770 13.324569049 -7.180732371 
-9.834014844 13.065318082 -6.824914784 
-0.683226506 17.705648054 6.998290408 
-1.015307046 17.542261144 7.245644268 
-10.708739505 12.100278550 -6.113898655 
-9.166337385 14.279878247 -6.265627004 
-0.491651421 17.046107585 -7.258597940 
-0.157979667 17.271359278 -6.865953108 
-10.270272687 12.996424244 6.294559037 
-9.548875145 13.344465510 6.761940272 
-1.191821478 16.722748232 -7.907504894 
-0.140191871 17.130209365 -7.017586139 
-10.690772721 12.839202185 6.029312108 
-10.408321809 12.905056194 6.274839710 
-1.610158322 16.244412375 -8.542285729 
-1.262640270 16.727123295 -7.955303027 
-10.953916390 12.736567629 5.766367519 
-10.668592542 12.902189839 6.006767506 
1.178629223 18.857473917 -4.059315006 
-1.713480995 16.240976889 -8.611124059 
-11.311832483 12.773704554 5.252068705 
-11.931766862 14.902851751 1.205684196 
2.373643999 17.254292187 4.189319778 
2.191203750 17.232748570 4.419271618 
-12.725666381 10.894409306 -2.358839669 
-12.710654450 11.283869887 -2.542790306 
2.954455848 17.264226210 2.970682334 
3.072080073 17.261514747 2.802906439 
-12.699029321 11.153712084 -1.837448203 
-12.790015964 11.036036831 -1.486862732 
2.161882275 18.964789191 0.395025042 
2.432308284 18.878828943 -0.824848855 
-12.260462808 13.378127905 2.543074538 
-12.692798019 13.417644492 0.279377332 
1.917214358 19.476498243 0.745733529 
2.263879619 19.154050862 0.320100668 
-12.630851910 13.014584077 0.984992829 
-11.247120206 13.695407503 -5.774511608 
3.021037974 17.414066298 -2.932750668 
2.645231079 17.288511440 -3.835166580 
-12.911853532 11.369528192 0.934412435 
-12.584752928 11.228199914 3.261737913 
2.630528790 18.444254230 -1.409153840 
3.337268164 18.057659674 -0.123966899 
-12.608458066 12.211891523 2.628619933 
-12.671448997 12.133575126 1.000768084 
1.739751472 18.845397372 0.108794835 
-1.388238107 15.919608875 9.217611104 
-10.629778290 14.290382205 -4.337498402 
-12.360766596 10.716224131 -2.538127797 
3.869456604 17.399929001 -0.295709721 
3.454432754 16.968693770 -2.838213987 
-12.849395301 11.009301323 -0.071745032 
-12.639561285 10.890282838 2.966583381 
0.193930152 17.512718630 6.345634772 
-0.095000468 17.377598083 6.660595911 
-9.289444764 13.070765760 -7.222606182 
-9.312007380 13.118153866 -7.158509078 
0.596575236 17.873279474 5.608540712 
0.219517390 17.577557319 6.293338590 
-8.007941428 13.657707015 -7.680328728 
-8.447016945 13.639240934 -7.423505854 
-0.184268025 17.379725565 6.722764682 
-0.190490331 18.419754515 5.035047449 
-9.105535921 13.415722135 -7.149026485 
-10.161462146 14.703475580 -5.442940096 
-0.083332222 16.705165849 7.264449238 
-0.255065583 16.477359222 7.529755923 
-8.569744650 12.978968605 -7.449239839 
-8.994470673 12.664690604 -7.310482901 
-0.438459009 17.211548006 -7.085160829 
-1.275482855 16.875200482 -7.747391817 
-9.581213442 13.521423465 6.694203823 
-9.947281410 13.249215794 6.589313910 
-0.087649631 17.229554640 -6.866840315 
-0.869996580 16.945950531 -7.516005016 
-9.991098248 13.161571535 6.495280727 
-9.568806004 13.295597825 6.791577840 
0.050860532 18.065484664 -5.953575929 
-0.210502536 19.298638157 -4.425386561 
-10.849397673 13.417473577 5.429947702 
-11.697882555 13.410256340 4.048838201 
-0.905933160 17.322700707 -7.151919456 
-1.109704969 16.971178287 -7.544730089 
-8.849959673 13.860545166 7.157629652 
-9.217065403 13.484492503 7.098767582 
2.787578232 18.297379972 0.961060106 
2.604317585 18.234007028 1.840372356 
-12.314733243 12.024507700 -3.708611131 
-9.503998943 12.335543069 -6.929808769 
2.580842294 18.343044580 1.330448978 
2.690756568 18.351828263 0.965020522 
-12.366923826 12.086479105 -3.557677474 
-12.621064047 11.979571249 -2.898461255 
3.035064529 17.697368004 2.306873193 
2.613885845 18.300078409 1.517799531 
-12.485557460 11.921742243 -3.425770373 
-12.728947033 11.713664061 -2.943310616 
2.783996932 18.383410449 0.242363079 
2.744649617 18.301682307 1.119255367 
-12.481160081 11.944833176 -3.356376028 
-12.614196870 11.893676977 -3.031870360 
2.943115153 18.251640864 -0.108348479 
2.817626709 18.301642740 -0.410953765 
-13.145825476 11.558994937 0.069147942 
-13.072395232 11.693405290 0.831375857 
2.949518440 18.295772204 0.164784203 
3.373369993 18.105244495 -0.261271397 
-13.057811586 11.721769697 0.928369028 
-13.206403284 11.320011388 1.385523242 
2.760352551 18.229744381 -1.246914887 
2.833760646 18.257203985 -0.810523198 
-13.197246799 11.454569466 0.567191665 
-13.084108526 11.696892701 0.466286417 
2.936218854 18.278782580 0.041736196 
2.931184834 18.253599203 -0.163151736 
-13.325507904 11.214454534 0.341443626 
-13.082249087 11.711283718 0.049036540 
0.302640670 17.449189744 6.511541996 
0.141731169 17.571580094 6.416923942 
-12.281126178 12.490783615 -3.971283459 
-11.981452816 12.587347830 -4.429191939 
0.668669269 17.255158387 6.744627802 
3.213577474 17.283082813 3.053580603 
-11.974834913 12.689393976 -4.356220522 
-11.750724051 12.784697103 -4.639511637 
0.269188225 17.656555520 6.232628947 
1.022935481 17.897462066 5.413050117 
-11.658614275 12.690188735 -4.881245815 
-11.089814653 12.920715680 -5.510960335 
0.617358454 17.715888382 5.936232282 
0.501140776 17.499204934 6.352185917 
-11.499744797 12.675795481 -5.176356685 
-11.593058086 12.681216318 -5.003852671 
-2.030495954 18.545849939 -7.001793653 
-0.962721408 19.335234461 -5.473808917 
-6.180599467 14.956808471 7.534747551 
-7.850981535 13.553741254 7.832143507 
1.885338828 18.672485029 -2.289531249 
-1.563069955 15.448583148 -9.305501214 
-3.178397476 14.587319900 8.223257164 
-6.972393876 13.775413487 8.102063388 
-1.550948952 16.022403339 -8.584785407 
-1.848588275 15.832109375 -8.862606634 
-11.956101663 11.956162663 4.594157702 
-11.917658695 11.946068020 4.709912856 
-2.822733231 14.525126948 -9.649246725 
-2.803211998 14.486815824 -9.699748776 
-9.665530258 12.454631123 7.177852778 
-9.724027091 12.414042061 7.187565658 
2.368431645 18.220923449 -3.396308555 
2.423190032 18.056943065 -3.978415030 
-12.898753205 11.813870165 1.227509702 
-13.076288583 11.543668467 0.742443359 
1.456696002 18.996867172 -0.079079575 
2.073362424 18.633418413 -0.659346379 
-13.267109308 10.329576390 -2.350602399 
-13.078441223 11.606869144 0.091389965 
2.606368468 18.800800086 0.122472478 
3.063488812 18.454479652 0.705384970 
-12.423096266 14.161506963 -1.699907249 
-12.333003643 13.176256681 -3.856434593 
1.907676852 18.553618634 1.043911509 
3.376112681 17.998403318 -2.281939104 
-13.208644472 11.358222362 -0.331494744 
-13.256636915 10.985303943 0.106365955 
2.713437167 18.324476866 1.223580381 
2.728057176 18.257803541 1.905030771 
-12.996764543 11.783198930 0.592489755 
-13.015309658 11.749382041 0.715847048 
2.654529506 18.251135354 -1.819283592 
2.636107406 18.164692402 -2.114928746 
-13.081670396 11.853182114 0.423745675 
-12.989227501 12.079605880 0.380091876 
1.163534326 19.356294348 1.139594247 
2.115770937 18.908444790 0.549622626 
-12.711183284 13.739049979 0.042209556 
-12.450806242 13.876229463 -0.794681433 
1.636826317 18.983319757 -1.347549438 
-0.552716251 18.362266049 -5.312834507 
-12.716882204 13.905804788 0.923202261 
-11.758746561 14.241125033 3.526892912 
0.456362870 17.101322094 6.980677915 
-1.104378498 17.066788042 7.592326508 
-11.062835141 12.865046837 -5.568759653 
-11.176791851 12.568809862 -5.694827548 
-0.641194837 17.398413172 7.137345378 
-1.111154188 17.242177786 7.478534923 
-10.187781237 13.448175331 -6.341191728 
-10.533177334 13.354948809 -6.052669960 
-0.090632746 17.786816801 6.278733926 
-2.502453514 16.108189766 8.339667792 
-11.509620768 14.083607290 -4.123318776 
-11.408050443 13.723174147 -4.778682108 
-1.984991510 16.662238558 7.803785245 
-2.714484266 15.965894370 8.363422957 
-7.821724282 13.745291622 -7.610190949 
-7.959826062 13.573647736 -7.581324117 
1.943819581 18.431749150 -2.470725196 
-2.083784308 16.597091384 -8.529901186 
-5.614626295 15.256986855 7.317797201 
-7.124190629 14.821611003 7.125890941 
0.865976907 17.960965590 -5.950274483 
0.496915403 17.741385937 -6.564748997 
-11.673741547 13.402710052 4.449257259 
-11.528608195 13.344455355 4.761093682 
0.574773065 17.653263919 -6.475193574 
0.802279801 17.505076237 -6.605195801 
-10.772425914 13.839289265 5.647532637 
-11.843572578 13.472901529 4.519790312 
-0.364593594 16.925137865 -7.294856149 
-1.344765873 16.754792006 -7.446082934 
-10.644775895 11.522993686 6.222083374 
-10.174134202 10.129585892 6.907574700 
2.187634445 18.807907508 0.433070407 
2.320516495 18.794254619 0.275474609 
-12.906417435 12.634124637 -1.167692035 
-12.781658256 12.571706475 -2.208326479 
2.414449275 18.456684528 -0.409636866 
0.453037443 20.153482981 -0.114172582 
-10.942787759 12.288913540 -5.652222045 
-12.562341665 11.711112147 -1.706257209 
2.661944332 18.447127247 0.232644515 
2.815367766 18.460569816 0.114646685 
-12.902166773 12.263931959 -0.562210104 
-12.959270150 12.214437502 -1.241493196 
2.364533661 18.449719831 1.800360088 
2.445756220 18.469932038 1.524696768 
-12.960348971 12.336805260 -0.526968465 
-12.982815399 12.267267251 -0.584729090 
2.668108074 18.414096190 -0.396395354 
2.586168127 18.332651403 -1.425450476 
-12.842148286 12.005941175 2.029778513 
-12.930898098 11.961931035 1.695657145 
3.155951122 17.845122779 0.154778633 
2.937541685 17.898183377 -1.125552867 
-12.938886400 11.212837975 0.911682187 
-12.907591208 11.477866251 0.839522284 
2.150774433 16.790537774 -4.567493561 
2.087883810 16.915001597 -4.120334076 
-12.070919774 11.344762029 2.702571296 
-9.568402769 11.939719262 6.556141742 
2.784911666 17.292724078 -3.117336982 
2.271252441 17.453986978 -3.138206036 
-12.126336709 11.389677929 3.315932842 
-12.259256090 11.290654075 3.052154123 
1.604708778 17.105745522 5.396992554 
-2.305980875 16.830712711 7.759541489 
-8.966473330 14.732643752 -7.212965868 
-8.401368990 13.483532390 -7.745436319 
-1.825555158 16.968656276 8.146201960 
0.418574153 17.482442915 6.164094528 
-12.036110483 12.494486699 -4.239826522 
-11.532400371 12.279273039 -4.863997265 
-0.989056089 15.057244954 9.241411062 
-3.865049422 14.622892648 9.610283738 
-11.104192026 11.832234892 -5.898470622 
-7.370847547 14.215032532 -8.014715215 
-4.136518434 16.017498227 8.366331061 
-2.455298818 17.016235294 7.662449111 
-9.814352410 13.694685888 -6.789982745 
-10.611998752 14.182874910 -5.313355741 
-1.920439929 16.345127426 -8.191825947 
-3.444806519 15.847886388 -8.773593390 
-7.795016135 14.114049239 7.793203361 
-7.152411575 13.920793086 8.252920526 
2.387448211 18.889691226 -2.026141463 
0.955767417 18.473586179 3.778979789 
-9.641517704 16.101742792 4.010587862 
-11.654944484 13.723691167 4.327395255 
-0.855236874 17.206980330 -7.584892179 
-1.238251542 16.754422966 -7.760972222 
-11.192341267 13.424286136 5.326186781 
-11.128442204 13.643283821 5.196438365 
-0.466194735 16.851061578 -7.205871026 
-1.591003622 16.356208778 -7.821451494 
-10.622013716 12.839024173 5.943805755 
-11.600200708 12.506495568 4.921099316 
3.024063415 18.025767382 0.728355548 
3.541699083 17.464911724 1.421143654 
-12.064855922 11.773705563 -4.003848943 
-12.824959473 10.759458137 -1.866561066 
3.030633325 18.046153558 0.897193363 
2.771297462 18.132617648 1.471363220 
-12.672495731 11.560816553 -2.712152482 
-12.941971541 11.584007256 -1.530848535 
3.084377375 17.999743159 0.735115983 
2.792283018 18.012482074 1.593301046 
-12.295374520 11.548135188 -3.722491040 
-12.529731499 11.510345026 -3.106392431 
2.956064754 18.033837683 0.337263745 
2.950932674 18.015009452 0.695597957 
-12.656132834 11.445145441 -2.604789434 
-12.654579131 11.529470392 -2.456222136 
2.477074702 18.560888049 -1.071183904 
2.360057583 18.523714302 -1.713751452 
-12.855092060 12.249800933 2.147162183 
-12.992997169 12.329342192 1.109805751 
2.376710284 18.475893241 -2.225401798 
2.289142705 18.816299113 -1.321456934 
-12.227283495 12.388308948 4.180616647 
-12.788580992 12.449869389 2.506140223 
2.384024254 18.506293075 -1.777590577 
2.267129118 18.461128539 -2.184578152 
-12.842631646 12.299131066 2.193852670 
-13.091691848 12.215655119 0.408829060 
2.471082929 18.595972875 -0.987491815 
2.174688817 18.473804824 -2.271138145 
-13.018683140 12.141466507 1.774711088 
-12.935148150 12.315791038 1.730370321 
-1.383091122 17.744800052 7.117815464 
-1.802064529 16.843225586 8.047091390 
-10.593843728 13.557084756 -5.971553186 
-10.595318576 13.332789566 -5.962262698 
0.187266875 17.430992542 6.660314016 
-0.229761158 17.448903556 7.174240259 
-13.444780515 10.923963473 -1.369397365 
-12.163076632 11.393706598 -4.572144221 
-1.707616550 16.849649657 8.064014622 
-0.937559256 17.180333036 7.460092454 
-10.714560599 12.986606142 -5.965916122 
-10.444232167 13.183858406 -6.143032217 
-1.077619615 16.804609641 7.840486005 
-1.175182428 16.940167490 7.648069858 
-10.705318174 12.903547574 -6.007259037 
-10.207890538 13.021571633 -6.486492677 
-3.138242861 16.743350690 7.849619068 
-4.286650358 15.446392654 8.721793765 
-12.497563535 13.520644416 -2.351811922 
-9.839602825 12.517647408 7.077896026 
0.765146575 17.337429012 -6.453741040 
0.360155606 17.092793983 -6.763247016 
-9.324212336 14.428727327 6.110068719 
-10.262721009 13.421370468 5.956127558 
-1.071785171 16.310338296 -7.866282423 
-1.313387133 16.263045762 -7.954587625 
-9.277108718 12.680093625 7.251634546 
-10.873032609 12.387860540 5.933128578 
-5.358984490 13.112723375 -9.667004472 
-6.265117748 12.912803884 -9.387370236 
-11.087433216 12.105240009 6.215476013 
-11.413559596 11.058730673 6.195251008 
2.810170173 17.993480938 -2.945874260 
3.023944807 18.146931408 -0.801264749 
-12.989855804 11.665914923 -0.744875405 
-12.937598679 11.600416962 -1.307121934 
2.849154982 18.211409309 -0.729081928 
2.967952726 18.162816245 0.132446120 
-12.969467037 11.665214856 -0.668167190 
-12.819681858 11.871923254 0.719891450 
-0.892733590 18.797652069 -5.588449313 
0.665532333 17.998667066 -5.516961308 
-11.219422277 13.098828952 4.015558429 
-12.320158663 12.954270400 0.929728208 
0.723348058 19.566945505 -0.919507615 
3.126711002 18.059332160 -0.721266953 
-12.867892206 11.941242848 0.409916247 
-12.871127926 11.904463293 0.473157200 
2.322880378 18.087835217 -3.225829066 
2.430917391 18.305053437 -2.303601690 
-12.972184018 12.191392016 -0.062376087 
-12.999390951 12.192059609 0.278526196 
2.227382955 18.313245729 -2.638216430 
2.836148916 18.444780598 0.161301409 
-12.848537715 12.327788048 -0.747009683 
-12.384158432 12.306940822 -2.561960275 
1.693201949 18.938455073 1.734947350 
1.928890360 18.989713002 0.923515702 
-11.923506477 13.188103386 -3.008191625 
-12.699478851 12.462250913 -1.933502534 
2.500799306 18.498495709 -1.080017685 
2.257938824 18.631352516 -0.904143846 
-12.694388866 12.558976730 -0.861650889 
-12.845943685 12.505434997 0.222431857 
-0.572027415 17.514393573 6.936140265 
-0.684314914 17.493049640 7.005769746 
-9.439159780 13.639783290 -6.897068995 
-10.136776184 13.423085599 -6.434232132 
-0.464487089 17.466643251 6.930683990 
-0.639414463 17.326284659 7.218605618 
-9.998605162 13.397997958 -6.586104567 
-9.398322132 11.656789605 -6.985156007 
-0.654830086 17.174357547 7.311039529 
-1.285437557 16.835267747 8.117360585 
-10.502078945 13.006925065 -6.252612509 
-10.237323952 13.535525618 -6.278371746 
-1.170517322 17.199914701 7.460879391 
-1.623417460 16.840787162 8.006134222 
-9.829600852 13.280161023 -6.835782348 
-9.765027671 13.504291297 -6.719171731 
-1.352739632 16.562723711 -8.226645775 
-1.492527228 16.493924951 -8.344199060 
-11.740799536 12.223368026 5.001236900 
-11.436177684 12.675088966 5.187485204 
-1.920458071 16.414316306 -8.533887227 
-1.337606137 16.694438966 -8.087132024 
-11.069736834 12.348362357 5.892574269 
-10.671799236 12.792196841 6.046693281 
-2.076036692 17.347647195 -8.259588681 
-0.988733272 17.081162350 -7.595283508 
-11.840236269 13.655296457 4.181193893 
-10.288253309 13.165969082 6.365485681 
-1.078995050 16.831221680 -7.822871027 
-0.952306606 16.678222068 -8.010822067 
-10.685569101 12.328379117 6.306747253 
-10.716922015 12.776955493 5.940484278 
2.853163242 18.237946803 -0.340927285 
2.356455522 18.379638497 -0.113715022 
-12.946292676 11.822971400 -1.219090404 
-12.763130236 10.681149557 0.141551606 
2.573182338 18.323168813 -1.668192304 
2.755906174 18.247405428 -1.779548255 
-12.995913704 11.820315129 -0.655825257 
-12.967945066 11.812721005 -0.916554433 
2.576966015 18.407019048 -0.206597069 
2.361120400 18.552414817 -0.144184175 
-12.922595175 11.888733379 0.162696742 
-12.967760862 11.721736317 -0.927892973 
2.618705285 18.425571421 -0.667361412 
2.788296731 18.235676367 -0.142697660 
-12.713336419 12.088558520 1.381861406 
-12.922464567 11.970934321 0.076771028 
2.623293297 18.418593044 1.278836645 
2.069871698 18.839843956 1.952942130 
-9.260609330 14.593207461 -5.805310326 
-11.915106428 13.655666582 -2.010825819 
2.600259361 18.342323312 -1.572185571 
2.795029431 18.254030992 -1.444946523 
-12.678654395 12.473846730 -1.393192700 
-12.196156920 12.961954223 -2.183302822 
3.011745257 18.342901979 0.507666269 
2.776251120 18.352766052 -1.043883411 
-12.813017422 12.276340041 -1.065338257 
-12.851952103 12.273019115 -0.823205154 
2.451046190 18.562029415 1.582976158 
2.511143458 18.171884593 -2.329134580 
-12.480397810 12.654433333 -1.837942408 
-11.874789175 12.316739517 4.828033704 
-0.041590025 17.500027703 6.738267769 
0.063353635 17.205185338 7.090598696 
-9.885500290 13.137504185 -6.837879568 
-10.144707910 13.090945553 -6.609070130 
-0.420900913 17.252594410 7.190621792 
-1.233121584 16.869298073 7.917915885 
-10.221144823 13.101035525 -6.552184998 
-9.633213940 13.404928715 -6.899035048 
-0.155062883 17.627438378 6.657424101 
0.645740905 19.394993219 1.941750268 
-12.272262869 12.248112817 -3.763169173 
-12.231462234 13.065878138 -3.305604351 
1.482185072 19.332666500 2.306044903 
1.888467107 19.314382182 1.143029904 
-10.901617421 15.310660214 -3.655811255 
-12.778970592 12.217944077 -3.417058933 
-2.262640136 16.431243615 -8.497662159 
-2.868043007 15.785675486 -9.187604754 
-10.485797364 13.004914191 6.158957350 
-9.337486473 13.251261917 7.041716680 
-1.473807541 16.378144826 -8.411160769 
-1.615713201 16.213881581 -8.606800883 
-10.085789166 12.939653895 6.621938955 
-10.906338570 12.788994334 5.847814610 
-2.134921620 16.180693530 -8.781273509 
-2.163862311 16.199104614 -8.782769863 
-9.842698748 13.211114567 6.652105676 
-9.629862075 13.024911951 6.951090677 
-1.481825105 16.504254932 -8.291306008 
-0.889283798 16.596286785 -8.089085053 
-9.117534183 13.283170942 7.219143935 
-9.493474394 13.147768877 6.990475903 
2.478963297 18.301840970 -3.324185068 
2.401981765 18.460583808 -2.711249964 
-13.008393992 12.114393151 -0.447492121 
-12.716818126 12.430751135 1.161581421 
1.188933647 18.031641999 -5.296601509 
2.089787157 18.734593100 -2.903852079 
-9.977431889 14.191821814 5.482560522 
-10.441083529 15.853616038 3.293352753 
2.273564714 18.426464010 -2.886486964 
2.689288661 18.153725460 2.066330025 
-12.998123651 11.901064074 -1.504222123 
-11.722495925 12.327563458 -5.140343462 
2.741796435 18.302654691 -2.466385190 
2.646824526 18.384518934 -2.362530813 
-13.025401775 12.067283498 -0.951367590 
-13.055956657 12.017429990 -0.208790692 
2.606830251 18.305886650 -1.147711233 
2.873177073 18.254856832 -0.310840197 
-12.726211353 12.103756038 -1.308709610 
-12.626541892 12.327313508 -1.135895567 
2.517902579 18.221951475 -1.725255421 
2.140813362 18.500064695 -0.439790194 
-12.195091578 12.668923467 -2.211668116 
-12.375299567 12.615815226 -1.714669325 
2.385486297 18.485664986 -0.265300540 
2.577774791 18.365282079 -0.229375276 
-12.401687493 12.346932674 -2.039290049 
-12.371332499 12.577896749 -1.795128777 
2.628592874 18.324928012 -0.396763844 
2.640500592 18.330092937 -0.221849315 
-12.786649035 12.099690634 -0.888639054 
-12.926684535 11.885554732 -0.296298524 
-1.673801172 16.436511056 8.379710250 
-0.944526122 16.887925554 7.757000087 
-9.412842018 13.109797893 -7.099202478 
-9.227091620 13.309444020 -7.114975256 
-1.611935243 16.892043892 7.992046491 
-1.203436080 16.881407303 7.805017533 
-8.786649029 13.345842555 -7.389775034 
-9.177761255 13.555801606 -6.995532052 
-1.175892333 16.479682222 8.237242183 
-0.723136610 16.784641485 7.751191360 
-9.896420408 12.985352129 -6.787535253 
-9.447124758 13.325296507 -6.943202372 
-1.585400421 16.559209672 8.273971558 
-1.269822109 16.771618965 8.011680927 
-9.365134943 13.336541417 -6.994258733 
-9.312700443 13.415403167 -6.973825474 
-2.476966919 15.947329798 -9.106233146 
-2.082513570 16.319809427 -8.661350101 
-10.946553389 12.751608055 6.024722023 
-10.966600225 12.771892969 5.952148606 
-1.281603365 16.908057176 -7.974475188 
-0.815681215 16.943771850 -7.751185327 
-10.952434195 12.653275013 6.099273437 
-10.585184139 12.919345006 6.277011378 
1.353629411 19.417581706 -1.804699642 
1.785783897 19.326590349 -1.280694389 
-11.015176084 15.255738798 3.555925796 
-12.108103485 12.638937917 4.318477630 
-1.013391820 17.314316629 -7.342862637 
-1.620222482 16.599484360 -8.311517017 
-11.672340081 14.050451477 3.844333120 
-12.032057997 12.566233789 4.065571764 
2.930920771 18.359045082 0.313438885 
2.906747427 18.378617956 -0.341239294 
-12.991106195 12.094915935 -0.926623454 
-11.593946968 15.018820629 1.149484043 
2.610300638 18.484772053 0.705849348 
2.703074762 18.524875729 -0.388295634 
-12.947203252 12.218552102 -1.337503489 
-12.842838510 12.294049773 -1.695310117 
2.860880241 18.368107637 -1.418666348 
2.257657199 18.727064387 0.113921661 
-12.987460090 12.151439916 -0.808210997 
-12.850902490 12.465290441 -0.240643684 
1.455358538 18.847133167 -2.855940464 
1.768562156 19.015199017 -1.137078160 
-11.825789657 13.219053427 3.136770242 
-12.625195445 12.461442921 2.288727406 
2.744484952 18.207441127 -0.612896316 
2.976895909 18.131331641 -0.289763882 
-12.626219796 12.037554030 -1.699886588 
-12.151069156 12.441905789 -2.571505595 
2.780373577 17.976516421 -2.035005335 
2.796325831 18.027391996 -1.785693782 
-12.785118893 11.857054269 -1.022059878 
-12.837946361 11.899738332 -0.805243403 
-0.630878713 19.905706417 -0.275652844 
2.462666586 18.986545827 0.141782334 
-12.750237792 11.948860152 -1.130456725 
-12.638349924 12.038338667 -1.453379393 
1.293818509 18.962030140 1.699928391 
1.194042492 19.132832031 1.464036622 
-10.855700103 13.411442975 -4.361962503 
-12.414347205 12.854918139 -0.624220269 
-0.378712720 17.361964848 6.903198975 
-0.620461294 17.048429624 7.430986502 
-9.774574309 12.808879302 -6.925185222 
-9.525888006 13.201755788 -6.890285574 
-0.005183517 17.486009250 6.574989998 
-0.306588456 17.196499411 7.114668546 
-10.515778330 12.508433429 -6.397464241 
-9.853599400 13.053500001 -6.699143143 
0.611733457 17.688699376 5.985347657 
0.131609697 17.369673813 6.711304706 
-9.464951923 13.191246971 -6.950735812 
-9.180045931 13.391093152 -7.029949951 
0.085534314 18.862488227 4.793381564 
-0.231791134 17.515897838 6.738768578 
-9.801214141 12.929958054 -6.823206285 
-9.646331297 13.475088720 -6.741156694 
-1.450359122 16.859542401 -8.011321602 
-1.466341036 16.917654855 -7.973387185 
-11.008763535 13.053448084 5.743617250 
-10.731696043 13.279621515 5.895166419 
-1.641199950 16.825111996 -8.095787487 
-2.100288565 16.570424875 -8.427806810 
-10.639976298 13.071889383 6.174616525 
-11.173832899 13.147314182 5.434745663 
-1.812735437 16.821361370 -8.050088797 
-1.282237852 16.958926056 -7.794807426 
-10.029637631 13.326829831 6.609153860 
-10.615463709 13.258493379 6.042197623 
-1.034756270 16.931324356 -7.757303257 
-1.786408448 16.758042673 -8.406877833 
-9.024964585 13.778244084 7.014748112 
-9.343319997 13.974541614 6.732899358 
2.403651893 18.477790303 2.147913678 
2.431730577 18.714390787 1.413713995 
-12.660307785 12.377575456 -2.983968463 
-12.707644367 12.480511010 -2.768339488 
2.455975412 18.450795222 1.819096318 
2.365975277 18.426947800 2.175675349 
-12.998019577 12.373785331 -0.646137243 
-13.018648265 12.303819454 -0.954748000 
2.591292889 18.582564477 0.834938008 
2.322488760 18.468336874 2.079230384 
-12.765258304 12.409034063 -2.314642839 
-12.859897567 12.138918228 -2.551946075 
2.481018027 18.622450142 0.631713075 
2.708617972 18.553616626 0.406926397 
-12.846160078 12.537162661 0.510429973 
-12.549536903 12.376591070 -3.135435260 
3.155193790 18.042153756 1.115201448 
3.026716584 18.100242535 -0.636965182 
-12.349232663 11.692155576 3.500773537 
-12.792111357 11.647879598 2.113699009 
3.042314059 18.011394670 -0.819150565 
3.678055895 17.454579204 -0.886548988 
-11.886591862 11.790151543 4.513612402 
-12.830292189 10.939601321 0.812217198 
2.916949225 18.032095608 -0.563321025 
2.872737067 18.029359694 -0.765259355 
-12.691938551 11.460884764 2.505036739 
-12.783093239 11.433927043 2.099461286 
2.862504281 18.036792696 -1.227132566 
2.616868925 17.826958651 -2.781918911 
-12.533380841 11.596077679 3.046415535 
-12.892076482 11.443292776 1.805299328 
0.697755473 17.316768021 6.501143188 
0.416778864 17.121587963 6.680194291 
-9.437632170 14.330993424 -6.124202284 
-10.216563241 13.430273594 -6.008449964 
2.361106224 18.405097794 -2.419701266 
0.110740222 17.294151010 -6.176130305 
-12.446591984 13.530298417 2.592260992 
-10.898699596 15.018773407 -4.284963153 
-4.378363403 13.582970147 9.543205697 
-3.431605128 14.074236192 9.226894324 
-11.577672504 11.800708267 -5.808200862 
-11.538894225 10.992122823 -6.062483389 
-1.220949908 16.227549058 7.997548204 
-1.430401125 16.220475139 8.015371907 
-8.513957852 13.010269696 -7.618255895 
-10.064578697 11.770634743 -6.740443016 
-0.110795759 17.456582240 -6.800776936 
-0.008240592 17.424101293 -6.955275099 
-13.388099834 11.028686684 1.293778752 
-12.277465616 11.300775134 4.429333771 
-1.411464811 17.791519868 -7.054819783 
-0.248826006 17.828294960 -6.314714474 
-10.219852231 13.634533525 6.292742299 
-10.338337248 13.333412679 6.219799725 
-0.940273773 17.013706076 -7.519142802 
-0.993471846 16.968877508 -7.609710635 
-10.318078349 12.944421283 6.423694465 
-10.524534023 12.826268292 6.286903326 
-1.239625997 16.980965883 -7.842015131 
-1.255207623 17.032006131 -7.748174218 
-10.497866971 13.437407718 5.939638363 
-10.733545172 12.918395945 5.978364449 
2.956971803 17.845205950 1.125185724 
2.864904751 17.897618988 1.516222279 
-12.865430675 11.135960319 0.192544415 
-12.814350891 11.587474347 -1.362011409 
2.510109715 18.405832001 1.130520132 
2.564524904 18.429502835 0.811386029 
-12.825549380 12.063562503 -1.928313756 
-12.844672653 11.907242824 -2.291041461 
2.899671849 17.473878042 2.184249845 
3.345823766 17.557290317 0.388107553 
-12.816633375 11.267093683 -1.043967018 
-11.962753852 11.464737304 -3.672254530 
1.319631939 16.419740042 5.749215816 
2.200462199 16.922826607 3.946988469 
-12.197218321 11.327627631 -1.691097261 
-7.556963983 13.424458970 -7.009532766 
2.690576177 18.173984999 1.594698652 
0.551309717 20.137961709 0.483389478 
-11.082570337 12.191730771 5.547831730 
-12.279534467 11.783722732 2.733933744 
2.480704290 18.740783913 0.622665149 
2.475830500 18.760251045 0.321654392 
-12.696783086 12.657760198 2.263436380 
-12.650963956 12.595263187 2.721327408 
2.598192949 18.494856427 -0.873234250 
2.615352884 18.540509949 -0.288255382 
-12.841764458 12.316248891 1.789876502 
-12.877846790 12.305398541 1.526706823 
2.749066029 18.417899472 0.675007038 
2.612252584 18.498038140 -0.764028179 
-12.824906887 12.211541350 1.631571148 
-13.001377302 12.175369190 1.117713985 
2.126204619 19.014023649 2.468592113 
0.296215122 18.523350470 4.713322703 
-9.807202718 15.932557301 -4.118018209 
-11.620867942 13.764017909 -4.312417605 
0.143795664 17.209089067 6.835963751 
-3.148925621 15.893229019 8.746058056 
-7.462507911 14.285040229 -7.882034261 
-6.965711706 14.035759373 -8.266007102 
-0.264548210 16.843910571 7.153776028 
-1.484885699 16.204028405 7.981636170 
-11.665088816 12.923593348 -4.456409629 
-11.739098840 12.478366154 -4.645783451 
-1.115099202 16.928842688 7.975397615 
-1.515513140 16.634524184 7.953921331 
-11.148432138 13.619235869 -5.223650603 
-11.032202845 13.727296259 -5.235156113 
-1.783036922 16.950573515 -8.146254687 
-0.001755203 17.216262480 -6.822583973 
-11.614392340 12.649603627 4.822446306 
-11.361294756 12.338902010 5.043076122 
1.681426623 17.152020424 -5.339977805 
-2.005802727 17.018871288 -7.479892961 
-8.944078962 14.717632190 7.256468416 
-6.755679454 15.626247191 7.748387145 
-4.047401201 16.029690071 -8.369711621 
-2.676453143 16.947115029 -7.768487820 
-9.918444081 13.662932461 6.714246794 
-10.682650204 14.158508593 5.173252411 
-1.503474772 14.878869223 -9.520663015 
-3.658445261 14.610019732 -9.615702840 
-10.984462911 11.838977694 6.046695748 
-7.658585720 14.112765248 7.941902138 
2.698008678 18.538477974 0.008448217 
2.572786172 18.609898389 0.010082634 
-13.056214519 11.933071088 -0.641491065 
-13.050378137 11.897866559 -0.796726889 
2.131402290 18.143619510 3.204642502 
2.661025144 18.457980595 1.195810232 
-13.054531170 12.100365893 -0.192597145 
-13.086266128 12.120282459 -0.270425596 
2.791264651 18.508777699 0.143557299 
2.940412036 18.473632580 -0.904984394 
-13.065187147 12.152937765 -0.393468449 
-13.045954014 12.202868922 -0.104722322 
2.804143493 18.529079677 -0.132188687 
2.882602373 18.501933544 -0.676247468 
-13.029062383 12.189430342 -0.572754833 
-13.060174232 12.043739947 -0.903624140 
1.349547333 19.282440529 -1.519971092 
2.930015677 18.155328124 -0.304928510 
-12.918463097 11.710215235 0.745010585 
-12.856544155 11.832053286 0.970089385 
3.154373544 18.171830479 -1.520245435 
3.107101613 17.999603676 0.194542026 
-12.552849684 12.590823180 0.647964329 
-12.812127736 11.943581122 0.540035595 
2.832910466 18.066368694 -1.377504139 
2.814519211 18.090378159 -1.073555317 
-12.653847764 12.010883704 -0.979541636 
-12.839412749 11.787369980 -0.031591685 
2.777084289 18.076827091 -1.526790205 
2.695061694 18.112947468 -1.329795163 
-12.888734234 11.769779319 0.050351975 
-12.991203770 11.581221596 0.344673703 
0.366786365 17.406763356 6.459282755 
-0.330189830 16.960585288 7.374501787 
-8.702774622 13.603084092 -7.174425541 
-8.834383646 13.652594753 -7.062314500 
0.601661199 17.669827629 5.997047255 
0.185757970 17.447524479 6.495320673 
-8.966229759 13.419551220 -7.103918839 
-8.954569652 13.512179901 -7.053132156 
-0.423738559 16.930979211 7.436625645 
-0.378677105 16.986041555 7.343258917 
-9.078869910 13.354771558 -7.084685257 
-8.674568995 13.496640868 -7.235878516 
-0.312419038 16.934600852 7.393970649 
-0.853112109 16.602304258 7.958975017 
-9.027589450 13.369509219 -7.090740200 
-9.469791531 13.228384982 -6.856338015 
-0.904391622 17.397546640 -7.150524863 
-0.890701378 17.308046203 -7.318806967 
-10.899508777 13.315646274 5.671415822 
-10.541465939 13.474163081 5.960872735 
-0.999932827 17.408391181 -7.174508502 
-0.497116011 17.584840208 -6.778608747 
-10.826281955 13.305727359 5.768904955 
-10.476195013 13.434861312 6.073103785 
-1.130394573 17.266567951 -7.386888016 
-0.934339443 17.304094000 -7.299044654 
-10.761272890 13.295775379 5.875579756 
-11.206215606 13.134628116 5.422366750 
-1.202883064 17.199969710 -7.509636344 
-0.935891972 17.308807744 -7.298831067 
-11.090201975 13.094343234 5.626005850 
-10.885191766 13.273180921 5.732413935 
2.174612480 18.547697683 1.646747644 
2.269718158 18.680782795 0.721335028 
-12.800107286 12.545539792 -1.091189295 
-12.501402472 12.783103646 1.641037418 
1.066251708 19.489071414 1.644202943 
1.287818983 19.517077858 0.907603534 
-12.825711629 12.595475196 0.525664094 
-12.763127006 13.605342049 -2.166997331 
-0.559669622 17.854057274 5.935562125 
1.489065503 19.470759578 0.979795310 
-12.758018967 13.899374392 -0.913289862 
-12.154893227 12.505691615 -4.040269303 
2.508550756 18.579626444 1.173947798 
0.713959755 16.442155921 6.252524662 
-12.750391994 13.576557699 -0.893294924 
-12.571124422 13.271004737 -1.486533834 
1.671710796 18.915406623 0.338452406 
3.268429197 17.270177581 0.437379581 
-12.998213606 12.038569664 0.200640141 
-12.805832031 12.392639594 -0.964617388 
3.221178662 17.855450159 1.273780488 
3.363856214 17.836872275 -0.039927390 
-13.121152876 11.260084952 0.717419170 
-13.114336188 11.302698021 0.744116031 
3.196968798 17.865024695 -0.251004063 
3.555219995 17.621195660 -0.001202909 
-13.078359359 10.647363689 1.297020387 
-13.169640600 10.627019694 0.977882327 
2.937661445 17.306104464 -2.843664695 
0.627832875 18.992541563 -3.643593598 
-11.941824817 11.320057572 4.483752092 
-11.892978252 11.620923992 4.364636672 
0.353823307 14.258271609 8.863700341 
-2.847015560 14.811911499 9.783993134 
-10.029840535 10.780453577 -6.990420119 
-11.448265959 11.952803364 -5.569327311 
2.834986559 17.234167101 3.809051648 
1.967473263 17.141857991 4.986174455 
-9.020384070 14.009380573 -7.284082592 
-10.753237475 12.847684680 -5.843150469 
-0.169836251 18.110412372 6.806513197 
-2.454879097 15.130548486 9.600950048 
-10.766858588 12.908605672 -6.094170438 
-10.995082047 11.678211052 -5.825495470 
-1.306650294 17.741277347 6.270750210 
0.457739961 16.598315876 7.518209719 
-11.607049597 11.002221326 -5.661467288 
-8.111363498 13.856811971 -7.427202294 
-1.378874388 17.790755709 -7.216852973 
-0.790094584 17.179240046 -7.192496273 
-10.302083993 14.653066194 5.373346757 
-10.546270454 13.663817182 5.830838360 
-1.760816948 16.469411217 -7.899584249 
-2.786586371 16.605334680 -8.005811711 
-9.443520063 14.651359408 6.880339492 
-7.232294821 15.556699540 7.566838971 
0.496027633 19.816231701 -1.470500611 
0.548479165 19.438504657 -2.891969836 
-10.029435744 14.053796738 6.190617873 
-12.332360332 14.096758408 2.016659194 
-1.689661283 17.968996524 -6.929524538 
-0.367329595 18.936882752 -5.003549524 
-10.038831622 14.704126013 5.605352811 
-11.654279821 14.293172716 3.645594966 
3.219737737 17.896541196 -0.311195368 
3.249106718 17.874487748 -0.543413145 
-13.099872649 11.285730575 -1.025149724 
-13.155811539 11.207665586 -1.161002820 
2.020815985 15.943339865 5.467241514 
0.959118041 16.026672947 6.562246100 
-13.214796514 11.611788895 0.578177266 
-12.990452522 12.011307143 0.459598180 
2.691615081 17.233760158 3.391185690 
0.713877595 19.058097723 3.358754358 
-12.113982785 11.202862630 -4.302593292 
-11.584768173 11.716820099 -4.946704981 
2.918466746 18.150070610 0.264821731 
3.601602332 17.603097474 -0.491349842 
-13.025098314 10.691148325 -1.614744198 
-13.145591867 10.632397403 -1.391242001 
0.965889437 19.664335953 -1.167522887 
1.321899577 19.519146553 -1.083546581 
-13.022256762 12.295564680 0.424753090 
-13.137677148 13.220892108 1.637140067 
2.271300174 18.635618513 -0.698604699 
2.307998813 18.659199797 -0.833011611 
-12.733502552 12.522194218 1.770187143 
-12.903450714 12.485804705 0.635084239 
2.689479130 18.601425471 0.133851904 
0.978693940 16.460887272 -6.083173797 
-12.631909395 13.678050576 1.348527846 
-12.460534197 13.354890882 1.912739446 
0.890704696 19.393674863 -2.335954414 
1.428395148 19.400071895 -1.694659262 
-12.678303208 13.954890391 1.433693702 
-12.387455994 14.698931970 1.531436645 
-0.601079272 17.742150295 6.529684528 
-2.682678784 16.528384501 8.044716718 
-8.777422100 14.262710199 -7.319118262 
-7.506393965 15.011402247 -7.682539122 
-0.430423126 17.842920835 6.707394114 
-1.151124119 17.111601845 7.363199090 
-10.834252275 14.381462506 -5.048980781 
-10.057359877 13.812909519 -6.250319815 
-1.617794544 18.142215596 6.659682101 
-0.422424109 18.816467116 5.143454990 
-9.974100990 14.654342259 -5.685687812 
-10.619483223 14.462791554 -5.226816063 
0.480180934 19.761316509 1.203374446 
0.512228814 19.438828907 2.913446308 
-12.588273422 14.234543395 -0.058931003 
-12.379053682 14.072495923 -1.835018850 
2.690117091 17.217538383 -4.035149267 
1.458845260 17.128305607 -5.386867231 
-9.106135410 13.964265843 7.262375115 
-10.651040685 12.878723365 5.976869036 
0.362141154 14.274418794 -8.884941319 
-3.191816960 14.672411204 -9.859531467 
-10.225351713 10.679215782 6.851546084 
-11.587765557 11.943360397 5.376597519 
1.196619073 17.531232723 -5.340467666 
0.129242230 16.483819745 -7.846149903 
-11.749889330 10.896368226 5.509601277 
-8.525423137 13.699559606 7.286715953 
-0.202061047 17.997510756 -7.050933422 
-2.628278253 15.039734570 -9.680359529 
-11.205174473 12.678473215 5.595896467 
-11.122605096 11.568635015 5.648788555 
4.039177614 17.247288000 -2.425949040 
3.089701427 18.010614327 -0.522372307 
-12.976231039 11.598422970 -1.047012813 
-12.837156333 11.921377946 -0.452894700 
3.195234388 17.980335224 -1.197010270 
2.995535732 18.120580288 -0.820289431 
-12.723296660 11.774686039 -2.237225154 
-12.609254419 12.033146881 -2.612950358 
3.158406799 17.990112770 -0.177260624 
3.071241215 18.068834327 -0.258147579 
-12.897095942 11.764937120 -1.181275783 
-12.848481534 11.779417292 -1.136286538 
2.981509306 18.095657942 -0.793986051 
2.960443462 18.086451193 -0.026991854 
-12.855108486 11.807096807 -1.053396383 
-12.869783575 11.823544340 -0.304831002 
2.672730809 18.343720754 -1.619056222 
2.581943256 18.417930247 -1.449815950 
-13.105456327 12.190005337 -0.187639656 
-13.037104711 12.312376017 0.036691721 
2.754697966 18.458124077 -0.018639065 
2.748910152 18.498202961 0.294334208 
-13.022768484 12.253062402 -0.054999551 
-13.057080992 12.222670197 -0.063787633 
2.663627075 18.373921692 -1.629363656 
2.488152401 18.406429877 -1.910460192 
-12.930877822 12.328315907 -0.779948994 
-12.946330315 12.348517847 -0.455640398 
2.579355564 18.371864605 -1.789016852 
2.816674202 18.428548075 -0.928237085 
-13.017908596 12.277504008 -0.068921414 
-12.978885042 12.314128006 -0.120415274 
-0.765627613 17.551676911 6.911341202 
-1.068228957 17.335262391 7.307651138 
-10.239825762 13.504821340 -6.287321288 
-10.384002964 13.418319267 -6.198820866 
-0.929691499 17.437554817 7.113536979 
-0.876226846 17.327234026 7.238329899 
-10.994817391 13.303546436 -5.594538013 
-10.933017460 13.326384979 -5.638054024 
-0.694026999 17.601027555 6.851987476 
-0.707109461 17.479454087 6.990873556 
-10.868879933 13.139386272 -5.867291052 
-10.310428327 13.424433928 -6.256936366 
-0.614519602 17.502548847 6.893613679 
-0.397830764 17.640843702 6.662869160 
-10.112988019 13.631763473 -6.299014178 
-10.312532437 13.448516238 -6.243067299 
-1.249478191 16.496063255 -8.202894149 
-1.168001078 16.543965759 -8.137650241 
-9.994286945 12.991678802 6.537589807 
-10.152147246 12.938324905 6.450713313 
-1.248003619 16.380188593 -8.322837193 
-0.948420412 16.609114946 -7.988724238 
-9.687057969 13.208346184 6.679104573 
-10.108316269 13.047830863 6.419920792 
-1.167723314 16.430156345 -8.238045522 
-1.062887277 16.505511725 -8.136074289 
-9.990493136 13.015350499 6.511524787 
-9.795189234 13.123821379 6.615800653 
-1.240284961 16.384088421 -8.326396430 
-1.090204396 16.458106356 -8.204996690 
-10.171914557 12.968842402 6.378982738 
-9.598048251 13.098264484 6.813623127 
