1.865171367 0.000000000 0.000000000 
1.865302188 0.000000000 0.000000000 
1.865247639 0.000000000 0.000000000 
1.865473835 0.000000000 0.000000000 
1.865256929 0.000000000 0.000000000 
1.865302803 0.000000000 0.000000000 
1.865505677 0.000000000 0.000000000 
1.865597114 0.000000000 0.000000000 
1.865291870 0.000000000 0.000000000 
1.865284452 0.000000000 0.000000000 
1.865418837 0.000000000 0.000000000 
1.865472963 0.000000000 0.000000000 
1.865289123 0.000000000 0.000000000 
1.865352467 0.000000000 0.000000000 
1.865248763 0.000000000 0.000000000 
1.865369588 0.000000000 0.000000000 
1.865474713 0.000000000 0.000000000 
1.865432842 0.000000000 0.000000000 
1.865382172 0.000000000 0.000000000 
1.865203267 0.000000000 0.000000000 
1.865302368 0.000000000 0.000000000 
1.865448918 0.000000000 0.000000000 
1.865247812 0.000000000 0.000000000 
1.865232346 0.000000000 0.000000000 
1.865353198 0.000000000 0.000000000 
1.865342346 0.000000000 0.000000000 
1.865321659 0.000000000 0.000000000 
1.865218297 0.000000000 0.000000000 
1.865318938 0.000000000 0.000000000 
1.865388426 0.000000000 0.000000000 
1.865331331 0.000000000 0.000000000 
1.865388770 0.000000000 0.000000000 
1.865413548 0.000000000 0.000000000 
1.865373184 0.000000000 0.000000000 
1.864983309 0.000000000 0.000000000 
1.865043510 0.000000000 0.000000000 
1.865312215 0.000000000 0.000000000 
1.865348132 0.000000000 0.000000000 
1.865118224 0.000000000 0.000000000 
1.865300388 0.000000000 0.000000000 
1.864587841 0.000000000 0.000000000 
1.865767388 0.000000000 0.000000000 
1.865225606 0.000000000 0.000000000 
1.865745175 0.000000000 0.000000000 
1.865376386 0.000000000 0.000000000 
1.865371701 0.000000000 0.000000000 
1.863812359 0.000000000 0.000000000 
1.865219808 0.000000000 0.000000000 
1.865029996 0.000000000 0.000000000 
1.865003487 0.000000000 0.000000000 
1.865428478 0.000000000 0.000000000 
1.865383364 0.000000000 0.000000000 
1.865113339 0.000000000 0.000000000 
1.865162255 0.000000000 0.000000000 
1.865382653 0.000000000 0.000000000 
1.865298243 0.000000000 0.000000000 
1.865104577 0.000000000 0.000000000 
1.864130602 0.000000000 0.000000000 
1.865389954 0.000000000 0.000000000 
1.865691919 0.000000000 0.000000000 
1.865262046 0.000000000 0.000000000 
1.865131405 0.000000000 0.000000000 
1.865449526 0.000000000 0.000000000 
1.865263058 0.000000000 0.000000000 
1.865345797 0.000000000 0.000000000 
1.865257307 0.000000000 0.000000000 
1.865457208 0.000000000 0.000000000 
1.865352656 0.000000000 0.000000000 
1.865389998 0.000000000 0.000000000 
1.865440659 0.000000000 0.000000000 
1.865332809 0.000000000 0.000000000 
1.865243596 0.000000000 0.000000000 
1.865645303 0.000000000 0.000000000 
1.865497486 0.000000000 0.000000000 
1.865372153 0.000000000 0.000000000 
1.865400926 0.000000000 0.000000000 
1.865560455 0.000000000 0.000000000 
1.865011214 0.000000000 0.000000000 
1.865309007 0.000000000 0.000000000 
1.865273273 0.000000000 0.000000000 
1.865325376 0.000000000 0.000000000 
1.865393582 0.000000000 0.000000000 
1.865145740 0.000000000 0.000000000 
1.865083082 0.000000000 0.000000000 
1.865416556 0.000000000 0.000000000 
1.865430421 0.000000000 0.000000000 
1.865239070 0.000000000 0.000000000 
1.865294843 0.000000000 0.000000000 
1.865489952 0.000000000 0.000000000 
1.865417639 0.000000000 0.000000000 
1.864568249 0.000000000 0.000000000 
1.864984587 0.000000000 0.000000000 
1.865455059 0.000000000 0.000000000 
1.865393213 0.000000000 0.000000000 
1.865115730 0.000000000 0.000000000 
1.865288353 0.000000000 0.000000000 
1.865410100 0.000000000 0.000000000 
1.865207257 0.000000000 0.000000000 
1.865111710 0.000000000 0.000000000 
1.865135368 0.000000000 0.000000000 
1.865494379 0.000000000 0.000000000 
1.865421628 0.000000000 0.000000000 
1.865167234 0.000000000 0.000000000 
1.865101463 0.000000000 0.000000000 
1.865335564 0.000000000 0.000000000 
1.865491394 0.000000000 0.000000000 
1.865331351 0.000000000 0.000000000 
1.865160137 0.000000000 0.000000000 
1.865398013 0.000000000 0.000000000 
1.865407240 0.000000000 0.000000000 
1.865063459 0.000000000 0.000000000 
1.865038553 0.000000000 0.000000000 
1.865105963 0.000000000 0.000000000 
1.865325245 0.000000000 0.000000000 
1.865387629 0.000000000 0.000000000 
1.865392958 0.000000000 0.000000000 
1.865065248 0.000000000 0.000000000 
1.865137693 0.000000000 0.000000000 
1.865356495 0.000000000 0.000000000 
1.865376082 0.000000000 0.000000000 
1.865160224 0.000000000 0.000000000 
1.865136266 0.000000000 0.000000000 
1.865195371 0.000000000 0.000000000 
1.865283571 0.000000000 0.000000000 
1.865112650 0.000000000 0.000000000 
1.865046456 0.000000000 0.000000000 
1.865178126 0.000000000 0.000000000 
1.865174360 0.000000000 0.000000000 
1.865049762 0.000000000 0.000000000 
1.864926801 0.000000000 0.000000000 
1.865275002 0.000000000 0.000000000 
1.865316900 0.000000000 0.000000000 
1.864996884 0.000000000 0.000000000 
1.865044382 0.000000000 0.000000000 
1.865211685 0.000000000 0.000000000 
1.865279187 0.000000000 0.000000000 
1.865126464 0.000000000 0.000000000 
1.865077965 0.000000000 0.000000000 
1.865375591 0.000000000 0.000000000 
1.865224214 0.000000000 0.000000000 
1.865177722 0.000000000 0.000000000 
1.865082703 0.000000000 0.000000000 
1.865432920 0.000000000 0.000000000 
1.865295121 0.000000000 0.000000000 
1.865043889 0.000000000 0.000000000 
1.865119491 0.000000000 0.000000000 
1.865055551 0.000000000 0.000000000 
1.865007951 0.000000000 0.000000000 
1.864955851 0.000000000 0.000000000 
1.865154097 0.000000000 0.000000000 
1.865158345 0.000000000 0.000000000 
1.865058760 0.000000000 0.000000000 
1.865072294 0.000000000 0.000000000 
1.865132672 0.000000000 0.000000000 
1.865013684 0.000000000 0.000000000 
1.865020963 0.000000000 0.000000000 
1.865297246 0.000000000 0.000000000 
1.865162309 0.000000000 0.000000000 
1.865055501 0.000000000 0.000000000 
1.865108551 0.000000000 0.000000000 
1.865283384 0.000000000 0.000000000 
1.865150271 0.000000000 0.000000000 
1.865278399 0.000000000 0.000000000 
1.865080811 0.000000000 0.000000000 
1.865379774 0.000000000 0.000000000 
1.865847116 0.000000000 0.000000000 
1.865205061 0.000000000 0.000000000 
1.865181420 0.000000000 0.000000000 
1.865182623 0.000000000 0.000000000 
1.865155806 0.000000000 0.000000000 
1.865213889 0.000000000 0.000000000 
1.865100577 0.000000000 0.000000000 
1.865220057 0.000000000 0.000000000 
1.865201636 0.000000000 0.000000000 
1.865111308 0.000000000 0.000000000 
1.865077989 0.000000000 0.000000000 
1.865232286 0.000000000 0.000000000 
1.859829557 0.000000000 0.000000000 
1.865983318 0.000000000 0.000000000 
1.865267626 0.000000000 0.000000000 
1.865298177 0.000000000 0.000000000 
1.865078384 0.000000000 0.000000000 
1.865385337 0.000000000 0.000000000 
1.865153783 0.000000000 0.000000000 
1.865134973 0.000000000 0.000000000 
1.865030159 0.000000000 0.000000000 
1.865227505 0.000000000 0.000000000 
1.865162388 0.000000000 0.000000000 
1.865147769 0.000000000 0.000000000 
1.864979835 0.000000000 0.000000000 
1.865222925 0.000000000 0.000000000 
1.865065030 0.000000000 0.000000000 
1.865520247 0.000000000 0.000000000 
1.866296255 0.000000000 0.000000000 
1.865121146 0.000000000 0.000000000 
1.865739831 0.000000000 0.000000000 
1.865100893 0.000000000 0.000000000 
1.865005215 0.000000000 0.000000000 
1.865445214 0.000000000 0.000000000 
1.865211873 0.000000000 0.000000000 
1.861527608 0.000000000 0.000000000 
1.866501808 0.000000000 0.000000000 
1.865203747 0.000000000 0.000000000 
1.864646198 0.000000000 0.000000000 
1.865313225 0.000000000 0.000000000 
1.864899762 0.000000000 0.000000000 
1.865642904 0.000000000 0.000000000 
1.865225496 0.000000000 0.000000000 
1.865509472 0.000000000 0.000000000 
1.865460731 0.000000000 0.000000000 
1.865614981 0.000000000 0.000000000 
1.865464522 0.000000000 0.000000000 
1.865373689 0.000000000 0.000000000 
1.865445333 0.000000000 0.000000000 
1.865350537 0.000000000 0.000000000 
1.865334969 0.000000000 0.000000000 
1.865061001 0.000000000 0.000000000 
1.865124477 0.000000000 0.000000000 
1.865069797 0.000000000 0.000000000 
1.865225312 0.000000000 0.000000000 
1.865512296 0.000000000 0.000000000 
1.865597664 0.000000000 0.000000000 
1.865566559 0.000000000 0.000000000 
1.865541718 0.000000000 0.000000000 
1.865753071 0.000000000 0.000000000 
1.864824150 0.000000000 0.000000000 
1.865234385 0.000000000 0.000000000 
1.866665079 0.000000000 0.000000000 
1.866251797 0.000000000 0.000000000 
1.865288571 0.000000000 0.000000000 
1.860655698 0.000000000 0.000000000 
1.865390672 0.000000000 0.000000000 
1.864766447 0.000000000 0.000000000 
1.864909126 0.000000000 0.000000000 
1.865301773 0.000000000 0.000000000 
1.865325849 0.000000000 0.000000000 
1.865350305 0.000000000 0.000000000 
1.865517416 0.000000000 0.000000000 
1.865263063 0.000000000 0.000000000 
1.865382676 0.000000000 0.000000000 
1.864959059 0.000000000 0.000000000 
1.867517536 0.000000000 0.000000000 
1.866149779 0.000000000 0.000000000 
1.864775923 0.000000000 0.000000000 
1.865447746 0.000000000 0.000000000 
1.865470087 0.000000000 0.000000000 
1.865374540 0.000000000 0.000000000 
1.865486789 0.000000000 0.000000000 
1.865307589 0.000000000 0.000000000 
1.865023713 0.000000000 0.000000000 
1.864671368 0.000000000 0.000000000 
1.865350664 0.000000000 0.000000000 
1.865536893 0.000000000 0.000000000 
1.865535336 0.000000000 0.000000000 
1.864954720 0.000000000 0.000000000 
1.865222384 0.000000000 0.000000000 
1.865323784 0.000000000 0.000000000 
1.865012896 0.000000000 0.000000000 
1.865416404 0.000000000 0.000000000 
1.865365635 0.000000000 0.000000000 
1.864973223 0.000000000 0.000000000 
1.864568176 0.000000000 0.000000000 
1.865931941 0.000000000 0.000000000 
1.865735453 0.000000000 0.000000000 
1.865024528 0.000000000 0.000000000 
1.865146775 0.000000000 0.000000000 
1.865429848 0.000000000 0.000000000 
1.865173833 0.000000000 0.000000000 
1.865134222 0.000000000 0.000000000 
1.865161230 0.000000000 0.000000000 
1.865178206 0.000000000 0.000000000 
1.865141331 0.000000000 0.000000000 
1.859273413 0.000000000 0.000000000 
1.864567095 0.000000000 0.000000000 
1.867459025 0.000000000 0.000000000 
1.865012485 0.000000000 0.000000000 
1.865705185 0.000000000 0.000000000 
1.865671868 0.000000000 0.000000000 
1.865336699 0.000000000 0.000000000 
1.865249784 0.000000000 0.000000000 
1.865078603 0.000000000 0.000000000 
1.865272968 0.000000000 0.000000000 
1.865066605 0.000000000 0.000000000 
1.864965633 0.000000000 0.000000000 
1.865401932 0.000000000 0.000000000 
1.865392614 0.000000000 0.000000000 
1.864849570 0.000000000 0.000000000 
1.864900067 0.000000000 0.000000000 
1.865398845 0.000000000 0.000000000 
1.865569458 0.000000000 0.000000000 
1.865115465 0.000000000 0.000000000 
1.864830333 0.000000000 0.000000000 
1.865334358 0.000000000 0.000000000 
1.865278177 0.000000000 0.000000000 
1.865268954 0.000000000 0.000000000 
1.865481975 0.000000000 0.000000000 
1.865405468 0.000000000 0.000000000 
1.865304819 0.000000000 0.000000000 
1.865065043 0.000000000 0.000000000 
1.865326881 0.000000000 0.000000000 
1.865096047 0.000000000 0.000000000 
1.865275090 0.000000000 0.000000000 
1.865009978 0.000000000 0.000000000 
1.865053699 0.000000000 0.000000000 
1.865433125 0.000000000 0.000000000 
1.865280254 0.000000000 0.000000000 
1.865305024 0.000000000 0.000000000 
1.865392616 0.000000000 0.000000000 
1.865553958 0.000000000 0.000000000 
1.865371472 0.000000000 0.000000000 
1.865302648 0.000000000 0.000000000 
1.865397265 0.000000000 0.000000000 
1.865135398 0.000000000 0.000000000 
1.865158868 0.000000000 0.000000000 
1.865152306 0.000000000 0.000000000 
1.865224702 0.000000000 0.000000000 
1.865200389 0.000000000 0.000000000 
1.865273581 0.000000000 0.000000000 
1.865276827 0.000000000 0.000000000 
1.865235948 0.000000000 0.000000000 
1.865815687 0.000000000 0.000000000 
1.866079222 0.000000000 0.000000000 
1.865198410 0.000000000 0.000000000 
1.865345858 0.000000000 0.000000000 
1.865418597 0.000000000 0.000000000 
1.865385718 0.000000000 0.000000000 
1.865199627 0.000000000 0.000000000 
1.865194223 0.000000000 0.000000000 
1.865854746 0.000000000 0.000000000 
1.865233968 0.000000000 0.000000000 
1.865110378 0.000000000 0.000000000 
1.865207835 0.000000000 0.000000000 
1.865193879 0.000000000 0.000000000 
1.865093148 0.000000000 0.000000000 
1.865226736 0.000000000 0.000000000 
1.865154951 0.000000000 0.000000000 
1.866778193 0.000000000 0.000000000 
1.866309905 0.000000000 0.000000000 
1.865506623 0.000000000 0.000000000 
1.865475250 0.000000000 0.000000000 
1.865217744 0.000000000 0.000000000 
1.864957712 0.000000000 0.000000000 
1.864791153 0.000000000 0.000000000 
1.866898318 0.000000000 0.000000000 
1.866176569 0.000000000 0.000000000 
1.865280127 0.000000000 0.000000000 
1.865405332 0.000000000 0.000000000 
1.865332681 0.000000000 0.000000000 
1.865977084 0.000000000 0.000000000 
1.866025304 0.000000000 0.000000000 
1.865400128 0.000000000 0.000000000 
1.865249647 0.000000000 0.000000000 
1.864597261 0.000000000 0.000000000 
1.865299087 0.000000000 0.000000000 
1.865055102 0.000000000 0.000000000 
1.864541646 0.000000000 0.000000000 
1.863236159 0.000000000 0.000000000 
1.864448892 0.000000000 0.000000000 
1.865495023 0.000000000 0.000000000 
1.865100431 0.000000000 0.000000000 
1.865043301 0.000000000 0.000000000 
1.865001569 0.000000000 0.000000000 
1.863981378 0.000000000 0.000000000 
1.863817724 0.000000000 0.000000000 
1.863943792 0.000000000 0.000000000 
1.863809466 0.000000000 0.000000000 
1.865178749 0.000000000 0.000000000 
1.865150113 0.000000000 0.000000000 
1.864584740 0.000000000 0.000000000 
1.863571706 0.000000000 0.000000000 
1.865195697 0.000000000 0.000000000 
1.866401959 0.000000000 0.000000000 
1.865933840 0.000000000 0.000000000 
1.865406354 0.000000000 0.000000000 
1.865383903 0.000000000 0.000000000 
1.865287520 0.000000000 0.000000000 
1.866173424 0.000000000 0.000000000 
1.865253311 0.000000000 0.000000000 
1.865937934 0.000000000 0.000000000 
1.866436503 0.000000000 0.000000000 
1.865284656 0.000000000 0.000000000 
1.865570718 0.000000000 0.000000000 
1.865378719 0.000000000 0.000000000 
1.865478103 0.000000000 0.000000000 
1.865507307 0.000000000 0.000000000 
1.865596054 0.000000000 0.000000000 
1.864979565 0.000000000 0.000000000 
1.865472874 0.000000000 0.000000000 
1.865617709 0.000000000 0.000000000 
1.865533862 0.000000000 0.000000000 
1.865242744 0.000000000 0.000000000 
1.865163399 0.000000000 0.000000000 
1.865212481 0.000000000 0.000000000 
1.865379464 0.000000000 0.000000000 
1.867593832 0.000000000 0.000000000 
1.865652995 0.000000000 0.000000000 
1.865378864 0.000000000 0.000000000 
1.865323148 0.000000000 0.000000000 
1.865857276 0.000000000 0.000000000 
1.864296826 0.000000000 0.000000000 
1.865460113 0.000000000 0.000000000 
1.865347549 0.000000000 0.000000000 
1.865035240 0.000000000 0.000000000 
1.864921946 0.000000000 0.000000000 
1.865562355 0.000000000 0.000000000 
1.866650641 0.000000000 0.000000000 
1.865749571 0.000000000 0.000000000 
1.864009839 0.000000000 0.000000000 
1.865270991 0.000000000 0.000000000 
1.865344006 0.000000000 0.000000000 
1.865431727 0.000000000 0.000000000 
1.865336073 0.000000000 0.000000000 
1.863564116 0.000000000 0.000000000 
1.865611912 0.000000000 0.000000000 
1.865393654 0.000000000 0.000000000 
1.865410541 0.000000000 0.000000000 
1.865672228 0.000000000 0.000000000 
1.865800073 0.000000000 0.000000000 
1.864994865 0.000000000 0.000000000 
1.865008646 0.000000000 0.000000000 
1.865589153 0.000000000 0.000000000 
1.865351942 0.000000000 0.000000000 
1.865197175 0.000000000 0.000000000 
1.865225316 0.000000000 0.000000000 
1.865735278 0.000000000 0.000000000 
1.865252850 0.000000000 0.000000000 
1.865123693 0.000000000 0.000000000 
1.865661918 0.000000000 0.000000000 
1.865617359 0.000000000 0.000000000 
1.865724220 0.000000000 0.000000000 
1.865334498 0.000000000 0.000000000 
1.865377258 0.000000000 0.000000000 
1.865224500 0.000000000 0.000000000 
1.865277588 0.000000000 0.000000000 
1.864938031 0.000000000 0.000000000 
1.865113582 0.000000000 0.000000000 
1.865237323 0.000000000 0.000000000 
1.865019045 0.000000000 0.000000000 
1.865396058 0.000000000 0.000000000 
1.865205852 0.000000000 0.000000000 
1.864807026 0.000000000 0.000000000 
1.865204295 0.000000000 0.000000000 
1.865079351 0.000000000 0.000000000 
1.866295202 0.000000000 0.000000000 
1.864901721 0.000000000 0.000000000 
1.864900341 0.000000000 0.000000000 
1.865687414 0.000000000 0.000000000 
1.865052346 0.000000000 0.000000000 
1.865624988 0.000000000 0.000000000 
1.865381168 0.000000000 0.000000000 
1.865207486 0.000000000 0.000000000 
1.865092661 0.000000000 0.000000000 
1.862758125 0.000000000 0.000000000 
1.864377810 0.000000000 0.000000000 
1.867416565 0.000000000 0.000000000 
1.866257692 0.000000000 0.000000000 
1.865075196 0.000000000 0.000000000 
1.865102282 0.000000000 0.000000000 
1.864648579 0.000000000 0.000000000 
1.866058047 0.000000000 0.000000000 
1.865191921 0.000000000 0.000000000 
1.865125433 0.000000000 0.000000000 
1.864668618 0.000000000 0.000000000 
1.864885924 0.000000000 0.000000000 
1.865152132 0.000000000 0.000000000 
1.864960421 0.000000000 0.000000000 
1.867606614 0.000000000 0.000000000 
1.864765750 0.000000000 0.000000000 
1.865367607 0.000000000 0.000000000 
1.865124868 0.000000000 0.000000000 
1.865261532 0.000000000 0.000000000 
1.865142474 0.000000000 0.000000000 
1.865156772 0.000000000 0.000000000 
1.865055431 0.000000000 0.000000000 
1.865190011 0.000000000 0.000000000 
1.865161343 0.000000000 0.000000000 
1.865359016 0.000000000 0.000000000 
1.865129828 0.000000000 0.000000000 
1.865185098 0.000000000 0.000000000 
1.865151653 0.000000000 0.000000000 
1.865286588 0.000000000 0.000000000 
1.865485269 0.000000000 0.000000000 
1.865270203 0.000000000 0.000000000 
1.865291255 0.000000000 0.000000000 
1.865550521 0.000000000 0.000000000 
1.865470469 0.000000000 0.000000000 
1.865246887 0.000000000 0.000000000 
1.865296423 0.000000000 0.000000000 
1.865156384 0.000000000 0.000000000 
1.865152629 0.000000000 0.000000000 
1.865165292 0.000000000 0.000000000 
1.865373014 0.000000000 0.000000000 
1.865402650 0.000000000 0.000000000 
1.865419261 0.000000000 0.000000000 
1.865216486 0.000000000 0.000000000 
1.865375331 0.000000000 0.000000000 
1.865342608 0.000000000 0.000000000 
1.865239018 0.000000000 0.000000000 
1.864967512 0.000000000 0.000000000 
1.865173132 0.000000000 0.000000000 
1.865330225 0.000000000 0.000000000 
1.865301937 0.000000000 0.000000000 
1.865098798 0.000000000 0.000000000 
1.865104951 0.000000000 0.000000000 
1.865067112 0.000000000 0.000000000 
1.865157734 0.000000000 0.000000000 
1.864951087 0.000000000 0.000000000 
1.865172475 0.000000000 0.000000000 
1.865316052 0.000000000 0.000000000 
1.865189388 0.000000000 0.000000000 
1.864985482 0.000000000 0.000000000 
1.865002063 0.000000000 0.000000000 
1.865359904 0.000000000 0.000000000 
1.865317203 0.000000000 0.000000000 
1.865130437 0.000000000 0.000000000 
1.865176978 0.000000000 0.000000000 
1.865093708 0.000000000 0.000000000 
1.865099189 0.000000000 0.000000000 
1.865162042 0.000000000 0.000000000 
1.865252979 0.000000000 0.000000000 
1.864493932 0.000000000 0.000000000 
1.864341331 0.000000000 0.000000000 
1.865361164 0.000000000 0.000000000 
1.866213435 0.000000000 0.000000000 
1.865098943 0.000000000 0.000000000 
1.865033276 0.000000000 0.000000000 
1.865515604 0.000000000 0.000000000 
1.865276786 0.000000000 0.000000000 
1.865313797 0.000000000 0.000000000 
1.862907692 0.000000000 0.000000000 
1.865325814 0.000000000 0.000000000 
1.866812099 0.000000000 0.000000000 
1.865053208 0.000000000 0.000000000 
1.864875669 0.000000000 0.000000000 
1.865290658 0.000000000 0.000000000 
1.865154715 0.000000000 0.000000000 
1.865107825 0.000000000 0.000000000 
1.865596365 0.000000000 0.000000000 
1.865084377 0.000000000 0.000000000 
1.864889287 0.000000000 0.000000000 
1.866679213 0.000000000 0.000000000 
1.865932776 0.000000000 0.000000000 
1.865221482 0.000000000 0.000000000 
1.864308336 0.000000000 0.000000000 
1.865201981 0.000000000 0.000000000 
1.865338688 0.000000000 0.000000000 
1.864931744 0.000000000 0.000000000 
1.864837594 0.000000000 0.000000000 
1.862903265 0.000000000 0.000000000 
1.859796024 0.000000000 0.000000000 
1.866144670 0.000000000 0.000000000 
1.866180105 0.000000000 0.000000000 
1.865363973 0.000000000 0.000000000 
1.864856744 0.000000000 0.000000000 
1.864899632 0.000000000 0.000000000 
1.864080952 0.000000000 0.000000000 
1.865786432 0.000000000 0.000000000 
1.865823394 0.000000000 0.000000000 
1.865040924 0.000000000 0.000000000 
1.864836214 0.000000000 0.000000000 
1.865257682 0.000000000 0.000000000 
1.865259161 0.000000000 0.000000000 
1.865270173 0.000000000 0.000000000 
1.865065347 0.000000000 0.000000000 
1.865088995 0.000000000 0.000000000 
1.865568892 0.000000000 0.000000000 
1.865115092 0.000000000 0.000000000 
1.865267658 0.000000000 0.000000000 
1.865186434 0.000000000 0.000000000 
1.865005881 0.000000000 0.000000000 
1.865788984 0.000000000 0.000000000 
1.866212693 0.000000000 0.000000000 
1.865117857 0.000000000 0.000000000 
1.865250763 0.000000000 0.000000000 
1.865026681 0.000000000 0.000000000 
1.865390966 0.000000000 0.000000000 
1.865430587 0.000000000 0.000000000 
1.865839443 0.000000000 0.000000000 
1.865110326 0.000000000 0.000000000 
1.865329256 0.000000000 0.000000000 
1.865338623 0.000000000 0.000000000 
1.865161875 0.000000000 0.000000000 
1.865155818 0.000000000 0.000000000 
1.865269518 0.000000000 0.000000000 
1.865080078 0.000000000 0.000000000 
1.865237295 0.000000000 0.000000000 
1.865128118 0.000000000 0.000000000 
1.865276261 0.000000000 0.000000000 
1.865234767 0.000000000 0.000000000 
1.865307129 0.000000000 0.000000000 
1.865316214 0.000000000 0.000000000 
1.865283831 0.000000000 0.000000000 
1.865629903 0.000000000 0.000000000 
1.865168369 0.000000000 0.000000000 
1.865428389 0.000000000 0.000000000 
1.865481943 0.000000000 0.000000000 
1.865566827 0.000000000 0.000000000 
1.865339498 0.000000000 0.000000000 
1.865576335 0.000000000 0.000000000 
1.866414802 0.000000000 0.000000000 
1.865236503 0.000000000 0.000000000 
1.865553331 0.000000000 0.000000000 
1.865494811 0.000000000 0.000000000 
1.865402954 0.000000000 0.000000000 
1.865469689 0.000000000 0.000000000 
1.865420863 0.000000000 0.000000000 
1.865471356 0.000000000 0.000000000 
1.865449815 0.000000000 0.000000000 
1.865981723 0.000000000 0.000000000 
1.863881551 0.000000000 0.000000000 
1.865826790 0.000000000 0.000000000 
1.864979169 0.000000000 0.000000000 
1.865845702 0.000000000 0.000000000 
1.865878657 0.000000000 0.000000000 
1.865305125 0.000000000 0.000000000 
1.865455557 0.000000000 0.000000000 
1.865105496 0.000000000 0.000000000 
1.865085493 0.000000000 0.000000000 
1.863998142 0.000000000 0.000000000 
1.863932546 0.000000000 0.000000000 
1.865762947 0.000000000 0.000000000 
1.864998697 0.000000000 0.000000000 
1.864937263 0.000000000 0.000000000 
1.865010047 0.000000000 0.000000000 
1.865405921 0.000000000 0.000000000 
1.865353907 0.000000000 0.000000000 
1.865918977 0.000000000 0.000000000 
1.867942024 0.000000000 0.000000000 
1.865467033 0.000000000 0.000000000 
1.865425835 0.000000000 0.000000000 
1.865436478 0.000000000 0.000000000 
1.865452413 0.000000000 0.000000000 
1.865323010 0.000000000 0.000000000 
1.865366064 0.000000000 0.000000000 
1.865777804 0.000000000 0.000000000 
1.865536792 0.000000000 0.000000000 
1.865192730 0.000000000 0.000000000 
1.865203279 0.000000000 0.000000000 
1.865575216 0.000000000 0.000000000 
1.865551583 0.000000000 0.000000000 
1.864851829 0.000000000 0.000000000 
1.863771947 0.000000000 0.000000000 
1.864798479 0.000000000 0.000000000 
1.865513209 0.000000000 0.000000000 
1.865283644 0.000000000 0.000000000 
1.865261597 0.000000000 0.000000000 
1.864794357 0.000000000 0.000000000 
1.864790282 0.000000000 0.000000000 
1.865766210 0.000000000 0.000000000 
1.865752967 0.000000000 0.000000000 
1.865401824 0.000000000 0.000000000 
1.865032914 0.000000000 0.000000000 
1.864038150 0.000000000 0.000000000 
1.864755868 0.000000000 0.000000000 
1.866127535 0.000000000 0.000000000 
1.864337385 0.000000000 0.000000000 
1.865234119 0.000000000 0.000000000 
1.865128887 0.000000000 0.000000000 
1.865218225 0.000000000 0.000000000 
1.865165925 0.000000000 0.000000000 
1.865446080 0.000000000 0.000000000 
1.865440409 0.000000000 0.000000000 
1.865251571 0.000000000 0.000000000 
1.865155252 0.000000000 0.000000000 
1.865779652 0.000000000 0.000000000 
1.866029613 0.000000000 0.000000000 
1.864645465 0.000000000 0.000000000 
1.864953352 0.000000000 0.000000000 
1.865378771 0.000000000 0.000000000 
1.865244260 0.000000000 0.000000000 
1.864799967 0.000000000 0.000000000 
1.865244988 0.000000000 0.000000000 
1.865039372 0.000000000 0.000000000 
1.864939784 0.000000000 0.000000000 
1.865275069 0.000000000 0.000000000 
1.865025383 0.000000000 0.000000000 
1.865255039 0.000000000 0.000000000 
1.865077487 0.000000000 0.000000000 
1.865050092 0.000000000 0.000000000 
1.865039793 0.000000000 0.000000000 
1.865152063 0.000000000 0.000000000 
1.865132698 0.000000000 0.000000000 
1.865220458 0.000000000 0.000000000 
1.865245938 0.000000000 0.000000000 
1.865430232 0.000000000 0.000000000 
1.865097377 0.000000000 0.000000000 
1.865214205 0.000000000 0.000000000 
1.865407721 0.000000000 0.000000000 
1.865118008 0.000000000 0.000000000 
1.865122777 0.000000000 0.000000000 
1.865162270 0.000000000 0.000000000 
1.865157166 0.000000000 0.000000000 
1.865202600 0.000000000 0.000000000 
1.865205678 0.000000000 0.000000000 
1.865255459 0.000000000 0.000000000 
1.865196935 0.000000000 0.000000000 
1.865388841 0.000000000 0.000000000 
1.865282828 0.000000000 0.000000000 
1.865321446 0.000000000 0.000000000 
1.865383072 0.000000000 0.000000000 
1.865254762 0.000000000 0.000000000 
1.864705563 0.000000000 0.000000000 
1.865175628 0.000000000 0.000000000 
1.865910750 0.000000000 0.000000000 
1.865040026 0.000000000 0.000000000 
1.865047240 0.000000000 0.000000000 
1.865371978 0.000000000 0.000000000 
1.865303664 0.000000000 0.000000000 
1.863750611 0.000000000 0.000000000 
1.864359948 0.000000000 0.000000000 
1.865856992 0.000000000 0.000000000 
1.866358163 0.000000000 0.000000000 
1.865147852 0.000000000 0.000000000 
1.865277349 0.000000000 0.000000000 
1.865438196 0.000000000 0.000000000 
1.865379570 0.000000000 0.000000000 
1.865263470 0.000000000 0.000000000 
1.865174570 0.000000000 0.000000000 
1.865022230 0.000000000 0.000000000 
1.865021231 0.000000000 0.000000000 
1.865182442 0.000000000 0.000000000 
1.865264755 0.000000000 0.000000000 
1.865147343 0.000000000 0.000000000 
1.865246420 0.000000000 0.000000000 
1.865253260 0.000000000 0.000000000 
1.865078447 0.000000000 0.000000000 
1.865241536 0.000000000 0.000000000 
1.865100380 0.000000000 0.000000000 
1.864985823 0.000000000 0.000000000 
1.865152939 0.000000000 0.000000000 
1.865109130 0.000000000 0.000000000 
1.864785814 0.000000000 0.000000000 
1.865222208 0.000000000 0.000000000 
1.865118489 0.000000000 0.000000000 
1.865228342 0.000000000 0.000000000 
1.865137013 0.000000000 0.000000000 
1.865020877 0.000000000 0.000000000 
1.865079866 0.000000000 0.000000000 
1.865218962 0.000000000 0.000000000 
1.865116758 0.000000000 0.000000000 
1.864950374 0.000000000 0.000000000 
1.864993077 0.000000000 0.000000000 
1.865383711 0.000000000 0.000000000 
1.865259008 0.000000000 0.000000000 
1.864535117 0.000000000 0.000000000 
1.864926828 0.000000000 0.000000000 
1.865168074 0.000000000 0.000000000 
1.865684942 0.000000000 0.000000000 
1.865014283 0.000000000 0.000000000 
1.864837573 0.000000000 0.000000000 
1.865144968 0.000000000 0.000000000 
1.865181561 0.000000000 0.000000000 
1.865312496 0.000000000 0.000000000 
1.865320364 0.000000000 0.000000000 
1.865107560 0.000000000 0.000000000 
1.865145194 0.000000000 0.000000000 
1.865466676 0.000000000 0.000000000 
1.865503845 0.000000000 0.000000000 
1.866211994 0.000000000 0.000000000 
1.866880304 0.000000000 0.000000000 
1.864702162 0.000000000 0.000000000 
1.864040654 0.000000000 0.000000000 
1.865856242 0.000000000 0.000000000 
1.864538811 0.000000000 0.000000000 
1.865504785 0.000000000 0.000000000 
1.865358541 0.000000000 0.000000000 
1.865232222 0.000000000 0.000000000 
1.865148642 0.000000000 0.000000000 
1.865325684 0.000000000 0.000000000 
1.865101411 0.000000000 0.000000000 
1.865326335 0.000000000 0.000000000 
1.865391643 0.000000000 0.000000000 
1.865201386 0.000000000 0.000000000 
1.865025685 0.000000000 0.000000000 
1.865773388 0.000000000 0.000000000 
1.864797694 0.000000000 0.000000000 
1.865166513 0.000000000 0.000000000 
1.865053521 0.000000000 0.000000000 
1.865085616 0.000000000 0.000000000 
1.865202130 0.000000000 0.000000000 
1.865190337 0.000000000 0.000000000 
1.865113047 0.000000000 0.000000000 
1.865122419 0.000000000 0.000000000 
1.865093862 0.000000000 0.000000000 
1.862699278 0.000000000 0.000000000 
1.864164092 0.000000000 0.000000000 
1.867915855 0.000000000 0.000000000 
1.866308261 0.000000000 0.000000000 
1.865557718 0.000000000 0.000000000 
1.865542313 0.000000000 0.000000000 
1.865141082 0.000000000 0.000000000 
1.865105169 0.000000000 0.000000000 
1.865065454 0.000000000 0.000000000 
1.865186689 0.000000000 0.000000000 
1.864731801 0.000000000 0.000000000 
1.864712445 0.000000000 0.000000000 
1.865351963 0.000000000 0.000000000 
1.865204789 0.000000000 0.000000000 
1.865137658 0.000000000 0.000000000 
1.865164811 0.000000000 0.000000000 
1.865251542 0.000000000 0.000000000 
1.865243625 0.000000000 0.000000000 
1.865118890 0.000000000 0.000000000 
1.865029057 0.000000000 0.000000000 
1.865251787 0.000000000 0.000000000 
1.865390990 0.000000000 0.000000000 
1.865025025 0.000000000 0.000000000 
1.865368598 0.000000000 0.000000000 
1.865120748 0.000000000 0.000000000 
1.865188582 0.000000000 0.000000000 
1.864868281 0.000000000 0.000000000 
1.864960620 0.000000000 0.000000000 
1.865087048 0.000000000 0.000000000 
1.864859311 0.000000000 0.000000000 
1.865022320 0.000000000 0.000000000 
1.865148507 0.000000000 0.000000000 
1.865583595 0.000000000 0.000000000 
1.865925459 0.000000000 0.000000000 
1.865209194 0.000000000 0.000000000 
1.865179206 0.000000000 0.000000000 
1.865296994 0.000000000 0.000000000 
1.865500637 0.000000000 0.000000000 
1.865369115 0.000000000 0.000000000 
1.865324647 0.000000000 0.000000000 
1.865519281 0.000000000 0.000000000 
1.865112820 0.000000000 0.000000000 
1.865273830 0.000000000 0.000000000 
1.865247655 0.000000000 0.000000000 
1.865165716 0.000000000 0.000000000 
1.865138233 0.000000000 0.000000000 
1.865265976 0.000000000 0.000000000 
1.865256051 0.000000000 0.000000000 
1.865335743 0.000000000 0.000000000 
1.864722593 0.000000000 0.000000000 
1.865409543 0.000000000 0.000000000 
1.865123352 0.000000000 0.000000000 
1.865476253 0.000000000 0.000000000 
1.865587736 0.000000000 0.000000000 
1.865413482 0.000000000 0.000000000 
1.865287635 0.000000000 0.000000000 
1.865128367 0.000000000 0.000000000 
1.865207234 0.000000000 0.000000000 
1.865188256 0.000000000 0.000000000 
1.865144444 0.000000000 0.000000000 
1.865305692 0.000000000 0.000000000 
1.865174380 0.000000000 0.000000000 
1.865237498 0.000000000 0.000000000 
1.865289401 0.000000000 0.000000000 
1.865309260 0.000000000 0.000000000 
1.865391794 0.000000000 0.000000000 
1.865577316 0.000000000 0.000000000 
1.865263362 0.000000000 0.000000000 
1.865334655 0.000000000 0.000000000 
1.867435458 0.000000000 0.000000000 
1.867394071 0.000000000 0.000000000 
1.866072099 0.000000000 0.000000000 
1.865156774 0.000000000 0.000000000 
1.865626475 0.000000000 0.000000000 
1.865437532 0.000000000 0.000000000 
1.865365721 0.000000000 0.000000000 
1.865250885 0.000000000 0.000000000 
1.865465479 0.000000000 0.000000000 
1.865262746 0.000000000 0.000000000 
1.865284345 0.000000000 0.000000000 
1.865860983 0.000000000 0.000000000 
1.865391450 0.000000000 0.000000000 
1.865523334 0.000000000 0.000000000 
1.864427187 0.000000000 0.000000000 
1.865320514 0.000000000 0.000000000 
1.865381520 0.000000000 0.000000000 
1.864945505 0.000000000 0.000000000 
1.864894506 0.000000000 0.000000000 
1.865347953 0.000000000 0.000000000 
1.865253142 0.000000000 0.000000000 
1.865314439 0.000000000 0.000000000 
1.866516565 0.000000000 0.000000000 
1.865110619 0.000000000 0.000000000 
1.864881907 0.000000000 0.000000000 
1.863910473 0.000000000 0.000000000 
1.866260251 0.000000000 0.000000000 
1.863711139 0.000000000 0.000000000 
1.864641819 0.000000000 0.000000000 
1.866008843 0.000000000 0.000000000 
1.866479897 0.000000000 0.000000000 
1.863745696 0.000000000 0.000000000 
1.865621151 0.000000000 0.000000000 
1.865291911 0.000000000 0.000000000 
1.865369732 0.000000000 0.000000000 
1.865274659 0.000000000 0.000000000 
1.865480031 0.000000000 0.000000000 
1.865324631 0.000000000 0.000000000 
1.865375845 0.000000000 0.000000000 
1.865561784 0.000000000 0.000000000 
1.865831145 0.000000000 0.000000000 
1.864561425 0.000000000 0.000000000 
1.864125706 0.000000000 0.000000000 
1.865382120 0.000000000 0.000000000 
1.865134765 0.000000000 0.000000000 
1.864987398 0.000000000 0.000000000 
1.865475870 0.000000000 0.000000000 
1.865328433 0.000000000 0.000000000 
1.865497469 0.000000000 0.000000000 
1.865427305 0.000000000 0.000000000 
1.865353422 0.000000000 0.000000000 
1.865041605 0.000000000 0.000000000 
1.865569758 0.000000000 0.000000000 
1.866599158 0.000000000 0.000000000 
1.865737753 0.000000000 0.000000000 
1.865570424 0.000000000 0.000000000 
1.865932380 0.000000000 0.000000000 
1.866505507 0.000000000 0.000000000 
1.864506690 0.000000000 0.000000000 
1.865816323 0.000000000 0.000000000 
1.865799918 0.000000000 0.000000000 
1.865268305 0.000000000 0.000000000 
1.865176109 0.000000000 0.000000000 
1.865887307 0.000000000 0.000000000 
1.865467730 0.000000000 0.000000000 
1.864881986 0.000000000 0.000000000 
1.866373203 0.000000000 0.000000000 
1.865447253 0.000000000 0.000000000 
1.865169258 0.000000000 0.000000000 
1.865390085 0.000000000 0.000000000 
1.865008555 0.000000000 0.000000000 
1.865588134 0.000000000 0.000000000 
1.865601945 0.000000000 0.000000000 
1.865416938 0.000000000 0.000000000 
1.865354842 0.000000000 0.000000000 
1.865523180 0.000000000 0.000000000 
1.865483679 0.000000000 0.000000000 
1.864986867 0.000000000 0.000000000 
1.865108195 0.000000000 0.000000000 
1.865545266 0.000000000 0.000000000 
1.865639922 0.000000000 0.000000000 
1.865170956 0.000000000 0.000000000 
1.865264632 0.000000000 0.000000000 
1.865470993 0.000000000 0.000000000 
1.865536444 0.000000000 0.000000000 
1.865584909 0.000000000 0.000000000 
1.865312349 0.000000000 0.000000000 
1.865373542 0.000000000 0.000000000 
1.865267265 0.000000000 0.000000000 
1.865152201 0.000000000 0.000000000 
1.865346970 0.000000000 0.000000000 
1.865166879 0.000000000 0.000000000 
1.865303654 0.000000000 0.000000000 
1.865108668 0.000000000 0.000000000 
1.865197883 0.000000000 0.000000000 
1.865142582 0.000000000 0.000000000 
1.865625345 0.000000000 0.000000000 
1.865177465 0.000000000 0.000000000 
1.865388082 0.000000000 0.000000000 
1.865350912 0.000000000 0.000000000 
1.865286090 0.000000000 0.000000000 
1.865333614 0.000000000 0.000000000 
1.865572455 0.000000000 0.000000000 
1.865243731 0.000000000 0.000000000 
1.865372309 0.000000000 0.000000000 
1.865269646 0.000000000 0.000000000 
1.865225730 0.000000000 0.000000000 
1.865588534 0.000000000 0.000000000 
1.865423272 0.000000000 0.000000000 
1.865152705 0.000000000 0.000000000 
1.865178505 0.000000000 0.000000000 
1.861503677 0.000000000 0.000000000 
1.861244505 0.000000000 0.000000000 
1.866861484 0.000000000 0.000000000 
1.866774405 0.000000000 0.000000000 
1.865121943 0.000000000 0.000000000 
1.865252984 0.000000000 0.000000000 
1.864904620 0.000000000 0.000000000 
1.864935737 0.000000000 0.000000000 
1.865002178 0.000000000 0.000000000 
1.865275486 0.000000000 0.000000000 
1.865118447 0.000000000 0.000000000 
1.864940882 0.000000000 0.000000000 
1.865213227 0.000000000 0.000000000 
1.864673627 0.000000000 0.000000000 
1.866591297 0.000000000 0.000000000 
1.865919299 0.000000000 0.000000000 
1.865386209 0.000000000 0.000000000 
1.865174986 0.000000000 0.000000000 
1.865345313 0.000000000 0.000000000 
1.865253937 0.000000000 0.000000000 
1.865198194 0.000000000 0.000000000 
1.865181943 0.000000000 0.000000000 
1.865185786 0.000000000 0.000000000 
1.865167590 0.000000000 0.000000000 
1.865276639 0.000000000 0.000000000 
1.865142753 0.000000000 0.000000000 
1.865367686 0.000000000 0.000000000 
1.865183364 0.000000000 0.000000000 
1.865479769 0.000000000 0.000000000 
1.865516272 0.000000000 0.000000000 
1.865228593 0.000000000 0.000000000 
1.864357486 0.000000000 0.000000000 
1.865457509 0.000000000 0.000000000 
1.865226109 0.000000000 0.000000000 
1.865189108 0.000000000 0.000000000 
1.865283619 0.000000000 0.000000000 
1.865462572 0.000000000 0.000000000 
1.865177001 0.000000000 0.000000000 
1.865075577 0.000000000 0.000000000 
1.865131904 0.000000000 0.000000000 
1.865324218 0.000000000 0.000000000 
1.865197020 0.000000000 0.000000000 
1.865049245 0.000000000 0.000000000 
1.865148390 0.000000000 0.000000000 
1.865471136 0.000000000 0.000000000 
1.865460086 0.000000000 0.000000000 
1.865314169 0.000000000 0.000000000 
1.865300841 0.000000000 0.000000000 
1.865511746 0.000000000 0.000000000 
1.865539878 0.000000000 0.000000000 
1.865121136 0.000000000 0.000000000 
1.865164084 0.000000000 0.000000000 
1.865053642 0.000000000 0.000000000 
1.865196899 0.000000000 0.000000000 
1.865222236 0.000000000 0.000000000 
1.865161118 0.000000000 0.000000000 
1.865127521 0.000000000 0.000000000 
1.865191464 0.000000000 0.000000000 
1.865058958 0.000000000 0.000000000 
1.865243870 0.000000000 0.000000000 
1.865484693 0.000000000 0.000000000 
1.865494339 0.000000000 0.000000000 
1.865383434 0.000000000 0.000000000 
1.865244149 0.000000000 0.000000000 
1.865476064 0.000000000 0.000000000 
1.865455955 0.000000000 0.000000000 
1.865474363 0.000000000 0.000000000 
1.865420508 0.000000000 0.000000000 
1.865577039 0.000000000 0.000000000 
1.865705718 0.000000000 0.000000000 
1.865186820 0.000000000 0.000000000 
1.865286468 0.000000000 0.000000000 
1.865535662 0.000000000 0.000000000 
1.865464222 0.000000000 0.000000000 
1.865230300 0.000000000 0.000000000 
1.865204832 0.000000000 0.000000000 
1.865163364 0.000000000 0.000000000 
1.865122290 0.000000000 0.000000000 
1.865741049 0.000000000 0.000000000 
1.865386827 0.000000000 0.000000000 
1.865931169 0.000000000 0.000000000 
1.865350814 0.000000000 0.000000000 
1.865612940 0.000000000 0.000000000 
1.865399348 0.000000000 0.000000000 
1.864843615 0.000000000 0.000000000 
1.864949414 0.000000000 0.000000000 
1.865595224 0.000000000 0.000000000 
1.865124918 0.000000000 0.000000000 
1.862124914 0.000000000 0.000000000 
1.866529218 0.000000000 0.000000000 
1.866295544 0.000000000 0.000000000 
1.864754462 0.000000000 0.000000000 
1.865531418 0.000000000 0.000000000 
1.865613078 0.000000000 0.000000000 
1.865162156 0.000000000 0.000000000 
1.865265632 0.000000000 0.000000000 
1.865001234 0.000000000 0.000000000 
1.867495771 0.000000000 0.000000000 
1.865948315 0.000000000 0.000000000 
1.864341382 0.000000000 0.000000000 
1.865408539 0.000000000 0.000000000 
1.865758040 0.000000000 0.000000000 
1.864288743 0.000000000 0.000000000 
1.865245667 0.000000000 0.000000000 
1.865323252 0.000000000 0.000000000 
1.865148601 0.000000000 0.000000000 
1.864370318 0.000000000 0.000000000 
1.864992531 0.000000000 0.000000000 
1.865368539 0.000000000 0.000000000 
1.865300634 0.000000000 0.000000000 
1.865294319 0.000000000 0.000000000 
1.865459055 0.000000000 0.000000000 
1.866215570 0.000000000 0.000000000 
1.864819745 0.000000000 0.000000000 
1.865309197 0.000000000 0.000000000 
1.866580705 0.000000000 0.000000000 
1.865634636 0.000000000 0.000000000 
1.865334009 0.000000000 0.000000000 
1.865310094 0.000000000 0.000000000 
1.865335866 0.000000000 0.000000000 
1.864888032 0.000000000 0.000000000 
1.864894064 0.000000000 0.000000000 
1.865118242 0.000000000 0.000000000 
1.865300998 0.000000000 0.000000000 
1.865062185 0.000000000 0.000000000 
1.865144628 0.000000000 0.000000000 
1.865170316 0.000000000 0.000000000 
1.865005184 0.000000000 0.000000000 
1.865108998 0.000000000 0.000000000 
1.865159599 0.000000000 0.000000000 
1.865110899 0.000000000 0.000000000 
1.865071402 0.000000000 0.000000000 
1.865131327 0.000000000 0.000000000 
1.865229479 0.000000000 0.000000000 
1.865162693 0.000000000 0.000000000 
1.865041635 0.000000000 0.000000000 
1.865084787 0.000000000 0.000000000 
1.865097427 0.000000000 0.000000000 
1.864959758 0.000000000 0.000000000 
1.865102441 0.000000000 0.000000000 
1.865115730 0.000000000 0.000000000 
1.864965453 0.000000000 0.000000000 
1.865196369 0.000000000 0.000000000 
1.865360679 0.000000000 0.000000000 
1.864921315 0.000000000 0.000000000 
1.864979311 0.000000000 0.000000000 
1.865243832 0.000000000 0.000000000 
1.865337226 0.000000000 0.000000000 
1.865275789 0.000000000 0.000000000 
1.865294387 0.000000000 0.000000000 
1.865346195 0.000000000 0.000000000 
1.865420013 0.000000000 0.000000000 
1.865246313 0.000000000 0.000000000 
1.865134196 0.000000000 0.000000000 
1.865199250 0.000000000 0.000000000 
1.865134009 0.000000000 0.000000000 
1.865111963 0.000000000 0.000000000 
1.865163506 0.000000000 0.000000000 
1.865152058 0.000000000 0.000000000 
1.865223365 0.000000000 0.000000000 
1.865105004 0.000000000 0.000000000 
1.859593811 0.000000000 0.000000000 
1.865833197 0.000000000 0.000000000 
1.865395660 0.000000000 0.000000000 
1.865066877 0.000000000 0.000000000 
1.865086050 0.000000000 0.000000000 
1.865119363 0.000000000 0.000000000 
1.865184581 0.000000000 0.000000000 
1.865161220 0.000000000 0.000000000 
1.865075222 0.000000000 0.000000000 
1.865150638 0.000000000 0.000000000 
1.865251150 0.000000000 0.000000000 
1.865281026 0.000000000 0.000000000 
1.865489844 0.000000000 0.000000000 
1.865306532 0.000000000 0.000000000 
1.865294823 0.000000000 0.000000000 
1.865275455 0.000000000 0.000000000 
1.865226465 0.000000000 0.000000000 
1.865220329 0.000000000 0.000000000 
1.865109033 0.000000000 0.000000000 
1.865155518 0.000000000 0.000000000 
1.865080587 0.000000000 0.000000000 
1.865352000 0.000000000 0.000000000 
1.865182447 0.000000000 0.000000000 
1.865144700 0.000000000 0.000000000 
1.865164274 0.000000000 0.000000000 
1.865361121 0.000000000 0.000000000 
1.865332258 0.000000000 0.000000000 
1.865360040 0.000000000 0.000000000 
1.865231870 0.000000000 0.000000000 
1.865170177 0.000000000 0.000000000 
1.865216631 0.000000000 0.000000000 
1.865235029 0.000000000 0.000000000 
1.865160015 0.000000000 0.000000000 
1.865178541 0.000000000 0.000000000 
1.865200375 0.000000000 0.000000000 
1.865290386 0.000000000 0.000000000 
1.865333703 0.000000000 0.000000000 
1.865202763 0.000000000 0.000000000 
1.865197298 0.000000000 0.000000000 
1.865274798 0.000000000 0.000000000 
1.865257300 0.000000000 0.000000000 
1.864063189 0.000000000 0.000000000 
1.864996676 0.000000000 0.000000000 
1.865597954 0.000000000 0.000000000 
1.865578365 0.000000000 0.000000000 
1.865197203 0.000000000 0.000000000 
1.865225834 0.000000000 0.000000000 
1.865631809 0.000000000 0.000000000 
1.865485852 0.000000000 0.000000000 
1.865184826 0.000000000 0.000000000 
1.865284361 0.000000000 0.000000000 
1.865750549 0.000000000 0.000000000 
1.864968530 0.000000000 0.000000000 
1.865253381 0.000000000 0.000000000 
1.864850222 0.000000000 0.000000000 
1.865341193 0.000000000 0.000000000 
1.865505270 0.000000000 0.000000000 
1.865524783 0.000000000 0.000000000 
1.865233958 0.000000000 0.000000000 
1.865170949 0.000000000 0.000000000 
1.865345108 0.000000000 0.000000000 
1.865393278 0.000000000 0.000000000 
1.865249084 0.000000000 0.000000000 
1.865198355 0.000000000 0.000000000 
1.865233989 0.000000000 0.000000000 
1.865215824 0.000000000 0.000000000 
1.865274193 0.000000000 0.000000000 
1.865033556 0.000000000 0.000000000 
1.865100439 0.000000000 0.000000000 
1.865061888 0.000000000 0.000000000 
1.865167977 0.000000000 0.000000000 
1.865219115 0.000000000 0.000000000 
1.865236120 0.000000000 0.000000000 
1.865115286 0.000000000 0.000000000 
1.865193580 0.000000000 0.000000000 
1.865272979 0.000000000 0.000000000 
1.865410895 0.000000000 0.000000000 
1.865359800 0.000000000 0.000000000 
1.865477363 0.000000000 0.000000000 
1.865242163 0.000000000 0.000000000 
1.865234179 0.000000000 0.000000000 
1.865343936 0.000000000 0.000000000 
1.865517602 0.000000000 0.000000000 
1.865233539 0.000000000 0.000000000 
1.865360814 0.000000000 0.000000000 
1.865147256 0.000000000 0.000000000 
1.865151663 0.000000000 0.000000000 
1.865105060 0.000000000 0.000000000 
1.865088735 0.000000000 0.000000000 
1.865204178 0.000000000 0.000000000 
1.865270842 0.000000000 0.000000000 
1.865360682 0.000000000 0.000000000 
1.865355065 0.000000000 0.000000000 
1.865437998 0.000000000 0.000000000 
1.865330749 0.000000000 0.000000000 
1.865275928 0.000000000 0.000000000 
1.865308412 0.000000000 0.000000000 
1.865329014 0.000000000 0.000000000 
1.865209846 0.000000000 0.000000000 
1.865252359 0.000000000 0.000000000 
1.865246390 0.000000000 0.000000000 
1.865341661 0.000000000 0.000000000 
1.865386549 0.000000000 0.000000000 
1.865373300 0.000000000 0.000000000 
1.865365203 0.000000000 0.000000000 
1.865291181 0.000000000 0.000000000 
1.865056355 0.000000000 0.000000000 
1.865513265 0.000000000 0.000000000 
1.865250043 0.000000000 0.000000000 
1.865429468 0.000000000 0.000000000 
1.865373740 0.000000000 0.000000000 
1.865462855 0.000000000 0.000000000 
1.865407480 0.000000000 0.000000000 
1.865325424 0.000000000 0.000000000 
1.865444125 0.000000000 0.000000000 
1.865320251 0.000000000 0.000000000 
1.865280931 0.000000000 0.000000000 
1.865509343 0.000000000 0.000000000 
1.865389134 0.000000000 0.000000000 
1.865161516 0.000000000 0.000000000 
1.865317320 0.000000000 0.000000000 
1.865650915 0.000000000 0.000000000 
1.865448500 0.000000000 0.000000000 
1.865158117 0.000000000 0.000000000 
1.865216369 0.000000000 0.000000000 
1.865171793 0.000000000 0.000000000 
1.865137922 0.000000000 0.000000000 
1.865212268 0.000000000 0.000000000 
1.865122473 0.000000000 0.000000000 
1.865383966 0.000000000 0.000000000 
1.865229194 0.000000000 0.000000000 
1.865182039 0.000000000 0.000000000 
1.865104589 0.000000000 0.000000000 
1.865290381 0.000000000 0.000000000 
1.865301373 0.000000000 0.000000000 
1.865068413 0.000000000 0.000000000 
1.863998124 0.000000000 0.000000000 
1.865369981 0.000000000 0.000000000 
1.865346695 0.000000000 0.000000000 
1.865133703 0.000000000 0.000000000 
1.865453633 0.000000000 0.000000000 
1.865411651 0.000000000 0.000000000 
1.865378742 0.000000000 0.000000000 
1.865246481 0.000000000 0.000000000 
1.865220308 0.000000000 0.000000000 
1.865419411 0.000000000 0.000000000 
1.865320896 0.000000000 0.000000000 
1.865335948 0.000000000 0.000000000 
1.865173674 0.000000000 0.000000000 
1.864544896 0.000000000 0.000000000 
1.864886902 0.000000000 0.000000000 
1.865544097 0.000000000 0.000000000 
1.865239497 0.000000000 0.000000000 
1.865353597 0.000000000 0.000000000 
1.864249700 0.000000000 0.000000000 
1.865195686 0.000000000 0.000000000 
1.865210977 0.000000000 0.000000000 
1.865295770 0.000000000 0.000000000 
1.865393440 0.000000000 0.000000000 
1.865084569 0.000000000 0.000000000 
1.865181356 0.000000000 0.000000000 
1.865147845 0.000000000 0.000000000 
1.865132076 0.000000000 0.000000000 
1.865024121 0.000000000 0.000000000 
1.865046434 0.000000000 0.000000000 
1.865175969 0.000000000 0.000000000 
1.865310763 0.000000000 0.000000000 
1.865156780 0.000000000 0.000000000 
1.865214022 0.000000000 0.000000000 
1.865175354 0.000000000 0.000000000 
1.865137751 0.000000000 0.000000000 
1.863546748 0.000000000 0.000000000 
1.864132329 0.000000000 0.000000000 
1.865878723 0.000000000 0.000000000 
1.865597845 0.000000000 0.000000000 
1.864992228 0.000000000 0.000000000 
1.865293363 0.000000000 0.000000000 
1.865523225 0.000000000 0.000000000 
1.865322797 0.000000000 0.000000000 
1.865378041 0.000000000 0.000000000 
1.865089975 0.000000000 0.000000000 
1.865144939 0.000000000 0.000000000 
1.865184382 0.000000000 0.000000000 
1.865128747 0.000000000 0.000000000 
1.865241252 0.000000000 0.000000000 
1.865081235 0.000000000 0.000000000 
1.865151369 0.000000000 0.000000000 
1.865372158 0.000000000 0.000000000 
1.865314462 0.000000000 0.000000000 
1.866113903 0.000000000 0.000000000 
1.866847878 0.000000000 0.000000000 
1.865152963 0.000000000 0.000000000 
1.865076650 0.000000000 0.000000000 
1.864893051 0.000000000 0.000000000 
1.865034689 0.000000000 0.000000000 
1.865337945 0.000000000 0.000000000 
1.865413445 0.000000000 0.000000000 
1.864939157 0.000000000 0.000000000 
1.864996067 0.000000000 0.000000000 
1.864638728 0.000000000 0.000000000 
1.864024329 0.000000000 0.000000000 
1.865798634 0.000000000 0.000000000 
1.866987039 0.000000000 0.000000000 
1.864927822 0.000000000 0.000000000 
1.865052651 0.000000000 0.000000000 
1.865263103 0.000000000 0.000000000 
1.865137793 0.000000000 0.000000000 
1.864838670 0.000000000 0.000000000 
1.865133130 0.000000000 0.000000000 
1.865122033 0.000000000 0.000000000 
1.865171114 0.000000000 0.000000000 
1.865226658 0.000000000 0.000000000 
1.865048883 0.000000000 0.000000000 
1.865251610 0.000000000 0.000000000 
1.865201498 0.000000000 0.000000000 
1.864559718 0.000000000 0.000000000 
1.865094137 0.000000000 0.000000000 
1.865337525 0.000000000 0.000000000 
1.866171684 0.000000000 0.000000000 
1.865443195 0.000000000 0.000000000 
1.865444780 0.000000000 0.000000000 
1.865403874 0.000000000 0.000000000 
1.865227098 0.000000000 0.000000000 
1.865243739 0.000000000 0.000000000 
1.865219163 0.000000000 0.000000000 
1.865271351 0.000000000 0.000000000 
1.865140929 0.000000000 0.000000000 
1.865295752 0.000000000 0.000000000 
1.865345956 0.000000000 0.000000000 
1.864548453 0.000000000 0.000000000 
1.865293508 0.000000000 0.000000000 
1.866983642 0.000000000 0.000000000 
1.866024655 0.000000000 0.000000000 
1.864697893 0.000000000 0.000000000 
1.864722027 0.000000000 0.000000000 
1.865113290 0.000000000 0.000000000 
1.865249115 0.000000000 0.000000000 
1.864885408 0.000000000 0.000000000 
1.864873207 0.000000000 0.000000000 
1.864793407 0.000000000 0.000000000 
1.863774473 0.000000000 0.000000000 
1.864840724 0.000000000 0.000000000 
1.865483318 0.000000000 0.000000000 
1.864357827 0.000000000 0.000000000 
1.865947968 0.000000000 0.000000000 
1.865734468 0.000000000 0.000000000 
1.864098233 0.000000000 0.000000000 
1.865738025 0.000000000 0.000000000 
1.865684038 0.000000000 0.000000000 
1.865266237 0.000000000 0.000000000 
1.864804857 0.000000000 0.000000000 
1.865339352 0.000000000 0.000000000 
1.865259104 0.000000000 0.000000000 
1.864888398 0.000000000 0.000000000 
1.864976301 0.000000000 0.000000000 
1.865565800 0.000000000 0.000000000 
1.865343038 0.000000000 0.000000000 
1.864872110 0.000000000 0.000000000 
1.865032213 0.000000000 0.000000000 
1.865351424 0.000000000 0.000000000 
1.864964247 0.000000000 0.000000000 
1.865147724 0.000000000 0.000000000 
1.866019356 0.000000000 0.000000000 
1.865305771 0.000000000 0.000000000 
1.865359507 0.000000000 0.000000000 
1.865293069 0.000000000 0.000000000 
1.865264208 0.000000000 0.000000000 
1.865159816 0.000000000 0.000000000 
1.865060709 0.000000000 0.000000000 
1.865222999 0.000000000 0.000000000 
1.865108244 0.000000000 0.000000000 
1.865140109 0.000000000 0.000000000 
1.865069930 0.000000000 0.000000000 
1.865158151 0.000000000 0.000000000 
1.865092568 0.000000000 0.000000000 
1.865170057 0.000000000 0.000000000 
1.865030527 0.000000000 0.000000000 
1.865446397 0.000000000 0.000000000 
1.865873401 0.000000000 0.000000000 
1.865181685 0.000000000 0.000000000 
1.865242280 0.000000000 0.000000000 
1.865172824 0.000000000 0.000000000 
1.865194644 0.000000000 0.000000000 
1.865140166 0.000000000 0.000000000 
1.865302086 0.000000000 0.000000000 
1.865838515 0.000000000 0.000000000 
1.866785861 0.000000000 0.000000000 
1.865209148 0.000000000 0.000000000 
1.865153231 0.000000000 0.000000000 
1.865622119 0.000000000 0.000000000 
1.865529120 0.000000000 0.000000000 
1.865401246 0.000000000 0.000000000 
1.865271747 0.000000000 0.000000000 
1.865537171 0.000000000 0.000000000 
1.865380224 0.000000000 0.000000000 
1.865098557 0.000000000 0.000000000 
1.865239921 0.000000000 0.000000000 
1.865518490 0.000000000 0.000000000 
1.865470201 0.000000000 0.000000000 
1.865247002 0.000000000 0.000000000 
1.865202398 0.000000000 0.000000000 
1.864905038 0.000000000 0.000000000 
1.865024514 0.000000000 0.000000000 
1.865251227 0.000000000 0.000000000 
1.865721194 0.000000000 0.000000000 
1.865184626 0.000000000 0.000000000 
1.864968128 0.000000000 0.000000000 
1.865250171 0.000000000 0.000000000 
1.865300595 0.000000000 0.000000000 
1.865034054 0.000000000 0.000000000 
1.865029105 0.000000000 0.000000000 
1.865174806 0.000000000 0.000000000 
1.865250741 0.000000000 0.000000000 
1.864763954 0.000000000 0.000000000 
1.864989429 0.000000000 0.000000000 
1.865367270 0.000000000 0.000000000 
1.865208902 0.000000000 0.000000000 
1.865649276 0.000000000 0.000000000 
1.865564802 0.000000000 0.000000000 
1.864115550 0.000000000 0.000000000 
1.865098556 0.000000000 0.000000000 
1.865643511 0.000000000 0.000000000 
1.865704933 0.000000000 0.000000000 
1.865278311 0.000000000 0.000000000 
1.865667051 0.000000000 0.000000000 
1.865562701 0.000000000 0.000000000 
1.865401639 0.000000000 0.000000000 
1.865430788 0.000000000 0.000000000 
1.865421256 0.000000000 0.000000000 
1.865360505 0.000000000 0.000000000 
1.865575497 0.000000000 0.000000000 
1.866415048 0.000000000 0.000000000 
1.866311527 0.000000000 0.000000000 
1.865367679 0.000000000 0.000000000 
1.865306978 0.000000000 0.000000000 
1.865909882 0.000000000 0.000000000 
1.864896062 0.000000000 0.000000000 
1.863496831 0.000000000 0.000000000 
1.863593286 0.000000000 0.000000000 
1.865053435 0.000000000 0.000000000 
1.865014896 0.000000000 0.000000000 
1.865060508 0.000000000 0.000000000 
1.864909126 0.000000000 0.000000000 
1.865183604 0.000000000 0.000000000 
1.865291108 0.000000000 0.000000000 
1.864135759 0.000000000 0.000000000 
1.863960167 0.000000000 0.000000000 
1.864843392 0.000000000 0.000000000 
1.865002415 0.000000000 0.000000000 
1.865271423 0.000000000 0.000000000 
1.865085357 0.000000000 0.000000000 
1.859336980 0.000000000 0.000000000 
1.863151145 0.000000000 0.000000000 
1.865508558 0.000000000 0.000000000 
1.865355575 0.000000000 0.000000000 
1.865882212 0.000000000 0.000000000 
1.866034039 0.000000000 0.000000000 
1.865091226 0.000000000 0.000000000 
1.864489836 0.000000000 0.000000000 
1.864997342 0.000000000 0.000000000 
1.865332429 0.000000000 0.000000000 
1.864958220 0.000000000 0.000000000 
1.864865342 0.000000000 0.000000000 
1.865075619 0.000000000 0.000000000 
1.865096588 0.000000000 0.000000000 
1.865148108 0.000000000 0.000000000 
1.865072168 0.000000000 0.000000000 
1.865520255 0.000000000 0.000000000 
1.865483410 0.000000000 0.000000000 
1.865067965 0.000000000 0.000000000 
1.865243890 0.000000000 0.000000000 
1.864886249 0.000000000 0.000000000 
1.864973627 0.000000000 0.000000000 
1.865576045 0.000000000 0.000000000 
1.865246638 0.000000000 0.000000000 
1.865023074 0.000000000 0.000000000 
1.864615719 0.000000000 0.000000000 
1.865535438 0.000000000 0.000000000 
1.866101264 0.000000000 0.000000000 
1.865542485 0.000000000 0.000000000 
1.865132946 0.000000000 0.000000000 
1.865125552 0.000000000 0.000000000 
1.865053590 0.000000000 0.000000000 
1.865198932 0.000000000 0.000000000 
1.865101014 0.000000000 0.000000000 
1.865155255 0.000000000 0.000000000 
1.865196763 0.000000000 0.000000000 
1.865345982 0.000000000 0.000000000 
1.865015707 0.000000000 0.000000000 
1.865066231 0.000000000 0.000000000 
1.865255300 0.000000000 0.000000000 
1.865182549 0.000000000 0.000000000 
1.865048374 0.000000000 0.000000000 
1.865606564 0.000000000 0.000000000 
1.866237479 0.000000000 0.000000000 
1.863564278 0.000000000 0.000000000 
1.859844767 0.000000000 0.000000000 
1.866230155 0.000000000 0.000000000 
1.867415061 0.000000000 0.000000000 
1.865272650 0.000000000 0.000000000 
1.865302035 0.000000000 0.000000000 
1.864971716 0.000000000 0.000000000 
1.864865130 0.000000000 0.000000000 
1.865683993 0.000000000 0.000000000 
1.865749880 0.000000000 0.000000000 
1.864836333 0.000000000 0.000000000 
1.864883461 0.000000000 0.000000000 
1.865076794 0.000000000 0.000000000 
1.864803468 0.000000000 0.000000000 
1.865105049 0.000000000 0.000000000 
1.864232155 0.000000000 0.000000000 
1.865153636 0.000000000 0.000000000 
1.865396338 0.000000000 0.000000000 
1.865237673 0.000000000 0.000000000 
1.865427397 0.000000000 0.000000000 
1.864201429 0.000000000 0.000000000 
1.864243725 0.000000000 0.000000000 
1.865708390 0.000000000 0.000000000 
1.865813046 0.000000000 0.000000000 
1.865414358 0.000000000 0.000000000 
1.865483679 0.000000000 0.000000000 
1.865345211 0.000000000 0.000000000 
1.865410916 0.000000000 0.000000000 
1.865415832 0.000000000 0.000000000 
1.865435038 0.000000000 0.000000000 
1.865171425 0.000000000 0.000000000 
1.865084009 0.000000000 0.000000000 
1.865158658 0.000000000 0.000000000 
1.865294828 0.000000000 0.000000000 
1.865370439 0.000000000 0.000000000 
1.865341584 0.000000000 0.000000000 
1.865480049 0.000000000 0.000000000 
1.865458566 0.000000000 0.000000000 
1.865458775 0.000000000 0.000000000 
1.865324531 0.000000000 0.000000000 
1.865191869 0.000000000 0.000000000 
1.864984702 0.000000000 0.000000000 
1.865783165 0.000000000 0.000000000 
1.866112503 0.000000000 0.000000000 
1.865672593 0.000000000 0.000000000 
1.865277923 0.000000000 0.000000000 
1.865809249 0.000000000 0.000000000 
1.865777046 0.000000000 0.000000000 
1.865911001 0.000000000 0.000000000 
1.865125855 0.000000000 0.000000000 
1.864559622 0.000000000 0.000000000 
1.865792965 0.000000000 0.000000000 
1.864099659 0.000000000 0.000000000 
1.865029384 0.000000000 0.000000000 
1.865308118 0.000000000 0.000000000 
1.865140004 0.000000000 0.000000000 
1.865652267 0.000000000 0.000000000 
1.865180162 0.000000000 0.000000000 
1.864617616 0.000000000 0.000000000 
1.864809153 0.000000000 0.000000000 
1.863744183 0.000000000 0.000000000 
1.864127835 0.000000000 0.000000000 
1.866290592 0.000000000 0.000000000 
1.866365667 0.000000000 0.000000000 
1.863859652 0.000000000 0.000000000 
1.864201875 0.000000000 0.000000000 
1.866474965 0.000000000 0.000000000 
1.866366224 0.000000000 0.000000000 
1.864294091 0.000000000 0.000000000 
1.863878062 0.000000000 0.000000000 
1.865741262 0.000000000 0.000000000 
1.864662520 0.000000000 0.000000000 
1.865531378 0.000000000 0.000000000 
1.865182664 0.000000000 0.000000000 
1.865195681 0.000000000 0.000000000 
1.865288771 0.000000000 0.000000000 
1.865368467 0.000000000 0.000000000 
1.864893165 0.000000000 0.000000000 
1.865187047 0.000000000 0.000000000 
1.865258772 0.000000000 0.000000000 
1.864103794 0.000000000 0.000000000 
1.865087736 0.000000000 0.000000000 
1.865728425 0.000000000 0.000000000 
1.865201617 0.000000000 0.000000000 
1.865568888 0.000000000 0.000000000 
1.865634401 0.000000000 0.000000000 
1.865795737 0.000000000 0.000000000 
1.865535716 0.000000000 0.000000000 
1.865286973 0.000000000 0.000000000 
1.865255495 0.000000000 0.000000000 
1.865703713 0.000000000 0.000000000 
1.865640842 0.000000000 0.000000000 
1.865214882 0.000000000 0.000000000 
1.865213047 0.000000000 0.000000000 
1.865550961 0.000000000 0.000000000 
1.865587000 0.000000000 0.000000000 
1.865270752 0.000000000 0.000000000 
1.865362433 0.000000000 0.000000000 
1.865337104 0.000000000 0.000000000 
1.865149828 0.000000000 0.000000000 
1.865464704 0.000000000 0.000000000 
1.865418377 0.000000000 0.000000000 
1.865528218 0.000000000 0.000000000 
1.865380067 0.000000000 0.000000000 
1.865233671 0.000000000 0.000000000 
1.865442672 0.000000000 0.000000000 
1.865319018 0.000000000 0.000000000 
1.865019232 0.000000000 0.000000000 
1.865170798 0.000000000 0.000000000 
1.865264798 0.000000000 0.000000000 
1.865028662 0.000000000 0.000000000 
1.865175594 0.000000000 0.000000000 
1.865249292 0.000000000 0.000000000 
1.865110334 0.000000000 0.000000000 
1.865135816 0.000000000 0.000000000 
1.865339152 0.000000000 0.000000000 
1.864493041 0.000000000 0.000000000 
1.865002089 0.000000000 0.000000000 
1.865710338 0.000000000 0.000000000 
1.860598319 0.000000000 0.000000000 
1.864889372 0.000000000 0.000000000 
1.865117999 0.000000000 0.000000000 
1.865234192 0.000000000 0.000000000 
1.865181124 0.000000000 0.000000000 
1.864994315 0.000000000 0.000000000 
1.864813457 0.000000000 0.000000000 
1.865267502 0.000000000 0.000000000 
1.865113138 0.000000000 0.000000000 
1.865615041 0.000000000 0.000000000 
1.865218939 0.000000000 0.000000000 
1.865634834 0.000000000 0.000000000 
1.864752752 0.000000000 0.000000000 
1.864594835 0.000000000 0.000000000 
1.864484739 0.000000000 0.000000000 
1.866572548 0.000000000 0.000000000 
1.866212752 0.000000000 0.000000000 
1.865179001 0.000000000 0.000000000 
1.865095166 0.000000000 0.000000000 
1.865192551 0.000000000 0.000000000 
1.865593189 0.000000000 0.000000000 
1.864343219 0.000000000 0.000000000 
1.863987661 0.000000000 0.000000000 
1.864254132 0.000000000 0.000000000 
1.863899745 0.000000000 0.000000000 
1.865178571 0.000000000 0.000000000 
1.865237209 0.000000000 0.000000000 
1.865262778 0.000000000 0.000000000 
1.865320534 0.000000000 0.000000000 
1.865240205 0.000000000 0.000000000 
1.865306932 0.000000000 0.000000000 
1.865293602 0.000000000 0.000000000 
1.865209087 0.000000000 0.000000000 
1.864834590 0.000000000 0.000000000 
1.865435319 0.000000000 0.000000000 
1.863999552 0.000000000 0.000000000 
1.864895981 0.000000000 0.000000000 
1.864171879 0.000000000 0.000000000 
1.865324207 0.000000000 0.000000000 
1.865346728 0.000000000 0.000000000 
1.865309965 0.000000000 0.000000000 
1.865734080 0.000000000 0.000000000 
1.865492525 0.000000000 0.000000000 
1.865103445 0.000000000 0.000000000 
1.865203428 0.000000000 0.000000000 
1.865548076 0.000000000 0.000000000 
1.865322270 0.000000000 0.000000000 
1.865249374 0.000000000 0.000000000 
1.864579437 0.000000000 0.000000000 
1.865919695 0.000000000 0.000000000 
1.865267332 0.000000000 0.000000000 
1.865972469 0.000000000 0.000000000 
1.865303017 0.000000000 0.000000000 
1.865255165 0.000000000 0.000000000 
1.865204422 0.000000000 0.000000000 
1.865402552 0.000000000 0.000000000 
1.865439333 0.000000000 0.000000000 
1.865212851 0.000000000 0.000000000 
1.865181816 0.000000000 0.000000000 
1.864952317 0.000000000 0.000000000 
1.865423297 0.000000000 0.000000000 
1.865151863 0.000000000 0.000000000 
1.865122908 0.000000000 0.000000000 
1.865070477 0.000000000 0.000000000 
1.864719174 0.000000000 0.000000000 
1.865216238 0.000000000 0.000000000 
1.865519812 0.000000000 0.000000000 
1.865229001 0.000000000 0.000000000 
1.865192432 0.000000000 0.000000000 
1.865133256 0.000000000 0.000000000 
1.865145662 0.000000000 0.000000000 
1.865001195 0.000000000 0.000000000 
1.865201793 0.000000000 0.000000000 
1.865254198 0.000000000 0.000000000 
1.865384463 0.000000000 0.000000000 
1.865269001 0.000000000 0.000000000 
1.865243490 0.000000000 0.000000000 
1.865273861 0.000000000 0.000000000 
1.865295815 0.000000000 0.000000000 
1.865067877 0.000000000 0.000000000 
1.865142093 0.000000000 0.000000000 
1.865350891 0.000000000 0.000000000 
1.865122852 0.000000000 0.000000000 
1.865284489 0.000000000 0.000000000 
1.865196856 0.000000000 0.000000000 
1.865192310 0.000000000 0.000000000 
1.865348695 0.000000000 0.000000000 
1.864923572 0.000000000 0.000000000 
1.865347853 0.000000000 0.000000000 
1.865211907 0.000000000 0.000000000 
1.865188240 0.000000000 0.000000000 
1.865425537 0.000000000 0.000000000 
1.865612755 0.000000000 0.000000000 
1.864970874 0.000000000 0.000000000 
1.865124308 0.000000000 0.000000000 
1.865360283 0.000000000 0.000000000 
1.865337028 0.000000000 0.000000000 
1.865017154 0.000000000 0.000000000 
1.865070268 0.000000000 0.000000000 
1.865276805 0.000000000 0.000000000 
1.865315447 0.000000000 0.000000000 
1.865009401 0.000000000 0.000000000 
1.865156074 0.000000000 0.000000000 
1.865175956 0.000000000 0.000000000 
1.865349343 0.000000000 0.000000000 
1.865116754 0.000000000 0.000000000 
1.865215220 0.000000000 0.000000000 
1.866667168 0.000000000 0.000000000 
1.864888033 0.000000000 0.000000000 
1.865378327 0.000000000 0.000000000 
1.865478131 0.000000000 0.000000000 
1.865287996 0.000000000 0.000000000 
1.865565832 0.000000000 0.000000000 
1.865314890 0.000000000 0.000000000 
1.865477800 0.000000000 0.000000000 
1.865183338 0.000000000 0.000000000 
1.865212316 0.000000000 0.000000000 
1.865059304 0.000000000 0.000000000 
1.864952887 0.000000000 0.000000000 
1.865369876 0.000000000 0.000000000 
1.865472991 0.000000000 0.000000000 
1.865426671 0.000000000 0.000000000 
1.865605729 0.000000000 0.000000000 
1.864978021 0.000000000 0.000000000 
1.865013630 0.000000000 0.000000000 
1.865307086 0.000000000 0.000000000 
1.865254846 0.000000000 0.000000000 
1.865108338 0.000000000 0.000000000 
1.865035955 0.000000000 0.000000000 
1.864015048 0.000000000 0.000000000 
1.864879987 0.000000000 0.000000000 
1.866000864 0.000000000 0.000000000 
1.866430424 0.000000000 0.000000000 
1.866035927 0.000000000 0.000000000 
1.865698530 0.000000000 0.000000000 
1.864439551 0.000000000 0.000000000 
1.864715518 0.000000000 0.000000000 
1.865041406 0.000000000 0.000000000 
1.865169035 0.000000000 0.000000000 
1.865133517 0.000000000 0.000000000 
1.865048950 0.000000000 0.000000000 
1.865235245 0.000000000 0.000000000 
1.865315958 0.000000000 0.000000000 
1.864929307 0.000000000 0.000000000 
1.865165847 0.000000000 0.000000000 
1.865289240 0.000000000 0.000000000 
1.865308546 0.000000000 0.000000000 
1.865114476 0.000000000 0.000000000 
1.865017159 0.000000000 0.000000000 
1.865255880 0.000000000 0.000000000 
1.865438470 0.000000000 0.000000000 
1.864949566 0.000000000 0.000000000 
1.864942493 0.000000000 0.000000000 
1.865209488 0.000000000 0.000000000 
1.865041113 0.000000000 0.000000000 
1.865217955 0.000000000 0.000000000 
1.865285216 0.000000000 0.000000000 
1.865019389 0.000000000 0.000000000 
1.865246561 0.000000000 0.000000000 
1.866248311 0.000000000 0.000000000 
1.865726030 0.000000000 0.000000000 
1.864923415 0.000000000 0.000000000 
1.864949084 0.000000000 0.000000000 
1.865123419 0.000000000 0.000000000 
1.865535119 0.000000000 0.000000000 
1.865220915 0.000000000 0.000000000 
1.865120692 0.000000000 0.000000000 
1.865242455 0.000000000 0.000000000 
1.865195672 0.000000000 0.000000000 
1.865261771 0.000000000 0.000000000 
1.865296396 0.000000000 0.000000000 
1.865198048 0.000000000 0.000000000 
1.865430901 0.000000000 0.000000000 
1.865327416 0.000000000 0.000000000 
1.865233838 0.000000000 0.000000000 
1.865566479 0.000000000 0.000000000 
1.865596179 0.000000000 0.000000000 
1.865071272 0.000000000 0.000000000 
1.865138135 0.000000000 0.000000000 
1.865385508 0.000000000 0.000000000 
1.865622572 0.000000000 0.000000000 
1.865128147 0.000000000 0.000000000 
1.865158230 0.000000000 0.000000000 
1.865176205 0.000000000 0.000000000 
1.865216034 0.000000000 0.000000000 
1.865204412 0.000000000 0.000000000 
1.865217109 0.000000000 0.000000000 
1.864914444 0.000000000 0.000000000 
1.864973411 0.000000000 0.000000000 
1.865133507 0.000000000 0.000000000 
1.865111550 0.000000000 0.000000000 
1.864847045 0.000000000 0.000000000 
1.865075502 0.000000000 0.000000000 
1.865373223 0.000000000 0.000000000 
1.865302745 0.000000000 0.000000000 
1.865004780 0.000000000 0.000000000 
1.865001079 0.000000000 0.000000000 
1.865240750 0.000000000 0.000000000 
1.865279810 0.000000000 0.000000000 
1.865000800 0.000000000 0.000000000 
1.865057641 0.000000000 0.000000000 
1.865439359 0.000000000 0.000000000 
1.865193424 0.000000000 0.000000000 
1.865106309 0.000000000 0.000000000 
1.865141651 0.000000000 0.000000000 
1.865334927 0.000000000 0.000000000 
1.865405981 0.000000000 0.000000000 
1.865094801 0.000000000 0.000000000 
1.865121481 0.000000000 0.000000000 
1.865930215 0.000000000 0.000000000 
1.865559783 0.000000000 0.000000000 
1.864437648 0.000000000 0.000000000 
1.864692719 0.000000000 0.000000000 
1.864287462 0.000000000 0.000000000 
1.865246586 0.000000000 0.000000000 
1.865882502 0.000000000 0.000000000 
1.866420710 0.000000000 0.000000000 
1.865442023 0.000000000 0.000000000 
1.865389566 0.000000000 0.000000000 
1.865255000 0.000000000 0.000000000 
1.865686571 0.000000000 0.000000000 
1.865215890 0.000000000 0.000000000 
1.865193528 0.000000000 0.000000000 
1.865376137 0.000000000 0.000000000 
1.865461090 0.000000000 0.000000000 
1.865334391 0.000000000 0.000000000 
1.865039716 0.000000000 0.000000000 
1.865307902 0.000000000 0.000000000 
1.865438625 0.000000000 0.000000000 
1.865667543 0.000000000 0.000000000 
1.865246245 0.000000000 0.000000000 
1.865718111 0.000000000 0.000000000 
1.865290030 0.000000000 0.000000000 
1.865218979 0.000000000 0.000000000 
1.865315867 0.000000000 0.000000000 
1.865224358 0.000000000 0.000000000 
1.865423570 0.000000000 0.000000000 
1.865528100 0.000000000 0.000000000 
1.865542580 0.000000000 0.000000000 
1.865172113 0.000000000 0.000000000 
1.865322748 0.000000000 0.000000000 
1.864003525 0.000000000 0.000000000 
1.865821519 0.000000000 0.000000000 
1.865295742 0.000000000 0.000000000 
1.865353340 0.000000000 0.000000000 
1.864660135 0.000000000 0.000000000 
1.865218211 0.000000000 0.000000000 
1.864230591 0.000000000 0.000000000 
1.864980548 0.000000000 0.000000000 
1.865095119 0.000000000 0.000000000 
1.865374503 0.000000000 0.000000000 
1.864924327 0.000000000 0.000000000 
1.865022342 0.000000000 0.000000000 
1.865230099 0.000000000 0.000000000 
1.865086669 0.000000000 0.000000000 
1.864894209 0.000000000 0.000000000 
1.864947383 0.000000000 0.000000000 
1.865555129 0.000000000 0.000000000 
1.865393306 0.000000000 0.000000000 
1.864997942 0.000000000 0.000000000 
1.865015900 0.000000000 0.000000000 
1.865121051 0.000000000 0.000000000 
1.865392939 0.000000000 0.000000000 
1.864967944 0.000000000 0.000000000 
1.865100133 0.000000000 0.000000000 
1.865218058 0.000000000 0.000000000 
1.865294504 0.000000000 0.000000000 
1.865370602 0.000000000 0.000000000 
1.865410620 0.000000000 0.000000000 
1.865251871 0.000000000 0.000000000 
1.865260467 0.000000000 0.000000000 
1.865226812 0.000000000 0.000000000 
1.865485159 0.000000000 0.000000000 
1.865097848 0.000000000 0.000000000 
1.865187937 0.000000000 0.000000000 
1.865105390 0.000000000 0.000000000 
1.865351701 0.000000000 0.000000000 
1.865374603 0.000000000 0.000000000 
1.865505682 0.000000000 0.000000000 
1.865101257 0.000000000 0.000000000 
1.865148870 0.000000000 0.000000000 
1.865545770 0.000000000 0.000000000 
1.865476162 0.000000000 0.000000000 
1.865418059 0.000000000 0.000000000 
1.865371063 0.000000000 0.000000000 
1.865391673 0.000000000 0.000000000 
1.865457966 0.000000000 0.000000000 
1.865178939 0.000000000 0.000000000 
1.865232159 0.000000000 0.000000000 
1.865200146 0.000000000 0.000000000 
1.865221567 0.000000000 0.000000000 
1.865316825 0.000000000 0.000000000 
1.865182434 0.000000000 0.000000000 
1.865063074 0.000000000 0.000000000 
1.865207554 0.000000000 0.000000000 
1.865195087 0.000000000 0.000000000 
1.865496724 0.000000000 0.000000000 
1.865360299 0.000000000 0.000000000 
1.865499687 0.000000000 0.000000000 
1.865935833 0.000000000 0.000000000 
1.865719428 0.000000000 0.000000000 
1.864103836 0.000000000 0.000000000 
1.864942738 0.000000000 0.000000000 
1.865613370 0.000000000 0.000000000 
1.865266597 0.000000000 0.000000000 
1.865336500 0.000000000 0.000000000 
1.865195677 0.000000000 0.000000000 
1.865559886 0.000000000 0.000000000 
1.865342667 0.000000000 0.000000000 
1.865242089 0.000000000 0.000000000 
1.865581003 0.000000000 0.000000000 
1.865629914 0.000000000 0.000000000 
1.865353837 0.000000000 0.000000000 
1.864520493 0.000000000 0.000000000 
1.863981005 0.000000000 0.000000000 
1.866464749 0.000000000 0.000000000 
1.866152712 0.000000000 0.000000000 
1.865549117 0.000000000 0.000000000 
1.865116436 0.000000000 0.000000000 
1.865774399 0.000000000 0.000000000 
1.864275900 0.000000000 0.000000000 
1.864537677 0.000000000 0.000000000 
1.864901167 0.000000000 0.000000000 
1.864253322 0.000000000 0.000000000 
1.863904287 0.000000000 0.000000000 
1.865289829 0.000000000 0.000000000 
1.865039177 0.000000000 0.000000000 
1.865126081 0.000000000 0.000000000 
1.865186848 0.000000000 0.000000000 
1.864566803 0.000000000 0.000000000 
1.864867923 0.000000000 0.000000000 
1.865859126 0.000000000 0.000000000 
1.860841318 0.000000000 0.000000000 
1.865255981 0.000000000 0.000000000 
1.865514778 0.000000000 0.000000000 
1.865079290 0.000000000 0.000000000 
1.865258377 0.000000000 0.000000000 
1.864917454 0.000000000 0.000000000 
1.864950207 0.000000000 0.000000000 
1.865079913 0.000000000 0.000000000 
1.865074758 0.000000000 0.000000000 
1.865081043 0.000000000 0.000000000 
1.865026121 0.000000000 0.000000000 
1.865309846 0.000000000 0.000000000 
1.865240580 0.000000000 0.000000000 
1.865577511 0.000000000 0.000000000 
1.865502224 0.000000000 0.000000000 
1.865828579 0.000000000 0.000000000 
1.865591313 0.000000000 0.000000000 
1.865145783 0.000000000 0.000000000 
1.865079889 0.000000000 0.000000000 
1.865386895 0.000000000 0.000000000 
1.865354285 0.000000000 0.000000000 
1.865469896 0.000000000 0.000000000 
1.865277194 0.000000000 0.000000000 
1.865424402 0.000000000 0.000000000 
1.865850026 0.000000000 0.000000000 
1.865099076 0.000000000 0.000000000 
1.865033299 0.000000000 0.000000000 
1.865859626 0.000000000 0.000000000 
1.866397308 0.000000000 0.000000000 
1.864873904 0.000000000 0.000000000 
1.864350220 0.000000000 0.000000000 
1.865635170 0.000000000 0.000000000 
1.865821802 0.000000000 0.000000000 
1.865283286 0.000000000 0.000000000 
1.865361616 0.000000000 0.000000000 
1.865491759 0.000000000 0.000000000 
1.865413597 0.000000000 0.000000000 
1.865347100 0.000000000 0.000000000 
1.865312481 0.000000000 0.000000000 
1.865384359 0.000000000 0.000000000 
1.865333176 0.000000000 0.000000000 
1.865302215 0.000000000 0.000000000 
1.865514249 0.000000000 0.000000000 
1.865570106 0.000000000 0.000000000 
1.865278970 0.000000000 0.000000000 
1.864242121 0.000000000 0.000000000 
1.865324849 0.000000000 0.000000000 
1.865583131 0.000000000 0.000000000 
1.864815365 0.000000000 0.000000000 
1.865977575 0.000000000 0.000000000 
1.864227868 0.000000000 0.000000000 
1.866443839 0.000000000 0.000000000 
1.866460176 0.000000000 0.000000000 
1.865354382 0.000000000 0.000000000 
1.865139173 0.000000000 0.000000000 
1.865325793 0.000000000 0.000000000 
1.865435558 0.000000000 0.000000000 
1.865668425 0.000000000 0.000000000 
1.865144531 0.000000000 0.000000000 
1.865253768 0.000000000 0.000000000 
1.865301646 0.000000000 0.000000000 
1.864183827 0.000000000 0.000000000 
1.865170022 0.000000000 0.000000000 
1.865107148 0.000000000 0.000000000 
1.865166132 0.000000000 0.000000000 
1.866070091 0.000000000 0.000000000 
1.865136785 0.000000000 0.000000000 
1.864393689 0.000000000 0.000000000 
1.865641808 0.000000000 0.000000000 
1.863809100 0.000000000 0.000000000 
1.864169930 0.000000000 0.000000000 
1.866337330 0.000000000 0.000000000 
1.866447617 0.000000000 0.000000000 
1.865548946 0.000000000 0.000000000 
1.865226824 0.000000000 0.000000000 
1.864542063 0.000000000 0.000000000 
1.864905417 0.000000000 0.000000000 
1.865199977 0.000000000 0.000000000 
1.865155611 0.000000000 0.000000000 
1.865281387 0.000000000 0.000000000 
1.865222704 0.000000000 0.000000000 
1.865576149 0.000000000 0.000000000 
1.865348041 0.000000000 0.000000000 
1.865127999 0.000000000 0.000000000 
1.865278603 0.000000000 0.000000000 
1.865316024 0.000000000 0.000000000 
1.865334090 0.000000000 0.000000000 
1.865106660 0.000000000 0.000000000 
1.865082201 0.000000000 0.000000000 
1.865250344 0.000000000 0.000000000 
1.865258624 0.000000000 0.000000000 
1.865181445 0.000000000 0.000000000 
1.865187984 0.000000000 0.000000000 
1.863983464 0.000000000 0.000000000 
1.865063501 0.000000000 0.000000000 
1.865310434 0.000000000 0.000000000 
1.865439344 0.000000000 0.000000000 
1.865988941 0.000000000 0.000000000 
1.864873129 0.000000000 0.000000000 
1.865524071 0.000000000 0.000000000 
1.864550060 0.000000000 0.000000000 
1.865373821 0.000000000 0.000000000 
1.865315380 0.000000000 0.000000000 
1.865332201 0.000000000 0.000000000 
1.865384193 0.000000000 0.000000000 
1.865393175 0.000000000 0.000000000 
1.865290655 0.000000000 0.000000000 
1.865285983 0.000000000 0.000000000 
1.865207976 0.000000000 0.000000000 
1.865365004 0.000000000 0.000000000 
1.865306420 0.000000000 0.000000000 
1.865052576 0.000000000 0.000000000 
1.865123624 0.000000000 0.000000000 
1.865432648 0.000000000 0.000000000 
1.865300887 0.000000000 0.000000000 
1.865028602 0.000000000 0.000000000 
1.865066058 0.000000000 0.000000000 
1.865345841 0.000000000 0.000000000 
1.865255809 0.000000000 0.000000000 
1.865037295 0.000000000 0.000000000 
1.864976216 0.000000000 0.000000000 
1.865318059 0.000000000 0.000000000 
1.865343189 0.000000000 0.000000000 
1.864981770 0.000000000 0.000000000 
1.864996820 0.000000000 0.000000000 
1.865195000 0.000000000 0.000000000 
1.865144948 0.000000000 0.000000000 
1.865408047 0.000000000 0.000000000 
1.865209954 0.000000000 0.000000000 
1.865042493 0.000000000 0.000000000 
1.865224177 0.000000000 0.000000000 
1.865281614 0.000000000 0.000000000 
1.865336477 0.000000000 0.000000000 
1.865043635 0.000000000 0.000000000 
1.865139283 0.000000000 0.000000000 
1.865308275 0.000000000 0.000000000 
1.865391931 0.000000000 0.000000000 
1.864971885 0.000000000 0.000000000 
1.865297530 0.000000000 0.000000000 
1.865443126 0.000000000 0.000000000 
1.865345743 0.000000000 0.000000000 
1.865489300 0.000000000 0.000000000 
1.865392632 0.000000000 0.000000000 
1.865481189 0.000000000 0.000000000 
1.865397312 0.000000000 0.000000000 
1.865189322 0.000000000 0.000000000 
1.865178763 0.000000000 0.000000000 
1.865322508 0.000000000 0.000000000 
1.865382208 0.000000000 0.000000000 
1.864795504 0.000000000 0.000000000 
1.865222427 0.000000000 0.000000000 
1.865560122 0.000000000 0.000000000 
1.866108841 0.000000000 0.000000000 
1.865129367 0.000000000 0.000000000 
1.865009985 0.000000000 0.000000000 
1.865834769 0.000000000 0.000000000 
1.866009496 0.000000000 0.000000000 
1.863304748 0.000000000 0.000000000 
1.865046728 0.000000000 0.000000000 
1.865344828 0.000000000 0.000000000 
1.864948029 0.000000000 0.000000000 
1.865070888 0.000000000 0.000000000 
1.865445822 0.000000000 0.000000000 
1.865295193 0.000000000 0.000000000 
1.865230228 0.000000000 0.000000000 
1.865296240 0.000000000 0.000000000 
1.865332830 0.000000000 0.000000000 
1.865011730 0.000000000 0.000000000 
1.865030861 0.000000000 0.000000000 
1.865195877 0.000000000 0.000000000 
1.864533471 0.000000000 0.000000000 
1.865400274 0.000000000 0.000000000 
1.865242966 0.000000000 0.000000000 
1.864994110 0.000000000 0.000000000 
1.865751937 0.000000000 0.000000000 
1.864634597 0.000000000 0.000000000 
1.865216890 0.000000000 0.000000000 
1.867826887 0.000000000 0.000000000 
1.867864104 0.000000000 0.000000000 
1.866200847 0.000000000 0.000000000 
1.865350642 0.000000000 0.000000000 
1.863287750 0.000000000 0.000000000 
1.868022328 0.000000000 0.000000000 
1.865587418 0.000000000 0.000000000 
1.865330657 0.000000000 0.000000000 
1.864147774 0.000000000 0.000000000 
1.865817079 0.000000000 0.000000000 
1.863528139 0.000000000 0.000000000 
1.865521710 0.000000000 0.000000000 
1.865186291 0.000000000 0.000000000 
1.865227500 0.000000000 0.000000000 
1.865522528 0.000000000 0.000000000 
1.865276240 0.000000000 0.000000000 
1.864971627 0.000000000 0.000000000 
1.864518385 0.000000000 0.000000000 
1.864927841 0.000000000 0.000000000 
1.865813798 0.000000000 0.000000000 
1.864589701 0.000000000 0.000000000 
1.864878456 0.000000000 0.000000000 
1.865703205 0.000000000 0.000000000 
1.866612445 0.000000000 0.000000000 
1.865278751 0.000000000 0.000000000 
1.865126731 0.000000000 0.000000000 
1.865462776 0.000000000 0.000000000 
1.865214172 0.000000000 0.000000000 
1.865202655 0.000000000 0.000000000 
1.865202696 0.000000000 0.000000000 
1.865373743 0.000000000 0.000000000 
1.865255551 0.000000000 0.000000000 
1.865736981 0.000000000 0.000000000 
1.865681071 0.000000000 0.000000000 
1.864402107 0.000000000 0.000000000 
1.864873745 0.000000000 0.000000000 
1.865208022 0.000000000 0.000000000 
1.864405046 0.000000000 0.000000000 
1.865200924 0.000000000 0.000000000 
1.865374936 0.000000000 0.000000000 
1.865364914 0.000000000 0.000000000 
1.865321493 0.000000000 0.000000000 
1.865035091 0.000000000 0.000000000 
1.865142424 0.000000000 0.000000000 
1.865176610 0.000000000 0.000000000 
1.865318863 0.000000000 0.000000000 
1.865104034 0.000000000 0.000000000 
1.865685932 0.000000000 0.000000000 
1.865423023 0.000000000 0.000000000 
1.865491394 0.000000000 0.000000000 
1.865599567 0.000000000 0.000000000 
1.865367863 0.000000000 0.000000000 
1.864955940 0.000000000 0.000000000 
1.865012865 0.000000000 0.000000000 
1.866006075 0.000000000 0.000000000 
1.866028801 0.000000000 0.000000000 
1.865118270 0.000000000 0.000000000 
1.865494427 0.000000000 0.000000000 
1.865672575 0.000000000 0.000000000 
1.865660244 0.000000000 0.000000000 
1.865071133 0.000000000 0.000000000 
1.864702547 0.000000000 0.000000000 
1.865453087 0.000000000 0.000000000 
1.866051745 0.000000000 0.000000000 
1.865415064 0.000000000 0.000000000 
1.865061240 0.000000000 0.000000000 
1.865406668 0.000000000 0.000000000 
1.865274964 0.000000000 0.000000000 
1.865144692 0.000000000 0.000000000 
1.865089954 0.000000000 0.000000000 
1.865570683 0.000000000 0.000000000 
1.865154513 0.000000000 0.000000000 
1.864391396 0.000000000 0.000000000 
1.864821091 0.000000000 0.000000000 
1.866224984 0.000000000 0.000000000 
1.866686537 0.000000000 0.000000000 
1.867707588 0.000000000 0.000000000 
1.867815998 0.000000000 0.000000000 
1.866193979 0.000000000 0.000000000 
1.865330349 0.000000000 0.000000000 
1.864896239 0.000000000 0.000000000 
1.865761302 0.000000000 0.000000000 
1.864511171 0.000000000 0.000000000 
1.865169533 0.000000000 0.000000000 
1.865181947 0.000000000 0.000000000 
1.865779681 0.000000000 0.000000000 
1.863471749 0.000000000 0.000000000 
1.865716604 0.000000000 0.000000000 
1.863735493 0.000000000 0.000000000 
1.868018002 0.000000000 0.000000000 
1.865801660 0.000000000 0.000000000 
1.865417534 0.000000000 0.000000000 
1.863932968 0.000000000 0.000000000 
1.864890317 0.000000000 0.000000000 
1.864435252 0.000000000 0.000000000 
1.864499328 0.000000000 0.000000000 
1.865265592 0.000000000 0.000000000 
1.865098413 0.000000000 0.000000000 
1.865511573 0.000000000 0.000000000 
1.865638708 0.000000000 0.000000000 
1.865273546 0.000000000 0.000000000 
1.865288045 0.000000000 0.000000000 
1.865404109 0.000000000 0.000000000 
1.865436263 0.000000000 0.000000000 
1.865169811 0.000000000 0.000000000 
1.865424357 0.000000000 0.000000000 
1.865424877 0.000000000 0.000000000 
1.865345026 0.000000000 0.000000000 
1.865415476 0.000000000 0.000000000 
1.865389231 0.000000000 0.000000000 
1.864950332 0.000000000 0.000000000 
1.865119865 0.000000000 0.000000000 
1.865171451 0.000000000 0.000000000 
1.865158825 0.000000000 0.000000000 
1.865185996 0.000000000 0.000000000 
1.865065992 0.000000000 0.000000000 
1.865417483 0.000000000 0.000000000 
1.865452849 0.000000000 0.000000000 
1.865014620 0.000000000 0.000000000 
1.865170691 0.000000000 0.000000000 
1.865410374 0.000000000 0.000000000 
1.865367294 0.000000000 0.000000000 
1.865126344 0.000000000 0.000000000 
1.865187741 0.000000000 0.000000000 
1.865083320 0.000000000 0.000000000 
1.865049344 0.000000000 0.000000000 
1.865239606 0.000000000 0.000000000 
1.865218062 0.000000000 0.000000000 
1.865083262 0.000000000 0.000000000 
1.865181405 0.000000000 0.000000000 
1.865442371 0.000000000 0.000000000 
1.865370083 0.000000000 0.000000000 
1.865141184 0.000000000 0.000000000 
1.865112078 0.000000000 0.000000000 
1.865359623 0.000000000 0.000000000 
1.865300904 0.000000000 0.000000000 
1.865181261 0.000000000 0.000000000 
1.865200164 0.000000000 0.000000000 
1.865338751 0.000000000 0.000000000 
1.865254394 0.000000000 0.000000000 
1.865311160 0.000000000 0.000000000 
1.865193971 0.000000000 0.000000000 
1.865150023 0.000000000 0.000000000 
1.865114967 0.000000000 0.000000000 
1.865303718 0.000000000 0.000000000 
1.865302955 0.000000000 0.000000000 
1.865113034 0.000000000 0.000000000 
1.865128874 0.000000000 0.000000000 
1.865307597 0.000000000 0.000000000 
1.865321797 0.000000000 0.000000000 
1.865043832 0.000000000 0.000000000 
1.865029567 0.000000000 0.000000000 
1.865472449 0.000000000 0.000000000 
1.865253416 0.000000000 0.000000000 
1.865032487 0.000000000 0.000000000 
1.864968952 0.000000000 0.000000000 
