-0.701758567 25.458645658 -1.741736687 
-0.249787917 25.555679962 -0.957294158 
-16.297509950 18.811548280 -1.562535901 
-16.049198359 19.111100091 -0.975360015 
-0.710587273 25.517258479 -1.155120686 
-0.823340226 25.475670383 -1.684613251 
-16.193858506 18.869500968 -1.858126960 
-16.157464782 18.932602830 -1.808899999 
-1.169429566 25.497810545 -0.817993338 
-1.278740395 25.424652325 -0.725388396 
-15.940510831 19.226904412 -1.110755892 
-15.523187368 19.564802142 -0.994897791 
-0.615448783 25.607354326 -0.582778985 
-0.954518232 25.584342374 -0.021322976 
-15.878725238 19.284501964 -0.336321300 
-15.632795516 19.525578818 -0.264248150 
6.584361678 20.374806032 3.864673652 
6.051510697 20.374923075 5.040964904 
-16.023294443 10.761588707 -6.009862675 
-15.786750804 11.071456496 -6.649398714 
5.539342805 19.712627082 6.585923296 
5.565453458 19.968250503 6.258297091 
-16.074267155 10.289813810 -5.745712038 
-15.458625680 10.326868617 -6.649266373 
4.809149517 19.072393447 8.062050614 
4.913423181 19.213672623 7.660074625 
-15.988320186 10.939724118 -6.070660410 
-16.282016263 10.314265133 -5.571788801 
4.868377927 19.067027868 7.912152487 
5.279802163 18.957548140 7.372511926 
-15.954696901 11.094528126 -6.131145451 
-15.789494861 11.006037697 -6.183619275 
6.386970628 12.220064282 8.573551239 
6.221301703 12.053736441 8.707659889 
-10.910863025 5.609528166 -9.272989741 
-10.642443001 5.473862609 -9.211435890 
6.198371972 12.152021508 8.748438588 
6.107955002 12.063746379 8.907287378 
-11.473229812 5.619007980 -8.840024315 
-11.810351700 5.119513593 -7.909947008 
5.690205124 13.842774245 9.211666400 
4.449950392 9.660747793 11.142633506 
-14.175568869 7.120798591 -6.102633815 
-9.533166495 4.643990797 -9.031136036 
6.795533338 12.478993028 7.964834002 
6.630739338 12.405236251 8.377564689 
-8.418393358 8.667465903 -2.681355840 
-10.075749717 5.370116929 -9.222234472 
-5.415468887 13.719750149 -13.665591463 
-4.790066484 13.501620998 -13.794168712 
-7.415257203 12.262820967 12.996730428 
-7.133825455 12.889146075 13.065381776 
-5.343465186 13.861228285 -13.710239203 
-5.820087725 13.804964113 -13.630188998 
-8.584542211 11.717431240 12.823948723 
-7.020859095 12.932112813 13.118279572 
-3.685782708 14.741780734 -13.742276540 
-1.919969144 14.148667331 -12.042550121 
-6.775484443 12.591207097 13.003949570 
-7.263770732 9.074188236 6.771908232 
-5.731673241 13.345610946 -13.761401347 
-4.942759696 13.386164191 -13.711852831 
-7.249030882 12.558994301 13.040708210 
-6.341881983 13.405918807 13.063060941 
5.643774094 20.884195438 1.238378535 
5.528570601 21.040341882 1.025744773 
-16.318966112 11.859850497 -3.781184091 
-16.241057829 11.652290505 -4.162827767 
5.319040599 20.797029239 2.831277615 
5.192433129 20.746092513 3.384523743 
-16.179167326 11.828825025 -4.420853921 
-16.412293291 11.747260692 -3.757505579 
5.190268857 20.571340880 3.781463479 
5.103228798 20.690960542 3.692985119 
-16.467995658 11.934441594 -3.556781887 
-16.535857964 11.881355072 -3.453990567 
5.187993105 20.349813479 3.926881375 
-1.676856215 19.005242914 1.689790525 
-16.096646865 11.532151239 -4.275498001 
-9.529924477 16.084075621 -0.390992269 
6.043017162 19.662478411 -2.536499219 
6.045889954 19.723736822 -2.503054266 
-16.499325286 10.734007963 -1.298494609 
-16.693900198 10.482539273 -0.395669701 
6.073746970 19.496814559 -3.149904896 
6.312553595 19.678214165 -2.000892437 
-16.566733632 10.898617757 -1.835129132 
-16.604370604 10.853809985 -1.256208183 
6.956151607 19.348807530 0.742052218 
6.427354188 19.757045511 -1.625797178 
-12.287478337 8.726858647 -4.836671685 
-12.922960564 9.254721858 -2.502071185 
6.275395109 19.543984756 -2.540543723 
3.997888594 15.914922447 1.530954437 
-16.427859014 10.791533169 -1.949942753 
-16.508830175 10.321091234 -0.613669332 
1.115760396 19.668238202 9.649321336 
1.493891787 19.816781298 9.249511776 
-14.377354064 12.938740567 -7.747514063 
-14.071515218 13.201291292 -7.924254462 
2.191840440 20.199429912 8.392123018 
2.495183965 20.083927550 8.414340948 
-14.126926269 12.705394174 -8.347817575 
-14.239338247 12.857163856 -8.061740659 
2.666263287 20.642663863 7.338448999 
2.815293427 20.633785170 7.268117572 
-13.965057301 13.006015040 -8.325212244 
-13.359444221 13.308107859 -8.849869716 
2.183491170 20.071349642 8.579458492 
2.432977406 20.278137735 8.044434604 
-13.837435236 13.045960589 -8.364793343 
-13.379705247 13.389143069 -8.667271934 
-0.707614521 19.614654140 -10.607607973 
-0.253566478 19.788801528 -10.307796355 
-13.533218178 14.686782425 8.102782825 
-13.301816094 14.790077747 8.319961321 
-0.389977333 20.126990072 -9.909957812 
-1.240259186 18.972973243 -11.498796225 
-13.211398537 14.829895149 8.421575664 
-13.601211699 14.428791197 8.290685993 
-0.941056471 19.370490460 -11.011220958 
-1.450580409 19.043022950 -11.466613921 
-12.580564819 14.714003058 9.226598570 
-12.793186261 14.782722081 8.942467053 
-0.906822690 19.575741419 -10.706319170 
-0.838103063 20.207689706 -9.863697139 
-13.115944272 14.542803778 8.749275656 
-12.726298510 14.926382502 8.842350449 
4.949935016 16.224295123 -7.322238121 
3.998255084 16.292769683 -8.248789180 
-12.339364170 9.558639708 7.589390200 
-13.473741270 8.710136578 5.941422648 
4.751450100 16.218414124 -7.531415745 
5.290302335 16.348401576 -6.732070764 
-13.458643331 8.753548769 6.181610074 
-13.835509959 8.631005414 5.562010579 
3.336129600 15.561943186 -9.562986512 
4.149448228 15.776979236 -8.743758950 
-14.172461488 8.270798052 4.773710665 
-13.669440531 8.667861223 5.859014408 
4.757258069 15.871018349 -8.105343925 
4.820908354 16.244023827 -7.618583029 
-14.631473181 8.113176170 3.834047318 
-13.810838240 8.609467402 5.572759501 
-2.304640869 24.250563093 -0.385031266 
-1.979820457 24.277386080 -0.329199553 
-13.871447392 19.472652280 1.696287007 
-13.582268358 19.685107351 1.502981699 
-2.361880210 24.245055371 -0.384151098 
-2.064989478 24.266734483 -0.777952696 
-13.734957045 19.501435148 2.119807658 
-13.754355214 19.511305603 1.815271238 
-2.219389426 24.265880220 -1.056131157 
-1.879280913 24.307111375 -0.082465310 
-13.631161395 19.641868656 1.708894995 
-13.677216983 19.585773636 1.892912300 
-2.053112295 24.245024331 -1.765422083 
-2.156071274 24.258133709 -1.596812907 
-13.960677415 19.396813669 1.808268519 
-13.668998759 19.589269424 1.944220432 
-5.916433232 15.143543424 11.783987445 
-6.390202535 15.117602272 11.791499387 
-6.430222118 15.227188177 -11.440482042 
-5.615109242 15.520973030 -11.450430633 
-6.342762576 15.131039050 11.787850411 
-5.039678270 12.940083191 11.003766290 
-5.939108938 15.378393332 -11.495074212 
-2.407283130 12.421070133 -10.031489965 
-6.902788050 15.025858534 11.734697925 
-6.290410194 15.209302666 11.798423436 
-5.757539189 15.223143635 -11.489119692 
-4.955893227 15.567328933 -11.420255491 
-5.617097839 15.503785701 11.850712824 
-5.939933550 15.560620450 11.808511211 
-5.481432716 15.469451648 -11.429935671 
-5.251524006 15.642640408 -11.433133373 
4.481100202 11.501746829 -9.299959456 
0.379859396 8.144804026 -9.145021541 
-8.235990268 9.267111213 3.115140220 
-8.579990444 9.088975035 2.611881934 
4.609016181 11.562953836 -9.164414360 
4.994202267 12.017966325 -8.610316657 
-10.773583074 5.973993798 6.941691911 
-11.405588096 5.310336636 5.967757229 
3.945204459 11.439713469 -9.823328802 
4.173103269 11.759915756 -9.503993252 
-11.665516778 5.571156474 6.023164189 
-11.837993891 5.692228989 5.882416693 
4.352497864 11.688125360 -9.457708593 
4.636988428 11.904208149 -9.107937106 
-11.758271863 5.653805563 5.974149069 
-11.422165092 5.591936720 6.427449133 
-4.035231064 12.453656499 -6.819800372 
-2.363144552 13.086254920 -6.343643163 
-8.285489503 10.659076380 5.034558830 
-4.438016455 12.256130075 6.523447745 
-1.744543801 11.885785891 -5.750295048 
-2.196289922 11.659646773 -5.982239537 
-7.120436816 9.915190705 3.987455266 
-7.014296921 9.901933619 4.099185312 
-1.241290642 11.647934798 -5.842140431 
1.708063337 13.620926020 -4.015342217 
-7.214437581 10.355771936 3.756655746 
-6.990514538 9.894169278 3.458167611 
3.655528931 15.265471109 1.460047624 
2.379625197 14.388251918 4.719194421 
-12.453702108 12.921801444 -0.123794748 
-12.515925016 12.831818415 0.200858330 
-2.213030938 20.265678303 2.325450164 
-2.740903344 20.063129817 2.932888942 
-10.781003172 16.798128413 -1.232681788 
-10.879492515 16.656552598 -1.405794438 
-3.903393770 20.045119102 -0.364326724 
-3.869407912 20.051585325 -0.571553410 
-9.686976227 17.643121418 0.698556498 
-9.713933945 17.629652600 0.699967740 
-5.264194512 17.563384904 -2.937430292 
-4.479831938 17.711674027 -3.011711327 
-11.542659964 13.462769450 0.318032032 
-9.553044228 15.472276803 5.242642317 
-1.739378835 20.352417615 -0.107906782 
-1.682364096 20.310502221 -0.870702412 
-11.079976208 16.537348195 1.047949080 
-11.157054300 16.541614844 0.782085550 
0.065182391 15.796968887 7.440702270 
-5.166515084 16.998697911 8.169265921 
-3.150420214 12.843215544 -7.226004008 
-2.462298988 15.838543976 -6.679034211 
-1.422211772 10.771183255 8.293598812 
-0.711654972 14.216384294 8.186040511 
-5.654279148 8.297748567 -6.582104786 
-4.907748750 11.511078894 -5.421257428 
-0.717445357 9.714362036 7.281640670 
0.514865536 10.619807064 6.900219695 
-5.045525343 16.781444803 -3.961991379 
-6.293122026 17.262196163 -4.209357811 
-4.034617573 18.534856080 5.627521935 
-4.422216534 18.415331033 6.181223141 
-7.409154222 17.068135495 -5.541375033 
-6.087683366 16.741828358 -7.288135313 
0.937246716 13.868974619 0.804085563 
2.145338687 10.600381020 1.511912692 
-8.607221820 10.275574072 1.237101871 
-7.407348428 7.593427383 -0.278006690 
1.583904299 11.800212451 -0.429931770 
1.647655403 11.720472797 -0.646894437 
-7.326445830 7.731506455 0.462752420 
-7.353578457 7.721779561 0.225858771 
2.354809532 12.016021188 1.348377192 
2.645863361 12.048848669 -0.397103713 
-8.311598996 7.074655858 -0.477439060 
-7.729647165 7.862130570 -0.072330002 
1.495770379 16.156769014 -5.822365701 
2.314847720 16.886487292 -3.313936956 
-8.357220228 7.569523479 -0.721773318 
-9.190146355 7.923511719 2.029778003 
-0.163378197 15.689931303 4.324178671 
-0.919709259 15.536706391 4.933989485 
-9.409295292 12.356406061 -4.774203053 
-9.563028118 12.339495353 -4.607259567 
-0.023837478 19.122560044 -2.778042338 
-2.449194253 20.005304847 1.480242585 
-11.496922813 14.606932909 0.031106188 
-9.665315371 14.255514428 -4.756801896 
-1.213236278 15.670770588 5.085441874 
-0.474410206 15.910860435 4.419960719 
-7.872214091 13.118334132 -5.833121620 
-8.620283768 12.814096173 -5.421813551 
-1.395610703 14.615667276 5.357155652 
-0.806194756 14.918167706 4.850780554 
-8.032439886 12.380742955 -5.689827256 
-8.625272363 12.248951840 -5.259802653 
0.577109248 13.686421254 -2.420994202 
4.200609939 12.979897561 0.167861223 
-7.741997813 10.055308613 -2.858742413 
-9.913432296 8.059353997 1.854949168 
4.152094113 13.166580221 -1.320188373 
3.955142308 12.393310851 -0.522604616 
-11.060053438 7.045883605 0.020180140 
-10.269842631 7.096714367 0.312416681 
3.138337849 13.134895351 -1.132498070 
2.826860860 13.038125602 -2.338552757 
-9.821289949 8.312956469 0.163344267 
-9.816705013 8.153802412 1.372768392 
2.412809506 13.142381352 -2.983206059 
2.473567341 13.141181132 -2.901875904 
-9.612604699 7.561970433 1.396772107 
-9.588965242 7.592701943 1.370956807 
0.908358159 16.966521554 2.769527177 
0.690026083 16.572092460 4.283251177 
-10.482600835 12.286017874 -2.648010418 
-10.222020959 12.142808962 -3.381475702 
2.244849452 16.137254516 3.202778519 
2.280413049 15.824987702 3.754994827 
-10.916753792 10.635168852 -3.090510368 
-11.137155244 10.395956778 -2.460550734 
1.056494813 16.635273714 3.137568859 
0.731278710 16.392848446 4.108844657 
-9.669965184 12.276394856 -3.690172494 
-9.366827292 12.781345785 -3.586504788 
0.319730277 16.788514327 3.434979776 
0.379609035 16.729321224 3.735205052 
-9.768068803 12.580506435 -3.284420095 
-10.026534952 12.490757097 -2.923096085 
-3.938665201 18.200509218 -4.410859916 
-4.336885356 17.970815679 -4.723265799 
-7.964570042 16.493482109 4.107314857 
-7.617393906 16.579540613 4.225598934 
-4.502553238 17.629701675 -6.034253134 
-4.888587600 17.467315846 -6.135876542 
-6.337061643 16.854618086 5.613415606 
-7.056999728 16.549136679 5.635914538 
-4.608254460 17.676631022 -4.944378939 
-4.510238813 17.726347909 -4.861612984 
-7.576068136 16.355362762 4.486827075 
-7.543797193 16.368083883 4.474785462 
-4.002240105 17.985228106 -4.241383220 
-3.946269369 17.980436654 -4.265626191 
-7.963207681 16.252183851 3.962045567 
-7.651590411 16.373360960 4.056708094 
-4.504221731 18.978394712 0.802180734 
-4.077014369 19.014280310 1.059144152 
-11.315325265 19.905296300 -2.478250304 
-10.991974877 19.945231603 -2.471579733 
-6.070477702 18.825560778 1.050208754 
-4.574837748 22.571872781 2.457075073 
-11.389535969 19.945147538 -2.230797807 
-11.341064683 19.955247930 -2.219778048 
-4.720335347 18.706784362 0.887635005 
-3.979371242 22.897238391 1.978654726 
-11.704037451 19.702518824 -2.931069521 
-11.530064306 19.830005689 -2.635124108 
-4.189772841 22.809851123 2.041354119 
-3.972355375 22.939031441 1.694409761 
-11.493419179 19.781710070 -2.893913265 
-11.439826492 19.844050381 -2.867957523 
2.987600398 14.240450967 -1.800494343 
2.425289739 15.838522531 0.812997532 
-12.244675669 7.851832152 -4.757313089 
-12.274327965 7.890164947 -4.577819739 
2.348051060 15.039068303 1.699415586 
2.611274123 14.652398859 1.761787570 
-9.493557678 9.278507884 -4.001688342 
-8.746238671 7.801639077 0.784650986 
2.976979909 12.347369238 1.130601379 
4.560109060 14.783135159 5.880455719 
-12.007043888 7.932032797 -5.185963584 
-11.642240383 8.261151972 -5.787998287 
2.864059105 12.492614777 1.277214642 
2.924621184 12.567419394 0.773126762 
-12.140030698 7.987000744 -4.903127228 
-11.546376521 8.283597678 -5.842764931 
2.475294703 14.512923721 -0.887101783 
3.732766184 13.316720761 -0.286951287 
-10.004349395 7.146962716 -3.491962578 
-8.640688242 6.757473158 -5.100831788 
-0.019803852 7.444245423 7.685078852 
0.218152768 7.406087589 7.679835970 
-4.929962579 6.876856934 -6.460877874 
-5.315588873 6.428556771 -6.391940503 
1.022361947 7.647051809 7.103860052 
0.896388246 7.739691307 7.186066325 
-7.723409453 4.669159903 -4.607991144 
-7.743784475 4.767902639 -4.709033238 
-2.433825393 7.409191233 7.829121928 
-2.688811023 7.296042065 7.822084311 
-9.190425852 4.576444311 -0.147927577 
-9.226069953 4.537283519 -0.279466833 
-7.401807182 12.770068753 -6.565678877 
-8.357542599 13.863130576 -6.063147195 
-0.634692976 15.268038194 4.954486256 
-1.333259775 16.084081184 5.593578059 
-3.517680813 12.924937795 -6.618496889 
-5.769420337 14.548690425 -10.315165174 
-4.048560914 15.016182153 9.895006820 
-3.693342544 15.271123947 9.811274894 
-2.855148774 12.548264221 -6.306386545 
-6.430263582 14.192536111 -10.267998310 
-4.540917740 11.996100992 6.436799335 
-5.754114367 11.530057379 6.332855773 
-6.558380854 14.200009586 -10.238586602 
-4.602367693 12.384989479 -6.739024844 
-4.354399400 15.069037631 9.964918972 
-4.775701199 14.846269052 10.009206834 
0.889525946 12.592541721 2.708159266 
0.841883261 12.529378228 2.805303049 
-8.727262521 7.744529847 0.323297883 
-8.323231984 7.895198484 0.463035843 
1.209131950 11.679053227 2.691661690 
1.430719096 12.191785079 2.347154946 
-8.128069619 8.470770601 -1.796136619 
-8.122388761 8.424179776 -1.863323240 
0.820696049 16.466581572 -4.741486473 
0.617398696 11.225408649 -5.189346530 
-10.686285477 12.105241728 2.912199753 
-11.893777265 14.866831283 2.437027108 
1.399191417 14.649034764 -4.184155395 
1.471562373 14.231222185 -4.301759390 
-9.558663294 10.660709372 4.398039974 
-9.875008887 8.330018141 -4.353751613 
-1.967877502 14.118023618 -4.581097482 
-2.005718855 14.089049960 -4.597232038 
-7.737016098 11.790068492 4.138737456 
-8.069540973 11.672448161 3.805089727 
0.709499621 19.341503057 0.178863264 
-1.892607252 18.449886106 -6.380201672 
-7.046313105 12.377706248 4.630955729 
-8.979458102 10.010268614 4.980994020 
1.347781171 17.477104184 -3.504944345 
-1.671865224 20.646129363 0.456969983 
-11.517788793 12.274350155 3.564608150 
-11.432431432 16.624862497 0.929935799 
-2.085069347 15.442859934 -3.406208682 
-2.081688173 14.384158698 -4.629574199 
-8.376998625 12.246016990 3.689405636 
-7.979667696 12.158979262 4.176324318 
-4.052048284 17.049313415 3.110529726 
-3.885538085 17.060122877 3.143903958 
-6.346838532 15.927791341 -3.363553864 
-6.705533544 15.773975430 -3.362368297 
-4.394103758 16.898456671 3.710472877 
-4.793800965 16.725181955 3.880312861 
-6.106215617 16.053400142 -3.714482517 
-6.039023663 16.099609646 -3.686087326 
-2.799861930 18.534723095 5.810401734 
-2.217701869 17.474699242 7.382747568 
-8.501337814 16.190703300 -5.759812293 
-9.114203963 13.790339331 -6.341357035 
-4.233810194 17.327013967 2.854543290 
-4.064106568 17.288186314 2.956749812 
-7.122243544 15.982045044 -2.943610595 
-7.390576690 15.839780740 -2.842340391 
0.090785119 15.932518690 -1.378145048 
0.088676173 15.751547475 -2.376452423 
-9.480614256 11.654017102 1.307791395 
-9.401632067 11.815438720 1.244417286 
0.357926998 15.799870943 -1.067719851 
0.287374140 15.645738951 -2.110546761 
-9.675772544 11.399105192 0.672425518 
-9.776683741 11.226349196 0.722402407 
1.306817204 14.242781594 -5.346213072 
0.634619974 14.030254145 -4.718707660 
-7.846587514 9.815430228 1.688344106 
-9.099248642 10.407237073 0.829647261 
2.450396862 12.171595092 -2.285665735 
0.254173913 13.778992115 -5.151904320 
-7.670251121 8.461628267 3.670235343 
-7.369256380 11.337440582 3.971480407 
3.144075837 12.597524166 0.778368839 
1.981095296 12.159110824 2.261350222 
-8.686565290 8.052943810 -1.010231067 
-8.712724229 7.899226333 -1.127696917 
1.682539737 13.589463759 -1.667872256 
1.163610294 13.545675829 -1.519006927 
-7.082821212 10.465808182 2.618842068 
-6.841003710 9.988148095 3.480724352 
2.327054295 11.982912126 1.256940722 
2.269018095 11.958650254 1.502816198 
-8.076223898 7.559011836 -1.971398374 
-8.131842052 7.963627341 -1.429053131 
2.059323298 11.772375216 1.962565908 
2.167778969 11.839897638 1.544419932 
-7.956474316 7.645442626 -2.392159510 
-7.877536742 7.743340571 -2.523703758 
-1.874020939 19.395296072 -0.138917111 
-3.044489761 19.320530862 -2.190664999 
-9.447146437 17.259897737 1.217826405 
-9.287983051 16.604200765 3.344787941 
-0.788987919 15.208824417 -4.108532883 
-1.495296171 15.059578265 -4.636105440 
-8.408960443 12.446537565 4.774465056 
-8.838381246 12.285802969 4.360702741 
-1.237906998 14.464029315 -4.557344913 
-1.745928443 14.318446101 -4.915046764 
-8.811295804 11.809103122 3.977065479 
-8.648714983 11.777771903 4.287679885 
-1.134218065 15.135977422 -4.480483197 
-1.966460570 14.897892355 -4.945487518 
-8.944879400 12.312937767 4.023468908 
-8.232431929 12.572444566 4.717795611 
-5.145186842 17.452977660 3.729382002 
-5.858692009 16.959972582 4.942017720 
-6.278504224 16.908161805 -3.364590325 
-5.701349717 17.061283767 -4.446471242 
-4.506869960 17.620595777 3.696032909 
-4.784794768 17.504134607 3.787541405 
-6.874012999 16.656355622 -3.499265420 
-6.966988626 16.586527568 -3.430132389 
-4.928731883 17.406995742 3.529222351 
-4.912707938 17.347101506 3.700853460 
-7.061750562 16.405834843 -3.212016509 
-7.343357281 16.324420942 -3.093288565 
-4.761838091 17.371616810 3.773950149 
-4.717920207 17.328957478 3.889230202 
-6.770494113 16.479879341 -3.496770433 
-6.791619844 16.502185916 -3.437982213 
1.153688517 16.070730198 -1.545704796 
0.914647991 16.193515581 -1.468047450 
-9.997013008 11.376614475 1.913508849 
-10.270236419 11.376180425 0.925191056 
0.569012731 16.258807528 -2.622816115 
0.509185720 16.312585666 -2.602622397 
-9.694155858 12.128169255 2.089160545 
-9.885528173 12.089612948 1.725621711 
0.214467086 16.485049895 -1.955286211 
0.287623808 16.389975166 -2.371984430 
-10.021211323 12.077176867 1.191142070 
-9.995654240 12.200018877 0.962819607 
0.658341368 16.120518906 -2.659599017 
0.515458085 16.206864513 -2.476748136 
-10.061548886 11.813192807 1.327121361 
-9.982026858 11.865577051 1.468752989 
-4.041971286 18.256286185 3.968131567 
-3.550689682 18.457307989 3.634362615 
-9.291048166 16.034448279 -3.462954357 
-9.004011173 16.158868623 -3.680123552 
-4.482161684 18.364376752 0.275594129 
-4.381213867 18.395607825 0.032841390 
-7.723546801 17.052004561 -0.915445531 
-7.803467310 17.003955132 -1.007520920 
-6.106480422 16.187968355 4.443123262 
-7.466061444 15.535042268 4.060572887 
-10.108103421 17.003776891 -4.544358345 
-5.407234030 16.685965993 -4.774056104 
-5.029623492 18.557790852 0.646547784 
-4.880568133 18.268027681 3.056393935 
-6.575958601 18.020184563 -1.660635795 
-7.329912689 17.223538197 -3.853551054 
-1.384588346 11.207565755 6.196188928 
-0.279627688 12.391653910 4.485853219 
-10.062978161 6.867260874 -2.735932477 
-7.951323492 9.374349617 -1.794262924 
-0.208568559 10.982519577 5.557748618 
-0.282738291 11.023684387 5.573879122 
-7.382849343 7.831233534 -3.348013815 
-7.176117800 8.028311715 -3.799163344 
2.906345379 14.594896465 4.188730658 
2.674661663 10.711625322 4.332962407 
-9.169157248 7.387651820 -3.452781978 
-8.760200863 7.089823333 -4.075730907 
4.158083375 13.400329083 3.467185708 
3.512636196 14.020273003 3.050184095 
-9.708581112 11.033501719 -3.006488859 
-11.093714251 9.758800540 -1.606874816 
2.212920118 12.791678143 -0.025639405 
2.334018533 12.746927986 0.560666099 
-8.790871005 8.902608523 -0.303430286 
-8.754158598 8.846768109 -0.509084140 
0.970553349 13.072636576 -1.799613436 
1.751857811 12.982587632 2.650168617 
-7.568240319 9.666937393 -2.760787487 
-8.759670915 9.555506312 -0.718839616 
4.431505910 13.628865652 2.512792015 
1.541326853 14.721525693 0.977513455 
-9.361786221 6.060486208 -3.110223049 
-8.574153414 4.937756894 -2.831553803 
3.095040803 12.035275920 1.678436921 
3.143365713 11.941221279 1.486772378 
-9.509483492 7.845139322 -0.197424449 
-9.388394964 7.862253503 -0.322093011 
-6.879388215 14.789917017 -6.535036661 
-6.861068311 14.807980304 -6.546698732 
-4.012787759 15.916274253 6.149460124 
-3.578577693 16.134303009 5.913713245 
-7.315292427 14.859324227 -5.250250986 
-7.203971484 15.031124246 -5.120453216 
-3.844543333 16.388215551 4.764185354 
-4.415389760 16.133815731 5.019484474 
-8.605228368 14.105982885 -4.523295607 
-8.751280005 14.104122352 -4.379941621 
-1.828368755 15.827623798 4.915976992 
-1.510563923 15.955072831 4.817188754 
-3.649451601 12.840957885 -6.132882511 
-5.915397675 10.876857362 -5.908236662 
-3.750499394 12.765060281 5.616068780 
-3.954033255 15.381868379 5.673843680 
-4.158588575 19.092905990 0.062474924 
-3.638976462 19.157746283 -0.025511897 
-12.066706296 19.657131330 -3.375856760 
-11.580702433 19.893903324 -3.100962466 
-5.814753145 18.925817229 0.888005239 
-3.591880989 23.057593217 2.005598424 
-12.042107259 19.676191809 -3.464429518 
-11.894627072 19.736521850 -3.564135423 
-3.610327496 23.079570342 1.513427529 
-3.737984801 23.082291782 2.465674660 
-12.252276976 19.587614874 -3.400104547 
-12.145790621 19.658696011 -3.253298599 
-3.864918958 23.048151668 2.767751702 
-2.776736645 23.388981292 2.331967337 
-11.746672590 19.759487066 -3.827059543 
-11.804156265 19.731358907 -3.739333823 
1.824409410 15.117035159 3.637442300 
4.291307627 14.766701545 6.321852370 
-12.558739387 7.370980393 -4.647327461 
-12.280691620 7.664068961 -5.232521399 
5.871090560 14.561172093 4.654115800 
5.679006693 14.568204600 4.944279722 
-12.918661540 6.952373831 -3.741297824 
-8.883547238 8.070450771 -0.153709936 
5.388091607 14.594207526 5.538926847 
6.193575745 14.666235968 3.994631146 
-12.315076767 7.562531832 -5.127535489 
-12.136037375 7.667169908 -5.333640594 
5.434121965 14.648732692 5.175635594 
5.429709192 14.715674156 5.264137738 
-12.656920758 7.165740670 -4.269998202 
-12.517378286 7.146579661 -4.541098472 
3.618784573 12.393892548 -1.871503550 
5.553908570 10.606370061 6.621639222 
-7.104843079 9.789537120 -5.632576366 
-11.046965389 5.928123205 -4.928565100 
3.386281315 11.859024921 2.688530255 
3.330609178 13.274596939 3.229510483 
-5.455975017 6.921426980 -6.324016656 
-6.496623576 5.763437720 -5.747091251 
1.483034490 8.040255502 6.708447472 
1.769511462 8.228593959 6.414554500 
-7.359962627 5.041782681 -5.090611408 
-7.614680690 4.946174433 -4.772434407 
2.052778726 9.550789993 5.539823268 
0.838994214 9.049483126 6.542507011 
-9.056950120 4.772931148 -2.399972539 
-9.039951246 4.800669271 -2.461113379 
-6.544936133 15.416569618 -10.579254283 
-6.476010673 15.518994185 -10.599169287 
-3.732510263 14.286061197 6.681562605 
-6.445595787 14.424635769 6.921324152 
-6.239240499 15.621799640 -10.656141849 
-5.772150512 15.814097262 -10.580012041 
-5.637799085 15.947621115 10.309645088 
-5.297803646 16.091069801 10.299443066 
-6.905567570 15.247564096 -10.698385248 
-6.815767414 15.421439333 -10.639410284 
-8.372858338 14.753616473 10.246708457 
-6.753856601 15.658031785 10.418064697 
-7.081081829 15.390102141 -10.563623067 
-6.969757930 15.520794030 -10.564985905 
-6.560967111 15.860088937 10.341680343 
-6.116556850 15.892613240 10.355202475 
2.758877954 12.305004131 -0.806422489 
2.826266212 11.774606577 -1.324661595 
-8.979289901 7.854215901 -0.231248990 
-8.223095982 7.996168922 0.462858133 
2.023746548 12.408814918 0.500462426 
1.964613646 12.373753342 0.731715938 
-8.336141467 8.331901099 -1.107491562 
-8.358129005 8.309350621 -0.931086658 
2.794218957 12.382716421 -0.920360616 
3.195482816 11.865177388 -1.325435687 
-9.524343259 7.838357621 0.431480514 
-9.670809792 7.876875177 -0.097855536 
1.140013229 13.162424147 -1.906572022 
1.307838925 13.247395251 0.146502624 
-7.807243049 10.188028296 2.251747370 
-7.811508367 6.406663289 -0.386089971 
-1.967298864 14.111513351 -4.521190736 
-1.939834960 14.194258811 -4.426986445 
-8.622520806 11.530833503 2.851281406 
-7.339894764 11.914091890 4.419898620 
-2.850773125 14.732745489 -4.863571125 
-2.832479640 14.764037953 -4.838591781 
-8.186717342 12.498550084 4.083288557 
-7.825824506 12.808185861 4.420956073 
-4.391250654 17.900616649 -3.370487662 
-3.193189271 17.534105992 -3.131776515 
-8.267770380 16.255125029 3.241787020 
-7.848955870 15.656900388 4.101930407 
-2.487756031 18.638147025 -4.418699194 
-2.171082385 19.016431783 -3.230174814 
-10.606871799 15.571138814 2.980387575 
-9.951878703 16.385498010 3.695407087 
-5.113071316 16.645736231 3.587981186 
-5.115024708 16.656440781 3.529022943 
-5.487878148 16.338283332 -3.061244407 
-5.726367846 16.202008443 -3.203679007 
-4.976669278 16.675663744 3.926931494 
-5.305298144 16.520551829 4.055383528 
-6.074898623 16.074777084 -3.684814829 
-5.541416712 16.303350465 -3.578364349 
-5.935998496 16.017034226 4.855919001 
-6.303119509 15.713651155 5.041771791 
-4.835688351 16.395691543 -4.263480733 
-4.919267728 16.294069314 -4.474033211 
-4.427841250 17.214909583 3.078279680 
-6.103639156 17.591244238 2.619154752 
-6.332693338 16.310826212 -2.957215838 
-5.587138318 17.845945526 -1.627848625 
0.031786172 15.944772471 -1.474729776 
0.021005470 15.779388438 -2.276288869 
-9.622390330 11.692024867 0.621764208 
-9.482668556 11.740182558 1.080714380 
0.359070838 15.480284926 -2.755066362 
0.486248831 15.464969079 -2.660767216 
-9.773100939 11.251785673 0.671751268 
-9.726104503 11.267355804 0.825247611 
1.435642479 14.605443541 -2.874551358 
1.498380796 14.487428418 -2.428335979 
-9.332337277 10.240947691 2.142717302 
-9.305525764 9.883438809 2.052430971 
1.722814621 16.940610102 -2.768766455 
1.633171719 14.136783344 -1.047110771 
-11.228759267 11.533529847 2.228083679 
-9.630649392 10.057152865 0.482705575 
4.496515874 12.617306364 -8.096587843 
5.665910655 12.746579179 -6.014447852 
-11.557272037 5.176785895 2.038439351 
-11.750999353 5.456303577 2.617972390 
2.553709556 13.259541776 -1.105513570 
1.224492973 13.552767245 -1.612310319 
-9.341968123 7.456023045 -0.059630702 
-6.689035597 10.091347903 3.446479189 
5.680456659 12.396302823 -6.172417772 
6.161110670 12.582986414 -5.063831879 
-11.677081057 5.049420997 0.587908263 
-11.847350653 5.346896483 2.011476187 
4.596384535 12.430027588 -8.033510094 
4.913991285 12.524648525 -7.502483668 
-11.418010654 5.133250220 2.425464080 
-11.426357554 5.240054314 2.896265048 
-1.630858274 21.660812374 -5.724895777 
-1.211658993 21.657320134 -5.506880863 
-13.517538127 16.769686418 4.635477844 
-13.524933320 16.813742021 4.359488359 
-1.699272431 21.562893031 -5.937047107 
-1.212145062 22.168476637 -5.059166692 
-13.431097020 17.671156394 4.671255686 
-13.201964370 16.790475242 5.084663941 
-1.086677377 21.865074339 -5.148204608 
-1.080243517 21.922579516 -5.149327768 
-12.959326851 16.938061385 5.543029314 
-13.698313461 16.688944334 4.980853623 
-1.449903036 21.284469002 -6.006179405 
-0.590064739 22.618492940 -4.074638055 
-14.076591109 20.125195177 0.964547779 
-13.176779900 17.345153453 5.015581111 
-8.971198992 17.895002574 9.004919267 
-7.542542829 18.660817274 8.795530346 
-7.673435282 18.392690314 -9.042949318 
-6.740459116 18.810232418 -8.804415086 
-8.698038190 17.882311233 9.116367034 
-8.154531317 18.200110231 9.112252330 
-6.979270891 17.223519146 -10.897300889 
-6.575939204 18.722742574 -9.058332164 
-4.959288967 16.531268167 7.198970709 
-7.474445997 11.180340418 10.235939842 
-6.807085747 18.801867115 -8.675314456 
-6.231301157 11.292329607 -5.715867145 
-9.041467194 17.902777517 8.866117775 
-9.076541890 17.565009400 9.539353348 
-6.413712336 18.933125934 -8.697777577 
-6.093071334 18.871655521 -9.062823142 
4.241734233 14.863508315 -8.462041023 
4.114305679 14.962423749 -8.442331314 
-13.920403115 7.766082032 2.739362334 
-13.957393532 7.969032985 2.655855105 
4.393018188 10.666402403 -9.812092730 
4.632762870 10.838567700 -9.794002228 
-7.382167272 6.755182362 4.390863826 
-7.617246248 7.564456608 4.110762865 
2.542861640 11.553194217 -5.265584216 
2.761506073 11.587981845 -4.802269450 
-7.276421112 6.150201724 3.786237855 
-8.300479214 5.588528186 3.752501986 
5.367755552 14.585998258 -7.454172808 
5.493258260 15.137403034 -6.648701846 
-11.621281430 4.537769353 5.475534014 
-11.040827004 4.644346360 5.982727849 
-0.837720015 15.235813442 4.094224339 
-1.574321417 14.985895393 4.645861412 
-8.718555375 12.376141253 -4.431020510 
-9.135501545 12.418597716 -3.735018772 
-0.239728533 18.894669289 -2.098537079 
-3.147385325 19.251023673 2.476019753 
-11.047887136 14.302782065 -0.670877521 
-9.412244543 16.564456302 -3.170508087 
-1.263172124 15.076291877 4.470748850 
-1.326597496 15.106260870 4.449113266 
-8.159603351 12.584208359 -4.788388697 
-7.872488187 12.666577613 -5.011738442 
-1.046645396 14.458501993 4.443048002 
-1.096570704 14.517064490 4.438472782 
-8.174728924 12.025306804 -4.662714150 
-7.471614898 12.199965078 -5.222096056 
1.502004904 13.581409628 1.958423620 
1.122581964 13.530917451 1.858055163 
-7.629628839 10.240126697 -2.099663432 
-6.836680859 10.057458476 -3.367134588 
3.126895613 12.599210513 -0.509620607 
2.914664386 12.122562840 -0.825308230 
-10.187872133 7.791648213 0.190572656 
-9.083919606 8.144899744 -2.761970775 
2.168566471 11.761348551 -1.714380774 
2.038981873 11.715928187 -2.056284056 
-8.204267888 7.707868167 1.220777655 
-8.024544209 7.673688652 2.117374844 
1.746824095 11.784599186 -2.782198170 
1.939273190 11.855264663 -2.350763699 
-7.908909005 7.926329735 2.428666523 
-7.791396396 7.908304251 2.639905761 
0.489174283 16.289607809 2.542922392 
0.557709168 16.370704522 2.094501389 
-9.831145664 12.097522171 -1.863169687 
-9.610583201 12.174643153 -2.306567472 
0.934150812 16.027281214 2.398349125 
1.111099065 16.070557048 1.685103442 
-9.790739793 11.509835362 -2.218678831 
-10.303978737 11.479852283 -0.370941645 
0.443905952 16.403311021 1.570858547 
0.514115611 16.241094622 2.330440782 
-9.495370664 11.986553169 -2.515483210 
-9.679700365 12.020703303 -2.052198818 
0.305843677 16.497799077 1.734762883 
-0.102316655 16.526996848 2.220120168 
-9.806734361 12.285974696 -1.499074577 
-9.566180537 12.475562874 -1.785100818 
-4.580136617 17.605241059 -3.805992617 
-4.014620980 17.776360819 -3.412665670 
-6.930484559 16.588644914 3.526524013 
-6.793502684 16.578777320 3.556773940 
-4.994454981 17.499713659 -3.712365729 
-5.908286709 16.975388944 -4.904443894 
-6.576908356 16.775405291 3.404675729 
-5.946949141 16.893828865 4.570381245 
-4.549405744 17.472397255 -3.603692250 
-5.478991989 17.077170444 -4.068986975 
-6.592230440 16.599307010 3.429539465 
-7.111949654 16.338962414 3.465082140 
-4.914962562 17.349616612 -3.662658279 
-4.879994384 17.377492508 -3.607677630 
-7.086992270 16.432438289 3.138911036 
-6.885141265 16.526376374 3.154925099 
-3.369765906 18.964169360 0.289869174 
-0.708974022 19.512771111 -4.580690262 
-9.034248140 16.700535067 -0.689120356 
-11.426204623 15.618439965 2.683338494 
-3.693771018 19.305858816 0.361317090 
-3.576968581 19.342461932 0.562740418 
-9.107509321 17.070159414 -0.468057774 
-9.095893708 17.149122923 -0.100923782 
-3.424970864 18.941982561 -0.390004162 
-3.626339526 18.915225393 0.012622357 
-8.834348144 16.778859485 -0.197755046 
-8.908548730 16.724879918 -0.306627253 
-3.168216208 18.957994880 -0.015419288 
-3.170343294 18.964317645 -0.562032677 
-8.999847020 16.610929250 -1.049697705 
-9.014670210 16.587352377 -1.056545845 
0.119333517 16.078195401 4.286666975 
0.474074240 16.015589291 3.897744933 
-9.703240719 12.002307166 -3.533048712 
-9.707883994 11.702413709 -3.607329504 
0.435620283 16.049743228 4.057473847 
1.780616720 15.781274862 -3.843259147 
-7.995258661 9.055324581 0.372636287 
-9.000663982 11.910112475 -2.804653022 
-0.350295917 16.300475056 4.135272637 
0.156376760 16.379636788 3.656578787 
-10.044282446 11.977204024 -2.869727719 
-9.839812616 12.093586580 -3.255648704 
-0.005081701 16.095746417 4.219355241 
0.757066756 16.290541429 2.918220059 
-10.042755549 11.643374856 -2.945233372 
-9.701729879 11.927755541 -3.461714075 
0.858661525 12.581026492 -4.330187935 
1.192842260 14.063777358 -1.008888991 
-11.703620334 7.083008209 0.314773118 
-11.028216258 5.218752138 -1.590480097 
2.252063955 12.162209973 0.274655837 
2.220650802 12.168411211 0.114355217 
-7.670715741 8.474341201 0.434492207 
-7.669828500 8.437941303 0.365611590 
1.728454741 11.985866053 -0.847519426 
1.764442592 12.012339808 -0.601822216 
-5.169120911 8.115989467 -3.220829788 
-6.650076361 8.899959910 -1.940237002 
3.344306385 13.668383056 1.211023767 
1.822464657 12.834827655 6.769451233 
-8.479609693 4.856616905 -3.329101491 
-8.686408642 9.512292512 -6.513344470 
-1.267764695 14.238272443 -5.718648607 
0.880470242 14.776957981 -4.668169262 
-5.007189738 13.058287196 5.800088148 
-1.521963246 15.492418453 5.418870359 
-5.625401516 13.470602005 -6.879935908 
-5.061679603 12.070514961 -7.016811204 
-4.703912101 12.837694649 6.742127504 
-2.921230093 13.042075702 6.669160559 
-5.597028330 11.769697016 -6.636305443 
-5.228454556 11.927704962 -6.674850359 
-3.390117784 12.749415173 6.493041595 
-3.579681072 12.699209073 6.523030396 
-6.439788070 11.720239485 -6.075571880 
-6.593008250 11.659635932 -5.840535525 
-6.527669577 9.340525102 6.988086217 
-4.909628161 9.834610320 7.568749215 
5.673881610 16.485173891 2.495045483 
6.545991426 17.223453153 -1.312147441 
-9.341683064 8.202912362 -1.647728931 
-14.424088045 8.391203511 -2.861651468 
5.483535497 16.453108374 2.739278306 
5.817481434 16.657348761 2.295579297 
-14.564313951 8.395069113 -2.069618733 
-9.848791093 8.581077971 -0.856130185 
1.555780394 13.530889664 -5.837612201 
5.850429116 13.859557590 -2.255624028 
-12.189272754 8.272179189 2.271055079 
-13.164100970 6.974473788 0.449888222 
3.754574879 14.243389975 0.413848178 
3.249350197 14.415091589 -0.072849826 
-10.145162895 10.497745199 0.073034404 
-9.498796456 8.421424912 -3.891443341 
1.333723811 19.690530845 -7.461472945 
1.285315814 19.267528724 -7.584700533 
-14.613905331 11.936455670 4.364499264 
-15.171839996 12.813300683 3.777245857 
1.388042653 19.429730387 -7.489495174 
1.454120873 13.679081573 -4.278084820 
-11.616179973 14.421608153 1.527973740 
-10.136951878 17.134004435 2.286660930 
3.322082777 18.732376781 -0.542908524 
2.293589562 19.604307954 -2.293174122 
-13.366241542 12.374318709 -0.883769858 
-14.155038361 12.745956054 1.079224217 
2.514361434 19.273989252 -6.247758687 
2.276645958 18.931284491 -6.664529135 
-14.261576631 11.853456746 4.842688989 
-14.386850162 11.937181686 4.714485319 
-0.886157352 21.332279894 6.618004171 
-1.017173345 21.217669160 6.970763670 
-10.283891040 16.962865900 -8.552682209 
-10.506224891 16.926131886 -8.454353427 
-0.871894884 21.331994159 6.620872678 
-0.613539303 21.317924516 6.595277835 
-11.581701771 16.537774880 -7.096795553 
-11.679361945 16.581804338 -6.675333908 
-2.485245818 20.566322093 5.674182858 
-2.076026197 21.007773895 5.905093643 
-10.119628020 17.273274397 -5.698961119 
-10.593288703 17.173861038 -6.383350722 
-1.254833965 21.223244299 6.649431892 
-3.977104816 18.019107796 3.615918121 
-11.999423235 16.420207645 -6.502823461 
-12.270435177 16.321169392 -6.688303298 
2.891574464 19.142035766 -7.282018485 
2.403337811 18.669759530 -8.500704006 
-15.121862108 11.327737618 4.332385808 
-15.281450577 11.682412773 3.589716049 
1.937158716 20.133818058 -6.195243231 
0.645235448 18.317787712 -1.701764626 
-14.932020261 11.592999221 4.591435203 
-14.959879908 12.199507804 3.900845715 
0.146137338 19.483721478 0.068325936 
2.397357011 19.632477983 -3.477620234 
-12.154142416 14.157215724 -0.233217100 
-13.929278178 12.709746247 1.115237821 
1.965729238 20.396708614 -5.752097169 
2.739055469 19.218722428 -7.358376982 
-14.979898320 11.738472672 4.286652515 
-14.990102513 11.695809804 4.459832155 
4.223787674 13.198782161 0.928717688 
2.886984722 13.285770707 1.763337974 
-9.866606996 8.185543808 -0.076253768 
-9.754843393 8.107859100 0.268346537 
1.946832218 13.215807483 0.278547310 
2.011972718 12.604917798 1.307482994 
-6.990973318 10.173622821 3.467673778 
-8.642599569 9.404994239 1.873220843 
2.978616045 13.313895230 1.258209110 
2.739590840 13.266530574 2.038919931 
-9.569268568 7.607440709 -1.475805263 
-9.558033493 7.606716374 -1.520671176 
3.122532566 13.190947296 0.827216835 
3.448628773 13.063786900 -0.571333083 
-9.750422308 8.258257014 -1.464059048 
-9.813217102 8.124912348 -1.349345665 
0.552421694 18.938075087 2.366733515 
-2.678053617 19.805961474 -2.369072016 
-11.045339659 15.149204390 -1.219819369 
-10.319772055 16.985346046 1.632872214 
-0.503612525 15.546683874 -4.749184428 
-0.908994766 15.546742795 -4.998604581 
-9.401787150 12.328619916 4.821887073 
-9.249515804 12.348017692 5.027267426 
-1.160560810 14.862439880 -5.123895390 
-2.107230490 14.382572540 -5.778997416 
-8.418237455 12.245763919 5.410002846 
-9.119580421 12.057934928 4.798288135 
-1.722562666 15.472508598 -5.511988142 
-1.391944797 15.637452888 -5.221341792 
-9.665792534 12.490235687 4.327220166 
-8.434481112 12.841474027 5.560104168 
-4.641742311 17.603631779 5.988553083 
-4.776187400 17.473356389 6.128962699 
-5.759388918 17.088150777 -5.522283497 
-9.877145730 15.747095075 -2.898893817 
-3.906989878 18.160997128 4.455000079 
-4.256860395 17.921713419 4.786693221 
-7.021165176 16.897064655 -4.223945433 
-7.559865106 16.603589163 -4.240618064 
-3.759062154 18.064458626 4.108187401 
-4.427395343 17.765527191 4.555520297 
-7.622296736 16.309415781 -4.171857663 
-7.909186618 16.192148687 -4.104078389 
-4.206518939 17.795614442 4.846749602 
-4.458568782 17.704369659 4.916016850 
-7.253615356 16.459828260 -4.564175415 
-7.548528251 16.327391281 -4.524690748 
2.408398448 16.067596515 -3.146918805 
2.615861198 16.101574019 -2.297141525 
-10.298285827 10.942622332 3.949482072 
-10.914473488 10.357341692 3.029801455 
1.003694055 16.882863650 -2.926946066 
0.899666220 16.629254510 -3.876108130 
-10.560970724 12.227903719 2.500616859 
-10.639511413 12.172071462 2.341083516 
0.294604993 16.852858207 -3.284404186 
0.174946894 16.618143733 -4.120818019 
-10.607432863 12.226571258 1.890432337 
-10.683433277 12.198836026 1.755146359 
0.741428515 16.539453675 -3.730103257 
0.725756925 16.560103477 -3.672025826 
-10.779114271 11.768826408 2.061637681 
-10.606309381 11.993863238 2.176457308 
-3.786805580 20.079829151 0.554255883 
-3.823515533 20.080721037 0.550572453 
-9.573228692 17.698273014 -0.726131421 
-7.561480453 16.634328633 0.071407119 
-1.526322096 20.217678373 1.167526629 
-2.584441392 20.136585729 -2.655277096 
-11.232985578 16.239277444 -1.669355733 
-10.834924785 16.674867930 1.592173183 
-1.966815811 20.182895103 1.687150033 
-1.759007027 20.220536100 1.540053813 
-11.109401835 16.586177987 0.231498382 
-11.181231108 16.560939324 -0.013071903 
-1.710997530 20.382248710 -1.926539838 
-1.814657495 20.359305705 -2.142734529 
-10.700310002 16.752002269 2.642355687 
-10.775938571 16.691829057 2.619525788 
-1.711911237 11.926428962 5.719469518 
-1.988442155 11.763602937 5.886767188 
-7.420327861 9.834815867 -3.623766170 
-7.431217928 9.626991375 -3.707114445 
-3.175414214 12.781636732 6.667268924 
-4.739811073 11.934218553 7.184753064 
-8.399979432 7.871204813 -2.113579931 
-10.687669354 7.472174933 -3.792924258 
1.547074879 14.704349419 -5.236743705 
2.497546245 14.411754042 -4.559758178 
-12.504632658 12.863523945 0.234891923 
-12.598307666 12.735516936 -0.194052792 
-2.239642400 11.810597967 5.950741862 
1.955817993 13.715974676 3.366715893 
-7.817254290 10.348747973 -2.132077498 
-6.919331135 9.929020474 -3.557161101 
1.574123359 11.790736158 0.148337695 
1.627523531 11.762640940 0.206015961 
-7.314658192 7.740049523 -0.701684726 
-7.334858926 7.732129194 -0.518956539 
0.908602606 13.873515991 -0.936038006 
2.105975471 10.603668568 -1.593292834 
-5.807391080 8.006384471 -2.904258578 
-7.272792188 7.508793420 -0.582238166 
2.404823155 16.729969920 3.184088011 
0.331943210 10.497731536 7.779741480 
-6.879575264 5.957396389 -0.694231183 
-11.403880660 11.385033612 -3.293806271 
2.386830417 12.018665243 -1.384298723 
2.257858104 12.051191006 -1.413647874 
-7.566203122 6.275698972 -1.095070255 
-7.455960519 7.600757240 -0.689919419 
-6.420553559 14.113202231 -5.760849197 
-6.538056206 14.047964241 -5.741914461 
-3.948721393 15.112141309 5.517733396 
-4.141606948 15.054314572 5.554518845 
0.974284028 15.996497299 -6.892791316 
-6.190319021 16.554000121 -8.219757177 
-3.230813954 12.793963106 7.229310273 
-1.282535150 16.029773201 6.250468209 
-3.429951375 18.815044379 -5.224038565 
-5.017989627 18.057480927 -6.580047854 
-8.217951683 16.740355491 5.399088157 
-7.698647109 17.003865775 5.940084658 
-0.632462398 9.711533477 -7.241556368 
-0.485484800 10.134177286 -7.543924315 
-4.751374577 16.882306490 3.839456091 
-4.868402421 16.860472003 3.931126711 
-2.178180369 24.279925251 0.421522411 
-1.742884827 24.321928808 0.036957795 
-13.693083519 19.522108689 -2.202301684 
-13.760640842 19.482074613 -2.054634209 
-1.980566278 24.292517073 0.256040452 
-1.980094063 24.296690244 0.455121044 
-13.744834950 19.543727324 -1.812624999 
-13.594761119 19.662806983 -1.447382591 
-1.832170650 24.332128601 0.352736156 
-1.681463293 24.306958428 0.833740324 
-13.835131918 19.472318255 -2.332934475 
-13.752247766 19.524173780 -1.953443074 
-1.885101837 24.320308699 -0.163586973 
-1.795677915 24.316735840 -0.036047655 
-13.870232938 19.428703064 -1.963696649 
-13.692637626 19.531353437 -2.115641712 
4.762258141 16.322126063 7.489332618 
4.489739816 16.278961426 7.795424949 
-13.639967638 8.444929867 -5.772150019 
-13.946853056 8.441631077 -5.394709108 
3.934373894 15.955005848 8.545877881 
3.970333346 16.117173741 8.437903477 
-13.361100016 8.846014921 -6.217200598 
-13.537799752 8.726454751 -5.929869165 
5.599220984 16.328390147 6.539838906 
5.992616621 16.522860972 5.710617202 
-14.408212707 8.220002865 -4.371169413 
-14.009149419 8.514360367 -5.268597511 
4.912002495 16.274161793 7.555962626 
4.927550943 16.492090469 7.233120797 
-13.213782548 8.773197480 -6.487329452 
-12.975839909 8.911203071 -6.867306291 
5.106256940 11.893035374 8.430175973 
4.999233652 11.750609581 8.626212216 
-10.276741392 6.072803124 -7.437463827 
-11.151709656 5.805139192 -6.625152385 
5.202506796 11.716986523 8.226225812 
0.567975487 8.300436129 9.028899952 
-8.179113629 9.331741478 -3.222781260 
-8.325792962 8.852471854 -2.986653160 
6.002655571 12.775221062 7.149859460 
6.300313257 13.122171806 6.554128684 
-10.637218765 6.035209820 -7.355295176 
-9.941197521 6.284384546 -7.931663711 
5.595430032 12.383969162 7.802871475 
5.371654238 12.382630054 8.057189695 
-10.709522986 5.976794050 -7.237902895 
-10.910700855 5.827530462 -6.936056298 
-5.903448323 15.481246346 -11.795351901 
-6.631113416 11.975117674 -10.770244322 
-6.037354329 15.138884016 11.426771570 
-2.626429989 12.339471589 10.116019871 
-5.926432527 15.392494209 -11.855296209 
-5.386441791 15.638958172 -11.911221962 
-5.903660261 15.204091413 11.417482629 
-4.597065014 15.837953071 11.316499281 
-6.112035337 15.126231450 -11.888926421 
-6.585258102 15.111727564 -11.844256711 
-6.189802210 15.207353340 11.473687313 
-5.623547609 15.625404411 11.411992042 
-7.018072773 14.797562231 -11.781043400 
-6.586085290 14.856155937 -11.825280838 
-6.124172092 15.407554591 11.424489721 
-6.365950798 15.107846040 11.436326127 
6.464090404 19.919341437 0.196328267 
6.365963229 19.896670085 -2.534390020 
-16.616665109 10.291761188 -0.755826372 
-16.627621523 10.491396092 -0.582221202 
6.306915011 19.957831668 0.246514562 
6.362242466 19.970935081 -0.129668019 
-16.559539872 10.274151007 -0.954431919 
-16.599171947 10.314653109 -1.105280453 
6.614900176 19.546100754 0.232718288 
6.647616488 19.452989382 -0.083999091 
-16.628863406 10.414369544 -0.090099383 
-16.554193498 10.588414605 0.405070778 
6.551115670 19.869671369 -0.809041526 
6.683347942 19.703088680 -2.101692913 
-13.145337569 7.486948287 3.006014295 
-12.907721617 9.256318263 2.562519567 
4.566384326 20.149934409 -5.611341029 
4.493946765 20.462387323 -5.156451627 
-16.831482814 11.809729290 2.113110592 
-16.737570935 11.689928876 2.401653257 
4.853237859 20.382637988 -4.584225222 
5.258711778 20.597850487 -3.430559129 
-16.731309679 11.822618619 1.866415128 
-16.601515920 11.754345845 2.647866310 
4.233682254 19.925357537 -6.118783937 
-1.694920321 19.009450242 -1.623144259 
-16.577375990 11.702832373 2.398265012 
-9.911352973 16.110486138 0.348435201 
5.101125570 20.655717306 -3.806207585 
4.963520424 20.637959024 -4.116403862 
-16.501865459 12.153814345 3.286387862 
-16.802166973 12.084519957 2.106415671 
0.363478839 20.298272250 9.481127631 
-0.726521488 19.681610263 10.597446731 
-12.715688009 14.689175449 -9.093205178 
-12.736510911 14.846963869 -8.937750965 
0.169150258 20.052629886 9.841332484 
0.228103575 20.136248625 9.702142336 
-12.205981112 15.144200648 -9.182614117 
-12.162221311 15.256362085 -9.125620487 
-0.602456012 20.353133363 9.613513184 
-0.177827229 20.368108969 9.485886054 
-11.853697314 14.570384362 -10.004539136 
-11.609577005 15.106988583 -9.757693070 
0.538293902 20.605864671 8.990472375 
0.288908204 20.275929567 9.579748767 
-10.792847926 14.898455141 -10.629034493 
-11.552885810 14.961613207 -9.974190450 
0.756973225 18.676075226 -11.170144227 
-0.114019718 18.501772052 -11.547012502 
-15.428780361 12.694858070 6.182594266 
-15.435365148 12.773205521 6.072818027 
1.029100816 19.064850297 -10.464659676 
1.302038645 19.369625303 -9.972504007 
-15.163936353 12.919787670 6.400300989 
-14.596920459 13.165561845 7.176003443 
1.969727747 19.854186617 -9.008078833 
2.366945487 20.253104853 -8.140812587 
-14.395286203 12.984395780 7.636735101 
-14.040059031 13.184502674 7.996987986 
1.683036926 19.840272350 -9.220616339 
1.325141807 19.541517252 -9.778453637 
-14.869428917 12.814054693 7.111266121 
-14.714693948 12.944935336 7.259732894 
5.187249109 18.833054665 -8.188494411 
5.524557094 18.984854412 -7.070807990 
-16.770226170 10.512188794 4.459483504 
-16.415671342 10.958628041 5.550001445 
4.296352948 18.718265354 -8.939502008 
4.591816385 18.956972804 -8.601730994 
-17.163265165 10.047481699 3.644616955 
-16.256046672 11.221531026 6.032781303 
4.680613398 18.798185886 -8.314537499 
4.433375679 18.827616490 -8.457509049 
-16.047164800 11.119407474 5.832128752 
-16.092102680 10.808146103 5.768732436 
4.662143164 18.685439483 -8.788711084 
4.892402852 19.128915612 -7.718718075 
-16.272425649 10.605593115 5.502633242 
-15.454154652 11.059397016 6.982400631 
0.486171222 25.563132174 -0.396421389 
-0.525724069 25.594889240 0.057720817 
-16.170752160 19.023397224 0.286637703 
-16.027127642 19.170852066 0.489012431 
-0.619427674 25.613218071 -0.747351769 
-0.509683201 25.565569709 -1.188489238 
-16.045765230 19.108025629 -0.095704898 
-15.720195346 19.353079513 -0.614688506 
-1.100545869 25.482334231 0.412342808 
-1.120754402 25.558034882 -0.089746057 
-15.793785878 19.379944139 0.308459314 
-15.802698329 19.389710223 0.082423074 
-1.576141799 25.472266958 0.424645214 
-1.208337019 25.462498428 -0.015132058 
-16.185669665 18.972960249 0.945273670 
-15.428519426 19.642075176 0.714866981 
-3.473102310 14.205589691 13.718091864 
-3.110279631 14.095353234 13.505239574 
-5.535537142 13.507522540 -13.184175262 
-4.994339227 13.920511832 -13.189702061 
-2.838801561 14.155565611 13.577013474 
-3.032772004 14.291087099 13.570688138 
-5.150335807 13.749632614 -13.244945156 
-5.188216017 13.445322706 -13.164166755 
-3.760835251 13.873112692 13.634513802 
-4.020925934 13.857077507 13.753709341 
-5.400141350 13.708657829 -13.225233532 
-6.235438289 13.134302153 -13.172148966 
-5.209304171 13.097554124 13.426051485 
-1.507386116 14.313633590 11.846592313 
-6.848933645 13.247213528 -13.150855069 
-6.393623281 11.934048924 -11.481916539 
4.480458992 12.103357075 -11.235580903 
4.836790493 12.008251668 -10.713280771 
-12.667643519 4.713127894 6.197351277 
-12.233153850 4.735896484 6.680606270 
4.787064936 11.905974339 -10.739381998 
4.761432465 11.895609160 -10.834660162 
-13.059229362 4.954439247 6.599695907 
-12.401635857 4.717587206 6.708810719 
5.601312834 12.016533303 -9.892770972 
5.224697676 11.819517914 -10.172386978 
-7.241035761 3.099662918 7.052164897 
-6.702415340 3.637961036 8.013156666 
3.249065277 9.142060029 -11.579775988 
4.640322213 13.312180814 -10.114126677 
-14.590702674 6.933610744 5.389510868 
-8.812282922 3.349676667 8.246823006 
-1.731598737 22.317469218 5.345053552 
-1.649711134 21.699428692 5.717853009 
-13.502431114 17.259464957 -4.248362766 
-13.144881854 17.505901857 -4.946310808 
-1.297965260 21.861096890 5.333810154 
-0.663467793 21.694157333 5.056274654 
-13.477020728 16.734383119 -4.587436675 
-13.380127192 17.022914381 -4.714823022 
-2.367326892 24.797469942 0.602354495 
-0.294709733 22.556071439 3.746479693 
-12.494074184 17.053127406 -5.968532671 
-12.043567818 17.472325871 -6.272432711 
-0.846457580 22.393986264 4.798001967 
-0.912397816 22.006149582 5.033982207 
-12.597289740 17.024426237 -5.856975660 
-12.545261045 17.116009724 -5.937472345 
2.420252377 13.321009142 1.132998034 
1.129145333 13.558881532 1.745988872 
-9.330692880 7.493128839 0.074497656 
-9.280135840 7.362493251 0.199996814 
6.439891269 12.887145916 3.691371536 
6.828667107 12.830139240 1.615556147 
-11.023849715 6.811116979 -5.712851570 
-10.996995098 6.183849954 -4.917139175 
5.980605052 12.283442248 5.713959828 
5.533578922 12.952383027 6.288056834 
-11.234252484 5.871805023 -4.394204739 
-10.790424054 5.965236011 -4.797813912 
6.691214003 12.843041337 2.861483232 
6.729338752 12.904649009 2.806546768 
-11.718341854 5.433442610 -2.729198642 
-11.633870749 5.332747075 -2.417332072 
6.472113322 11.664462357 6.293377600 
6.285656220 11.814535869 7.428268091 
-7.294870342 6.806402592 -4.521373874 
-7.469777546 7.660687786 -4.327892738 
5.778611822 16.578256458 3.076140153 
5.685493913 16.757805533 2.836625371 
-12.815334562 8.174330900 -5.324505449 
-9.535338329 4.957769181 -7.395826616 
5.500301734 11.278497943 8.273393183 
5.898665961 15.558918911 5.503714441 
-12.250784721 5.746049504 -6.691037537 
-11.043901197 4.764488684 -6.461309344 
2.628435455 11.599204961 5.068032995 
2.509406445 11.403837498 5.337237358 
-7.058382609 6.267769973 -4.072684949 
-7.742177878 7.417081832 -4.565302167 
-7.751029903 17.437742087 -10.683453685 
-7.429126995 18.354570066 -9.507035826 
-5.896169346 18.745085785 9.514122957 
-5.234914262 19.403233008 8.524007205 
-8.730563295 17.870385350 -9.196992442 
-7.356291715 18.348735798 -9.637056032 
-7.022808802 18.938563266 8.316640956 
-6.654654665 18.973562625 8.553994262 
-9.387071454 17.299145614 -9.600146379 
-8.809263283 17.894368176 -9.063103006 
-7.181239988 18.650979828 8.773519596 
-6.911405868 18.987586980 8.261608847 
-5.292142250 16.393914472 -7.271660760 
-8.027857106 11.061336789 -10.037978791 
-7.744348653 18.666917339 8.298553590 
-7.043242528 13.326208333 5.960087527 
-2.691632228 14.768155636 4.794650950 
-2.852311282 14.725892428 4.864157538 
-7.756368169 12.551606181 -4.485598027 
-7.674679656 12.861420296 -4.534139431 
-1.880753670 14.149371014 4.464913496 
-1.763442467 14.196629502 4.389381891 
-7.380440847 11.948111690 -4.364447643 
-7.580874756 11.830891326 -4.246688264 
-2.263730522 18.698745307 4.205844629 
-2.169031256 19.000855154 3.370402592 
-10.678217054 15.562695288 -2.770165823 
-9.459057458 16.595686953 -3.853376525 
-3.174324894 17.750378223 3.048374243 
-2.866274935 17.645204667 2.816956164 
-8.336489422 16.257072364 -3.145157514 
-6.214473686 16.846359131 -4.432759050 
1.936560503 12.378390515 -0.618834728 
1.799638817 12.342970042 -1.244619645 
-8.252685967 8.556460932 -0.244108371 
-8.320466287 8.368472501 1.136017652 
2.776182388 12.296040675 0.766079299 
2.802580192 11.803115607 1.265319460 
-9.002743552 7.850608654 0.240495021 
-8.329697375 7.927981930 -0.357911963 
1.154782025 13.309444172 0.205778534 
-0.836206221 11.292206601 6.089301472 
-7.445436293 10.277971981 -2.768319005 
-7.436672716 6.456740503 -1.103965307 
2.825228159 12.220741305 1.808991595 
3.158638395 11.929920863 0.478316860 
-9.235147091 8.186985086 -1.770658404 
-9.648640815 7.888779114 -0.371550124 
0.524431850 15.764476342 1.037186498 
0.459464819 15.738463730 1.339848758 
-9.417752698 11.273428949 -1.938347041 
-9.390220283 11.359846655 -1.850649485 
0.013746086 16.092457533 0.219671338 
0.111263006 16.006163670 0.809330940 
-8.909218649 11.846269595 -2.376931452 
-9.004543582 11.968226122 -2.027962077 
1.753446427 17.166796501 1.560527252 
1.710034269 14.195609949 0.085578815 
-11.156912754 11.515314089 -2.385431952 
-9.582619854 10.087007420 -0.490363568 
1.429265010 14.749359119 2.395883322 
1.571266137 14.380355014 2.671881711 
-9.028440418 10.318715236 -2.682513163 
-9.140279590 9.876749053 -2.447893634 
-5.172275420 16.501393253 -4.145798487 
-5.647020493 16.314276015 -4.245937365 
-5.785420788 16.264777276 3.544785206 
-6.118655160 16.103404498 3.616900608 
-4.773075912 16.667478824 -3.676983596 
-5.195657680 16.511846901 -3.813055620 
-6.354122460 16.041753120 3.115006666 
-6.148988642 16.088549071 3.175226519 
-4.892376654 17.024297746 -3.407490982 
-6.228492097 17.512968473 -2.789416393 
-6.620304152 16.222285405 2.908774372 
-6.968298356 16.207851971 2.559484631 
-5.962654205 16.014153604 -4.862089849 
-6.119390406 15.787310124 -5.067639544 
-4.708378423 16.453435668 4.205024613 
-4.983418838 16.267096315 4.467203077 
4.629227729 14.534787470 -6.398683759 
5.014160086 14.715153966 -5.453059141 
-13.049004273 6.424459747 2.607043674 
-8.793573118 7.830301672 -0.704615613 
4.701677345 14.831371561 -6.053333093 
4.509670737 14.653609815 -6.420551321 
-13.135579456 6.658475820 2.873580443 
-12.686729486 7.120411451 4.029301242 
2.491486866 12.146885095 -2.745313662 
5.097582947 14.718343975 -5.744891880 
-13.018796435 6.706983907 3.204516898 
-12.755266698 6.885356708 3.989599120 
3.970614351 14.481672788 -7.171734765 
4.751397594 14.624640211 -6.229834444 
-13.022353625 6.822796153 3.332504101 
-12.853480001 6.991495368 3.847518262 
-3.279007900 23.212564398 -2.964679911 
-3.834723020 23.067402411 -2.570031437 
-12.652065684 19.393405545 3.107623949 
-12.025919311 19.676804121 3.359869924 
-3.730536000 23.049519149 -1.945674298 
-3.775889004 19.136945547 0.009741169 
-11.655527591 19.817384803 2.838639090 
-12.325456030 19.526341692 3.003919595 
-3.965961058 22.988360012 -3.108642176 
-3.770911939 23.080673140 -2.943663034 
-12.644523957 19.383635856 3.317886450 
-12.232169074 19.630079621 3.179346010 
-3.579694880 23.148527046 -2.257508687 
-3.460405060 23.234778236 -2.498055695 
-13.376316273 19.171835403 2.847579897 
-12.361588632 19.589654156 2.959038194 
-6.859686445 15.447461602 10.552672070 
-6.885899836 15.347791783 10.543090408 
-7.746184675 15.504651313 -10.365741117 
-6.930010295 15.681376785 -10.424265335 
-6.058151202 14.033967200 6.997473885 
-3.546833343 16.137337596 6.142585225 
-6.787906339 15.545415672 -10.349457822 
-6.139180359 15.530656800 -10.297909904 
-6.701592960 15.662126708 10.549754016 
-5.450367936 16.270906670 10.597674149 
-6.086562919 15.740318015 -10.433595415 
-4.921055738 16.148217970 -10.301446136 
-6.068825534 15.390983321 10.573174624 
-6.477378210 15.587247345 10.714881219 
-5.822235607 16.102872436 -10.387065875 
-6.069129571 16.069878584 -10.402337361 
2.304280659 12.569913095 -5.361692178 
3.085061615 13.086357836 -4.131879876 
-5.404902584 6.864620514 6.360984574 
-6.607596932 5.662412224 5.700830985 
3.672650699 12.372936738 1.848940110 
4.975324327 10.180590157 -7.822238369 
-4.297791831 6.301515602 7.279797000 
-9.421759467 5.675213562 7.020127033 
1.023276540 9.154013683 -6.387779321 
0.772894890 8.987096964 -6.631530455 
-9.145102308 4.689267615 1.943596808 
-9.141580126 4.677564126 2.038340349 
1.210669932 7.904907264 -6.940958551 
1.240988220 7.875512489 -6.966799988 
-7.858233345 4.776420886 4.497538864 
-7.871442767 4.743621889 4.516593225 
0.068769041 11.198434466 -5.201313004 
-0.084799374 11.027478025 -5.460927514 
-6.852385125 8.234990390 4.050657838 
-7.094396554 8.019545523 3.807758329 
-0.011625949 12.368557330 -3.676772523 
-0.249738786 12.285471789 -4.458471992 
-10.120251122 6.851748347 2.498851416 
-8.676649670 8.847021479 4.313616420 
2.862303512 14.039004081 -3.926480994 
3.265045767 13.941225814 -3.735617902 
-9.949234251 10.859384914 2.849409646 
-11.131351285 9.798555203 1.285240894 
2.751499853 14.612945292 -4.412935144 
2.614997753 10.721257093 -4.377530792 
-9.111122905 7.405293515 3.563187472 
-9.053167521 6.936365921 3.719808193 
-4.523866486 18.364904908 -0.224177430 
-4.395384996 18.395006298 -0.008510372 
-7.820540546 16.989109565 0.997012958 
-7.845882997 16.974893309 1.010315073 
-3.676658141 18.234940837 -3.950583045 
-3.788280645 18.300098521 -3.906059275 
-9.198601714 16.186198498 3.605802069 
-8.990867569 16.248922427 3.666641191 
-5.175021971 18.275353916 -2.933007876 
-4.799557171 18.305960012 -2.976172235 
-6.523259902 18.039684560 1.640682525 
-7.138742676 17.296433339 3.875191548 
-3.680808936 19.541705757 -4.682524979 
-7.554558063 15.485298512 -4.042009871 
-6.716021996 17.314923047 4.312106304 
-4.703007397 16.947085831 4.664023347 
-6.877466951 15.130710544 5.238167387 
-7.504723512 15.482236761 6.755325587 
-4.067640000 16.247017784 -4.915473066 
-4.330218075 16.214997517 -4.922132587 
-6.968990719 14.746685234 6.510132364 
-7.387492281 14.598469729 6.397326981 
-3.787494896 15.994072672 -6.049830317 
-4.133607350 15.861998071 -6.170626888 
-4.582827835 12.158314250 6.219605187 
-6.537839843 10.580396828 5.655668134 
-4.640093302 12.517765454 -5.673026241 
-3.722028309 15.394134890 -5.653612319 
-8.545896400 14.126752072 4.569185440 
-8.946534811 13.983678729 4.344879578 
-1.213656348 16.031202482 -4.419078081 
-1.293615323 16.005144279 -4.670670956 
0.957191192 12.782908286 2.729987552 
1.707688968 12.921773168 -2.905714093 
-7.705476680 9.680057421 2.547120957 
-7.750421414 9.379454377 1.827051517 
2.309940611 12.788858941 -0.434233497 
2.318575659 12.748932404 -0.991706944 
-8.822277955 8.742735377 -0.976564360 
-8.855670329 8.649787443 -0.737891209 
3.008878811 12.159143244 -1.436147950 
3.149344916 11.825738220 -1.775265142 
-9.415913658 7.920283936 0.835748573 
-9.421290253 7.822249539 -0.221710231 
4.203927452 13.452763444 -3.476215599 
1.568839816 14.664346418 -1.243258411 
-9.936515172 5.923061307 1.851704325 
-8.770008909 4.795595811 2.341990318 
-4.086774011 19.875773420 -3.307671404 
-3.895575966 19.862975710 -3.487922614 
-9.240130433 17.767861783 2.682451810 
-9.767427689 17.491193155 2.393556332 
-2.993594092 19.035077335 -4.604708820 
-5.194153113 19.061828127 -5.327605594 
-11.609366117 15.016896704 0.603603566 
-10.091922503 16.021301307 3.095566918 
-2.777000002 19.471079870 -3.967250013 
-2.353830077 19.276010777 -4.456460296 
-9.527223781 16.793720095 3.489011154 
-10.050345631 16.267339823 3.602422691 
-3.816160261 20.060764571 -2.381658102 
-3.821403032 20.042897994 -2.508885954 
-8.873661747 18.051867522 2.435616912 
-8.971353134 17.966372096 2.479599590 
-1.531354138 17.117913485 4.955308584 
-1.024614359 17.309277893 4.393417332 
-9.657424469 13.569025961 -3.901478451 
-9.525428599 13.639708462 -4.081367684 
-1.587045898 18.623635454 5.340565652 
-0.018246711 17.577990016 5.425699669 
-10.525908554 15.003467158 -4.539368317 
-10.030470929 13.294738436 -5.493153412 
1.736074930 17.775107446 2.160734169 
0.885623467 18.242951976 2.619495698 
-10.120587722 13.146573950 -3.619136967 
-11.931661329 13.394312043 0.174113909 
-0.604714956 19.883036319 2.474286380 
-1.318428997 20.006879179 2.339729916 
-11.379405167 15.735795423 -2.157227999 
-11.379365970 15.750863942 -2.302708535 
2.281993829 9.841561474 6.660153511 
-1.172976002 10.174303417 8.196944260 
-6.333359704 8.721591549 -7.732340349 
-4.296974621 7.182397865 -7.852460958 
-0.034067008 9.180767028 8.160184708 
-1.107019571 10.928821168 7.501921738 
-7.726507440 6.639321242 -6.262212038 
-6.455676742 7.106847134 -6.966303369 
-1.469957288 7.200415264 8.199794768 
-3.205204418 6.839279671 8.194151723 
-5.013372132 9.426087322 -7.807120612 
-3.285569753 7.443696392 -7.696477049 
-4.202919711 8.945894555 7.884239514 
-2.808861014 9.880910324 7.903256505 
-5.052836646 8.438009354 -7.551944749 
-6.298817569 8.689944076 -6.961431197 
-4.750098755 10.024686495 -7.415309214 
-5.468151038 9.295363421 -7.448950344 
-1.706185315 10.219544640 7.770198532 
-1.161952483 9.989588382 7.607244187 
1.587461179 12.762493727 -6.787723829 
2.992992046 13.791262973 -2.284915142 
-3.364947459 12.652620032 6.660441176 
-4.763967846 11.132327531 7.386163839 
-1.757683346 10.201001822 -8.418664617 
-2.762024792 9.677457292 -8.203197266 
-5.930911791 9.099326099 7.455347769 
-5.915999006 9.275237518 7.379159552 
-4.339064472 11.180248620 -6.874110323 
-5.378392209 10.688451392 -6.701845482 
-3.842115505 12.325704042 6.533778047 
-5.149314481 10.799514765 6.441009820 
-0.011853829 18.463679532 -5.310610312 
-0.119910815 19.435590890 -3.983169456 
-11.854871134 15.114500708 1.735024857 
-11.571100472 15.529977989 2.568778127 
-3.434908319 19.321343373 0.495115399 
-3.685754658 19.345975705 0.621976334 
-9.182780603 16.963972363 -1.253692031 
-9.261488523 17.031168977 -0.758001888 
-3.432099011 18.925649864 0.362885129 
-3.683868940 18.874734871 0.692271101 
-8.785979336 16.686995592 -1.570771424 
-8.820498334 16.678820132 -1.398046981 
-3.543994452 18.937925858 0.460300895 
-3.549512554 18.917583089 0.597891012 
-8.856886193 16.672221020 -1.481284548 
-8.783073175 16.724334732 -1.444641010 
0.018468791 15.994776884 4.585192477 
0.404540034 15.959472836 4.146041214 
-9.670319803 11.962854309 -3.717239010 
-9.091013028 12.099634176 -4.318869476 
0.878808283 16.039459923 3.707451038 
0.610051682 15.836276845 4.271838313 
-10.596583333 11.165027299 -2.067051301 
-9.912706683 11.585409165 -3.333103085 
-0.048831555 16.259753515 4.048415686 
0.090755563 16.313511310 3.778852338 
-9.521976321 12.315347148 -3.612337096 
-8.634073605 12.733046796 -4.558960285 
-0.225399325 16.010772121 4.524110082 
0.261531682 16.200152564 3.683792874 
-9.438372696 12.025448524 -3.823478987 
-9.337075222 12.201852959 -3.853879439 
1.616993841 11.765860350 5.348935759 
-0.104299227 10.041114136 6.324378303 
-7.278357570 7.412355450 -5.134998848 
-6.513076466 7.443193762 -4.939544944 
-0.548960705 10.442888893 7.394131528 
-0.940602335 10.492809154 7.810457323 
-8.240219727 6.445841109 -2.191778357 
-6.794473538 6.909311962 -4.477565639 
-0.401263235 10.377921164 6.231337679 
0.188447618 10.633473453 5.773805325 
-6.444557588 7.750127104 -4.583251824 
-6.284737013 7.870456455 -4.708056485 
0.078914844 10.354368829 5.702656562 
0.100072081 10.503719798 5.551946307 
-6.463332088 7.645080660 -4.422083559 
-6.072563210 7.751877492 -4.697094061 
1.216122791 15.518368821 3.091102930 
0.759961333 15.003867112 4.507971972 
-9.233204939 12.032271683 3.126853167 
-5.519880808 7.313015928 7.408158215 
1.856363966 10.331820408 -6.830815963 
2.130532890 10.197527083 -6.448968302 
-8.023142316 7.491555439 5.272778285 
-8.468525030 6.561980899 4.522708444 
-5.731612147 11.719648938 -6.630003968 
-5.916350323 11.649332092 -6.598842660 
-3.109770954 9.936290086 7.323084920 
-4.257899027 12.363458306 6.635527731 
-5.483094694 6.787285233 -6.725070280 
-6.060179595 6.648377671 -6.365229311 
-4.320133514 10.309736408 7.532149417 
-4.483855420 10.021607265 7.587786019 
6.342813344 17.299823478 -4.697581268 
6.815590939 17.440300791 -1.698544915 
-15.319584403 8.493639647 -0.190587305 
-15.230096715 8.363802023 -0.912096165 
6.666780066 17.951705508 -1.731455258 
6.817587178 17.713795213 -0.466982568 
-15.473758184 8.682012583 0.005185263 
-15.443801325 9.205617935 2.136543550 
2.393923054 15.622091474 -4.342153325 
2.281417877 12.487672407 -5.793128739 
-12.947037779 11.153209290 6.878197329 
-15.196005183 10.974559455 2.507612649 
2.600059771 14.728974051 -0.877345044 
6.880428393 17.227176570 -1.678569562 
-15.386067423 9.036194593 1.447292640 
-15.267195064 8.928571831 1.493682787 
1.804811422 20.051915251 -6.666356997 
2.901699088 20.955899655 -5.317548215 
-15.953850002 13.210375323 2.378894872 
-15.972490352 13.369450659 2.691746827 
2.628656239 20.948118580 -5.612219722 
4.155491006 21.385038403 -2.172245082 
-16.023119902 13.321695454 1.371683104 
-11.692915961 16.064407713 0.772012903 
0.915105237 18.114716819 -2.605818113 
1.839750129 19.658820351 -2.940759687 
-11.291849923 11.643398830 1.389400714 
-14.008515951 12.582467922 1.690796008 
3.434790384 21.218046196 -3.849416793 
3.255932838 21.584085661 -3.492404479 
-15.934937008 13.523817397 1.249028594 
-15.889466717 13.734538957 2.573449313 
-2.203719598 20.340574910 9.231275892 
-2.322980143 20.296776546 9.321973641 
-10.272294719 16.668398217 -9.379232754 
-11.168303727 16.384045284 -8.903615866 
-1.904364816 20.305524804 9.232350694 
-2.074489840 20.070758487 9.660774632 
-10.983661690 16.398944426 -8.878928570 
-9.940880742 15.510288308 -3.398724452 
-3.784821235 19.670804539 6.964384418 
-4.104218254 19.539953708 8.219244666 
-10.151118047 17.027067343 -6.041410360 
-9.893885779 17.420912880 -6.750022617 
-2.853804746 19.882446382 9.918498339 
-3.440392275 19.555040387 10.265093536 
-10.927059528 16.044004993 -9.591062243 
-10.735456811 16.288193321 -9.504222502 
1.912971045 18.385742811 -9.735431040 
1.795402303 18.228377765 -9.926463471 
-15.560230117 10.727857501 4.576559337 
-15.174536171 11.654744350 4.268469175 
1.174766107 18.324861336 -9.944756616 
1.885263920 18.648341004 -9.080421022 
-14.845257761 10.902522445 6.035317580 
-14.473584524 11.595355874 6.354323984 
0.035332663 18.948172319 -4.554175645 
1.351988872 19.413783726 -5.494475430 
-12.213600711 14.248828851 -0.285327130 
-13.313071447 13.103806891 3.882048081 
2.196179445 18.790229452 -8.918750805 
2.393986837 18.494289198 -9.315605133 
-14.438791409 10.671753774 7.220555811 
-14.580070629 11.537711224 6.364568639 
6.237258869 19.417507095 -0.652786419 
4.523034861 15.301663988 -1.797921332 
-16.145610152 10.178516222 -1.378785178 
-12.403662068 7.211458094 2.040466958 
5.738472654 20.276386666 -2.711942697 
6.021938081 19.854404539 -2.779285561 
-16.442164235 10.435885637 -0.493993122 
-16.418433849 10.438718167 -0.886599491 
3.389965549 23.395584144 -2.878622076 
4.662047680 22.590083781 -1.941221700 
-16.317917469 10.531965834 0.689390516 
-16.268677867 10.162931401 -0.941458248 
6.013371832 19.753550454 -1.099778556 
1.868874811 23.683572195 -2.794185272 
-15.859359291 10.621216239 2.442005047 
-17.111451805 14.640164585 2.591966655 
4.984083652 21.025416685 0.473147622 
1.047801424 20.380809309 -1.367264568 
-10.649822310 15.555907336 -2.173954672 
-14.659417655 13.843970268 0.119189228 
4.623119546 20.878464014 -3.303132149 
4.795379431 20.692413273 -3.298396399 
-16.538044904 13.005883927 -1.716555867 
-16.000410556 13.760976199 -3.230786595 
5.395567540 20.959474021 -0.509940856 
4.905466357 20.893270532 -2.635588453 
-16.510944286 12.630221413 -0.690437423 
-16.499967167 12.604458756 -0.320375275 
4.821044994 21.388188294 1.112243606 
-1.205571256 19.594176100 3.464394847 
-16.209686475 13.146299682 -1.947565200 
-10.739710027 15.712415574 -1.229084442 
0.258076839 20.048339189 9.291081061 
0.634895685 19.485187444 9.940897235 
-11.771357551 14.081896398 -10.064130778 
-12.111537771 14.337511030 -9.527344102 
0.135806837 19.495423212 10.230142587 
-1.085402765 18.965876680 11.102825344 
-12.315472007 13.746666462 -9.908881472 
-10.342958881 10.533819396 -11.779069496 
1.867420488 10.529851225 6.865379207 
2.929869484 15.262412750 6.941196065 
-7.681249245 8.444584236 -7.203358129 
-7.410274758 9.152819437 -6.726950126 
3.058651722 13.048935405 4.956647273 
3.990446283 13.089355240 3.719555632 
-7.911228687 9.594949451 -6.233580214 
-9.064748041 6.228873915 -4.493160576 
-0.546841457 18.220762438 -11.264979117 
-1.465943468 17.220681063 -12.307824308 
-13.720408251 12.763229279 7.738862062 
-12.071577927 13.081632148 9.517368898 
-1.630455617 14.150413590 -13.825563833 
-2.005928641 13.986990823 -13.985802938 
-13.041292968 12.623284501 9.004568902 
-14.239661191 12.463042462 7.483788141 
-0.597600159 17.678532166 -11.962712617 
-0.507114562 17.856238315 -11.688028428 
-12.808945532 13.027552225 8.965572471 
-11.935543478 12.484861886 10.454719704 
0.461066638 18.298092574 -10.879010860 
1.280712427 18.407524970 -10.453881139 
-11.866719335 13.075717305 9.706717884 
-12.304830491 12.953907033 9.421869961 
2.514827953 21.808307839 -8.022943835 
3.280752522 22.364551178 -6.599709862 
-16.599341358 12.486239882 -1.437099977 
-16.496882267 12.891783664 1.028807705 
0.615461414 19.140969247 -1.339731621 
1.405704962 20.461503511 0.419248307 
-11.058403458 15.227506528 1.731715119 
-10.273912829 17.023916032 -0.546500273 
4.704403278 21.327895201 -3.134903108 
-1.155157483 19.564863781 -3.633460245 
-16.077249697 12.252386725 -3.344008538 
-10.869989928 15.607379245 1.038306436 
5.270293284 21.108142898 -2.420942544 
5.159449337 21.238633712 -2.399511750 
-16.473387118 12.417806998 -2.231264583 
-16.572813000 12.306524014 -1.247099856 
6.000318655 19.873392428 -1.386609486 
6.321486500 19.613997483 -0.236073061 
-16.117491997 10.960317859 -2.455189428 
-16.163990481 11.458954790 -2.299453640 
5.880065831 19.461423273 -2.244052132 
4.437971865 15.326270161 1.126431358 
-15.564293310 12.108127327 -3.883551801 
-15.716962155 11.752291991 -3.078181539 
5.737755603 19.995633538 -0.179155223 
5.954402598 19.769136264 -0.147273904 
-15.513357999 11.073924425 -3.457664624 
-15.912561904 12.083082028 -3.297654114 
6.025023797 19.770128728 -0.356574156 
6.051587674 19.700779860 -0.115476474 
-16.219523620 10.935588726 -1.829581293 
-16.295702670 10.501136371 -0.884748988 
-0.075176682 17.789387114 11.813097722 
1.167612719 18.796684040 10.198615245 
-11.952242979 12.803589969 -10.087646380 
-11.823430807 13.065351886 -10.003859423 
0.439657100 18.994697984 10.040041996 
0.906274074 18.873958076 9.966064286 
-11.295405520 13.171987811 -10.139066379 
-12.178701892 13.436659338 -8.872053789 
-1.782594636 14.208568048 13.660357161 
-1.031590487 14.479466712 13.256360634 
-12.880014778 12.658287925 -9.023064643 
-12.372413663 13.170391529 -9.181598561 
0.149367800 18.273475086 11.188517786 
0.731368451 18.674076058 10.491150163 
-12.144121832 13.119705268 -9.609336044 
-12.099509622 13.254238124 -9.547764236 
-2.384801353 16.812287680 -13.259616300 
-1.144199324 14.709061492 -13.922339062 
-13.355809760 13.472259889 9.006977701 
-13.367896309 13.607849590 8.895349439 
-1.583078200 19.286419243 -10.656918766 
-0.617388170 19.135159205 -10.690266445 
-13.391416959 12.832987700 9.314578746 
-12.653071080 14.368287662 8.913720644 
3.171937050 13.216447768 -4.492760542 
3.859082806 13.107671088 -3.894966172 
-8.058099195 9.540970509 6.171137008 
-8.391065518 6.636091264 5.265945340 
1.316526333 10.321855530 -7.331584980 
0.070684442 13.809725921 -13.307647158 
-12.158797472 7.839448285 6.089769289 
-8.056805569 8.495703245 7.818097402 
3.978833487 20.897046855 3.104512044 
4.150144024 21.127211627 2.188908392 
-15.591362565 13.261230772 -3.631961656 
-9.805541706 17.228002553 -3.152235527 
3.580961839 21.282474042 3.426226029 
4.042021152 21.586410625 1.910433373 
-15.605699264 13.588188642 -4.050206196 
-15.295002046 13.741056293 -4.541314913 
4.469109656 20.886634410 1.070008021 
3.449665585 22.064520391 2.386327263 
-15.673779956 13.251430700 -3.499169638 
-15.808436806 13.609566606 -2.696020311 
1.202490611 18.328434650 1.561541036 
1.785067244 19.708509906 2.721243003 
-11.305118278 11.576867162 -1.241366940 
-14.078720459 12.497533830 -1.302918828 
6.677258088 18.108762684 -0.128121398 
6.875268573 17.842020934 0.335150935 
-14.926475741 9.301168394 -3.415056372 
-14.364112683 9.940451035 -4.731954686 
6.677236859 17.263175925 -2.148764563 
6.734449079 17.493881394 -1.810227315 
-15.221843994 9.020220666 -2.617275846 
-15.187860141 8.926575098 -2.103415655 
1.667684813 15.380630080 -0.488142688 
3.463433525 14.143631058 0.567702349 
-15.181854780 9.131783443 -2.622086571 
-15.054364106 9.285158224 -3.154514808 
3.109992034 14.456837823 1.241407560 
3.315048949 14.762191720 0.875444081 
-12.377941586 11.450477019 -7.263495757 
-15.379994968 10.861065904 -2.055289274 
2.882077019 19.499905606 7.208567366 
2.744066984 18.962974837 8.242270548 
-13.418410135 11.500252511 -8.146741243 
-13.200856449 12.075737776 -7.986014976 
3.460923250 19.486166911 6.749617985 
3.165233547 19.121699301 7.882784908 
-14.285721242 10.936720197 -7.170552052 
-13.627852539 11.781148308 -7.626378182 
3.941337173 19.688783319 5.357333797 
3.541915623 19.370780450 6.685690569 
-13.165762225 11.972972525 -8.386467657 
-12.855647621 12.291686055 -8.418377035 
-0.008851347 19.595719828 0.302482401 
1.841697406 19.672924394 4.199043075 
-13.448059654 11.795618619 -7.806581158 
-12.872277880 13.459656523 -4.544435238 
-3.118046521 19.459140316 -10.490501168 
-3.256740025 19.593291672 -10.195431840 
-12.358819501 15.901199978 8.077578079 
-11.870035040 16.202458509 8.227599764 
-3.525557223 19.455552905 -10.481380651 
-3.993524725 19.038771210 -11.060984060 
-11.972827309 15.794949388 8.868642605 
-12.625508716 15.874768011 8.005944816 
-3.607764044 19.301959671 -10.741467430 
-2.868733832 19.538099087 -10.515399602 
-11.141143315 16.115965074 9.326987864 
-11.793774607 16.238825341 8.313268430 
-4.083930457 19.503742392 -7.259611728 
-4.684960286 19.436451200 -8.358815602 
-8.618416670 17.740323894 6.426554185 
-8.825779482 17.885695120 6.984217213 
0.880325229 16.004038654 -3.759492746 
0.700349591 15.841904887 -4.228998402 
-10.107381947 11.566888527 3.031890351 
-10.020311052 11.511514733 3.142288130 
0.443403222 16.076747087 -4.092663067 
0.663762405 16.002842231 -3.827940118 
-8.845090537 12.475852259 4.583525097 
-9.017363752 12.115518288 4.400128552 
-0.164302579 15.960521069 -4.622337863 
0.320979509 16.132348709 -3.817574489 
-9.564689498 12.176744049 3.511848862 
-9.811997365 11.864819800 3.354256300 
-0.609318986 16.086687978 -4.748508176 
-0.499597038 15.994893119 -4.888102579 
-7.813983499 13.199012073 4.876540520 
-9.899895865 12.161542885 3.013682186 
-3.251669328 19.371076485 0.340788114 
-3.454542721 19.381716840 -0.287774429 
-9.013026202 17.029890493 1.522994430 
-9.149811177 17.061061933 0.989365969 
0.064260183 18.473660462 5.246735039 
-0.260366219 19.403802058 4.308491714 
-12.148361963 14.852333356 -1.391338151 
-10.933993591 15.959859006 -3.059205292 
-3.587949527 18.895551210 -0.655713937 
-3.634751061 18.879650049 -0.701000457 
-8.905298364 16.691487155 1.346029529 
-8.903935046 16.666239949 1.311424905 
-3.646811717 18.883213228 -0.597882379 
-3.677098835 18.848217941 -1.129422213 
-8.792398709 16.738932473 1.329209684 
-8.953931617 16.660842163 0.956076679 
1.809341759 10.314553970 6.863419164 
2.207568154 10.223513652 6.360725154 
-8.097953917 7.397153144 -5.234374905 
-8.423960895 6.564377058 -4.574986334 
2.404176470 15.222300486 3.330409162 
2.324080064 15.582062253 -0.222273593 
-9.349408520 11.993586720 -2.974522395 
-7.994458685 10.222981099 -8.163002199 
-4.752007492 7.104823045 6.983271593 
-3.977266301 7.468276930 7.080471896 
-4.862685032 10.083361420 -7.483177180 
-4.615637849 9.985938462 -7.552060581 
-5.861811516 11.656443841 6.606625934 
-6.027334288 11.633133399 6.565358323 
-2.408473303 10.179841404 -7.179182682 
-3.973615765 8.580990423 -7.215398523 
-0.767441886 10.459303815 -7.504215674 
-0.806489364 10.504974677 -7.692806969 
-8.233830412 6.499967417 2.156566973 
-6.892110568 6.845685630 4.386582624 
1.630140069 11.840833458 -5.272794365 
1.395881763 10.945059519 -4.951348708 
-6.911340420 7.492011069 5.419807414 
-6.230759120 7.473413090 5.089000105 
0.262987230 10.554288654 -5.456746782 
0.234399354 10.535319229 -5.507993741 
-6.115516780 7.704681263 4.682030223 
-6.259884185 7.627215368 4.582211487 
-0.076268850 10.469710761 -6.048842272 
-0.060698935 10.516574568 -5.982175762 
-6.475457848 7.975878991 4.658438740 
-6.430124566 7.717282767 4.580875699 
-1.124507672 18.908064621 -4.547911550 
0.308690484 17.523034062 -5.193484046 
-9.927234735 15.592776432 4.535637384 
-10.306076302 13.176649548 5.184513801 
-1.242223157 17.225694134 -4.566376637 
-1.365593282 17.152487743 -4.739587796 
-9.576288050 13.779160023 3.939104972 
-9.854604901 13.397750497 3.759271897 
-1.118995073 19.826330116 -3.090171134 
-1.482281310 19.495471069 -4.352715305 
-10.137014089 14.111022764 5.562281556 
-11.437856458 15.737415185 1.882783237 
2.182115750 17.517709870 -0.953072234 
0.823703920 18.241837041 -2.757157804 
-9.520645896 13.460921232 4.237901955 
-10.864330417 14.677011187 -1.051609110 
-2.891543648 18.724942313 5.504110870 
-5.374017916 19.007325506 5.369770392 
-11.655840232 14.972010018 -0.693922274 
-10.486172653 15.798989015 -2.590866559 
-4.156543613 19.787678660 3.696967897 
-3.995795994 19.807806151 3.674211077 
-9.635843308 17.602828738 -2.323177743 
-9.964922041 17.388385352 -2.204883183 
-3.939136035 19.981637017 2.759712232 
-4.167079540 19.912794777 2.929205748 
-9.325990937 17.840630874 -2.114189347 
-9.225618622 17.881962873 -2.184769448 
-3.030382173 19.322377408 4.426139019 
-2.330089774 19.398794941 4.048099039 
-10.061345548 16.535811477 -3.052053020 
-10.029425238 16.270587019 -3.654146906 
1.321284538 12.789196101 7.028535807 
-3.209369433 12.139025137 7.908859067 
-3.450298490 12.578292067 -6.732091305 
-4.752371549 11.136069121 -7.375401012 
-2.464578751 10.545053442 8.149474069 
-5.294285335 9.370599036 7.483099646 
-1.419102312 10.331599842 -7.684639520 
-1.026022360 10.045421894 -7.556891826 
-4.969482775 11.865140674 6.833733083 
-5.456248442 10.705193849 6.658931472 
-5.415697522 11.035882566 -6.449104903 
-5.375465065 10.684501772 -6.393842102 
-2.250924201 9.895470763 8.526856300 
-3.085449414 9.556234721 8.228441135 
-6.036671836 9.177554276 -7.404107482 
-5.823435278 9.343170551 -7.391682590 
0.016609787 9.153282903 -8.123272781 
-1.647471837 10.612508856 -7.736610550 
-7.127038372 6.880863012 6.675031300 
-6.213506187 7.225886328 7.067154403 
2.495730515 9.815510816 -6.538287909 
-0.775859170 10.393151721 -8.012964924 
-6.286683117 8.722485186 7.767739759 
-4.437071444 9.483728684 8.126406671 
-4.149119583 8.956139927 -7.888292894 
-3.013286462 9.809955247 -7.925894254 
-5.171130648 8.408927638 7.536806010 
-6.396088228 8.663738143 6.892753622 
-1.816096238 7.019004649 -8.281744998 
-3.125513407 6.810872741 -8.194268305 
-4.843410770 9.471447729 7.825479669 
-3.519032388 7.383783065 7.680944484 
0.579008240 24.210476038 2.974889270 
0.204645126 24.606791953 2.434009906 
-15.116679666 16.199060129 -5.149750106 
-15.089416385 15.967065558 -5.331913711 
-2.165871340 21.952847029 6.498825196 
-0.075256486 23.908418530 4.075423516 
-15.711940584 16.910302417 -3.685060467 
-15.842217440 17.347683414 -3.259821949 
0.987321966 24.453931250 2.698215792 
1.651892247 24.656787144 1.303190237 
-16.307900422 17.273713046 -2.955128693 
-16.160945116 17.425008065 -2.754956602 
1.015804373 24.696064710 2.109739751 
1.445730161 24.862197400 1.246417961 
-15.799251588 17.434961663 -3.498183352 
-15.589355026 17.019728056 -4.266071542 
2.956070239 13.019887788 0.592398270 
7.437194942 16.005216960 4.154832903 
-15.447209723 7.643636556 -3.916318841 
-15.562441970 7.698064644 -3.499748989 
3.902421009 12.384773350 -0.246049121 
6.568414368 15.696634010 5.711978374 
-15.080002776 9.387583036 -3.905407477 
-14.703991137 7.946809307 -4.513523705 
7.988157101 16.600380531 2.388206703 
7.845703405 17.265253468 3.201015050 
-14.682677619 9.396428743 -7.021159657 
-15.458700522 8.645355638 -5.435280779 
7.997607892 16.493543562 2.085776782 
7.851847319 17.116719648 2.725652438 
-14.972016892 8.093793002 -5.238147022 
-14.904948431 7.525200782 -4.657615346 
6.924431116 16.187027864 5.381111822 
6.320952083 15.526309674 7.822119324 
-12.476827715 8.231783703 -8.817209230 
-12.936063210 8.477347248 -8.159221511 
6.712549540 16.595835506 3.603780716 
6.438578802 16.358979427 4.663291415 
-12.607020306 7.941658450 -8.821812090 
-12.760158270 8.110829705 -8.469215778 
6.171524769 15.720984483 8.062856567 
6.164743992 15.771852197 8.253472188 
-12.880680914 7.841207394 -8.202954567 
-11.978593617 8.013727597 -9.588586465 
6.262331759 15.310974545 8.229125395 
5.505535123 14.828534344 9.857119169 
-12.508912002 7.662840862 -8.607941665 
-13.242670806 7.644462626 -7.721424518 
-5.705468194 17.686496543 -12.092770339 
-5.827464729 17.772363374 -12.063943710 
-8.867678081 16.707600103 11.215778466 
-8.227980760 16.814292356 11.496539943 
-5.497842744 17.515379544 -12.440821586 
-5.053136768 18.137177139 -11.812266476 
-8.287504084 17.334265125 10.529354115 
-7.780498949 17.146720578 11.085255656 
-5.593917745 17.233088601 -12.730689879 
-5.495459248 17.656391367 -12.393624529 
-9.088653392 16.563505733 11.505628072 
-9.738695253 16.695652896 10.838484721 
-6.122923391 17.455224212 -12.287068506 
-5.947293333 17.892244489 -11.798267046 
-9.725229568 16.328840326 11.347217006 
-9.139390227 16.361502586 11.542170142 
-2.029464631 19.665545624 -3.796237792 
-3.575368521 19.696637081 -3.571453878 
-9.918582622 16.487751460 3.865400426 
-7.845732776 17.874184454 3.896563425 
-2.504342962 18.882376033 -3.745823810 
-2.801055922 18.804914357 -4.113443134 
-8.250551407 18.384990682 -0.450333882 
-10.009331512 15.577851054 3.334542862 
-7.670715760 15.628914148 4.013545705 
-6.040798666 18.290203378 2.411777909 
-6.518787282 18.246271069 -2.642104384 
-7.130830380 17.922603432 -2.937531562 
-5.738846033 18.565353342 1.003478574 
-7.161631029 15.671245833 4.623328186 
-6.038897356 18.406618882 -1.849027403 
-5.994294968 18.265337283 -2.528751330 
-0.580949172 12.556126947 4.857561754 
-1.657302268 18.860183395 4.712918389 
-7.882623038 9.573355224 -5.066424086 
-7.079507001 10.235450501 -5.640354592 
-0.032362933 11.789056284 5.133654981 
0.574477785 12.009206137 4.527218831 
-7.992319046 8.957687305 -4.170839860 
-7.949444200 8.971723436 -4.152110759 
1.469895885 12.486894699 4.681256142 
1.614085896 12.067569918 4.691110096 
-8.770130942 8.146060209 -3.963295964 
-8.631656054 8.085738287 -4.017848914 
3.463475760 14.987873191 4.692904624 
1.666673407 14.328893220 0.812556286 
-11.416888029 8.148657759 -2.757814963 
-12.514593215 11.790148888 -3.707008944 
-5.021535124 11.775178675 6.248149816 
-1.839894021 6.941888796 8.437473344 
-4.129182309 12.239800528 -5.857600764 
-6.608708215 5.507773442 -6.522455201 
1.197239637 11.390499881 6.244558067 
0.574158614 10.920117546 6.776247720 
-3.778539484 9.260894899 -8.452792099 
-6.095437110 8.399648398 -7.421447438 
3.256152102 12.812903776 1.604865326 
2.450092760 8.962602953 6.869524550 
-8.059786365 5.616698202 -6.110324877 
-6.386040257 5.922267973 -6.808180480 
2.490547323 13.501721561 0.211151515 
2.355001617 8.343142690 6.752185265 
-8.540194340 4.039058805 -3.873189902 
-9.476105529 7.810849086 -3.325004424 
-1.128131403 10.664553296 -8.475791569 
-1.559885622 9.741967371 -7.952632650 
-5.987926124 9.244327265 7.368086764 
-5.045744431 8.884896301 7.399402493 
-1.910555111 9.328973682 -7.938970747 
-2.238138349 9.474893727 -7.987166575 
-6.441721272 8.785935050 7.657680887 
-4.477277862 9.533926042 8.073397372 
-3.410330998 16.485580382 -6.527628657 
-6.360858478 16.435336378 -5.138591755 
-2.369462898 15.725206746 5.717185642 
-5.382557961 16.170360315 5.288811863 
-6.567449372 11.545008256 -9.032236240 
-4.925310227 12.867803629 -8.775869866 
-2.379376601 13.371474306 8.563166151 
-4.406644027 13.175396379 7.790227388 
0.331220202 11.989335665 -4.700249566 
0.253643560 11.933968665 -4.808299277 
-8.153977252 8.892744247 4.008909311 
-8.222220131 8.822640997 3.938672809 
0.949829900 18.974408264 -0.257994193 
2.361943379 17.947390519 -0.550654737 
-7.975709517 9.263705947 5.469919400 
-7.478006012 10.061731104 5.447107137 
3.593952234 15.166763545 -4.167255282 
1.605114750 14.353536322 -1.091492316 
-11.277784907 7.889203542 2.920101406 
-12.851311158 11.553580460 3.065091092 
1.376088472 12.780013057 -4.632646501 
1.413712057 11.961207767 -4.980613317 
-8.910035866 8.101591667 3.759991831 
-8.838423644 7.990678043 3.757695731 
-2.554350892 18.621013827 4.040296818 
-2.547919894 18.788416875 4.036674906 
-8.398060516 18.259280576 0.444193945 
-8.960480304 11.634666435 -2.598603287 
-2.479671823 19.520974947 4.319373138 
-3.450654260 19.722101895 3.538528078 
-10.313686191 16.272204022 -3.569149813 
-9.197955417 17.381197542 -3.328770343 
-5.512804768 18.662553091 -0.755955774 
-6.924597751 15.791459709 -4.603058994 
-5.849407606 18.471704376 1.848254218 
-5.813156281 18.302719343 2.640684604 
-6.704701619 17.991814791 -2.734658209 
-6.179717235 18.189949227 -2.579691864 
-6.325917178 18.337076132 2.589388251 
-5.589926121 18.410192694 2.834600758 
-5.506111870 12.145399308 7.647880181 
-2.271712464 9.392021016 7.993212431 
-4.814943653 8.458855536 -7.702471920 
-3.900648262 8.978998568 -7.787411664 
-0.330639179 10.697727160 8.082306514 
-1.882285151 9.649086177 8.013613989 
-6.648800404 8.940531160 -7.185664559 
-4.421126244 9.101220036 -7.496805013 
-6.041774445 11.604517177 9.184487350 
-5.380051382 12.892555719 8.655858958 
-2.108050900 13.795478452 -8.403662287 
-3.267032994 12.656586475 -8.749798968 
-6.048436413 17.079979433 4.780921892 
-6.407598797 16.428461470 5.125443050 
-7.744879788 15.147710122 -5.840950640 
-5.524532685 16.080086440 -5.321378352 
1.026062211 11.351392968 -6.369817808 
0.166238932 10.776690520 -6.971031509 
-3.848621120 9.233102555 8.453885828 
-5.946193876 8.446106509 7.488235475 
-4.997701326 11.711245690 -6.293296810 
-2.139288658 6.818697202 -8.447795530 
-4.295666373 12.167817493 5.868170836 
-6.792551896 5.446708170 6.384668121 
3.432726747 11.767003722 -1.490509007 
2.136870046 8.261293351 -6.944897097 
-8.615688266 3.985348726 3.741289166 
-9.676464938 7.737720811 3.020182759 
3.312344247 12.763984532 -1.842949837 
2.460748952 9.029122093 -6.783111151 
-8.408249102 5.437368186 5.706996623 
-6.463620788 5.943186470 6.763616492 
6.415963239 11.060984115 -5.969319046 
6.347492198 15.672042493 -6.159483026 
-13.881430779 6.037786662 2.764694304 
-14.684604396 7.886992997 4.571402781 
6.702415614 15.980255155 -6.682655085 
6.878769892 16.155112123 -5.986173204 
-15.773644511 7.037819256 1.102926841 
-14.917124453 6.390869991 -0.282858908 
7.301649849 16.571571303 -5.322900906 
7.286999016 16.692896658 -5.341834094 
-15.351872295 7.186291086 2.885172082 
-15.363129930 7.416550611 3.170770487 
6.857477454 16.704549325 -6.174104775 
7.314941278 17.264530087 -5.088116008 
-15.584075109 7.577495320 3.254844924 
-15.356146704 8.052691683 4.633079835 
0.106291829 23.282277471 -5.093819323 
-0.337510184 23.131543645 -5.002443969 
-16.955118989 17.602081520 1.210626793 
-16.360829688 18.013501881 1.836066240 
0.878616153 23.536075479 -3.742368857 
0.876172602 23.960936038 -3.026085318 
-16.315859344 17.422891094 2.454763749 
-16.514751893 17.502053692 2.140868373 
0.383380437 23.955757160 -4.464697211 
-0.087792193 23.855855061 -4.802096382 
-16.653445578 17.461229462 1.271713034 
-16.294779906 17.627958170 1.885824866 
0.206845475 23.808440229 -4.732168765 
0.946417348 24.199365986 -3.619178064 
-16.263979888 17.586015146 2.356478480 
-16.061018764 17.545081873 2.552512553 
-6.055968752 18.025430152 11.214543052 
-6.149699545 17.583671986 11.931586933 
-7.900405146 15.946331399 -12.442065964 
-8.174853611 16.768712894 -11.692090975 
-5.621286826 17.538008937 12.242086961 
-5.930423454 17.802757656 11.873673455 
-9.485697468 15.747908136 -11.865949359 
-9.398269425 16.209541100 -11.616369255 
-5.385651211 18.245853766 11.748471171 
-5.328822388 18.139955820 11.934005779 
-9.357108375 16.376252009 -11.557976502 
-8.222901590 16.576510997 -11.893475753 
-5.182276031 18.177906462 11.888106077 
-4.560797742 18.428031109 11.977265751 
-7.756162120 16.622642839 -12.018270061 
-7.962647093 16.729990387 -11.728103147 
5.023646829 14.767415330 -10.226793107 
5.327892312 15.062711196 -9.026800675 
-13.700605400 7.285819962 7.075354807 
-13.973205682 7.318203016 6.653080527 
5.014741990 14.516636455 -10.395644746 
5.506897207 14.927495909 -9.495997153 
-13.665068984 7.772831100 7.394528781 
-14.173434487 7.674744091 6.581372399 
5.223655223 14.747125468 -9.856556193 
5.296879015 14.821525827 -9.978007745 
-13.644721527 7.278322457 7.367118810 
-13.495152823 7.497063645 7.787003540 
4.932480622 14.569203377 -10.632200475 
5.237049410 14.825030633 -9.969273764 
-13.902737553 7.293067249 6.968398724 
-13.131786111 7.367097214 8.118412554 
