0.402082831 35.044456762 -4.637337995 
1.843157242 34.616774038 -0.844910142 
-24.972141869 23.840010704 -2.405517133 
-23.929051185 23.774433517 -2.643570004 
0.328220621 29.387053787 -10.407867695 
0.262415357 27.150775722 -10.763297256 
-23.601682718 19.774227067 4.913494685 
-22.434898278 18.052035152 4.993299562 
-8.925521771 26.418340383 -5.286183847 
-8.049763767 24.359682293 -5.266615040 
-13.596506684 25.738659779 4.681001851 
-11.660850711 23.676642552 4.991501631 
-8.208213619 30.424255535 -1.303235726 
-8.109341820 29.531689778 1.175891723 
-14.208860507 28.113843281 0.437763678 
-13.640567231 27.398833337 -1.655401992 
14.326563659 25.988499897 7.018432184 
13.687875475 24.688996243 8.095889352 
-24.197134979 9.061108492 -11.660410470 
-23.413356238 8.309517425 -11.196587934 
3.969752641 28.369360006 11.522590444 
2.553865240 28.261475880 9.197453591 
-21.713168636 16.773940843 -11.042566021 
-19.903738337 17.429390625 -10.723072590 
-0.679479499 17.399442950 14.982798389 
-1.220457089 17.660820855 12.933551841 
-12.592399219 13.445963017 -14.054650523 
-13.178760019 14.137752947 -12.210925021 
4.128790144 15.019874006 15.911560792 
6.174922760 13.953875069 13.852083160 
-14.350680345 8.736912112 -14.702176884 
-13.963991137 6.928019489 -13.120878398 
14.315500807 9.527181989 14.212350015 
14.027717775 11.059557126 13.693576602 
-15.051328250 -0.715528350 -15.943249445 
-15.546556654 0.067527919 -14.980744653 
5.810609312 5.690583261 16.487523095 
3.885789474 6.546132332 16.062752237 
-8.122120725 2.108089963 -17.674014258 
-7.810010817 2.394492696 -15.867253693 
6.359253511 5.194408160 8.092497394 
3.477239912 1.519919935 8.566411393 
-9.809021238 -0.446800487 -5.491503417 
-1.967602114 2.173567197 -7.595195999 
11.510926274 5.517235139 4.673339991 
11.829568830 7.324969605 4.458088961 
-3.157043433 8.145676795 4.412674235 
-10.414861895 -2.161572863 -5.831818316 
-7.977654688 13.459636586 -23.407723184 
-6.784546605 14.686269710 -22.806075923 
-8.811777574 11.267150031 22.924773903 
-8.921738359 14.650823070 22.025387123 
-1.559089538 7.885770062 -20.899453063 
-1.330707201 8.137115329 -19.494694378 
-10.018015389 2.717603983 17.153241691 
-8.867901206 4.793585260 17.222031638 
-6.537411684 6.467127763 -16.013368815 
-3.536592209 7.475630412 -8.399453928 
1.235217422 8.821331945 14.579612755 
-0.118900483 10.296530789 2.407340853 
-13.182212165 8.559805780 -15.494885558 
-12.508074010 10.549849601 -15.403587498 
0.352134536 12.928000875 17.882712094 
0.681140033 16.409950592 16.167137680 
12.663073091 17.822364351 -5.272334458 
10.460519766 17.574147792 -5.998160141 
-19.783279298 3.741229258 1.064636413 
-18.238665052 4.519079004 1.429632491 
14.562373620 24.860541950 2.784316741 
12.731234637 26.156788083 4.173516866 
-25.439762252 7.995401004 -5.680448693 
-25.508854365 9.846725323 -4.490486652 
10.236612575 17.364246999 10.478041604 
8.862565446 19.169684706 10.866878743 
-18.361763287 6.128363557 -10.190851606 
-18.581938207 7.907727969 -10.401616929 
9.243008944 13.071200788 7.119551683 
-1.442731115 10.459958512 4.230221812 
-13.669239963 3.585737506 -7.498113430 
-5.730700189 8.709824790 -3.738290078 
2.325363128 26.264331404 -9.187764663 
0.995782220 25.663036979 -7.542636079 
-20.917692629 17.778869922 4.360550641 
-19.084026910 18.214312833 4.121349361 
11.187289471 26.484247767 -8.377004423 
12.357623869 26.366698382 -4.368453944 
-26.524718333 12.388859461 -1.342982965 
-25.864983290 11.621601833 -1.819690731 
12.524391274 17.407017813 -6.059965436 
11.561426245 17.506877478 -7.700336912 
-10.069595049 0.656118936 -2.313710975 
-10.464208235 2.033748337 -0.359046971 
4.923182425 17.391051156 -11.119033571 
0.249478143 9.836513216 -2.836859689 
-17.306103639 8.334170737 6.588046744 
-14.443358171 9.115253315 7.161450212 
-6.991076630 22.531849273 14.869913861 
-6.423969085 20.888346480 13.945609033 
-11.731076292 18.699242317 -15.529738702 
-9.779703458 18.668641889 -14.052918148 
3.404949130 26.586725768 16.113416288 
5.460901101 25.148370313 15.645950909 
-19.415831931 14.790693192 -16.657981329 
-19.979681002 13.761137105 -15.320796075 
1.692363369 29.254404252 4.948420483 
3.585922256 28.341642403 4.432949814 
-20.067751012 19.473635907 -6.873621063 
-20.186764936 17.673885339 -7.348122554 
-2.558376328 26.734308068 5.038210321 
-3.506712005 24.798289427 4.762876266 
-15.270522057 21.447169758 -5.671078602 
-12.910730197 20.810517588 -5.291685075 
9.331853748 19.293796365 -11.110433826 
8.788067412 17.917391216 -9.428144511 
-20.564244627 7.750853955 6.174459054 
-18.467745153 7.353376858 6.285969808 
5.679090280 25.564604064 -15.870855067 
2.222940053 22.256986165 -19.487315168 
-22.138198322 14.008516030 13.072277316 
-20.991339075 13.844373216 13.931411866 
1.005053134 28.041682443 -9.557080222 
-1.169125017 27.275526284 -11.225885618 
-19.902665113 19.498351764 6.905238006 
-18.313285908 20.794169931 7.733129010 
3.204532717 25.291134587 -5.204692163 
2.340797063 23.414560531 -3.101786145 
-18.935339703 16.312932098 2.158872146 
-16.850399692 15.556762451 1.807298577 
4.435367810 12.912142596 -16.822157738 
2.105772876 11.636648323 -16.051061206 
-8.871763088 8.321441958 16.955437530 
-10.030259506 5.762165536 14.046185771 
3.107290514 21.693637980 -15.848565460 
3.302994203 22.628492272 -13.312101746 
-17.167675765 13.639148764 14.197750527 
-17.759356042 14.521004490 11.599875965 
9.759875315 19.082395380 -14.898014724 
10.434526971 20.343109369 -11.558540221 
-22.606383565 5.475699187 6.265281693 
-21.783442471 7.440361380 6.831106799 
12.320560138 14.167801607 -12.785015985 
11.816181442 13.307177222 -10.878529628 
-19.961811443 1.104748373 5.821349829 
-17.264189883 1.474862083 7.919409121 
-10.783081997 29.432607022 -1.927417208 
-10.167639603 27.926145490 -2.744515469 
-12.552675124 29.411651361 0.647298995 
-10.299444097 28.313027529 2.659381778 
-6.982766990 30.728294037 5.791231422 
-4.468841216 29.563508539 6.485391015 
-18.016542902 25.526790561 -4.747898697 
-16.978585212 24.091373178 -5.617496060 
1.513558415 32.366585580 -2.179066987 
2.739627343 31.037476713 1.093120387 
-22.010782926 22.729567036 2.946014060 
-21.811537776 20.851494171 2.453651134 
-1.843880365 31.177549150 -7.510497289 
-2.540401366 29.482393602 -7.957944470 
-19.216725597 24.406767204 7.153783875 
-17.155991968 23.814922236 8.122373552 
-13.356863906 9.730772619 15.830364866 
-13.925303730 10.132556657 13.969086233 
1.486363472 16.039060040 -17.644993207 
2.859460000 17.017515800 -14.996321508 
-5.925659836 8.367332101 19.252918794 
-3.975618316 3.871831592 9.641679535 
-3.956784570 9.841473870 -19.705233149 
1.544068503 4.059954813 -8.028175253 
-7.463620220 18.655946249 19.967526708 
-4.546853814 18.809925646 19.020418542 
-9.324775564 17.389771633 -19.516569670 
-9.121392154 16.711448005 -18.465575318 
-10.280377352 19.954794310 18.176030752 
-11.312041914 20.279658602 15.896430175 
-5.582978262 21.646685186 -18.056851764 
-4.889152200 22.600660930 -15.884783279 
10.021143113 3.128235022 -8.735462499 
3.358044962 0.946316646 -3.873793755 
-4.462421082 -0.048153473 2.081914071 
-5.116100031 0.495448270 1.413585856 
5.011156289 3.724642068 -15.478361682 
4.313576604 5.226395092 -14.935549003 
-7.141866842 -1.415000986 12.792872455 
-7.078435209 -0.350353771 11.965112050 
8.601920127 12.450339004 -17.509603345 
6.987051270 13.568331617 -17.037774343 
-18.244170351 2.578611105 11.428540981 
-17.518250961 4.551510084 11.753853009 
12.698139301 12.831044434 -12.727084312 
12.648489745 13.698050594 -10.067027616 
-19.557516571 1.118841266 6.451958739 
-18.642237004 1.717766193 5.482156474 
-8.882273664 7.933301583 0.605836115 
-9.869052099 9.162982454 -2.082955837 
0.917178066 10.464923423 1.611380614 
2.760733727 14.329422334 0.706853887 
-2.531315343 2.634678942 -9.784314778 
-2.054551094 3.548151953 -10.603609767 
-1.851226999 3.194547858 9.415341612 
-3.507063612 2.869534057 9.119716151 
1.853594962 3.214381402 -3.676632507 
2.580970416 6.555265022 0.422170515 
-4.591278835 2.125413524 3.233818275 
-5.119681328 2.118003416 3.325838809 
0.001761254 7.060729620 2.287562200 
-1.809951152 7.030249547 3.426110327 
-6.636903279 6.844499612 -0.449747585 
-6.741247817 7.789146410 -0.829394302 
-7.851608040 12.423647618 5.432606086 
-5.599419534 11.971128309 6.447238481 
-2.457114440 14.205778632 -6.331161503 
-4.261901855 12.405461685 -6.264658973 
-12.951608471 24.170712713 -2.162841506 
-11.378110207 25.471690178 -1.665529444 
-6.268822383 27.035331540 2.164078497 
-8.339607576 26.779607143 1.798218643 
-5.781262145 9.200796417 -5.268347062 
-3.746965272 9.912151385 -5.315383255 
-6.633240201 7.918993394 5.054321656 
-5.305461342 8.804972846 5.397435817 
-4.874001471 14.757948535 -5.854966667 
-3.476290792 14.059880287 -4.952284884 
-4.310034443 15.058796073 6.154551045 
-5.939713330 13.019528682 5.138724527 
-5.113541451 7.481629994 4.210592784 
-6.227378739 8.921758121 4.296065995 
2.300369339 7.543660923 -0.292039522 
1.524614918 9.973975199 -0.512359615 
-2.746423464 1.031624686 5.485618269 
-2.917181741 5.700077998 11.432499655 
2.343458551 2.906606370 -3.527310613 
1.051725914 6.514870799 -10.385354906 
-5.548920215 2.407067161 9.789887956 
-1.372720829 3.897520250 11.046842430 
-5.502246523 15.311910037 4.789237632 
-5.973236664 15.446143462 3.810057146 
-4.501065767 16.702946788 -3.398700180 
-3.204663862 16.736655034 -1.708824461 
-7.373947793 15.533663906 3.539622933 
-6.900111442 15.736340900 0.434397306 
-2.453617599 5.007831415 3.431530902 
-2.880436807 2.653334782 3.213137571 
-2.046747801 5.009412281 -3.659069106 
0.418438604 3.394428661 -3.464758429 
6.202143610 6.803614337 6.841992026 
7.487413846 7.726990744 5.270699326 
-7.531872440 1.076895684 -7.052878373 
-8.390024081 0.825018453 -5.826556598 
4.634508803 8.159012850 9.094758462 
7.779750271 8.795649975 5.102761654 
-9.197867235 3.125475016 -8.510089720 
-8.903647426 13.312975298 -6.057647440 
-3.123966081 17.674882646 1.874109135 
-4.745475422 17.070844122 0.803065738 
-8.138757703 8.910924219 -9.573254610 
-8.308429348 14.267620405 -2.352589199 
-6.280122401 7.716674070 3.919517715 
-8.167623588 9.743794617 5.183075882 
0.357363673 11.037311733 -6.386797178 
-0.821532229 12.943882744 -7.593956449 
1.163236473 10.148442695 2.318716063 
-0.636878899 10.589239940 3.426735628 
-4.870716856 8.012122440 -4.488022466 
-6.510122873 6.925845787 -0.230391955 
4.163614717 9.214844238 8.125337569 
5.819695059 10.938926777 5.780648833 
-7.314785807 4.901409023 -9.191796542 
-9.818193126 4.933819103 -7.103731469 
0.089869641 7.395670775 10.624267769 
0.225692056 9.723635938 11.156936564 
-5.214616869 6.130966887 -11.487092961 
-6.891608569 7.673405257 -11.865527673 
2.296331467 3.835085390 -3.402498553 
2.549297676 4.066234246 2.607506792 
-5.619714627 0.659122266 0.186756281 
-4.626007364 0.791812264 4.491341227 
-4.208596603 7.711588892 -3.409231210 
-4.552130791 9.123935136 -3.321783975 
-1.906829604 8.708698734 3.997909635 
-1.782510534 9.675516579 3.683611168 
2.567898004 11.418013353 -9.805657199 
0.818862240 12.784853054 -10.179738555 
-10.547244615 6.665322104 8.827945303 
-9.963587228 8.850225078 9.439697073 
2.984051587 7.226247374 -9.690920670 
4.653889988 7.379359122 -8.307971864 
-8.133703248 2.763425414 8.793556047 
-9.151352320 1.851556354 7.193243295 
-2.393023035 14.828832919 -6.407154739 
1.037339180 14.976142452 -4.839896929 
-7.350971612 12.871664567 6.807282167 
-9.386126463 10.850660082 5.746636664 
-6.264048885 16.577809473 -1.971061210 
-6.062036270 16.920639965 0.044961054 
-5.501785074 16.893247296 2.452956214 
-5.575998141 17.116354311 0.374263032 
-2.763794274 24.548351648 1.936983119 
-3.433516141 23.337111743 4.619179790 
-12.663080566 20.507866916 -2.602087589 
-10.624751597 20.803019142 -3.753819221 
-0.072185912 24.672750993 -0.766494066 
2.066780382 23.819583557 -0.033031247 
-15.544918329 18.232314851 0.490196134 
-16.183046330 16.381859589 0.754505726 
-9.066178036 14.625502873 3.296993168 
-10.030453589 15.239127731 2.021296532 
-2.207711785 17.530828483 -3.922612033 
-1.578870681 18.689359400 -2.450387886 
-2.959615459 16.065916485 3.726361905 
-1.104810101 15.995998218 2.066807569 
-7.715137626 14.183163414 -3.921728911 
-8.618163257 12.823314970 -2.550032389 
-1.511094087 24.331288347 0.123636955 
-0.235015577 23.427385082 -0.902654865 
-14.536025259 18.684293214 -0.584905437 
-14.667756212 17.243953128 0.616413576 
-5.959168416 24.989404822 0.986837038 
-6.971288907 24.719731217 -0.736175944 
-11.916512316 22.451785113 -1.161446652 
-10.652385812 23.172404495 0.609642443 
-6.260904897 12.617859324 -6.646644174 
-3.321807122 13.691525134 -6.385420508 
-6.856326821 27.183641024 2.890869916 
-8.416061176 24.178125702 5.382767190 
-9.037723923 9.626198312 -0.060018885 
-13.795957614 22.376356679 3.657306809 
-6.724697504 27.391917634 -7.137511068 
-6.732195553 25.746237312 -7.827980002 
-11.323707550 22.331962243 -4.085946034 
-4.572547399 30.197361230 5.804367343 
-16.921761041 26.348643821 -5.992364054 
-16.306464488 25.163341176 -6.727614449 
-5.170359024 31.423989864 -0.498530388 
-4.358191704 29.953353047 -2.644721104 
-17.337557536 26.203308470 -0.520637303 
-17.309758317 24.512692200 0.561768936 
-3.099755841 16.361759149 5.703139516 
-6.157142748 16.484365911 2.813831960 
-9.689225836 10.655917712 -14.117291980 
-10.527912710 12.984375603 -12.165754453 
-3.699518510 8.007807021 4.470603134 
-2.723592889 7.749232099 3.985540264 
0.199392726 9.552218806 -3.153855602 
-4.296690811 0.437596173 -3.602951554 
5.568418722 6.471947451 7.264439294 
11.767925339 13.721011831 9.757716015 
-17.500647402 3.036761191 -10.441160820 
-16.492634300 2.897381218 -9.789582966 
5.766304215 10.743349596 9.429462812 
6.567499859 13.231764372 8.022808757 
-18.996777548 7.650483702 -10.788371593 
-17.845417484 9.671355987 -11.030667068 
-2.049896906 5.718359927 -3.361538309 
-1.498618526 5.714385347 -3.015349090 
-3.652596877 2.800749692 2.913598721 
-3.911580210 3.296743081 2.066012720 
4.670908108 2.008232059 0.591824704 
4.366402487 3.691332166 0.088123036 
-4.448139292 -1.760984906 -1.090029416 
-5.342040130 -0.543504171 0.035684614 
5.866832511 0.328019912 9.492222862 
6.438045571 2.241197510 9.857042333 
-8.668717381 -4.185036973 -6.708054571 
-10.082345691 -2.982385687 -6.578733733 
-4.747465059 -1.653010594 7.696887819 
-6.074288549 -0.436329902 8.739426300 
-10.354392867 -3.539875917 -4.010151109 
-10.955925060 -1.894879666 -5.196213090 
-7.545860257 5.454093198 0.628849450 
-7.374520631 5.693018942 -0.821522681 
2.938404799 8.510612723 -1.913725351 
2.148305873 9.536930694 -0.279722866 
-8.715652330 7.222445127 -0.376176108 
-14.344709832 10.923623896 -10.363671573 
5.857079601 16.642068643 10.853604070 
5.140343321 18.007145047 8.842526128 
-5.432455132 4.722793133 -10.422782248 
-11.455918031 16.506608211 -16.410796736 
2.932338670 8.409400335 10.345181467 
0.089428494 9.467598207 11.930798598 
-7.008989271 12.637895238 -19.132207299 
-2.093772921 5.485920621 -10.440060646 
-3.743766233 13.852293438 18.882505069 
-5.988896796 12.495460734 17.825121121 
0.600336731 5.190976156 9.604139381 
2.257814550 5.563435140 8.847908737 
-4.494250020 -1.149527814 1.219649308 
-4.625919861 -0.248421357 1.813405054 
-2.434747941 6.905908575 10.802886141 
-1.510597703 11.026773574 11.019296664 
-5.228205706 8.282619604 -11.349697146 
-6.617391136 9.508135543 -10.893329309 
-1.750830511 7.440242070 -3.425426300 
-6.311766614 7.488604545 -1.741634858 
-3.174634181 6.079269228 2.987400634 
-3.982106668 17.299239799 1.316295921 
-1.395101241 5.581636178 -3.263906616 
-1.609807457 6.157493182 -3.844550916 
-2.274758426 5.134827219 3.092989075 
-6.100640027 1.638485343 -1.576735752 
-1.287173793 6.003126878 -10.605020771 
-1.944087732 7.730418944 -11.452735722 
-4.434151520 4.640126877 10.505332059 
-6.460831642 5.877392141 10.975888689 
0.046086071 10.199213284 -4.047123955 
-3.887980431 9.442637505 -4.908265348 
-5.367804432 2.990971748 1.637561238 
-5.692016545 2.470230985 -0.289478652 
-7.247263876 16.086974320 -4.360796306 
-7.008218690 15.071593447 3.349571605 
-4.411664182 17.162650289 4.994285923 
-4.315296724 16.255688727 -3.131770925 
-2.725073765 5.778529355 -3.581900275 
-6.374580063 6.986252780 -2.923544588 
0.158434241 9.350905453 3.493909317 
0.354838577 11.705729199 4.779549141 
-7.922146132 24.087651575 -3.053527655 
-8.048722074 24.330952375 -0.992995360 
-11.249921525 22.772060902 2.202404499 
-10.230624444 23.443459975 0.604917081 
-1.908558955 23.842733145 -3.120525897 
-0.441725563 23.443095694 -0.784766462 
-14.439100030 18.541395638 1.255842615 
-14.524226597 17.355468289 -0.266316424 
-8.781662126 12.344391766 4.727950397 
-4.623107168 10.535807373 4.633468758 
-0.122517474 16.212537164 -3.458911227 
-2.208449810 10.493989110 -3.999182929 
-9.203303804 12.719511222 -2.780701196 
-9.968345090 13.601700519 -1.524586808 
-1.475425938 16.207333461 3.820078623 
-0.950637276 17.518704665 2.073675621 
-0.936342866 23.862356227 4.807376904 
2.065601639 23.363725301 2.627503910 
-15.177003838 17.449404868 -4.684029847 
-15.737854057 16.042324000 -4.126565644 
-4.760705700 24.365045872 -0.092937488 
-4.399977801 23.545498822 -2.865317478 
-12.642186061 20.904240409 -0.453572779 
-12.737178306 19.923413051 1.582286908 
1.516635537 9.322967609 2.397558288 
-5.564875853 17.015841043 -0.432726944 
-2.443404447 5.088097451 -3.639103061 
-3.053776948 6.992355758 -3.725372794 
-1.971851942 7.121428058 3.415252334 
0.538603142 9.625673636 1.709405790 
-3.217360893 6.374631702 -3.581381418 
-5.681189833 7.125258145 -2.481616360 
-4.497398189 6.998649475 3.588754295 
-6.140007202 13.405675497 6.115690273 
-3.727663395 13.343106036 -7.780254721 
-5.100664807 14.150215295 -6.586109212 
3.067118270 3.723417686 -2.162845892 
2.485845158 4.538464571 -2.922819000 
-5.585939571 0.751656440 -0.113601427 
-5.364406227 0.865297319 0.856904218 
5.181272484 6.902645627 8.100762066 
6.165159556 6.925255039 6.702732766 
-6.569572196 2.046620790 -8.834390396 
-5.209011047 0.459019524 -1.971852756 
0.910124488 9.794883752 10.544078150 
1.116217287 12.046009986 9.578599940 
-6.047142279 7.686697365 -11.054473229 
-6.796034742 9.361328450 -10.405100817 
1.029254040 10.304767328 -3.232055214 
-0.872556316 10.303358523 -3.953286423 
-6.480140619 8.338415910 4.431568606 
-5.589363474 8.422568529 5.491472043 
-6.776138934 7.234770594 -3.585566261 
-8.734484069 9.341614347 -4.691177477 
1.341582898 11.229725026 5.773181037 
-0.196245151 12.919521854 7.432639581 
-0.391254456 8.188295757 -11.155408022 
-2.253142090 9.654239851 -11.806016444 
-8.475911329 5.860938035 10.767391231 
-8.220544928 7.855240384 11.584392106 
3.636350185 9.065238457 -9.002567968 
3.741907690 10.055448377 -8.336354915 
-10.164112361 4.017171782 7.235189503 
-10.003575639 4.942141667 7.165595532 
-2.492527886 15.357115378 -5.634515445 
-2.503345468 16.085223955 -3.453034940 
-8.107992663 13.053444238 5.622129150 
-7.680634975 14.001425812 3.869614710 
-9.481653167 13.430404828 -3.679602984 
-10.509593052 13.893628633 -2.463004064 
-1.400317490 16.559057011 4.633785909 
-0.467110105 18.008605820 2.933346028 
-8.010935854 24.469056371 -1.189812267 
-8.800373159 23.916246828 0.588207563 
-10.214438389 23.571716590 1.203560957 
-8.775632830 23.948515545 -0.314892302 
-3.178010069 24.741631542 -1.069092475 
-1.279248621 23.962943598 0.549351086 
-13.488091938 20.438404392 0.856791558 
-13.765134017 19.059786822 -0.013758605 
-7.714198537 16.486828975 2.839005685 
-7.928022107 16.414426496 1.006600330 
-4.841038437 17.722536701 -3.684988969 
-4.311348036 17.966761756 -1.422512756 
-1.978257226 14.377686809 6.777653935 
-0.066781426 13.827841386 6.257188989 
-7.168755615 12.427065003 -7.503259279 
-7.661754920 10.880628346 -7.135318648 
1.099725169 23.755085053 3.301087790 
3.255184353 22.627290012 2.128131388 
-15.781769167 16.543551542 -4.093307383 
-15.875927406 14.855704435 -4.158976821 
-1.314427608 24.617892766 -0.915931238 
-2.282056807 23.859800369 -2.485114744 
-14.375084544 19.358248630 -0.565837160 
-13.421361088 19.258294630 1.531669634 
-11.192412754 16.592247484 10.891822960 
-8.143087100 18.092563790 11.720202281 
-6.260390962 17.908689184 -12.886610617 
-7.354801469 17.637684243 -12.709273555 
-12.023700258 20.450473958 -6.061234366 
-10.662478636 21.054189533 -6.282271879 
-3.409896263 23.885494403 5.093927284 
-6.325597704 22.747806538 6.131027813 
-7.093524642 7.908788469 1.496176857 
-7.473282488 8.133666910 -0.475030886 
-1.928577790 13.798798817 -6.315953665 
1.227167994 11.694331051 -2.422389793 
-8.604921712 10.530381641 0.551521816 
-6.306135915 10.302985283 4.454940568 
0.844012687 13.389604315 -2.303387389 
-1.864342835 11.477328999 -5.621270738 
-2.977980647 1.298561879 5.649388916 
1.495810947 3.584129268 4.174395077 
-3.591230670 -1.064796464 -4.183364950 
-4.980274328 0.936449250 -1.436718134 
-5.817060774 3.772026312 9.914713874 
-5.609035106 5.594617022 10.996049701 
-0.944986583 8.604028962 -11.018518064 
-1.635827514 9.630054731 -11.071052930 
-2.681689497 7.279598583 3.579826037 
-5.329856533 8.473182952 3.550578791 
-0.374543837 9.198435275 -2.525139452 
-0.886975442 9.670518943 -2.960918910 
1.645626915 5.631267274 -0.732831758 
1.587519469 6.958318758 -1.632401895 
-4.771837942 4.284156642 1.425125836 
-5.773347304 4.327519518 2.004131296 
3.495018061 9.239305294 -9.376952466 
4.815194973 11.382600690 -8.306531876 
-9.139167647 4.551475619 8.804731257 
-10.940317417 5.904154807 8.063556881 
2.753008232 3.615193911 -3.973617791 
3.174411461 4.054172676 1.975947505 
-6.070008852 0.391965334 0.286412226 
-5.577121618 1.161485127 0.242974503 
-0.768808494 10.567669057 -3.857195836 
-1.761469018 8.423984158 -3.537540116 
-5.240924892 8.599947810 4.081099484 
-4.195867934 8.421237654 3.529584821 
-2.997943265 8.022932776 -3.629005912 
-2.704106897 9.370347591 -3.942039556 
-1.840688501 8.868657694 4.048436797 
-2.613679604 9.234768013 4.401039199 
-16.812946164 14.835474711 -4.781759782 
-16.010646332 16.399300385 -5.872520856 
3.355837460 22.769260031 5.243513149 
1.535107753 23.865684703 5.073221416 
-15.828815155 10.075066921 -7.402220723 
-15.200071373 10.926585834 -7.249092477 
5.421817978 19.448053345 7.102477049 
3.261052939 17.903006966 9.844975380 
-7.066512871 8.258382367 1.954735936 
-7.083294273 7.918304789 1.355622241 
2.023963577 10.435719766 -1.264428904 
2.065486118 10.081545487 -0.462666846 
-6.290044428 5.851793468 -0.452024422 
-8.318667227 9.627071925 1.967011828 
1.297643135 12.302938893 -1.489904011 
0.562378150 13.897170056 -1.157697636 
-7.773668485 12.067734474 -5.993998953 
-5.508286086 12.869586857 -6.467459160 
-8.421795590 28.240689293 0.491486177 
-7.435404789 25.957505423 2.610806114 
-8.951356336 9.727324571 0.494234508 
-11.048147435 24.236052158 7.439013535 
-8.710041701 27.079997680 -9.454839210 
-8.031502624 25.389133329 -9.861455872 
-4.542437657 31.839171415 3.544735059 
-3.493110253 30.254701193 6.531836579 
-18.420177222 25.185345777 -6.731364563 
-18.037574372 23.690347999 -7.369867511 
-4.494829871 31.732942089 0.402980632 
-2.146192406 30.581598351 -1.613023950 
-18.189172153 25.844119703 -2.311869100 
-18.203921879 24.143520212 -0.991790954 
-7.925748622 14.990829525 4.659100440 
-1.771388889 14.665901923 13.386852552 
-10.451519054 9.043865849 -14.384930446 
-8.987616186 10.874338805 -13.335021994 
8.507191149 7.196223736 11.013594918 
7.953378745 6.697614749 9.324652309 
-10.566257379 -0.800392092 -9.761259393 
-4.100108658 0.635603934 -3.965810995 
13.132909054 15.416101756 10.092840999 
14.323334093 14.525512569 5.395406719 
-18.565844657 2.789201256 -9.534156844 
-17.506945596 2.123343735 -8.266765174 
10.065091130 19.335300826 11.363749100 
8.486286470 20.447739331 10.348918080 
-19.839241601 6.870710713 -9.734181449 
-19.156923564 8.604616427 -9.249479094 
2.493415272 3.250140376 2.375612381 
5.310986551 1.541861164 4.022365742 
0.728521590 4.058487200 -2.878019411 
-6.562631822 -1.947254160 -2.141234789 
2.637611292 3.035321333 -2.349545234 
0.440648788 6.117695039 -2.282907490 
-4.390976963 -1.790300944 -1.121282519 
-5.828443258 -0.271824023 1.424709412 
6.236999416 0.808020778 9.210889907 
7.642843891 2.965712541 8.741044085 
-7.942813039 -3.612392308 -7.769661171 
-10.284358892 -2.682177402 -6.593348662 
1.905668290 0.853884592 9.045809457 
-0.546201566 1.772373718 10.679962784 
-9.304139666 -2.913380568 -7.036764081 
-9.507352036 -1.178755909 -8.097133186 
-10.814659058 6.807661051 -13.654068046 
-9.207133484 6.839899524 -12.573506825 
2.916924072 8.768983851 1.155177397 
0.757674251 9.343709610 3.606773175 
-16.034661640 14.775746354 -12.860812971 
-14.990165884 15.183050368 -11.807739053 
2.186716648 21.461769493 13.524188475 
1.161015826 22.674717526 11.487565931 
-9.834058860 17.486750225 -18.937193018 
-9.486149176 19.341657472 -17.407522842 
-11.654976768 17.169936730 18.232803170 
-9.490544064 19.747419484 17.032492182 
-7.211939190 13.875000947 -19.455470495 
-5.364318008 13.447168176 -18.394176022 
-7.867147849 14.175133443 19.072373038 
-7.733448218 12.776265699 17.802281714 
3.163813698 2.585770021 -2.540641178 
2.995896034 2.765741243 -2.881431411 
-4.563140942 -0.870764952 1.220920442 
-4.617090977 -0.186329473 1.852346351 
1.292128873 10.091541826 10.265231085 
1.377781908 12.042661843 9.953271365 
-6.702797440 7.630269257 -10.967744333 
-8.633971631 8.641299769 -10.146127184 
-3.844792537 7.909973581 3.549067224 
-2.826168676 9.977255127 4.028341355 
-1.524336841 8.851041285 -3.664985043 
-3.245192636 10.248304906 -4.637668722 
-1.283887220 5.991082184 3.285628850 
-3.443472737 6.449858677 2.926265782 
-3.275068549 5.044286024 -3.512101628 
-2.133351587 10.310998379 -4.447350855 
-1.069618479 6.003861796 -10.523695453 
-1.420100671 7.993286452 -11.399912941 
-7.882305174 3.316043319 8.735339292 
-4.328081341 6.603877681 11.511590620 
3.089007220 7.311656410 -8.092597758 
4.078835658 9.128788458 -7.229602211 
-8.205792303 2.476760875 4.981236801 
-9.530190112 3.755768305 4.993336226 
-3.445664601 9.223148014 -5.957743540 
0.453160115 10.481630276 -2.037134332 
-4.473946986 8.554030964 6.494746553 
-6.733213732 8.314419755 2.054018881 
-2.303215496 10.043377348 -6.528124568 
-1.427813015 10.968896768 -5.107930048 
-6.331666043 8.483397661 5.908364037 
-5.200652417 10.101280162 5.718641869 
-7.369102310 24.356802056 -2.540259199 
-8.868760766 23.976917270 -0.853404794 
-10.527737513 23.159807836 2.375705327 
-9.742606103 23.625473141 0.734555853 
-1.736432522 23.999848121 -2.162912089 
-0.472126567 23.478331126 0.317043989 
-14.593378177 18.358580558 1.077857224 
-14.414397561 17.378704711 -1.239595232 
-3.390697478 16.042859219 -3.752744415 
-1.772620695 16.414355276 -1.699525415 
-7.526752630 14.331768765 4.047489216 
-8.650187737 13.360263444 2.077799164 
-8.885580532 12.898887143 -3.183329846 
-8.425413132 11.047490815 -1.348927864 
-2.044835001 15.887085768 4.731279038 
0.215041362 13.721184451 2.124394756 
-0.919965525 23.938105822 4.616015058 
1.872735144 23.341475029 2.834311357 
-14.513168708 17.776868409 -5.738980662 
-15.655992415 15.910250381 -4.494647132 
-3.948271257 24.445545137 -1.502308727 
-3.801469200 23.607300262 -3.350167723 
-12.942960340 20.690335495 -0.518864622 
-12.690293793 19.979749919 1.609996057 
-5.727740133 16.736384006 1.956336755 
-5.829355437 16.933903213 0.022138320 
-5.611144001 16.809493779 -2.599357331 
-5.999208412 16.839962889 -0.526468835 
-4.759953777 17.003030158 2.193567323 
-1.880325870 8.576125692 3.602840707 
-6.764317418 16.211728404 -2.744133047 
-3.478628498 7.741311836 -3.855242009 
13.671701444 9.436745432 -5.264270859 
12.405919075 10.550579332 0.039878305 
-11.820761194 -1.836122251 -5.218791360 
-12.830892935 -0.000900072 -4.865867653 
3.083310546 3.381466276 -2.331274209 
2.477649402 4.515074151 -2.947791990 
-4.418188554 -1.276226339 1.214938004 
-5.345160148 0.905923345 0.870748725 
11.537388217 10.842683875 -12.849959813 
10.722549543 10.871012619 -11.718243807 
-16.551421396 -1.945400555 3.539775362 
-15.287848226 0.169947233 7.438098964 
11.397570475 14.504636921 -13.488201302 
11.600667714 15.987381620 -10.827013403 
-18.650973714 -0.296416569 2.633240914 
-18.966688665 1.838920658 2.870356874 
2.461118526 20.083391721 -14.816255837 
4.155234838 18.996540003 -12.638853014 
-18.931155516 11.384189816 11.248269238 
-18.447374912 10.384365813 8.959955622 
-6.381563231 21.370185057 -14.873086806 
-5.986528345 22.068450587 -13.073760631 
-13.104117372 20.911701658 14.252401571 
-10.469268474 18.643443040 13.790313350 
-2.364151262 29.963264502 -8.868306347 
-3.968765642 29.214937297 -7.651603680 
-18.242926622 23.328516823 9.062773104 
-17.611188028 23.672854267 6.895002113 
2.418416525 28.328633931 -10.205940364 
4.176905391 29.294482260 -3.960841750 
-19.913849595 23.810672456 -4.709486842 
-21.275143494 18.755827031 5.378960007 
-10.183051801 27.899869797 8.272201806 
-7.285396440 27.529802190 5.966846896 
-14.590245848 25.754820160 -8.583634606 
-14.172432651 24.232049334 -7.322910692 
-17.766322256 21.762295066 6.942922615 
-16.729520443 20.598048552 6.378378024 
-3.712205689 26.023437360 -14.705865442 
-2.445234267 26.954319461 -7.602099521 
-6.101351855 7.633788642 6.634147514 
-6.675583855 2.930324217 8.536612057 
-5.639646259 23.308849955 -16.388650141 
1.384358242 11.539735830 -2.321642349 
-11.238425568 22.285973846 16.427418632 
-8.886588682 20.585605939 17.188757328 
-10.025397961 22.662986585 -16.025750952 
-10.047106261 20.459866694 -16.081679311 
7.546753099 24.378108074 -9.355168142 
5.351081953 24.201481318 -8.567257907 
-22.192628958 12.482543612 -0.648022129 
-20.581220076 14.058340336 0.220375920 
13.379053712 6.024528434 -9.789386633 
12.740836187 6.731193994 -7.713348324 
-3.918734106 -2.206461833 1.582730595 
-4.427301061 -0.784014375 1.756485201 
-2.190733437 3.518677672 -3.697110601 
-2.205882542 4.564254686 -3.241708164 
1.602540273 6.045158342 1.541792939 
-0.251524210 6.961569135 2.603031177 
10.727914005 16.534552572 -14.349213665 
9.266178979 18.035351388 -13.351620504 
-10.375930001 -0.507981197 12.838135141 
-9.576586808 1.991036429 13.644312235 
-6.742674936 7.219450176 3.607947421 
-8.686706667 9.083070317 4.568375203 
0.900388018 11.133364004 -6.297778923 
-1.115919113 12.903731837 -8.209925548 
1.129707808 10.053382907 2.769966455 
-0.958731169 10.214141090 4.037805074 
-4.177252463 8.070192199 -4.889053005 
-5.762141581 8.372769498 -5.409024633 
3.720137578 8.915093291 8.766184841 
4.694553164 10.335791564 7.394760797 
-8.449463191 4.650935417 -8.949364353 
-9.223682888 5.116413234 -7.969959408 
-0.097035419 8.104604232 11.000761225 
-0.982876703 10.152536422 11.541762621 
-6.397581399 6.702921290 -11.734264685 
-4.885839413 9.079419730 -12.469496846 
3.055412544 3.727945104 2.209175885 
2.437419747 4.490782017 3.019538519 
-5.463627737 0.546106262 0.070172384 
-5.354390701 0.897546249 -0.839527952 
-4.391814599 7.009031144 -3.632674136 
-5.008535284 8.488749814 -3.321444200 
-1.255414724 8.543910236 4.306401509 
-3.325253694 7.998823927 4.359350963 
1.277569069 9.986526088 -10.362890437 
0.325826435 11.708839867 -9.990966010 
-8.482826722 6.773442305 10.001182737 
-7.622286004 9.105561174 10.073847115 
3.052431325 6.136152490 -9.644629866 
5.186235614 6.607281240 -7.787096767 
-6.074164190 2.624402906 9.441041698 
-6.726107153 1.907339576 8.134838603 
-2.034066159 14.372563042 -6.858053779 
-0.593552927 13.680049181 -6.655453571 
-6.821324827 12.511645687 7.575780977 
-8.439964758 10.564918509 6.689988174 
-7.300837378 16.561459460 -3.080049542 
-7.654815698 16.573206662 -1.032834647 
-4.946891028 17.647577002 3.856646122 
-4.074988841 18.043163257 1.164261782 
-2.243583779 24.642305073 -0.573898124 
-2.332510526 23.884699303 2.287274396 
-14.237923447 19.350690334 -1.118510552 
-13.045127646 19.432718700 -2.201154826 
1.068245962 23.684275934 -3.670845040 
2.526816020 22.880117583 -2.377855413 
-15.829518843 16.722442124 3.490760872 
-16.209428265 14.957323082 2.413775302 
-9.091024490 13.424907582 3.825671939 
-10.753547621 13.898600931 1.494487880 
-1.458971095 16.730425331 -4.637341222 
-0.923479512 18.034302182 -3.398110899 
-2.501497067 15.330251129 5.678901516 
-2.526224360 16.065366999 3.476332600 
-7.748897300 13.209420015 -5.810664969 
-7.628173941 14.045499465 -3.883070581 
-3.407606710 24.696383098 1.535175522 
-1.753967050 23.993525694 -1.688741359 
-13.229551319 20.656526396 -1.043164571 
-14.070300568 18.747976721 -0.089393107 
-7.538137162 24.650419077 0.897151396 
-8.945453829 23.863892133 -0.568741008 
-10.004313801 23.656756939 -1.399102150 
-8.534796827 24.038097917 0.156011944 
-5.489039030 12.376722650 -6.920178788 
-2.884930771 10.563856600 -5.434706184 
-3.042952751 13.212613132 6.498705096 
-4.356943638 10.063129004 4.613481979 
-10.417400784 12.361897764 -1.851265410 
-10.191543636 13.105479857 -0.530033500 
0.723871430 16.916279580 0.783964650 
-0.050685736 17.153001990 -1.477501312 
-10.253946000 22.830890847 -4.794517950 
-9.963246100 23.330432866 -2.828699621 
-6.479487988 24.366503199 4.018697773 
-7.383441336 24.388215673 2.214871021 
-5.982124835 22.429925303 -7.748316451 
-4.951688711 21.761541410 -8.025876352 
-10.719205225 20.548195184 6.762493440 
-12.003456328 18.833668223 6.176741833 
-9.178742235 15.124880252 1.187203104 
-7.917817135 16.261574917 0.331716257 
-2.247537526 17.920360479 -1.031105894 
-4.090464370 17.861657175 0.050892165 
-7.212525119 10.491997347 7.057893291 
2.117008646 11.998553711 4.438296006 
-4.447273358 0.365583880 -2.680997645 
-1.007228977 8.537865982 -3.479809851 
-4.771852806 20.472022150 10.796681628 
-1.836799673 19.798579490 10.869403232 
-11.295693839 17.266608197 -9.985293937 
-10.961169220 15.625244244 -10.581512183 
-4.919829678 23.003445832 7.034725797 
-2.670983106 23.577715025 4.073432004 
-12.254742363 19.559583325 -6.357760540 
-12.277238994 19.537655854 -4.771927440 
-3.221342086 3.323353542 -2.842336132 
-2.262136936 5.286651386 -3.157544947 
-2.338217967 8.486119846 3.792306619 
-3.600335388 7.630301431 3.308298767 
-1.002514827 13.789108131 -9.016886400 
-0.612841867 15.291053870 -8.033617389 
-7.963310653 3.396677653 9.168591791 
-9.852954936 3.704124241 8.078616234 
5.646150404 6.330194263 -6.730900651 
6.910968025 8.251221025 -5.849330864 
-4.494317295 -0.879287271 -1.312660136 
-4.948573983 0.590759694 -2.021103265 
2.766429567 4.568704467 2.104909611 
-2.383173151 6.468798770 3.607791495 
-10.257973997 -3.472157774 -5.968496980 
-1.765629019 6.357276547 -3.365607882 
-4.119522023 4.868971889 -2.788016973 
-3.555505447 6.395368411 -3.175213631 
1.476831268 6.689268243 1.176492771 
2.247762794 9.472051020 -0.293655542 
-5.029294884 4.404422714 -1.961547662 
-8.244859799 6.623038403 -0.053212255 
2.182181975 8.857441525 0.434176637 
2.856964473 12.226602792 -0.539754073 
-7.034936478 2.957988024 -8.751217567 
-7.924695439 4.632071936 -9.690368243 
3.477018871 7.390996374 9.300414587 
3.122384478 9.317193187 10.127252077 
-1.022708220 5.263485482 -3.412616858 
-1.100876574 6.134391666 -3.420388568 
-4.375781136 1.634108711 2.534453832 
-4.821664607 2.786020596 2.666936285 
11.103657790 17.642464163 10.907497314 
14.488024560 20.258565079 2.448104163 
-5.433455736 3.191855708 -9.455517863 
-20.587059266 5.546359746 -9.239821615 
1.540558096 17.999791764 11.801502652 
1.070710246 18.730416701 9.910653604 
-13.639816750 11.370007076 -11.613280732 
-6.616101277 15.305777884 -5.895941132 
-1.680686410 5.433141999 -3.264208318 
0.762985608 7.194062380 -2.653933078 
-4.016569408 4.555718357 2.714205072 
-5.329432909 5.116262498 1.957284977 
2.628154881 5.871845650 -1.731017465 
3.193238025 6.489787726 -2.193593226 
-6.227206712 2.691312426 -0.410295174 
-5.979271680 1.638815697 -1.588458295 
7.132367147 18.973586075 -15.706695948 
6.849300825 20.174818685 -15.009343026 
-21.087633652 5.266747625 8.274522965 
-22.677184911 8.600305607 7.335184359 
7.136869526 11.468457373 -9.645595108 
2.797866407 7.053674861 2.113634479 
-6.967922513 6.380207323 5.696324015 
-7.666132638 8.467401212 2.725273701 
1.008411869 11.286663660 -4.015511710 
0.627246602 11.763789491 -3.912085569 
-7.404674983 7.901932003 3.523488945 
-7.820450475 8.300783198 3.453367780 
0.661027324 15.316223888 -14.139632883 
-0.095242732 16.295881059 -14.132561305 
-11.488599780 8.002712264 12.543147694 
-12.712149275 10.315048683 12.639140325 
2.939369447 30.611439781 5.531258203 
2.422707601 29.793376230 8.126770985 
-19.443763181 20.641421314 -10.567378064 
-18.424246365 20.484347157 -11.793396824 
4.156353215 24.779141345 -1.365149872 
4.816986920 22.384615305 -0.783561661 
-19.038761209 13.308860452 -1.257999461 
-17.372943199 12.396616405 -0.745765847 
-6.783077975 18.365510490 -1.271095892 
-5.864518082 18.586339878 -0.654425864 
-6.018297669 18.538855733 1.654597008 
-7.196659820 17.941312257 0.835516288 
-6.246387673 27.149101804 2.045354447 
-9.825016172 14.977989466 -1.462761886 
-12.911776090 23.878445882 -1.472143610 
-12.388571383 24.354634628 -4.831301983 
4.092053672 28.871437159 -9.697516966 
4.224475959 26.664546156 -12.912052438 
-23.660878695 16.698578859 4.809960603 
-23.600302960 15.631422806 4.960415463 
-6.506403949 25.249051894 -7.961228182 
-7.789129297 15.795811143 -2.526766628 
-15.316453107 21.615691594 3.928608110 
-12.755325294 21.038046439 5.408759894 
-6.886156815 15.174952788 3.114410145 
-3.756881753 18.355455675 1.490965771 
-4.297197599 16.361283641 -3.509853906 
-7.766043794 16.519175332 -2.455335399 
1.657338684 26.628201734 0.786889414 
7.535513617 23.790409443 -2.442882143 
-19.766219224 12.510388365 -3.284596134 
-20.228594245 11.169969070 -1.882845078 
-4.034719162 7.775663232 3.455364714 
-5.510011983 14.807967854 5.113042103 
-4.890639103 13.606105819 -6.785749128 
-6.354274796 14.353099767 -5.493529773 
2.401321780 3.676750829 3.901672304 
3.234591079 3.297919910 2.802031730 
-5.650374013 0.741100001 -0.022945952 
-5.814666691 0.710041342 -0.610595648 
5.052377584 8.076882499 8.224475156 
5.566684303 7.752608059 7.381631584 
-8.068593945 2.802701128 -8.849583084 
-8.983631557 1.910460633 -7.390824458 
2.957942758 11.614825009 9.521824903 
4.214014987 14.056087139 7.406468381 
-8.673714771 7.347625357 -10.209617424 
-9.987677950 8.833046122 -9.422988111 
0.898581349 10.013063857 -2.917278653 
-0.789444305 10.345789248 -3.716672514 
-5.715498059 7.935048240 3.915468155 
-7.028505601 8.062451698 2.322816259 
-6.672104735 7.684216855 -3.677597505 
-8.277949773 9.920650442 -5.097905124 
0.389369295 11.093919523 6.328211499 
-0.305973697 13.035377692 7.309727300 
0.497309236 7.958624620 -10.699267171 
-2.215638028 8.602501742 -11.657907155 
-6.174998231 5.683647297 11.150667794 
-8.196596360 7.135028129 11.328788396 
3.257478684 8.927594943 -8.931340887 
4.706939922 10.644668333 -7.268528008 
-10.333067105 3.815677192 6.284259386 
-9.635683797 4.956926274 7.252953504 
-2.954641363 16.071734967 -3.754373575 
-0.732736110 15.894613508 -1.908404874 
-7.985469302 14.073337502 3.747296904 
-6.625491653 9.366558395 2.863742713 
-9.065902423 14.721788920 -3.305822279 
-10.037725820 15.309189151 -1.931711790 
-2.832155423 17.160247287 4.772907894 
-1.699623420 18.657189366 2.604743013 
-5.763737117 24.995841639 -1.264065579 
-7.043244801 24.676417167 1.020896824 
-12.156708159 22.328787680 0.604980715 
-10.982805668 22.988092684 -0.754734693 
-1.146915596 24.281888036 -0.479099000 
0.024554189 23.354197118 1.118047189 
-14.501434499 18.744329823 0.070768484 
-14.780517580 17.063730768 -0.853403507 
-6.153804039 16.641634978 1.910019797 
-6.236969984 16.859917406 -0.002481265 
-5.655511122 16.798378742 -2.644154538 
-5.694320978 17.062331503 -0.440018261 
-2.191104802 14.904463210 6.322135410 
0.723996393 14.875559811 5.224581819 
-7.271723465 12.961100728 -6.900451334 
-8.236317038 11.413242086 -6.567221067 
-0.259782340 24.680219477 1.027806267 
2.089165652 23.785943259 -0.675084993 
-15.311761917 18.304453111 -2.635084109 
-15.981670937 16.437941889 -2.789910218 
-3.053795569 24.458776253 -2.561272600 
-3.582925107 23.406341122 -4.277706846 
-13.563395744 20.108253595 1.027591593 
-12.362400714 19.881045532 2.976820365 
-12.930489751 24.264632581 1.550177838 
-11.355204324 25.509237949 1.414748815 
-6.113398150 27.033328051 -2.455353272 
-4.684238271 24.931439649 3.097951585 
-8.341325113 14.424182888 -3.325431079 
-5.542141645 12.176735698 -6.467737154 
-2.426661224 16.849491000 3.048129884 
-3.959972890 12.591672459 6.246140919 
-6.710748509 14.115792538 5.572789116 
-4.051793984 13.798861003 5.070629679 
-5.922986832 14.316138167 -6.226777525 
-6.705180428 12.668156620 -4.847769984 
-10.590605637 21.732199012 -0.343458311 
-9.341551093 23.347321871 -0.263841417 
-5.993613590 23.637376707 -0.893727402 
-8.068331421 23.923185867 -0.353618861 
-2.427348129 2.664857561 9.746116203 
-1.558011307 3.680354723 10.537585824 
-2.828374856 2.914149512 -9.368149239 
-4.180672428 2.455025282 -8.709362267 
-8.883542265 7.984026572 0.086345731 
-10.180857289 9.143491910 -0.105797954 
1.582270906 8.088948432 -1.863762813 
-1.530252388 9.655286989 -3.544762215 
-1.352072751 6.389225378 -3.158456470 
-1.742511398 7.064870609 -3.413241923 
-6.648161434 6.814992995 0.516161860 
-6.776970980 7.743834643 0.838558480 
1.633293286 3.625558462 3.603423585 
2.531548036 6.507119078 -0.876802717 
-4.963133787 1.970314917 -2.426550024 
-5.092200657 2.142226059 -3.365540047 
5.735580067 6.802889811 -7.495025462 
7.028428882 7.553672106 -6.011845536 
-7.809524467 0.731376317 6.360195639 
-8.841889832 0.684621967 5.196258062 
-2.511127263 4.982134114 -3.433843790 
-2.912615538 2.622672349 -3.202178560 
-3.134880242 1.559808832 4.296218666 
-0.259169203 2.906808944 3.775984226 
-4.159674698 17.211923000 -3.080849337 
1.099724690 12.918731864 0.739105312 
-3.932598943 11.086178207 5.608198155 
-6.670208014 16.318241057 1.195674502 
4.653238031 8.078159825 -9.094821285 
5.986032754 8.350063660 -7.714104836 
-11.455212812 2.922774681 6.074722640 
-10.761173312 12.263250067 5.108437362 
-16.453060033 15.189098955 -6.031882523 
-15.453939606 16.596368331 -6.675119868 
2.348683832 22.944117907 6.479161745 
0.085018666 23.146161215 7.345142561 
-4.623571868 7.692413443 -4.568571771 
-6.631639151 8.742430871 -3.878820920 
2.307645590 7.515920055 0.351468726 
1.742089502 9.929398464 -0.247753436 
-5.034493816 16.518260169 3.560547888 
-2.957725388 16.851876294 1.188087116 
-7.167330091 15.572606789 -3.682786253 
-7.826485724 14.827017332 -1.910302698 
-5.436062285 2.448195784 -9.866574740 
-3.127707984 3.232215080 -10.931396411 
-6.042536445 15.110968215 -4.789134692 
-6.874054435 14.953353397 -3.716486501 
-5.754206260 30.762951293 -6.402533052 
-4.252556136 29.306737574 -7.412376110 
-17.831774352 26.008579464 4.336030934 
-17.206953594 24.140349571 5.229466958 
-10.371041137 29.775902861 1.107958628 
-10.322901124 28.079363096 2.010529012 
-12.170157803 29.506436986 -1.692676174 
-10.303679814 28.228186744 -2.944416509 
-0.884996472 31.881228504 5.208953974 
-1.200368206 29.790003615 6.962560184 
-18.755485303 24.229762705 -8.176910921 
-17.292944688 23.603924416 -8.199649721 
1.827477743 32.554083720 -0.245391366 
2.884151124 30.998652304 -1.228759887 
-22.277755431 22.176097858 -3.626148728 
-21.819302482 20.733417899 -2.718291172 
3.182029830 22.216802134 15.523713675 
1.692491624 22.495384368 14.127742270 
-17.450659491 12.772083517 -14.052983067 
-18.080022598 14.083765626 -11.540207942 
2.259006310 12.066307375 17.677726316 
1.849802671 11.367997284 16.125314458 
-11.199779003 6.528381835 -15.781750362 
-10.213205891 5.848314445 -14.118928691 
13.732241382 14.897258207 10.213936246 
13.384979833 13.597059474 7.900350999 
-19.690497066 1.296901044 -6.736405716 
-17.363325377 1.280341875 -7.424486438 
12.337450607 20.082819509 11.019606241 
11.412551679 21.351175224 8.859695371 
-21.307318235 6.282618159 -9.615217599 
-20.941061986 7.819910960 -8.793815370 
6.186832756 3.975632562 14.569871045 
4.112385557 4.636886614 14.542083009 
-6.201144344 -0.989259817 -13.387673230 
-7.041565775 0.547618863 -13.131261017 
10.639347257 3.390248996 6.839462966 
3.408919997 0.990420084 3.817131912 
-4.453488875 -0.004576470 -2.146888623 
-5.025426387 0.207928347 -1.454511124 
14.789079173 14.528262285 8.198527718 
14.114195374 15.286438081 5.101576069 
-18.158484184 1.440632931 -9.307670215 
-17.206923597 2.424493218 -8.822723763 
11.737585842 14.257732699 14.150837642 
9.311013500 14.842766861 14.864502369 
-16.464954698 3.379819995 -13.652831036 
-15.642420092 4.705326685 -13.603829590 
-5.070519176 9.215112116 -19.670527019 
-5.834520031 2.954848617 -8.589643831 
-3.469848627 9.171523190 19.143744899 
1.434649179 4.036665419 8.103330520 
-13.176403456 10.169861072 -16.533206214 
-12.458885182 10.657623625 -15.375975990 
2.511843943 16.003550129 16.889607455 
4.192947588 17.516822574 13.820614126 
-11.050495790 19.190639186 -18.306223021 
-12.215755689 19.540104824 -15.973524716 
-6.615104562 21.371215855 18.042713309 
-5.411267154 22.625189689 15.761769256 
-7.631002117 18.052562451 -20.200172086 
-5.082356883 18.144426039 -19.275680628 
-10.168023678 18.004139783 19.024625987 
-11.504646713 16.167073764 17.796780006 
12.395386200 27.629576430 2.890721559 
12.548997830 26.807512136 -3.341095910 
-26.179524964 11.283466809 -3.856122546 
-25.880770928 10.995959068 -1.592251730 
3.529598365 27.579967680 6.198631038 
2.199725028 26.701658123 4.684721894 
-20.029260814 17.338650474 -7.244021239 
-18.316039854 17.980508928 -6.048077858 
6.895741984 17.258296407 8.827588137 
5.315222021 16.575471362 7.385887234 
-16.121960681 8.871115548 -8.889863687 
-14.485231804 9.341730687 -7.388212735 
12.410801075 18.486775498 5.897070908 
13.325247471 17.836340510 2.406587965 
-10.185612525 -0.274903519 -0.043587643 
-10.466786714 2.038384843 0.374939374 
13.631694434 23.740021717 -8.262246290 
11.833397835 25.738487898 -7.385730997 
-26.268547829 8.391369783 1.056435719 
-25.893600943 9.931949767 2.074004248 
13.432630048 17.554309248 -0.145693577 
11.408113243 17.010744750 2.486241582 
-19.546637643 4.341568755 -4.246857170 
-18.163018129 5.171265537 -3.706828072 
7.324227285 12.387650339 -9.686250619 
-1.468191586 10.466466936 -4.206776747 
-15.189861136 3.249768114 4.985840090 
-6.174376159 8.854220238 3.682358386 
9.951110606 17.735716102 -10.789254023 
8.459412521 19.144104832 -11.435414850 
-18.839039346 5.865730170 9.352858434 
-19.751573946 7.738016571 8.478945314 
7.007486397 25.658717897 14.869321787 
3.109147528 23.907662333 17.942258237 
-21.072239388 13.580686999 -14.658218104 
-19.703908778 14.511061456 -15.122045686 
10.172436688 20.062812301 8.789878272 
9.203199751 18.177991197 8.498034023 
-19.426427381 8.154419086 -8.598733888 
-17.599936443 7.827362631 -7.917205354 
2.546959200 25.614746723 3.154846114 
2.344934399 23.623538991 2.457944901 
-19.002901448 15.514911463 -4.617884425 
-16.641977151 15.469414768 -3.324236086 
1.330060822 29.044744559 6.004647923 
-0.079207340 28.397090178 8.240444175 
-18.758252563 19.155927267 -9.953323000 
-17.638498206 20.509203697 -9.259142821 
0.586899991 22.766503819 -20.376721879 
0.242739015 21.972181170 -20.184231544 
-22.402467187 15.466704900 12.927469327 
-22.570038773 13.746850749 11.974632115 
-6.792091379 20.784367558 -16.512897525 
-6.705971614 20.196906966 -14.564863686 
-13.532637150 19.813895172 13.558025898 
-10.723727789 18.819954635 13.413021350 
-3.482700710 26.580105516 -6.749829787 
-3.816632110 24.752892312 -5.305315826 
-15.653016300 21.299220942 4.647805899 
-13.491114633 20.562249825 4.537171714 
0.990884288 28.718024356 -7.874891154 
2.847494712 27.530308663 -8.394391814 
-20.790532164 19.212546865 4.856280058 
-21.111500642 17.453530522 4.685780802 
3.988423085 27.114485070 -13.831565729 
2.959729799 26.879408584 -11.287130237 
-22.883190066 17.375333835 8.606312983 
-21.082078635 18.654533004 7.913690579 
9.359508200 22.140113277 -16.980054438 
11.167712677 21.711513695 -14.576787862 
-26.374787063 7.829259499 7.032496711 
-24.267022601 8.883333619 10.122410464 
3.811849101 14.513274875 -16.219801831 
4.699107581 13.704118577 -14.929344305 
-14.443958797 8.638351679 14.334903211 
-14.560138411 6.658571938 12.705831532 
-1.015880755 17.515586633 -15.703773350 
-1.268995883 17.581140848 -12.961967673 
-13.216452773 12.961561587 13.642076876 
-10.723895498 14.821732258 12.556241986 
4.270863793 30.668705336 7.410200932 
2.544638765 28.601235559 8.290389490 
-22.009369029 20.139060309 -7.851255507 
-20.855759289 19.004794598 -7.453479867 
0.640956748 35.615039692 -0.811495288 
1.162052548 34.485407691 -3.236892977 
-24.450699180 24.492714184 -1.488683085 
-23.558423911 24.380486324 -0.836383731 
-9.151051191 29.512524069 -0.154036901 
-8.262584104 29.414812837 -1.546585900 
-13.998817098 28.092630284 -1.139889941 
-14.019574691 27.389414030 1.038037219 
-9.443959384 26.209339693 4.728248288 
-7.691660062 24.818319999 5.016699215 
-14.248469564 24.939981562 -5.552913840 
-11.183817396 23.755409269 -5.003716486 
1.875147815 8.406033292 20.015422376 
2.853560479 8.047920899 17.281841196 
-5.195857109 5.871490124 -19.769053152 
-5.753609450 6.296800980 -18.479587419 
-2.745741520 13.712948348 23.654758744 
-3.786341041 15.939807100 22.684782888 
-5.085635396 14.654332745 -23.278304510 
-5.413116276 15.412315547 -22.261715292 
-10.735974420 9.039492242 16.664315592 
-11.239769918 10.744734127 16.288249843 
2.761110496 14.531167250 -17.024735491 
0.781246079 15.852143035 -16.558615784 
-9.134832062 5.083067016 12.476892510 
-3.163206641 7.567100991 8.355734092 
0.703318442 9.105905497 -15.883611982 
-0.969467572 7.529642085 -7.909901035 
2.052872248 7.139807878 -19.661079942 
1.467108376 7.364280542 -18.035092460 
-10.250140511 -1.000934439 14.154049601 
-8.264059243 1.092826928 14.272967683 
10.836401777 9.702016811 -18.488264424 
11.336152875 11.493300258 -17.406188621 
-19.010464773 -2.060576171 10.745909686 
-18.395024845 -1.500851648 10.164538242 
10.784471064 4.904291281 -7.851850142 
11.089170332 6.800082105 -7.255294782 
-3.531814649 -2.928707189 0.891987017 
-4.542303366 -2.061895545 2.000050431 
3.357082904 0.259773022 -8.969075453 
0.556318505 6.588672759 -9.342565364 
-10.043084786 -0.525222871 5.056757213 
-0.926208134 1.054028103 6.657082895 
-6.536760445 23.670273528 14.138629931 
-7.326788492 21.102628453 13.078861850 
-13.801522766 18.966461526 -14.204395538 
-10.939022278 19.639218681 -13.762049923 
4.531311373 21.249643858 13.567372390 
5.315348971 19.014367922 11.672521862 
-18.617809160 11.208914675 -11.289153141 
-17.761732924 11.024102926 -10.351875339 
-1.508720838 31.649390751 -5.090376410 
4.240091244 29.391459968 3.295526725 
-20.507516503 19.115152129 -9.625856498 
-19.843886408 18.327380692 -8.823308303 
-2.309249260 30.898007610 7.168413057 
-3.525837223 29.507708254 7.166869544 
-17.626273119 23.427869702 -9.738138636 
-15.973283991 24.185858254 -8.459132468 
3.087369773 3.441152722 2.286405515 
2.469731952 4.535812902 2.960990619 
-4.416670678 -1.234350255 -1.272840037 
-4.613776745 -0.481184026 -2.135925702 
12.885799131 9.382368194 -3.224027386 
10.105330922 9.381581533 -6.384236942 
-16.055727677 -1.030306549 -1.771705760 
-14.367478111 0.035298971 1.233799791 
14.337866248 13.774662923 8.743457168 
12.540558916 16.649359156 8.471768064 
-18.675908079 1.491854630 -6.937077064 
-18.313405366 3.093380379 -6.654347972 
14.373837211 11.639426700 7.426302270 
12.608494138 11.987948811 8.508833481 
-16.221780291 -0.650497174 -7.612847821 
-14.627130582 0.040447504 -8.007497692 
14.991287094 7.014696551 3.494952626 
13.916650250 8.032131452 3.656786220 
-3.932349727 -2.161246306 -1.609678948 
-4.437115470 -0.708420248 -1.766581209 
7.109356263 25.830198840 -0.704388203 
4.991518086 25.583278897 -0.015030735 
-21.746285048 12.684785720 -3.864433638 
-16.538867482 1.560993566 -12.535446098 
6.145679654 6.387136321 15.775738921 
10.297336415 18.692185719 11.699546197 
-13.867503524 1.845430182 -14.576435573 
-10.154127511 2.253808023 -14.273383913 
-2.143171579 3.543024813 3.699934283 
-2.379515468 4.446195654 3.242743176 
1.703075165 6.042881856 -1.320056795 
0.341880589 4.731679433 -2.463114270 
-17.142565829 21.015887695 -11.931711249 
-16.282666112 20.741579447 -7.805524315 
-2.501948669 28.276380237 9.886514392 
-1.668144644 27.481258867 5.517658645 
-10.325674155 27.828855175 -8.545480580 
-7.153231234 27.651337369 -8.826395030 
-13.453731365 26.350569607 5.978528213 
-13.935930431 24.418165754 6.530389709 
-11.615789721 20.102859283 -17.823954738 
-8.655225441 22.148705249 -16.132784956 
-11.045674314 21.971973546 16.166803474 
-11.915527848 21.501353889 14.324526984 
-6.406641035 7.514759123 -6.494281217 
-7.057518368 2.863597175 -8.281617013 
-7.496018279 23.537397802 15.882285525 
-0.525982329 8.928286446 3.016848010 
3.301779264 7.296188892 7.861187152 
4.069442889 9.069852920 7.202044576 
-7.172410475 2.572530014 -5.826884827 
-9.242667782 3.816641614 -5.461193946 
-0.875614263 6.081532615 10.509306469 
-1.312472525 7.991292968 11.367414703 
-3.740972140 4.940508133 -10.683221249 
-4.973420086 6.401045624 -11.402949069 
-2.016780238 10.137077826 6.435922267 
-1.521940224 10.942296913 5.156671367 
-6.618049899 8.357783806 -5.760851281 
-5.353774307 9.836626880 -5.516950480 
0.093010756 9.626864641 2.624215855 
0.655756753 10.535858156 1.656912394 
-4.716289106 8.453962041 -6.485512027 
-3.784888309 9.287096389 -4.848057987 
0.995977608 10.180485246 -10.371566187 
0.502089191 11.752296108 -10.377843998 
-9.463575271 6.559293697 9.503760844 
-8.205171585 8.806941072 10.351662035 
3.173054481 2.581523411 2.525012421 
2.982913915 2.797501508 2.855493592 
-4.563762047 -0.859549882 -1.240274773 
-4.638937665 -0.202192569 -1.822900008 
-2.099164545 5.530826050 -3.462687480 
1.069553458 6.619434745 -1.136179969 
-3.582564527 4.931208502 3.288936308 
-3.386538141 9.986764940 4.748780071 
-3.364344855 8.143977449 -3.578110735 
-3.369803701 9.768039222 -4.131477118 
-2.204460103 8.456741219 3.945412896 
-3.621151780 10.142561611 4.702441038 
-4.352378725 24.451647389 -0.270922378 
-4.013950707 23.804101381 2.015439082 
-13.022877427 20.539111879 -0.919919599 
-12.115636471 20.121149696 -2.711251004 
-2.291952623 23.415566653 -6.336616664 
0.548768281 22.876579493 -5.461521026 
-16.031369150 17.093939158 2.408181653 
-16.193045218 15.763531777 2.493073612 
-5.335706945 16.766498725 -2.467094722 
-2.321362987 8.368742355 -3.778768374 
-6.861043422 16.190867151 2.744136404 
-3.457509127 7.743291408 3.848836818 
-6.055560573 16.599263450 -2.067371069 
-5.624574219 16.997203928 -0.024219445 
-5.870820308 16.717938989 2.652591231 
-6.097786498 16.798849574 0.454584970 
-1.176667145 24.104806512 1.042899766 
-0.304848912 23.390762758 -1.608351461 
-14.101130253 18.852610854 -1.480295562 
-14.582442378 17.332134189 0.102500893 
-7.015088627 24.531471242 2.240763390 
-8.208157868 24.245959774 0.404518221 
-10.404078547 23.113225502 -2.853665109 
-9.540631653 23.709422925 -1.000894049 
-8.314682452 13.120076507 3.695657659 
-8.165423364 11.217691589 1.740332410 
-1.489932551 16.030898863 -4.270383071 
-0.049210134 17.175206461 -1.908248561 
-3.339036384 16.048479500 3.719395966 
-1.634536062 16.388921921 1.685088531 
-7.677547792 14.268309368 -3.982316000 
-8.684070320 13.300859580 -2.095805695 
5.575744094 7.075762074 -13.120279042 
6.049970658 7.019960626 -10.563859413 
-10.873671580 -1.784256850 8.041925840 
-4.281561147 0.483851423 3.672250508 
0.358835331 14.566297705 -15.167387236 
-1.293155285 14.835853737 -13.700097365 
-12.286398429 6.554444003 12.940614321 
-10.298352833 9.949093787 12.564931330 
3.247279860 10.002221804 -11.335070005 
7.793089510 20.402138777 -11.094015703 
-20.617505147 6.088646130 8.006694025 
-19.735447270 8.049769839 8.245687900 
10.363781841 14.987830270 -13.573953446 
12.204992246 14.423050410 -9.802691372 
-19.788029088 1.498270027 5.954129909 
-18.650826237 1.301504215 5.287776426 
-10.838894453 26.122428313 -8.959432724 
-11.122865081 24.257553120 -8.224764970 
-10.045461821 26.992655432 9.235436889 
-8.043184047 25.582147775 9.346193377 
-12.735189369 24.872819129 2.226409777 
-5.533845218 12.824963713 6.459145379 
-7.826096295 27.612749644 -2.305797488 
-9.307011686 25.692870349 -3.291334196 
-4.212646255 31.795969325 -1.132218703 
-3.278786302 30.489063590 0.654695463 
-19.090598141 25.211169455 1.152471087 
-17.788653541 24.454483921 -0.512028293 
-4.005239996 31.782854657 -4.837075207 
-2.596559926 30.323405696 -6.608936766 
-20.512107715 23.840711472 5.534428005 
-18.516877736 23.525285802 6.773056610 
-16.787937978 14.568565005 12.043151217 
-16.186508503 15.061793823 10.713906311 
-1.425016628 21.456583633 -15.558199313 
-1.191921842 22.506939151 -13.135908805 
-7.453781104 4.946132529 2.211296955 
-6.242556734 7.322128065 3.370553931 
0.936528125 11.865136086 -15.736646988 
0.887881786 10.311128444 -13.451986739 
-6.447186634 14.650209485 19.501361434 
-2.719031487 14.540348849 18.169363101 
-6.741744265 13.696990801 -19.185668879 
-5.261369528 13.076766054 -17.956369134 
-8.606510917 17.578136642 18.955732695 
-8.710700058 19.576237607 17.577243951 
-7.035149386 19.718356405 -18.566082661 
-8.445962596 20.419361195 -16.994222474 
1.511013859 5.056421834 1.452165691 
0.894567866 6.067664674 1.911371340 
-4.441877560 -1.787309642 1.049552130 
-5.845411972 -0.244769594 -1.553302462 
2.517119594 3.226235392 -2.381789057 
5.135404236 1.350802595 -4.559392029 
-4.228275444 -0.209330692 -0.536862473 
-5.963508784 -1.955552615 2.626334634 
0.270963589 0.336708911 -9.376533073 
-0.686857837 1.671756185 -10.682095464 
-9.636410989 -3.120398513 6.395553653 
-9.915882143 -1.404173044 7.541706670 
5.831682143 0.658223516 -9.537856033 
6.814854015 2.385198075 -9.554468336 
-8.744694093 -3.990335699 6.715616659 
-10.387140032 -2.983605043 6.166167180 
-5.038577648 4.076067027 -10.256189854 
-5.193533751 5.595521579 -11.090065729 
0.843618049 8.764656254 10.511579250 
-1.518864795 9.865526658 10.984133147 
2.337937975 2.869906240 -3.313751019 
1.473252482 3.411284750 -4.288665285 
-3.719734932 -1.130914969 3.983493016 
-4.878367727 1.256346846 8.211919262 
1.386214986 6.011769233 0.952417194 
1.886106234 6.950753477 1.236154608 
-4.878450909 4.201015856 -1.415268656 
-5.624885317 4.420902542 -2.217734111 
-2.771366541 7.279889222 -3.617760959 
-5.374429883 8.447662993 -3.529347970 
-0.354071236 9.266499701 2.499546506 
-1.149146835 9.592416495 3.147760821 
-12.546678358 20.307161352 5.557164022 
-10.967919306 21.050001733 6.009144116 
-4.570884704 23.392325739 -6.056192794 
-6.624849417 22.568167334 -6.301551432 
-9.883815315 16.450045732 -11.689479994 
-8.881135904 17.658219900 -11.671213840 
-5.192899163 19.121925285 12.376735018 
-6.969979764 18.296027453 12.511414378 
-6.120164276 9.737065190 -5.040746062 
-6.135188010 10.358780140 -4.549119596 
0.978549590 13.492081679 1.623871263 
-1.510312813 11.630591604 5.389685911 
-7.293293402 11.359907355 -5.411571998 
-7.454126708 8.123705263 0.552528116 
0.601238992 12.910727188 2.410575412 
1.478884045 11.784198134 1.534431071 
-15.921076905 11.234174039 6.939036618 
-14.334278912 9.223000203 6.300498005 
5.065211882 19.018948142 -8.003938770 
3.575537877 18.367127681 -9.183061953 
-16.881154077 14.843789265 4.601449200 
-16.463068972 16.249488224 5.056524220 
3.323126694 23.018876265 -4.615915915 
1.299912608 23.422630787 -6.258035674 
-8.644163395 8.552300847 -0.826139509 
-8.198618876 9.514703752 -2.444422159 
1.341355706 12.125241465 0.681160898 
0.472955894 13.941149840 1.385182343 
-7.100564961 8.246549788 -1.906336997 
-7.124013741 7.881979056 -1.407113097 
1.942424090 10.347231069 1.891377476 
2.089157154 10.048598779 0.642612215 
2.209471894 3.087828510 4.299668508 
3.161621463 4.006473415 -2.120832921 
-6.054435942 0.417284383 -0.395523836 
-5.059718910 0.697927869 1.006027372 
4.227162239 9.226631083 8.817673509 
5.357754745 11.479078506 7.714152214 
-6.847481633 5.637177089 -10.372157060 
-8.870016707 6.771966465 -9.863000118 
-3.155586626 7.873042205 3.617429550 
-2.493337353 9.497102461 3.928543504 
-2.232751710 8.731444784 -4.223075368 
-2.316123996 9.416621944 -4.327464342 
-0.365454966 10.726212801 3.482759794 
-1.627685355 8.468015784 3.473185689 
-4.575299992 8.835018109 -4.318496482 
-3.987315937 8.512889679 -3.582125068 
-11.804891154 17.388053589 -9.276170645 
-10.363285467 18.606817944 -10.062094468 
-2.134282722 21.365092186 8.840208223 
-5.583348538 20.746450153 10.012409389 
-4.052423984 9.157735105 -5.494737039 
-6.131567976 9.972307410 -5.164805257 
-5.762442685 8.026301816 4.738737122 
-3.105343243 9.804319038 4.064828033 
-9.699268636 14.506940570 -0.606679434 
-8.294564351 15.365903766 -0.119233418 
-1.209699873 17.904583397 -0.135620207 
-2.753114114 17.551940684 -0.204915111 
-12.600695837 20.188145622 -0.095094857 
-11.490396109 22.063325212 -0.142359422 
-3.405652731 23.915288356 -1.698270291 
-5.482562795 24.564285255 -1.005201530 
-10.263164926 19.829382719 9.252396536 
-7.404463097 20.739530231 10.260338325 
-6.160431418 21.265075794 -9.408378106 
-7.411078552 20.407062490 -10.106128560 
-9.181727822 14.124499767 0.475451181 
-7.854774176 15.587514738 1.082658528 
-1.613242720 17.198572896 -0.380372270 
-3.538825491 17.384276794 -0.492240286 
-1.091432112 9.715931936 5.191352329 
-0.177347871 10.349211401 4.236266079 
-2.009750518 9.299151151 -4.625454512 
-6.935405258 7.901506870 -3.064450328 
-4.018118794 17.657241597 10.592175416 
-3.295047938 19.602197493 10.351063504 
-7.670444097 16.431892448 -10.336213557 
-9.425586256 17.098938249 -10.217541870 
0.975562543 -0.271284744 6.444051337 
-3.323037598 1.114553466 5.339369279 
1.051128372 2.933236944 -3.585634063 
3.614906535 1.786495226 -6.184469233 
-4.465656121 2.830641327 1.599296998 
-8.860026235 14.058625387 4.129641428 
0.706177222 9.814272821 -1.876792646 
0.381974539 9.877999407 -1.454383223 
4.159390104 5.437186114 1.505689952 
2.051496492 8.821396370 2.754910105 
-4.223747016 2.429969390 -2.645415258 
-6.945551650 6.970864818 -1.069309115 
0.805260842 2.916781412 3.829083742 
0.744544226 3.147253462 5.161900674 
-3.588309553 1.279574897 -2.911706588 
-4.275394362 1.472671978 -4.053512486 
-2.928263415 0.098914816 -5.619286856 
-3.297264802 -0.107190691 -6.280610212 
2.206554020 1.359794478 4.330412300 
2.139530709 1.157397624 5.023686056 
-3.754990277 4.984264243 -3.358439630 
-3.182260869 6.363106104 -3.050690357 
2.274108223 7.073022510 0.241235621 
1.416662588 7.647013739 0.674025117 
-6.282416463 6.817625070 -1.332672545 
-6.856459862 8.168691790 -0.987834278 
1.034868885 9.778328974 1.675025832 
0.260321163 10.578428061 1.758744042 
-7.871258495 6.399947214 0.463704679 
-9.291388725 7.958431913 0.357683687 
2.004071717 12.692051657 -0.169422160 
1.839408210 12.369441270 2.036645946 
-3.445306922 9.015405255 -5.672280470 
-2.443816877 10.470418897 -5.187854847 
-4.473995325 9.371836147 5.125862319 
-4.498451842 10.002884300 4.589628537 
-10.203030838 12.552725092 -2.085997273 
-10.195402001 13.032312813 -0.601611072 
-0.177330567 16.711746334 2.881682492 
-0.172603259 17.254093242 0.265962634 
-9.200182936 23.261661510 -5.002942977 
-9.361899331 23.574969352 -2.938815304 
-9.677122431 23.100962163 4.581101380 
-8.800674585 23.818336283 2.611218646 
-5.517526199 22.664218458 -7.459113143 
-3.193633720 22.574149458 -6.707432552 
-11.867623744 19.973713826 6.250178359 
-12.745455447 18.593006822 5.430262174 
-9.145797272 15.188497959 1.038005172 
-7.849434625 16.297808224 0.271008632 
-2.381124945 17.962043747 -0.853144895 
-3.944463556 17.874715090 0.507828592 
-6.749880638 10.793052354 7.296030193 
-5.037130500 9.324476799 7.163379661 
-2.440405043 12.547076278 -7.583548719 
-1.569172062 11.125957608 -7.082072888 
-4.143927351 20.529002139 10.831492424 
-1.937271082 19.620222311 11.025637955 
-9.643663209 18.051843763 -10.503639592 
-7.632425318 17.141320787 -11.406099099 
-5.294390029 22.856992817 7.232015463 
-3.419476658 23.384346260 4.746963154 
-10.971651583 20.235041528 -6.886845589 
-11.663056107 19.920615952 -5.027175427 
-6.172721090 6.627601304 2.002635189 
-7.068891608 8.278512552 0.666238919 
1.313271305 10.164041488 -1.270568861 
0.746919499 11.467204786 -1.070165177 
-3.791296080 1.080840710 5.051212511 
-2.181728660 1.307654814 6.037407013 
1.624126176 4.196129356 -3.911167496 
1.714856483 2.520167367 -3.576204235 
-3.647588174 3.229537814 10.641776200 
-0.449220890 3.994750557 10.603046473 
-0.787848984 4.669076297 -10.718455474 
-1.929851100 3.568985459 -10.130841578 
-6.118139668 6.863234297 10.964894064 
-5.828042801 9.081221477 10.811304090 
-1.129741872 9.613611528 -11.063302260 
-1.657881569 11.383741028 -10.309899536 
-1.200836172 5.698927637 3.156291119 
-2.249805929 6.017568763 3.684313205 
-4.457803684 4.523529295 -1.651516561 
-8.017751624 8.549018630 -0.884746720 
2.733970506 0.722761507 -3.536144182 
2.453970485 1.039144641 -4.040031417 
-4.850881085 -1.142520261 0.890403736 
-4.342453526 -1.563796152 2.066463189 
-7.162054617 2.898660820 -8.668424343 
-8.745970369 4.203511290 -9.080434855 
0.758746417 1.202533473 6.215581116 
2.052167610 8.663951602 10.680919942 
1.421091560 3.051588411 -10.933543713 
0.158536519 4.903764596 -11.407234744 
-4.080052330 2.455156148 2.958269452 
-4.693590196 2.855628103 2.860093191 
15.402433079 20.280253584 -1.404375217 
14.770732091 20.708143418 1.830676050 
-22.243511153 4.927878552 -6.601162212 
-22.313716770 5.179585459 -6.056608771 
6.921792522 18.784195228 8.251803712 
4.258524490 18.508657576 8.348740141 
-15.237513481 9.265782712 -10.011306185 
-15.321839277 10.050325541 -7.058491188 
1.024116399 9.909811811 2.462115637 
-1.817015532 5.754661348 -3.315002526 
-10.453569363 3.366342225 3.778191208 
-11.063736259 4.550010726 -0.263855320 
3.544011817 5.842139896 -0.651474420 
12.465112258 11.160325312 -1.871191566 
-15.677379565 0.221921031 -0.643760415 
-15.863992279 0.668169389 1.228841357 
7.785128374 19.556836140 -14.798472598 
10.344508795 23.187975412 -10.457777544 
-23.808858044 7.463831450 4.981584831 
-24.079656680 9.406056826 4.992686375 
8.351973044 13.242991411 -8.593783754 
8.883410002 13.491985668 -2.572368417 
-16.044997012 3.301859972 1.609309670 
-6.106681511 9.416413030 3.934527007 
-1.096703130 9.174230900 -4.429330023 
0.182818782 11.719927604 -4.321938795 
-3.593857300 6.008432741 3.285688148 
-7.287402386 8.704426043 3.941989286 
3.090686932 20.996438769 -12.894069465 
2.773715775 23.532194876 -11.531760173 
-18.235420868 11.670658042 9.828789946 
-17.876642170 14.652990216 10.554572144 
1.315446953 29.677888033 10.733142716 
0.965770277 28.385273452 12.544347821 
-19.412682993 19.967803359 -12.035569273 
-19.375281681 19.184639368 -12.272768276 
4.027475393 25.276245815 2.850422521 
3.763346875 23.195460696 3.239826579 
-18.892793328 15.443319157 -2.805972583 
-6.998655762 8.681545296 1.894731619 
-6.230712420 18.457187199 -1.110393012 
-4.722203957 18.862462523 0.268483238 
-6.801409487 18.262075653 1.688746481 
-7.267306198 17.898544651 0.821889959 
-8.447998098 26.808040457 8.369740266 
-8.801563755 25.840119935 9.730639892 
-13.270932781 24.765381391 -8.641726342 
-11.265480671 24.473837758 -10.535999466 
2.261970714 27.342390106 -14.340901159 
2.879003774 25.660936618 -15.424823155 
-24.332811460 15.611320013 5.681379011 
-23.366811860 15.598907078 6.292467624 
-5.582137116 25.559224797 -8.412265247 
-5.551945118 23.855334942 -7.481486849 
-16.408354175 20.770479624 4.814651923 
-13.343313246 20.697618382 5.249465928 
-4.348788127 16.330704862 2.555757971 
-3.692843954 18.671169589 0.727508556 
-4.352482134 16.437621785 -3.475302971 
-8.596531975 16.553848848 -1.670898015 
7.448735495 24.689437698 -4.519650189 
8.767687597 22.998015774 -6.578906987 
-21.977665303 9.678804189 2.305623388 
-21.413966179 10.082333722 1.948111877 
5.383332431 15.726384365 8.621396530 
-0.876762426 8.577492781 2.527392680 
-12.244157963 9.575682794 -10.600753620 
-4.486970515 7.202983132 -2.696448809 
14.456578931 19.910216529 2.367720023 
14.607207543 18.220577905 0.437449368 
-20.366887639 4.207216060 -7.388342858 
-20.148688858 3.569713298 -5.946107519 
-0.471163762 31.444235035 -3.618211311 
4.706009163 30.686767327 -3.299747767 
-24.202101451 12.916372323 -3.077451776 
-23.888102531 11.571330272 -3.864231278 
4.637182708 27.147146890 3.665811562 
-5.035745296 24.956763181 1.351869515 
-20.816555674 15.680559200 -3.035600894 
-15.686242373 21.299929201 -1.937898364 
9.417948696 12.343444081 -1.892928499 
-0.877278330 11.427341076 -4.079365728 
-6.474828939 7.860107116 3.249042442 
-10.464616337 5.553964680 0.438309722 
9.770004818 19.273407722 -11.806550395 
8.969344819 19.995558963 -11.596287001 
-23.268725339 6.884750980 2.652288161 
-23.700179058 9.825763180 0.242119042 
13.936328467 22.313989354 2.052016985 
12.396023560 24.279061949 -1.975078198 
-23.354416943 8.686974351 -5.051121198 
-23.651224373 9.924079884 -3.519084194 
10.909124218 18.251683317 6.804490568 
-1.987596249 11.747353390 5.449921674 
-17.799592450 7.754062604 -8.871538700 
-5.961510273 9.652057622 -4.463573869 
3.058909021 24.320933207 0.659781596 
2.999332731 22.345578126 1.504205677 
-18.487340787 14.811395699 -2.611506051 
-16.258260956 13.988330623 -1.295429866 
1.540757178 29.475560055 9.613672619 
-1.399196533 28.242123305 11.919236376 
-20.910848189 19.062891284 -9.931145161 
-16.185149900 10.790375242 -19.024501497 
3.451249989 1.691011236 3.697805813 
5.451185928 7.358091965 6.451291083 
-1.855432598 0.812164675 -6.547149488 
-0.564306601 5.167904579 -3.424918183 
1.728725658 6.477789647 -1.292469275 
0.278929857 8.851186948 -2.039346665 
-5.201748324 4.086418948 0.545505006 
-4.862129366 6.808433964 2.388512277 
-6.948578540 24.808604759 -7.180527208 
-6.068652843 22.829349289 -6.605613102 
-13.846414316 21.255490696 2.440560358 
-12.144305408 20.046699296 3.486024480 
-2.240364760 18.361965560 -22.987457057 
-0.954269182 17.024949295 -22.728547041 
-21.674507804 17.754494873 8.078153843 
-22.519033833 15.962924285 5.099822726 
-4.105647877 21.169865813 -19.461937482 
-2.157638199 21.155533408 -19.074709464 
-15.039115423 17.985972861 16.140347825 
-13.009834926 14.149545686 18.431597958 
-6.611880810 21.000240762 -15.581288562 
-5.735121245 19.636893462 -14.448584075 
-9.292693378 20.244925202 14.344842094 
-8.694044313 19.672453139 12.357547637 
9.979804462 25.950980090 -13.434689530 
10.343041910 28.071560763 -8.683456104 
-21.113086751 6.949815442 -8.554212421 
-22.661033261 8.592881040 -4.482483183 
0.413508934 9.981157500 3.499564279 
-0.282743810 11.669287272 3.697187624 
-6.150824814 7.911340488 -3.604864237 
-7.195197217 8.008581864 -1.663588385 
9.450412877 18.203753862 -9.982595344 
-2.046867915 11.703840528 -5.520460736 
-20.031585000 5.297990654 0.712241422 
-6.172230954 9.533086905 4.366471387 
12.509220689 22.775009320 -7.456451792 
11.493564519 24.381451805 -6.641192499 
-23.782127457 7.302969868 -0.689132671 
-24.065729238 9.407834483 0.730540191 
12.327035769 18.433615362 -9.117532303 
13.731333797 17.352767220 -5.403770928 
-21.785748418 4.202129146 2.442252519 
-21.801407868 4.758369422 0.906669252 
2.762581971 15.931441215 -11.099514692 
-1.162124888 8.463322342 -2.702565247 
-16.588045780 8.799350629 5.550252902 
-13.999067965 9.829559796 5.774732347 
3.681063637 26.833558546 -5.535501777 
2.513067363 25.313195104 -5.057264429 
-20.750368177 16.026762142 1.839718691 
-18.121692521 18.114038391 1.732745216 
9.347045133 26.935567907 -4.759902884 
10.323646374 26.361546582 -2.494061857 
-24.365511983 13.651252067 0.934357002 
-24.220385117 12.074649663 0.834968037 
0.757952478 27.664281031 13.832408482 
4.418233324 27.512076272 9.646189317 
-20.527781687 18.098525965 -10.634680477 
-20.377173457 16.761013677 -10.329775211 
-5.868151051 25.075880510 5.147995829 
-5.292402150 23.162403602 4.691087896 
-13.660132353 21.272800345 -4.729144928 
-10.837299735 20.322025034 -3.013033696 
-10.651137593 13.420830959 14.762365330 
-9.144328495 13.553457138 12.781735236 
-10.616413336 19.187097213 -14.640693340 
-8.393983763 19.140274951 -13.089705174 
-3.029026295 22.443658283 18.490480962 
-0.023441734 22.706449032 17.656096020 
-13.738246603 17.696113820 -17.188476257 
-14.424750794 16.112369752 -16.920836270 
-0.080660144 26.019894497 -16.722281733 
0.747564542 19.019168735 -21.956446204 
-21.713756867 19.078556794 8.101501113 
-20.368086975 19.769893318 8.914175579 
2.810292463 24.097955246 -3.039918536 
2.177122105 22.441690656 -2.569939284 
-19.362646874 14.119139023 1.308993714 
-15.967655223 14.105587301 0.324381087 
1.595492573 6.493136200 1.531557900 
0.304875016 8.874536577 1.958328800 
-5.217886428 4.080299698 -0.588839944 
-5.074564061 6.739419252 -2.103796605 
3.347354783 1.727457400 -3.890154681 
4.380429835 7.618281450 -16.614399710 
-9.854551859 -0.257633435 3.148239311 
-2.202816138 2.261666954 7.157026442 
10.411533133 13.280348482 4.288150624 
8.953368740 13.270708506 2.107159181 
-15.196201615 3.317245785 -4.836806749 
-7.305286023 8.606986041 -3.367003672 
12.473377497 22.340797023 8.089831029 
12.646547953 24.406773262 4.066729325 
-22.825108499 8.321527889 -8.733839251 
-22.804969718 10.139285867 -8.730556312 
6.606070625 20.205674622 9.818675902 
3.687449106 24.604262357 10.261840279 
-15.843567327 12.453409717 -12.534602634 
-17.566850336 14.223821146 -10.773852496 
-0.495340846 9.524772462 4.100651189 
0.229380942 11.772354241 4.203925924 
-3.632082353 5.949817073 -3.250752766 
-7.436451147 8.605047127 -3.768939143 
5.538629644 18.292943566 -10.087041783 
4.340863352 18.250779393 -8.528576901 
-17.678553183 8.834469648 6.219821800 
-16.674611964 10.462485680 4.190112139 
12.783240543 18.796182043 -10.030052891 
13.353852205 20.454405130 -7.652933740 
-23.454653264 4.958731483 1.579039584 
-23.579911280 5.947031229 0.590686195 
3.147371944 6.567179870 -0.780772843 
3.491658037 6.205349284 2.226204853 
-15.496378190 0.139690075 -1.596900217 
-15.977958060 1.128332202 -4.092571316 
-1.250772091 7.550056196 -3.264249699 
-1.923922752 8.720004544 -3.091891491 
-10.305904951 3.701919983 -3.792443955 
-11.098582799 4.449056616 0.529504012 
-4.424271073 26.319223660 6.525250833 
-4.574830526 24.337135584 6.632513270 
-14.875656531 21.383442625 -7.138392364 
-12.259606735 21.089237419 -6.208994149 
4.652400407 29.214544046 9.163090568 
5.009738800 27.013936220 12.450185047 
-22.548173261 15.819251679 -10.309104881 
-20.591520541 15.792714068 -12.321374463 
7.152510019 24.256485474 -1.707786481 
8.754920785 23.384999338 1.699805179 
-21.445136709 12.106613254 -4.634728259 
-20.586573546 10.843275933 -5.877726966 
-6.846591952 15.316991392 -3.142318619 
-3.953949538 18.538355432 -1.279139012 
-17.321261721 14.212549295 -0.125017704 
-8.584270783 16.653260155 1.470741741 
3.652110675 24.973661992 -5.560328621 
3.565987724 22.821964659 -4.909889970 
-19.202854651 15.364519511 0.786914544 
-17.338056609 14.704182721 0.944074819 
-0.024935367 28.343613606 -13.715459612 
-0.937382372 26.007515838 -16.405182324 
-21.535584313 18.533707132 10.476414474 
-21.323738622 18.529446533 10.008389737 
-9.100674529 26.374967486 -9.676819850 
-8.406103841 25.637244621 -11.138890894 
-13.028559725 24.940272347 8.342371015 
-12.160404267 24.506162999 8.467257460 
-6.000944321 18.546289652 0.974226108 
-4.860781177 18.802293528 -0.384893852 
-6.754297790 18.256748942 -1.888427858 
-7.062428502 17.961075195 -0.862435145 
-6.780305407 10.770829717 -7.317550143 
-5.080320706 9.479266211 -7.278283330 
-1.137266265 13.052945337 7.023128462 
-1.800968170 10.996178353 7.143170920 
-9.002248774 15.281759528 -1.366583361 
-7.787545970 16.342342466 -0.385979374 
-2.081809482 18.010094361 -0.000324342 
-3.981605149 17.867821887 -0.572908554 
-5.164024665 22.816866991 -7.383361777 
-3.291529481 23.344778271 -4.980174479 
-11.054019083 20.448119688 6.444875465 
-12.449400605 19.464821079 4.583933134 
-5.557830617 19.970289668 -11.195712463 
-3.782447441 18.722719294 -11.906895045 
-5.617546346 19.882603966 10.449303616 
-11.320142073 15.678781990 10.296634099 
-10.425141371 12.553214945 0.959934336 
-10.143212046 13.155574406 0.170531154 
-0.443042440 16.593080423 -3.452270654 
-0.144878108 17.241651710 -0.669321232 
-3.390626904 9.035242661 5.668136134 
-2.624665332 10.435993463 5.282392049 
-4.857643106 9.161636187 -5.058149885 
-3.846321868 10.295268737 -4.585608538 
-5.493314288 22.845172679 7.137639171 
-3.293828094 22.620566955 6.543261742 
-11.783195884 19.845369367 -6.536390275 
-12.586008891 18.607823271 -5.710165596 
-9.257795492 23.297898811 4.828211377 
-8.824323372 23.791799050 2.892041960 
-9.005603621 23.315287981 -4.788717023 
-8.332402443 24.001021515 -2.686888164 
2.738500220 0.720888795 3.534253949 
2.546120127 1.056434240 3.968119299 
-4.826377162 -1.197482479 -0.861450257 
-4.319991353 -1.567616001 -2.126223916 
0.943769981 6.399486247 -1.364787230 
-0.522072542 7.039730401 -3.020551210 
-4.425025102 4.532417976 1.720057805 
-5.696764749 5.613246780 -0.572893987 
2.670688115 3.673174144 10.513354052 
3.519675359 6.432029322 10.131032100 
-4.233814831 2.311298109 -2.804942689 
-4.730712870 2.818814873 -2.821956026 
-7.344914917 2.790862714 8.474523853 
-8.977566889 4.224569769 8.963268784 
1.082303986 1.267674734 -6.121318872 
-1.362488128 0.686340950 -9.361343867 
-3.804762876 1.049556264 -5.077710704 
-2.235447455 1.324885455 -5.998423907 
1.595233523 4.160480154 3.974535900 
1.671913920 2.531791294 3.578031970 
-6.149992425 6.600226781 -2.050140685 
-6.721626855 8.186224993 -1.756280086 
1.367814278 10.220842431 0.909520969 
0.796304114 11.516864300 0.831614524 
-5.486363917 7.100320586 -11.168352249 
-5.578159526 9.155353906 -10.890399809 
-0.264565363 9.951481056 10.817403580 
-2.093631603 11.251533746 10.383502697 
-3.105126199 3.500527533 -10.801218710 
-0.959269764 3.796164494 -10.656472583 
-0.763408210 4.852405141 10.790209473 
-2.185070349 3.334112159 10.026514037 
-9.208786479 14.036279610 -1.003134028 
-7.739850770 15.662336956 -1.220917035 
-2.113651655 17.195004362 -1.525893761 
-3.548629108 17.382284353 0.659675391 
-9.601798087 20.009700144 -9.504186846 
-8.052415954 20.283032919 -10.415798003 
-5.799284362 21.577795334 9.138110733 
-8.270586224 19.973486968 10.152533191 
-5.296651380 17.346563842 -10.751493597 
-5.687349146 17.843667096 -11.324876404 
-6.958858960 9.485554704 12.559287603 
-10.071395681 16.792279924 9.944096009 
-0.626776097 9.819520687 -4.898711291 
-0.223416649 10.334110384 -4.283905085 
-1.457398160 9.458166114 4.495842857 
-6.659739529 8.823986174 2.610429450 
-3.768845296 8.812773559 5.953596105 
-6.326451428 9.925470946 5.058964338 
-5.704181338 8.042895222 -4.784702372 
-3.514527554 9.622414119 -4.070314868 
-12.564543201 17.259155577 8.643195958 
-10.902379772 18.588303240 9.780326047 
-3.526641062 20.719224962 -9.671942132 
-6.306148854 20.402586216 -10.183848280 
-12.395745168 20.363536376 -0.459108583 
-11.415813928 22.058542303 -0.433676968 
-3.289022941 23.976412134 0.664180570 
-5.229295562 24.566828287 0.558087110 
-9.651259830 14.598205459 0.247870846 
-8.448117071 15.241016377 0.194884129 
-1.326929659 17.857940127 -0.642622735 
-2.774253041 17.537477032 0.251976037 
-3.889187517 5.021339296 3.294069417 
-6.012441362 5.843165435 1.131303245 
2.240279205 7.109309036 -0.268179275 
1.428371769 7.639533227 -0.668922363 
-2.735000230 0.563161376 5.542868857 
-3.295146853 -0.081663014 6.285133993 
2.258152508 1.360427436 -4.302600732 
2.177205028 1.168731097 -5.011323141 
-8.760089115 8.475609266 -0.580318814 
-9.249909832 8.262783624 -0.557555964 
1.796359933 11.673956333 -1.346215533 
1.833178966 12.182738928 -2.271380669 
-6.408738787 6.925026034 1.049204875 
-6.908907820 8.174128948 0.838038391 
1.031902513 9.660108363 -1.721688300 
0.301402681 10.578649645 -1.700060364 
-4.479392630 2.812156750 -1.612855794 
-9.143281811 13.876116703 -3.894938735 
0.889901815 9.888834542 1.464814283 
0.455381286 9.913697547 1.315618419 
1.127529028 -0.278271836 -6.415697475 
-2.985892632 1.245033408 -5.506554810 
1.067320177 2.957272160 3.549682586 
1.229064587 2.137549336 4.965904930 
0.819393037 2.914728889 -3.826081854 
0.648677391 3.137707712 -5.179743027 
-3.622251896 1.262679228 2.878474280 
-4.310652548 1.446158555 4.025896807 
4.105101053 5.440573527 -1.800763055 
2.144855920 8.660454822 -2.693156416 
-4.188501670 2.429936651 2.706310219 
-6.986489769 6.962657993 0.946253973 
-2.403248920 30.886092766 9.934975304 
-3.774059207 32.026654326 6.383455301 
-17.460975366 20.640193105 -13.895775736 
-17.445614052 21.291544841 -12.588804321 
-7.212129422 15.602606579 12.454492580 
-3.937811501 19.979375210 11.559619540 
-13.492629185 15.598716169 -13.443432348 
-12.479718869 16.002333723 -11.830820620 
7.850777750 23.970153381 8.470058813 
7.969822413 22.316674654 6.014124930 
-21.110085613 11.480806968 -7.848718007 
-19.566342748 11.059350549 -6.714680531 
7.913358886 29.600572019 5.268487211 
8.060177447 29.769494497 1.880558243 
-23.961608254 15.647392250 -6.951773466 
-23.486208964 15.974352864 -6.498166467 
3.118857261 3.199365852 2.313831157 
13.294283393 11.663657689 9.929045743 
-18.317286413 -0.498737645 -9.137791209 
-18.548439592 1.199222421 -9.462988105 
3.006997759 2.902368230 2.575499943 
6.171196896 6.388982666 5.494686154 
-10.710866194 0.467767419 -2.602234421 
-9.594380097 0.214919566 -3.298132744 
12.887737830 16.004862933 -5.104507776 
11.422985052 16.224046362 -4.123826274 
-20.965953923 4.417750859 -2.973097036 
-18.622165138 4.251471744 0.773265546 
15.659621924 18.676594632 -2.136417902 
14.728311970 21.092027488 0.496697998 
-23.050324850 4.116801442 -4.172296538 
-22.636819789 4.635584171 -4.119337134 
15.978334267 15.905516291 0.958447030 
15.365028253 13.544837153 6.892348252 
-19.744723969 1.258418514 -9.446465754 
-18.888940331 1.338956831 -8.650273331 
6.382449993 19.368477333 -6.072164911 
5.323679886 18.214859852 -4.357958249 
-20.233154183 6.306714157 -2.407330187 
-18.229248226 7.539807967 -0.954000972 
7.729664964 24.553382046 8.492831807 
5.998090984 23.899971434 7.008787705 
-20.180395962 12.944667911 -9.560176423 
-18.103126472 13.473356988 -8.909617955 
11.166363629 21.917435908 12.040413244 
8.667805387 19.328327051 16.017418867 
-20.009240953 9.076006099 -13.496982531 
-19.412585009 8.242220348 -13.191708955 
-14.009950894 19.698415762 -17.426407247 
-13.359130480 18.390814927 -17.481846310 
-5.996085103 23.911903160 17.663414289 
-4.396900655 21.950036557 18.227734261 
-14.082499090 22.292938267 -10.215662195 
-12.379548793 21.727250303 -7.350982368 
-6.488022789 26.202016669 6.105329945 
-5.792359523 24.778959005 6.176720610 
-4.744575223 26.098844700 -13.939335800 
-3.877395827 25.641069338 -11.165534714 
-16.451468952 21.610754036 10.649962641 
-16.203450553 20.696921267 7.695654558 
-5.621584072 24.339499658 -18.119111342 
-5.178070455 23.200551803 -18.071920262 
-17.057180150 19.514237687 15.493924564 
-15.398601521 18.158087414 16.617785473 
-9.408959100 13.431724443 -1.265249980 
-8.756184365 13.234826848 0.508211949 
-0.677582348 16.936363839 0.117839248 
-1.728516909 16.170769193 -2.812062118 
-12.143251072 19.822066300 -6.789191059 
-11.417566485 21.014172709 -7.116866259 
-2.186135890 25.663240977 -3.973219188 
-6.198121694 23.146945121 7.332659491 
-7.386491404 7.600803538 0.389898544 
-8.057253743 10.241179308 1.022447161 
0.612635612 13.104448854 -2.493791396 
-0.768153641 15.971820841 1.868196551 
-8.507612277 10.111396605 -0.192878106 
-7.371055463 8.023887355 0.140153673 
1.064651386 13.067421115 -1.023815640 
0.891064882 12.998153369 -1.918596033 
1.171584162 2.999281993 4.883037249 
-2.037459785 9.588272489 5.199853113 
-4.174679334 0.734558875 -2.996022311 
-4.897195285 2.015043875 -2.348234592 
-4.045625062 4.049226185 10.211129912 
-2.686435920 6.568261597 11.335379785 
-1.050355587 4.103755901 -9.718965636 
-2.446773377 5.328791094 -10.773811640 
-5.190443621 6.553675521 2.348126497 
-5.665351610 8.096849927 3.030994417 
-0.184843883 9.847320244 -2.504062689 
-0.704740528 10.443485907 -3.209722106 
-3.437908310 9.478245559 5.208698574 
-2.393909235 8.037716616 4.048400921 
-2.924062151 9.451956007 -4.505285457 
-4.502219379 9.987036643 -4.792279816 
1.095723953 4.301179999 3.414421275 
3.538459008 7.433797909 1.066646128 
-3.850208383 2.533812063 -3.318918116 
-6.295294866 0.128920687 1.088763968 
2.695022704 1.518263054 4.109333089 
3.001106657 1.645201850 4.894756366 
-3.615678705 1.113988793 -2.898454812 
-4.011856441 -0.650378375 -4.794613881 
3.291174453 3.751438048 1.892496099 
2.644934992 0.694962634 4.576173453 
-2.911042090 -2.215737174 -5.011397276 
1.901919805 5.667608850 -5.194440674 
-2.045990242 5.979746637 -3.374815331 
-4.287253304 6.495169710 2.600558980 
-3.671869817 6.254839872 3.102936103 
-3.523983551 6.335430960 2.903761814 
-5.984951225 6.167943245 -0.990834341 
-6.977764426 8.049490925 -0.823023822 
1.485189830 9.198713028 0.772818187 
0.821191205 11.168572813 0.767890186 
-4.240846794 0.047860275 -3.889119849 
-3.155735111 -0.036912915 -6.191991756 
0.951880655 2.942267545 3.649491236 
1.208862516 2.159663899 4.971646608 
-6.183742361 8.199143637 -5.475374661 
-7.449857148 8.553297872 -3.944434386 
1.254472937 12.310136454 -1.413223654 
0.738835481 11.104883347 3.922548507 
-7.018094467 6.797676951 -1.653692930 
-6.775212022 7.773133936 -2.332527542 
1.945902918 10.466435274 1.558738788 
0.958423674 10.761039209 1.778211737 
-3.303611854 4.582552835 -10.492686751 
-3.347097001 6.326501793 -11.298207858 
-1.382460786 3.939650627 9.698582921 
-3.009927935 5.073958270 10.740124109 
0.095702471 9.896359182 -4.525617609 
-0.438456449 9.748845564 -4.065391392 
-4.509116755 0.592954814 2.308212379 
-4.969563175 1.893145035 2.234462571 
-3.202042311 9.584444675 -5.175727889 
-2.541335128 8.003520125 -4.086872776 
-2.823918449 9.483606447 4.491083486 
-4.934106237 9.797809276 4.729717081 
-4.695101994 6.008170273 -2.339923725 
-5.795507905 8.048197781 -2.892379949 
-0.278867006 9.824826711 2.642152034 
-0.904060045 10.421825170 3.400950569 
-12.250169280 19.871127069 6.761465977 
-11.024828795 21.227763111 7.247844802 
-1.831189994 25.815212395 1.941691247 
-10.528867953 14.688338810 -11.259793421 
-9.497627142 13.401903662 0.728237148 
-8.719302521 13.295163252 -0.481695150 
-0.778218602 16.935272390 -0.675363279 
-1.271674132 16.310948544 1.282232225 
-8.443238550 10.187909267 -0.426748307 
-7.307821757 8.070420611 -0.233294436 
1.158658498 13.064672184 0.720584948 
1.017814539 12.986998440 1.646534334 
-8.149191410 9.590827352 -0.910046452 
-8.095279780 10.208285669 -0.772832034 
0.772901390 13.173011929 2.076904593 
0.853079023 12.993787430 1.587298986 
-13.699850942 6.295535304 8.521515366 
-3.415323255 -0.084418971 6.055210048 
2.245984752 1.707083369 -4.151835949 
2.177650921 1.498069813 -5.342724818 
-6.080560888 6.326208855 1.210918727 
-7.030126905 7.972379040 0.679895543 
1.305851893 9.185124609 -1.183967618 
0.864484306 11.277546856 -0.354881136 
-6.909494246 6.766242039 1.877476715 
-6.952734922 7.762713664 2.168375318 
2.035874726 10.595580191 -1.454767903 
1.246357172 11.267285695 -1.683378820 
-7.429092653 8.426173376 4.217219127 
-7.471600451 8.537182351 3.931510153 
-0.596312449 10.257402300 -5.585592094 
0.656097069 11.062739406 -4.024536409 
2.661572730 1.519770861 -4.141293932 
2.903113234 1.629867618 -4.937002000 
-3.635237131 1.101755528 2.880688211 
-3.932547317 -0.628010898 4.857291757 
1.156943439 4.257005762 -3.426793838 
3.497839580 7.435466268 -1.279372670 
-3.914053018 2.475855143 3.273255228 
-6.227509736 0.077908024 -1.218369435 
-1.412307573 6.038841478 3.334151490 
-4.344392525 6.460540706 -2.540232191 
-3.611728544 6.273670651 -3.126586602 
-3.425243328 6.362768848 -2.941942221 
3.269208683 3.695437617 -2.024217662 
2.666621463 0.745804409 -4.577809539 
-2.956695109 -2.216816112 4.946331017 
1.838249437 5.802102116 5.070647294 
5.848555459 1.044273161 -3.763238106 
6.049814407 6.359630161 -5.760141415 
-8.559396818 -2.320024783 0.467900333 
-9.573259092 0.167759321 3.309799255 
12.457449762 10.882241618 -13.188390455 
11.889029853 12.116172837 -12.704162381 
-19.268100752 -1.929569880 4.146229030 
-17.588200243 -2.059963329 2.551374638 
15.966461221 18.377129198 -3.433592129 
14.673423544 20.348700904 -4.921670326 
-23.020247936 3.348664614 -0.082535919 
-23.109386842 5.049433494 1.529174168 
14.110261721 16.374670006 -0.883703553 
11.993881519 15.887915073 1.536152679 
-19.921210134 3.659538271 -3.563944312 
-18.706465466 4.621102874 -2.066217299 
-3.400116011 19.668200401 -13.837771440 
-3.311624327 17.492152215 -11.765177302 
-17.697807876 20.026042383 10.986915075 
-14.369658115 18.914256592 10.882312239 
-1.547595908 29.077985385 -11.820267071 
-2.394892109 30.538320073 -8.745481033 
-21.040086533 23.853618625 8.641961403 
-20.985331812 24.794478557 5.801889849 
6.503624487 27.850062602 -9.894547473 
5.415897449 28.736855382 -8.578701861 
-25.423367749 15.439963811 1.932655991 
-24.506053231 16.786775935 1.873934800 
5.740972477 22.255316360 -11.665426172 
6.364362079 21.255145090 -9.064248608 
-21.832054467 12.078910440 6.741898165 
-19.618886740 11.171498880 6.356570360 
-13.791852043 22.422278052 6.498807515 
-12.925590507 21.477802676 6.892559235 
-5.857357281 25.825483792 -12.353256018 
-6.459833891 25.178949199 -8.097283145 
-13.738338683 19.171093127 17.975625388 
-13.833845830 18.451923659 16.735499203 
-7.516711184 21.244772328 -20.083742449 
-6.856056734 20.643454615 -19.382638188 
-4.753572557 25.850686751 16.629195547 
-3.693574563 23.641406276 17.861217169 
-16.544012761 19.396564351 -16.060162289 
-14.121203622 18.213658688 -17.425729724 
-4.014177753 27.096629148 11.908510679 
-2.882856569 26.228981705 9.977776167 
-14.937220061 22.001581426 -12.372003457 
-14.871744976 20.947645194 -10.188157733 
12.235061496 18.068864136 -3.990583401 
8.673814925 18.401696123 -1.024297553 
-19.720124207 5.856341377 -0.894770861 
-18.058400842 7.749850520 -1.708578687 
14.955652229 13.464956126 -11.738490916 
14.425623351 12.598820521 -10.681277559 
-20.976532973 0.888524397 6.375361156 
-19.833992913 0.345460413 5.555514941 
9.479381595 20.511331164 -15.341646017 
8.490507191 19.109324958 -16.269319515 
-21.715599300 8.660945974 11.276925066 
-19.658662278 8.600562885 13.189253217 
7.033058719 23.186959956 -11.981913077 
5.634487110 23.031447506 -9.517150648 
-21.492174365 12.116848224 6.356767118 
-19.230781166 12.834655703 7.211383954 
