0.120329638 2.801728376 -0.360681563 
0.132409592 2.802965954 -0.342611121 
0.134585800 2.819743481 -0.218380185 
0.145008891 2.820328928 -0.197235286 
0.130573808 2.807998798 -0.312386977 
0.119211027 2.801329960 -0.362908938 
0.141418875 2.822341761 -0.179463074 
0.143875003 2.821011994 -0.191882854 
0.130104756 2.809033810 -0.306121577 
0.129102600 2.807191962 -0.319479136 
0.145348761 2.818123080 -0.219813983 
0.144158236 2.817385704 -0.225781792 
0.128655313 2.807263745 -0.320559667 
0.131457540 2.811436760 -0.288546803 
0.127735289 2.812548322 -0.287092469 
0.133766627 2.810542376 -0.295365333 
0.145469958 2.819837727 0.200790874 
0.142423918 2.815729554 0.244026679 
0.133781837 2.811297359 0.290974428 
0.120235050 2.807518488 0.330639211 
0.133305758 2.807844374 0.311814888 
0.139194802 2.808397949 0.302404532 
0.125894409 2.814317694 0.278889917 
0.118384028 2.809879432 0.318364066 
0.124571865 2.793077031 0.404878923 
0.128627631 2.797829658 0.377651280 
0.133779762 2.811978141 0.285699793 
0.124159498 2.810864587 0.304236364 
0.124659791 2.796940165 0.385159314 
0.135251781 2.803314656 0.338012033 
0.135174827 2.811047788 0.291472222 
0.134187291 2.810287766 0.296794419 
0.141529847 2.807089161 0.310698149 
0.138023522 2.807623132 0.308135973 
0.115312792 2.804191835 0.355213533 
0.107211663 2.801381714 0.378051361 
0.134163038 2.805866928 0.323967417 
0.133648993 2.802380039 0.346677422 
0.116549862 2.803116360 0.358347644 
0.127938970 2.810915281 0.301455522 
0.090879496 2.792025363 0.451677785 
0.123064954 2.765164952 0.487978915 
0.131607888 2.799931042 0.340501391 
0.128209484 2.802841685 0.396307631 
0.142046632 2.812330624 0.270396483 
0.145079247 2.810719355 0.279619252 
0.026308011 2.708342558 0.754555713 
0.116290614 2.796008945 0.398911417 
0.085133068 2.784934659 -0.469645066 
0.092934547 2.790507008 -0.439234610 
0.144869290 2.811501540 -0.277506092 
0.141727460 2.811398116 -0.280047991 
0.089344296 2.783981599 -0.471831572 
0.087663486 2.776163096 -0.505759699 
0.140406672 2.821004946 -0.201366125 
0.135272961 2.809076422 -0.304514149 
0.114393003 2.800023759 -0.379696322 
0.102898259 2.786750885 -0.448874187 
0.139570792 2.810681143 -0.286877133 
0.152620697 2.819642773 -0.191552243 
0.080305417 2.772870206 -0.519891455 
0.097965300 2.788194829 -0.445976376 
0.144449592 2.811044882 -0.280424426 
0.131196680 2.809059946 -0.309001267 
0.128268606 2.801219017 -0.358112962 
0.121030132 2.802531607 -0.357776660 
0.137209985 2.814559101 -0.262226648 
0.130563690 2.818403266 -0.238964379 
0.138592023 2.811998165 -0.275762566 
0.144755212 2.814251089 -0.251562594 
0.136916768 2.819256587 -0.221797247 
0.130323377 2.813816560 -0.277656808 
0.150832064 2.814690627 -0.242327573 
0.146703504 2.815598961 -0.239541670 
0.135640064 2.814440466 -0.264341865 
0.133290593 2.815262429 -0.259452282 
0.150313611 2.812750545 -0.257030331 
0.160920163 2.823693449 -0.140545829 
0.133302066 2.817520526 -0.243537827 
0.050388094 2.738919400 -0.650400750 
0.131758326 2.815540057 0.263439022 
0.135026229 2.816581902 0.248627560 
0.082436209 2.775195626 0.511758515 
0.095200466 2.791744937 0.434179659 
0.142255110 2.816353067 0.240961627 
0.137299405 2.811506484 0.286065738 
0.077565592 2.773338546 0.522812367 
0.090839446 2.779964946 0.486917827 
0.111119852 2.778816963 0.481445320 
0.139045640 2.810755812 0.285326660 
-0.020229728 2.706562082 0.754795203 
0.059593503 2.747157582 0.605672669 
0.143857684 2.813556343 0.260434042 
0.141575477 2.828613502 0.082562800 
0.062433084 2.765654344 0.555474897 
0.099912670 2.790504664 0.432642885 
0.101676449 2.792264712 0.429179932 
0.111049563 2.800082955 0.381277161 
0.132679095 2.817731879 0.249140066 
0.124686455 2.813131130 0.286664037 
0.127250911 2.808994719 0.312629835 
0.138551065 2.808874094 0.299349227 
0.119796087 2.816157829 0.271591750 
0.118300884 2.816418519 0.269898098 
0.131661568 2.818219943 0.236557539 
0.137040043 2.816433334 0.244542002 
0.120197322 2.813731587 0.288577826 
0.112231126 2.806035970 0.346237199 
0.133772802 2.801811445 0.354369721 
0.135793115 2.810183372 0.297167770 
0.108736156 2.812154756 0.311820421 
0.104379949 2.804284035 0.362441811 
0.090278756 2.780946502 -0.482528359 
0.106259390 2.785415461 -0.453652825 
0.137488130 2.813887739 -0.266245030 
0.134856919 2.812179683 -0.283155597 
0.099825600 2.797311221 -0.402419558 
0.068449935 2.762933063 -0.561268391 
0.133504947 2.808598835 -0.309964477 
0.135357929 2.814524076 -0.265095167 
0.078556498 2.771145123 -0.527733952 
0.058741886 2.755671017 -0.591571436 
0.115233580 2.803208167 -0.359580374 
0.122792439 2.804157944 -0.348135015 
0.075408608 2.777337554 -0.503980660 
0.086301339 2.788474379 -0.455649398 
0.117895517 2.809221748 -0.322162909 
0.122370623 2.803441370 -0.353396692 
0.107980666 2.796827563 -0.397357159 
0.082992204 2.789706232 -0.450311250 
0.099117861 2.779803044 -0.484837408 
0.135125900 2.803196079 -0.343331353 
0.099900746 2.794627227 -0.414643818 
0.118928493 2.803676389 -0.352164064 
0.122182074 2.802727404 -0.357740673 
0.132364005 2.808114595 -0.313767135 
0.056431762 2.755953752 -0.592621666 
0.079867910 2.770577851 -0.529537670 
0.139064999 2.813434258 -0.269927832 
0.124225515 2.805118647 -0.341246145 
0.103669446 2.779636342 -0.479383947 
0.102967163 2.791311281 -0.429031821 
0.144079940 2.817778094 -0.222459072 
0.133026938 2.807857207 -0.316445802 
0.061654609 2.772396694 0.535172558 
0.067624471 2.768011362 0.548031658 
0.106207690 2.800676771 0.383736390 
0.098889402 2.785865427 0.459925500 
0.059344871 2.772845604 0.534719932 
0.088439475 2.782010042 0.484000680 
0.117395736 2.806227539 0.341963532 
0.104324021 2.798870593 0.394324847 
0.089965414 2.787915427 0.457044084 
0.058025930 2.761363305 0.575874928 
0.106783021 2.793130974 0.420638750 
0.110208949 2.799517720 0.386149324 
0.122098339 2.799837546 0.373292568 
0.114353934 2.799798287 0.380153970 
0.102762598 2.803302781 0.371243513 
0.114185003 2.800656518 0.376091009 
0.136812730 2.804331338 0.329907076 
0.121267899 2.800977703 0.367408417 
0.131118042 2.818400014 0.236974400 
0.124381472 2.814110818 0.281252218 
0.134690576 2.796913385 0.378962736 
0.141131103 2.810136233 0.272400469 
0.126427032 2.815946267 0.263708642 
0.128792329 2.811773282 0.319670972 
0.114914150 2.794080969 0.409027635 
0.123465342 2.800541329 0.368074145 
0.127029871 2.816025988 0.265835591 
0.116453912 2.810435588 0.316592054 
0.133947463 2.808052466 0.313103678 
0.127678479 2.805178341 0.338688069 
0.119431534 2.813773993 0.290276377 
0.117839384 2.811173525 0.307967419 
0.062475609 2.749152404 -0.612975721 
0.007528353 2.678653660 -0.823044030 
0.139167172 2.805101695 -0.283491294 
0.136342474 2.814224341 -0.191015599 
0.066068705 2.750736981 -0.604732988 
0.075903473 2.766316858 -0.546837000 
0.101521249 2.777652363 -0.495670454 
0.121191481 2.804991587 -0.350456169 
0.025509591 2.731032462 -0.681990341 
0.026777080 2.740477979 -0.652240802 
0.127639543 2.802526301 -0.355233009 
0.128956537 2.801481183 -0.358759250 
0.052190382 2.747705160 -0.622319003 
0.058021008 2.754741431 -0.595945668 
0.126433967 2.800458670 -0.368500465 
0.110077312 2.797023365 -0.400164643 
0.145924705 2.821215059 -0.185321404 
0.160126347 2.823725888 0.120216778 
0.098498712 2.788154021 -0.448816990 
0.163167584 2.819328202 -0.168882460 
0.092280270 2.771682486 -0.511197497 
0.052202853 2.745528815 -0.623027606 
0.144587813 2.812390717 -0.273882000 
0.134700029 2.809283194 -0.312209355 
0.119605547 2.738305017 -0.599435656 
-0.053025905 2.659469050 -0.874721537 
0.176289741 2.808264121 -0.133874736 
0.149898040 2.814697884 -0.158702953 
0.063968882 2.752721269 -0.602257050 
0.143499730 2.827150410 -0.146892611 
0.166189821 2.816779663 -0.195776392 
0.141102206 2.809224291 -0.274949651 
0.139763595 2.803201825 0.327502528 
0.131268523 2.804929738 0.328094431 
0.151660201 2.819620209 0.188717574 
0.136439047 2.816469414 0.244845776 
0.130094779 2.812650463 0.283671226 
0.139293629 2.816658833 0.239815024 
0.130192795 2.813918600 0.273623836 
0.130219163 2.814508621 0.269970643 
0.147177299 2.823360808 0.181389946 
0.125376738 2.801800923 0.366860430 
-0.042639698 2.682698952 0.828006970 
-0.015768279 2.734031539 0.696916604 
0.140850010 2.812284786 0.272276382 
0.147103930 2.816005930 0.231499887 
0.147111599 2.815716029 0.233112025 
0.147812713 2.818921164 0.204545791 
0.006954802 2.699272406 0.772916752 
0.025302457 2.732984525 0.682805285 
-0.090821000 2.649550586 0.909995144 
-0.022381612 2.674198603 0.828828351 
0.175939954 2.820468268 0.033384044 
0.132082764 2.802349425 0.350204182 
0.157350768 2.832554169 0.076503889 
0.156362843 2.818411570 0.197905508 
0.116117037 2.801071400 0.361977860 
0.126147510 2.805766665 0.324267194 
0.121200275 2.809832889 0.311322426 
0.128382060 2.812123712 0.288772017 
0.133120190 2.816261318 0.250923448 
0.141602805 2.814498369 0.253632316 
0.110981490 2.796389557 0.399414953 
0.127562320 2.805925577 0.330913431 
0.138095070 2.836217105 -0.062123857 
0.171083086 2.798605645 0.286633972 
0.070005416 2.745098227 -0.624158120 
0.185543821 2.823153171 -0.012923640 
0.149709998 2.812622315 -0.260830964 
0.152765754 2.807978323 -0.290482480 
0.136996441 2.814405489 -0.264846191 
0.146621675 2.819332472 -0.207403207 
0.146743595 2.815195440 -0.239497098 
0.091771488 2.774855183 -0.510985238 
0.117242619 2.805965456 -0.341011800 
0.142625975 2.813755889 -0.257341720 
0.027898453 2.722767493 -0.705451455 
0.140981634 2.804776016 -0.323896545 
0.131404850 2.813675735 -0.275246243 
0.116110570 2.802460747 -0.363747217 
0.030796313 2.728049875 -0.688703790 
0.054523448 2.763097372 -0.569650682 
-0.008098477 2.703981356 -0.768654536 
-0.013376512 2.707922717 -0.762204982 
0.004168864 2.713743099 -0.747249242 
0.104201043 2.821547568 -0.288559499 
0.021755559 2.728804513 -0.728500175 
0.168474419 2.821504976 -0.069705299 
0.103757260 2.790479981 -0.436172777 
0.074369216 2.762050393 -0.566355455 
0.144309087 2.807695003 -0.304141904 
0.102866116 2.790679455 -0.433082905 
0.089097701 2.770375496 -0.529860467 
0.053480676 2.748301295 -0.619335533 
0.094965581 2.777074844 -0.497908484 
0.075495353 2.766707941 -0.549117733 
0.158369863 2.838607427 -0.091974863 
0.011704871 2.692054842 0.746767796 
-0.007867684 2.666282206 0.823396378 
0.125567897 2.806041355 0.305593463 
0.140757201 2.811655728 0.273807698 
0.133402656 2.807686653 0.308190898 
0.144068923 2.812910704 0.265876059 
0.136947211 2.811022462 0.288317767 
0.112170885 2.796511854 0.398552755 
0.144310946 2.815481685 0.244947962 
0.040977255 2.741802240 0.643466076 
0.105097216 2.792364891 0.423152666 
0.151853004 2.819217693 0.195548795 
0.154838720 2.817857780 0.203433307 
0.098189032 2.792601052 0.426350928 
0.105326249 2.792295441 0.424536802 
0.123245622 2.797098829 0.385863095 
0.079276719 2.753381826 0.591945959 
0.091371288 2.792115919 0.434194364 
0.042154316 2.778104824 0.521486714 
0.123603846 2.805842846 0.334362943 
0.111471530 2.795855007 0.402124300 
0.116904659 2.801438924 0.368948826 
0.139169292 2.809375452 0.298224295 
0.129041371 2.795597113 0.390845697 
0.089814947 2.770875883 0.524511283 
0.047942403 2.760371836 0.585048692 
0.021987902 2.726362385 0.696176777 
0.086251023 2.784370226 0.472555065 
0.083873321 2.771142304 0.531884309 
0.049143820 2.762513765 0.574849996 
0.080351526 2.779622398 0.495586438 
0.137793352 2.809182386 -0.295851546 
0.119567003 2.800772110 -0.366727361 
0.122687440 2.809165497 -0.316609426 
0.127765263 2.803754362 -0.347625663 
0.142720988 2.805955887 -0.314917948 
0.124817149 2.805255819 -0.336959247 
0.102175263 2.790687958 -0.431459551 
0.129289487 2.808941933 -0.309980508 
0.114271595 2.804220004 -0.354576186 
0.117818395 2.808049908 -0.328295267 
0.117913537 2.809767902 -0.315783950 
0.124192071 2.809343580 -0.314212570 
0.129294257 2.812421236 -0.286428934 
0.133893894 2.812191039 -0.284282856 
0.128089416 2.812230982 -0.288217581 
0.119534411 2.804787760 -0.346469396 
0.159745933 2.820807611 -0.159748977 
0.183253561 2.817178247 -0.152848498 
0.122660929 2.804203744 -0.347010619 
0.137704215 2.815457018 -0.253768317 
0.153974651 2.815334535 -0.238662199 
0.140295354 2.818097003 -0.226830830 
0.106992155 2.790929345 -0.430139859 
0.112704112 2.794332966 -0.410291782 
0.156013413 2.827255102 -0.039675530 
0.122259154 2.802258589 -0.356008405 
0.116824667 2.814577728 -0.284289578 
0.120739551 2.807565503 -0.328683384 
0.121864264 2.806047263 -0.335770518 
0.107007211 2.795971192 -0.401936923 
0.120272074 2.812865276 -0.293757622 
0.125265177 2.815708875 -0.269144764 
0.143181409 2.794544009 -0.383868785 
0.175311164 2.823984785 -0.033326749 
0.151847269 2.814551347 0.240700122 
0.147017343 2.817825912 0.218507617 
0.158919194 2.821453339 0.153415536 
0.159105005 2.818454167 0.158277646 
0.099273857 2.818202019 0.297605423 
0.178784084 2.807244839 0.082702604 
0.177116644 2.823667139 -0.033951361 
0.137643115 2.811839240 0.279320225 
0.142137416 2.814042192 0.259106070 
0.140303855 2.808227078 0.303622379 
0.169517865 2.825374494 0.004121104 
0.166772442 2.825671758 -0.034441564 
0.141196628 2.816989756 0.234842055 
0.127750297 2.809889829 0.306986012 
0.134772061 2.827071561 0.193234178 
0.149880684 2.832416747 0.020271964 
0.033977601 2.743270276 0.646944370 
-0.066947051 2.682506044 0.820916487 
-0.059501671 2.656419205 0.876769692 
-0.056049241 2.651473441 0.882955360 
-0.116815128 2.653144912 0.905218354 
-0.105245597 2.668262173 0.874551905 
0.022941922 2.714472093 0.715988814 
0.021209740 2.710558793 0.720442866 
0.124006986 2.819878927 0.266759330 
0.117349559 2.822776196 0.255869789 
-0.112547127 2.640346295 0.911364034 
-0.131658416 2.631130164 0.933232653 
0.101353337 2.779268752 -0.506511869 
0.095953918 2.783665546 -0.487671046 
0.139133096 2.818119454 -0.243877624 
0.011124716 2.742980799 -0.657935586 
-0.005582585 2.704348287 -0.763189408 
0.150741979 2.791942758 -0.352965975 
0.157096831 2.827770202 0.015580427 
0.143073446 2.816977986 -0.231592942 
0.142120302 2.816105229 -0.242314948 
0.133795576 2.813538482 -0.272103542 
0.161895423 2.820948949 0.163229089 
0.132027962 2.810974639 -0.293662161 
0.171170943 2.824924610 -0.025804149 
0.167104191 2.812953109 0.236490653 
0.132865637 2.809987883 -0.300277349 
0.163618251 2.813393227 -0.234828066 
0.140331876 2.817608711 -0.230517116 
0.147648074 2.819677928 -0.198486526 
0.153370488 2.824396816 -0.125961728 
0.155976459 2.824149815 -0.121607514 
0.053448026 2.752783810 -0.581104857 
0.042874351 2.740657963 -0.622487711 
0.166908529 2.823583491 -0.100089479 
0.162879106 2.820473821 -0.159429456 
0.144709061 2.812871162 -0.265335971 
0.138224300 2.814318391 -0.262376466 
0.159109955 2.824356216 -0.104744870 
0.102998883 2.786609084 -0.431294663 
0.203746920 2.810582654 0.067337022 
0.147332450 2.819329200 -0.195596452 
0.162108847 2.814437739 -0.216397825 
0.157959619 2.816385232 -0.152407692 
0.159107292 2.820698281 -0.169120266 
-0.026910173 2.704524462 -0.765317127 
0.154073333 2.816242551 0.223050396 
0.153933340 2.815740771 0.228322241 
0.119971202 2.799275590 0.378381212 
0.095407209 2.781555211 0.479092354 
0.139067826 2.797825311 0.377001193 
0.092909360 2.744735103 -0.626518844 
0.163659690 2.812230261 0.188369757 
0.036773908 2.756860985 0.601351143 
0.122611468 2.808280288 0.319309827 
0.129051078 2.802576827 0.347931325 
0.136149094 2.804255754 0.335918751 
0.138666648 2.818881930 0.217775185 
0.122058072 2.835472087 0.151115642 
0.156680364 2.818377020 0.191759724 
0.142973200 2.820424294 0.197592961 
0.140405599 2.818191909 0.223989049 
0.158945149 2.822725555 0.139231275 
0.170768596 2.820902172 0.136976816 
0.087230375 2.799407656 0.404986359 
0.105373318 2.812011076 0.317274669 
0.153362457 2.821933769 0.164653448 
0.140340007 2.818421125 0.228123336 
0.118963355 2.807444616 0.334166093 
0.121244019 2.805597230 0.339827154 
0.157071702 2.813777786 0.241488700 
0.105030596 2.793010055 0.450621203 
0.104015506 2.805980914 0.351301636 
0.143159402 2.804403446 0.338151323 
0.145237373 2.824018218 0.150609474 
0.155675103 2.819303329 0.187250146 
0.127132714 2.813123627 0.283568010 
0.134235511 2.820396710 0.213397934 
0.124942023 2.809713574 -0.309307490 
0.100303495 2.783609772 -0.467787968 
0.105666501 2.806885472 -0.342983923 
0.115465674 2.804089090 -0.350898878 
0.127959350 2.819668829 -0.228287580 
0.104396410 2.801002780 -0.380831249 
0.140415968 2.818551048 -0.218526879 
0.124575376 2.821149420 -0.217683175 
-0.089609723 2.662758114 -0.888719814 
-0.014614428 2.721848891 -0.721406345 
0.006692919 2.716385344 -0.732286803 
0.148520805 2.790524896 -0.360510387 
0.135390912 2.821243808 -0.194313391 
-0.019613468 2.709555234 -0.765494412 
0.096996135 2.761341383 -0.546643644 
-0.146241873 2.630848640 -0.954586474 
0.142564030 2.804898797 -0.319281237 
0.139054906 2.816069739 -0.244205413 
0.122945294 2.803154556 -0.353435213 
0.116958720 2.808558468 -0.321670276 
-0.009120187 2.731044450 -0.712407371 
-0.068875779 2.713818967 -0.756139826 
-0.001991006 2.669538162 -0.815211600 
0.074538358 2.735882146 -0.598119830 
0.104953143 2.778259714 -0.487792135 
0.120414165 2.787976545 -0.434962869 
0.085716183 2.795524243 -0.417565029 
0.179232976 2.816551440 -0.105757752 
0.129409238 2.801259583 -0.361570949 
0.107996814 2.791599346 -0.425853704 
0.107707133 2.804985102 -0.352608160 
0.121845342 2.805321084 -0.335421478 
0.016924901 2.732952255 0.684955622 
0.124816823 2.829791257 0.188482270 
-0.005606527 2.691188572 0.819677089 
-0.001370525 2.721563856 0.725247493 
0.051602677 2.736037424 0.657093830 
0.084663011 2.775148408 0.509092735 
0.024662707 2.729656452 0.687768136 
-0.026905699 2.706610203 0.768773331 
0.063551892 2.758715740 0.582478283 
0.090780189 2.781806187 0.480703681 
-0.013887910 2.707805161 0.762798160 
-0.022321257 2.709776778 0.758396421 
0.131746735 2.780825397 0.455224814 
0.123611609 2.801313967 0.362277694 
0.010883772 2.727455005 0.697316285 
0.093670594 2.776488115 0.500300188 
0.124757686 2.813215269 0.287046009 
0.141758547 2.808411317 0.298182327 
0.110844518 2.792586912 0.416715911 
0.120793487 2.808055860 0.325034587 
0.149836142 2.816861059 0.218334354 
0.139010002 2.811674553 0.280393290 
0.120420369 2.807307145 0.329072283 
0.131612166 2.811179782 0.292280746 
0.120383907 2.807173667 0.334457036 
0.121612803 2.798085945 0.385152661 
0.122071334 2.811643753 0.303509650 
0.136737026 2.818604541 0.229479946 
0.142901629 2.812865544 0.270455487 
0.146198266 2.807517122 0.304160450 
0.121942368 2.809891869 0.313757441 
0.135723711 2.810917199 0.289953894 
0.131123878 2.801447086 -0.351912223 
0.117672890 2.800870875 -0.369812637 
0.076540607 2.787391755 -0.465491065 
0.116707390 2.811336241 -0.307241583 
0.090942994 2.772502557 -0.516880313 
0.086645919 2.770323839 -0.527725005 
0.071502276 2.773976003 -0.522644356 
0.088077277 2.786973806 -0.459402365 
0.094750175 2.787746979 -0.453448577 
0.087135945 2.774690123 -0.512109975 
0.103099946 2.802986455 -0.369687883 
0.120463398 2.805837411 -0.340561489 
0.105387942 2.774634074 -0.499662409 
0.100350055 2.780606118 -0.479666036 
0.105344546 2.805704791 -0.351837229 
0.102111039 2.800703239 -0.384509541 
0.137265836 2.814387041 -0.258749355 
0.135354510 2.806991706 -0.312593591 
0.090336210 2.784177071 -0.471089453 
0.113560157 2.793234993 -0.413676295 
0.094999163 2.787778976 -0.451710578 
0.070104713 2.770548986 -0.535950697 
0.088485243 2.778668925 -0.493328346 
0.111997913 2.798906973 -0.384058596 
0.138037501 2.802727723 -0.335729366 
0.124157162 2.811758588 -0.290189775 
0.124782778 2.801034393 -0.363181642 
0.134637862 2.795721479 -0.375300522 
0.124731731 2.810916146 -0.309644505 
0.131134181 2.808736524 -0.314223053 
0.092470319 2.773142229 -0.506547813 
0.054575787 2.747649431 -0.619112601 
-0.076348503 2.684808861 0.823400365 
0.101607072 2.785367363 0.480543263 
0.125156066 2.820589021 0.262824813 
0.190600574 2.816467503 -0.023502020 
0.078615653 2.770001302 0.526268487 
0.071979034 2.770465098 0.529041566 
0.151357591 2.820427694 0.190171948 
0.147845676 2.817938140 0.223448932 
0.125919381 2.810868930 0.296467238 
0.103435996 2.778631314 0.464592358 
0.114514899 2.801096111 0.381732421 
0.107897891 2.797931466 0.408563001 
-0.072992554 2.643607445 0.913000731 
0.016657005 2.695915979 0.774122244 
-0.129320524 2.649973497 0.921065809 
-0.061045336 2.703636151 0.793399277 
0.122411816 2.794655634 0.397883507 
0.108759998 2.777230869 0.488452391 
0.035531406 2.743017973 0.642093300 
0.017968279 2.737152069 0.667449520 
0.142464150 2.838039929 0.069870956 
-0.035858480 2.686063372 0.812762282 
-0.134959604 2.631449357 0.945380581 
0.072480111 2.743620478 0.606158665 
0.140219352 2.811651304 0.281916496 
0.138665513 2.821915192 0.192582545 
0.073810862 2.774377890 0.521711674 
0.097149039 2.805186221 0.379741814 
0.122607315 2.781304318 0.458591410 
0.126442955 2.787917704 0.423951171 
0.123890942 2.810581677 0.305308989 
0.105663698 2.803517332 0.363086815 
0.115001339 2.793099309 -0.411780972 
0.115000180 2.793425163 -0.411185152 
0.131098189 2.807826936 -0.317010612 
0.102296439 2.800841051 -0.383564948 
0.102260690 2.793717067 -0.415724431 
0.138323578 2.779324141 -0.453722455 
0.114299201 2.809662614 -0.321168456 
0.129076644 2.819972989 -0.225221240 
0.145997607 2.818439324 -0.233361417 
0.155361423 2.819991536 -0.197584161 
0.127586414 2.790444449 -0.376037759 
0.128615567 2.795659486 -0.361816318 
0.123745758 2.794261315 -0.399744589 
0.123812966 2.794714707 -0.394593296 
0.011399820 2.736387482 -0.674005319 
0.128289695 2.811248283 -0.293673003 
0.127729187 2.795563930 -0.386072997 
0.160439387 2.790823486 -0.385497202 
0.117492079 2.809906307 -0.317012509 
0.131032347 2.811140102 -0.297089225 
0.139532123 2.802272833 -0.345196602 
0.113287661 2.793330825 -0.412068033 
0.120430028 2.804226474 -0.347277268 
0.127733570 2.809253016 -0.307887784 
0.102693510 2.786982221 -0.447658161 
0.129978640 2.804814181 -0.334080045 
0.114298234 2.812136411 -0.305333019 
0.113552791 2.802407564 -0.364324734 
0.122463286 2.805913740 -0.336052764 
0.124989357 2.788908787 -0.422883518 
0.133091401 2.815261632 -0.260903608 
0.129015764 2.817664691 -0.246919711 
0.156919147 2.811037170 0.259272313 
0.119578835 2.811506020 0.302341015 
0.147914108 2.816341200 0.231307744 
0.148676497 2.811595916 0.268004525 
0.151382792 2.816502930 0.221413834 
0.141928703 2.815325779 0.247187906 
0.156787630 2.817675791 0.204702498 
0.173758722 2.797288377 0.225949058 
0.143672541 2.812925157 0.268546317 
0.160799195 2.818050667 0.191096168 
0.143715065 2.812706526 0.266464464 
0.140662227 2.812055197 0.275645635 
0.148934668 2.814784999 0.241030030 
0.141625497 2.815970763 0.242733892 
0.141594140 2.819300356 0.214843304 
0.138896158 2.818466285 0.227061842 
0.150335897 2.809802062 -0.326941765 
0.121310895 2.754720507 0.545876482 
0.101347981 2.743850736 0.602189925 
0.095979738 2.772151631 0.482628530 
0.140764892 2.796180476 0.387640431 
-0.003461811 2.706400002 0.758575854 
-0.079565469 2.688209242 0.820968906 
0.082035144 2.781560220 0.484008333 
0.070586928 2.747020673 0.590317194 
0.083702398 2.763606403 0.523930953 
0.122901837 2.813154033 0.313351677 
0.128726510 2.810065989 0.337514300 
0.165890239 2.806272880 0.228940229 
0.111661070 2.775895043 0.457476965 
0.153389506 2.827790802 0.036403852 
0.156828710 2.826985140 0.045608553 
0.141459061 2.811304477 -0.278454877 
0.147028278 2.810513277 -0.282408228 
0.161537903 2.814511702 -0.200204681 
0.160843344 2.780807617 0.421225962 
0.148386460 2.813803935 -0.248986278 
0.145449111 2.818189491 -0.217568300 
0.145384857 2.821470142 -0.183320281 
0.142391339 2.820898190 -0.197719045 
0.138765923 2.803266946 -0.333783280 
0.141035062 2.806788018 -0.311404231 
0.151927243 2.828432528 -0.005840637 
0.144512270 2.826410814 -0.116994850 
0.131076222 2.806268239 -0.327641079 
0.135511962 2.809401125 -0.304916806 
0.149094100 2.825147724 -0.125018291 
0.153048822 2.822221521 -0.157912714 
0.103255010 2.761273846 -0.549957312 
0.079115075 2.736205966 -0.649007768 
0.063207586 2.768282127 -0.531062901 
0.051250786 2.733798319 -0.640193051 
0.115326802 2.782490616 -0.469619205 
0.123758211 2.790223390 -0.424020745 
0.097189827 2.795026120 -0.415647059 
0.086078712 2.789039662 -0.451199475 
0.118295506 2.788606330 -0.429440860 
0.099964732 2.776564366 -0.490572075 
0.139548190 2.820517435 -0.203886493 
0.130148737 2.810609358 -0.299772524 
0.048829612 2.781975250 -0.539005436 
0.138857864 2.827345997 -0.149709049 
-0.071565892 2.665824006 -0.873468927 
0.098075556 2.774397222 -0.493643979 
0.140405923 2.813796568 0.263668599 
0.129631252 2.813144235 0.281081828 
-0.005910909 2.705774363 0.763122806 
0.140866474 2.807828854 0.305848016 
0.156986998 2.816744846 0.213984535 
0.156018962 2.816941024 0.213754053 
0.101773319 2.777763430 0.494933186 
0.107455023 2.789966337 0.432325694 
0.169191067 2.817577995 0.174611693 
0.109017847 2.773523588 0.491079313 
0.031993365 2.736806889 0.664912249 
0.050907045 2.759995438 0.591786054 
0.162570617 2.824074850 0.119264155 
0.129234666 2.796412311 0.400334874 
0.077491936 2.764972080 0.541744553 
0.092604016 2.781398256 0.494739244 
0.098500049 2.800471968 0.393015717 
0.097985520 2.807237744 0.354364209 
0.067252551 2.760034771 0.577285960 
0.058378910 2.770371578 0.545494856 
0.129587195 2.813452717 0.285155421 
0.110192441 2.804937862 0.359748626 
0.102542084 2.802518003 0.374453623 
0.081915366 2.783403424 0.478380256 
0.107865959 2.805451191 0.352725670 
0.098255645 2.799201181 0.393621396 
0.100000340 2.789347775 0.439784620 
0.114556204 2.799242753 0.380950199 
0.138233859 2.817808610 0.234649574 
0.115447943 2.801446464 0.373270288 
0.093521845 2.783656763 0.469135073 
0.099088827 2.794434922 0.413060366 
0.118084694 2.805106350 -0.346122518 
0.098083841 2.786584132 -0.453582419 
0.125038180 2.818136697 -0.245006710 
0.116916957 2.809532054 -0.318115709 
0.093027344 2.779016964 -0.490199140 
0.106562355 2.781177054 -0.473028718 
0.126700383 2.820974271 -0.214564028 
0.124895224 2.818447346 -0.242098471 
0.115212954 2.789627803 -0.430180925 
0.115145298 2.805514758 -0.345047153 
0.115207162 2.797333018 -0.389288566 
0.122673623 2.801328970 -0.360653523 
0.104641622 2.790278387 -0.436002024 
0.125831489 2.820559313 -0.231188633 
0.096748633 2.793045438 -0.425975967 
0.155075743 2.807477321 -0.280330250 
-0.006925158 2.724609279 -0.716452647 
0.059669223 2.760177505 -0.580681656 
0.140744805 2.804615798 -0.330507663 
0.136607850 2.800350273 -0.358981814 
0.065739297 2.749180595 -0.615685414 
-0.057604237 2.711510792 -0.759765551 
0.140042788 2.805788520 -0.272974729 
0.050315319 2.714086986 -0.674138331 
0.049156404 2.745231553 -0.632640320 
0.068740582 2.759190615 -0.575516565 
0.151950649 2.811331072 -0.271100665 
0.131247309 2.800142816 -0.362467800 
0.000959077 2.722630196 -0.717856406 
0.013613119 2.731985418 -0.687230699 
0.102830721 2.790049220 -0.438060279 
0.091730065 2.784955238 -0.468245506 
0.122805796 2.803737170 0.348161721 
0.124463476 2.800890884 0.363478091 
0.084864245 2.775737190 0.510621306 
0.066458481 2.757418871 0.584836620 
0.134552442 2.809032306 0.304432662 
0.111896084 2.799191437 0.382083588 
0.098268909 2.780530989 0.487350256 
0.088169071 2.781331275 0.484573764 
0.104577069 2.799730909 0.386769531 
0.107404124 2.798440414 0.390083878 
0.102956575 2.799981229 0.388488195 
0.069675640 2.796769221 0.432119589 
0.129010702 2.808483065 0.317153165 
0.093134679 2.783307868 0.467214582 
0.097523866 2.785942923 0.466539430 
0.102677203 2.787187511 0.451868244 
0.055763390 2.759236918 0.582265212 
0.108958663 2.803249859 0.364890359 
0.125938927 2.821805088 0.219588029 
0.117334622 2.812563227 0.303884992 
0.074306837 2.780044574 0.495629077 
0.094855613 2.795013983 0.417156928 
0.144098844 2.819254435 0.221604180 
0.134361725 2.813613023 0.278429655 
0.105077329 2.792396568 0.434119434 
0.077131855 2.768512795 0.524420002 
0.126578289 2.813419493 0.283184128 
0.158767596 2.823773317 0.118455587 
0.065475574 2.771252457 0.537910459 
0.055820459 2.774440809 0.524627702 
0.126160062 2.809603945 0.313420774 
0.123024376 2.808216879 0.328224595 
-0.009519368 2.703364819 -0.764853701 
-0.010406752 2.702332773 -0.770093697 
0.115803324 2.812296932 -0.302676988 
0.119015713 2.810835074 -0.307770821 
0.062037318 2.741086953 -0.639552365 
0.065905783 2.738673944 -0.644921897 
0.142776456 2.817105817 -0.234867943 
0.173727140 2.815873914 -0.164921974 
0.077126745 2.765925269 -0.533885455 
0.071109992 2.776596572 -0.493630134 
0.159948029 2.808716150 -0.283348094 
0.116174994 2.821250435 -0.277138808 
0.060445005 2.732023562 -0.664809699 
0.078791461 2.750345847 -0.600033796 
0.118378463 2.814190337 -0.288897464 
0.114265301 2.807681976 -0.336981251 
0.041551460 2.736986608 -0.659869170 
0.058779438 2.767025854 -0.552948398 
-0.001234375 2.712795559 -0.745222367 
0.056984269 2.746696638 -0.627574587 
-0.039928614 2.687435138 -0.819678916 
0.128368978 2.830567160 -0.173233621 
0.029986792 2.738829005 -0.705791690 
-0.011073209 2.714207699 -0.748992322 
0.098378805 2.775085010 -0.505543920 
0.089034763 2.776274933 -0.505403172 
0.102665488 2.786189447 -0.455143746 
0.116625641 2.797655818 -0.389869332 
0.052588588 2.747483139 -0.625420587 
0.056506862 2.752385937 -0.606412304 
0.086721763 2.774092414 -0.517793864 
0.109594756 2.788908414 -0.437225889 
-0.032336971 2.717903140 0.757248563 
-0.077599975 2.704649004 0.782015577 
0.042906141 2.699089989 0.736309437 
0.064215075 2.725329693 0.638056206 
0.132373644 2.801000765 0.351139887 
0.124124457 2.801516394 0.356909004 
0.133660090 2.808765091 0.305945499 
0.000190016 2.711545912 0.742760825 
0.122150695 2.794604697 0.402250792 
0.133778988 2.802231528 0.349737735 
0.037260505 2.742757154 0.638560393 
0.096441717 2.790520684 0.432590055 
0.159468792 2.813443786 0.239369559 
0.147495866 2.806731653 0.305673367 
0.131815214 2.800624549 0.354843990 
0.139104734 2.808076905 0.303008296 
0.090657987 2.777631243 0.497964041 
0.110554383 2.790237053 0.429976233 
0.074856351 2.779883813 0.498056345 
0.035705500 2.758365359 0.595235907 
0.096499781 2.781022943 0.480986767 
0.130518762 2.798626165 0.371149726 
0.048098372 2.766246802 0.564706857 
0.136586319 2.816929360 0.242467310 
0.119468586 2.804388412 0.352164372 
0.107727092 2.786431030 0.451961819 
0.027022267 2.758735707 0.598976765 
0.068017543 2.776624003 0.515569714 
0.111230869 2.794923081 0.408666432 
0.063577968 2.780877121 0.502108438 
0.089353904 2.786507726 0.462124113 
0.073518245 2.768307569 0.544269129 
0.150492236 2.810972841 -0.269394995 
0.175225379 2.820152479 -0.129273250 
0.120128873 2.808550944 -0.323913824 
0.111447520 2.805938861 -0.349987144 
0.133951739 2.813440376 -0.274170201 
0.140901811 2.807873408 -0.303119927 
0.127551894 2.803969342 -0.342942581 
0.127286484 2.814273062 -0.277099601 
0.152144589 2.819339918 -0.197486984 
0.102137332 2.789491896 -0.444513665 
0.128197539 2.805646114 -0.331353549 
0.127008150 2.817732571 -0.248115780 
0.122091811 2.801600411 -0.363762681 
0.123240553 2.804933758 -0.342648744 
0.128963026 2.812166058 -0.289671923 
0.128135104 2.807338658 -0.322936861 
0.134236091 2.808241578 -0.307226813 
0.087382582 2.778008812 -0.493630819 
0.129999544 2.807794677 -0.316577774 
0.141329729 2.809706178 -0.317324660 
0.134061239 2.816810069 -0.243888714 
0.153878536 2.820047758 -0.181760808 
0.132664096 2.804156020 -0.336206345 
0.118693460 2.798217027 -0.383442906 
0.110222012 2.793704482 -0.411504918 
0.119578282 2.807621801 -0.326207165 
0.112640673 2.795121041 -0.405383210 
0.120541176 2.803027854 -0.355808812 
0.120070868 2.794407970 -0.399990783 
0.078420019 2.770192016 -0.531846008 
0.135936195 2.814420036 -0.260573183 
0.135085286 2.815137745 -0.260063151 
0.125544254 2.810563033 0.301349393 
0.133900485 2.813848601 0.268314034 
0.149342392 2.811974397 0.267100104 
0.128001136 2.811675035 0.294174877 
0.125278735 2.809348602 0.308325480 
0.024349916 2.701560988 -0.772494191 
0.201844631 2.810675123 -0.068329985 
0.130577289 2.756162446 0.538487989 
0.119397386 2.812993927 0.294242886 
0.142890648 2.816529841 0.238309584 
0.141466513 2.818557635 0.221696126 
0.134886821 2.816069535 0.253968365 
0.123926929 2.806773749 0.330461636 
0.148864722 2.819283318 0.202762713 
0.127224401 2.817118803 0.257436003 
0.126629511 2.811490932 0.295712654 
0.094402596 2.770816184 -0.528202979 
0.121896164 2.830452007 0.170522082 
0.148528836 2.825128172 0.128049738 
0.114907353 2.821263013 0.250845249 
0.122931393 2.800987508 0.364345616 
0.125878989 2.805687816 0.337402685 
0.119265355 2.797773800 0.381972393 
0.117679850 2.797935746 0.383980657 
0.133279903 2.825729583 0.151127526 
0.128593333 2.823153374 0.190971256 
-0.134430042 2.632614949 0.930686639 
0.002719183 2.691251167 0.772912549 
0.078134146 2.771663350 0.507813114 
0.149321006 2.818749026 0.170110524 
0.110580823 2.809988583 0.327444008 
0.145648003 2.808790907 0.288002007 
0.082646849 2.801467638 -0.410671474 
-0.010302358 2.715910714 -0.725835720 
0.022431860 2.719265935 -0.714622346 
0.150552968 2.791951438 -0.350816410 
-0.012786017 2.738672032 -0.694807348 
0.156236257 2.822945242 -0.138954226 
0.116574703 2.812342645 -0.298934272 
0.134754856 2.817135793 -0.240453750 
0.148387087 2.813027616 -0.257610353 
0.159437479 2.818083434 -0.194668594 
0.143055888 2.820688598 -0.198750951 
0.150405987 2.822408490 -0.166706144 
0.164463980 2.810627281 -0.233456608 
0.142729844 2.794358591 -0.358088353 
0.129874707 2.838201154 -0.039836653 
0.124994070 2.835894589 -0.092308832 
0.133169913 2.818293776 -0.236321220 
0.105912657 2.794861276 -0.410970862 
0.105774892 2.804584042 -0.361180989 
0.145690809 2.818582244 -0.212437668 
0.129075766 2.820922992 -0.214995903 
0.133756898 2.819251841 -0.222708372 
0.140627693 2.815698943 -0.244706307 
-0.011360353 2.700015032 -0.776638148 
0.145986762 2.819370095 -0.211426867 
0.154491482 2.811910976 -0.226160445 
0.181906066 2.817507529 -0.093563886 
0.164184063 2.823125699 -0.081983198 
0.184800503 2.807694351 -0.199375436 
0.168795762 2.805915285 -0.251523121 
0.042290749 2.703965709 -0.719555972 
-0.047894073 2.683599118 -0.817116654 
0.164027077 2.822017021 0.128058723 
0.164355509 2.822894912 0.116425049 
0.126718492 2.808653260 0.314251345 
0.114360866 2.801531986 0.370855309 
0.168517507 2.822194599 0.113678966 
0.091636045 2.774610962 0.503431578 
-0.027581523 2.693871831 0.775121423 
-0.178018266 2.612688547 0.987602420 
0.153128217 2.819711025 0.189547619 
0.144183006 2.816101630 0.241574890 
0.129528714 2.801807339 0.349572834 
0.117490918 2.811869639 0.289924991 
0.152447793 2.819656071 0.189036175 
0.151820794 2.821988676 0.163832891 
0.142320810 2.811398401 0.274446080 
0.135005157 2.811119855 0.288034199 
0.148096493 2.820079677 0.195059380 
0.147053901 2.819064904 0.207377791 
0.091955398 2.791791930 0.435303596 
0.103437103 2.796990901 0.404406892 
0.148506343 2.821831995 0.174109736 
0.155909627 2.820992322 0.168029534 
0.119036547 2.811335885 0.308055333 
0.128313876 2.815962063 0.262314989 
0.143945999 2.819142974 0.210995928 
0.150017119 2.819734615 0.195732092 
0.155574929 2.812579510 0.250241555 
0.126954879 2.814221230 0.274439877 
0.137494603 2.817400022 0.238592471 
0.112992441 2.799095012 0.384241745 
0.119457172 2.818165937 0.257232597 
0.131297128 2.820708812 0.217549756 
0.110072041 2.788968416 -0.436148937 
0.087263436 2.769000464 -0.532094685 
0.122468907 2.821288789 -0.220440663 
0.136483969 2.823789501 -0.172626791 
0.113541455 2.804737848 -0.350403059 
0.153057174 2.818565128 -0.201494200 
0.122024468 2.819677223 -0.235171443 
0.136925692 2.821817478 -0.193440899 
0.131187975 2.812033672 -0.287598848 
0.123564362 2.802806315 -0.353294968 
0.127688812 2.812970430 -0.283117589 
0.147310269 2.821694254 -0.178554548 
0.125611035 2.808740887 -0.313080887 
0.115522455 2.786714779 -0.441415239 
0.132306702 2.819216953 -0.226586281 
0.120840093 2.820323399 -0.231635705 
0.133470029 2.806402795 -0.317952164 
0.136954900 2.816974305 -0.241745676 
0.085059224 2.772530263 -0.520106710 
0.071473318 2.764417095 -0.556772298 
0.149243764 2.828017502 -0.201940861 
0.166896333 2.827547936 -0.120847318 
-0.058282136 2.639908933 -0.893609029 
0.101126065 2.748498438 -0.545154446 
0.122250534 2.796495138 -0.389912864 
0.139299372 2.810259736 -0.290847103 
0.096346089 2.786329387 -0.455414211 
0.107683246 2.792557411 -0.421749146 
0.097696568 2.791811539 -0.433292896 
0.055193325 2.747728619 -0.622428271 
0.120075178 2.791878872 -0.413714093 
0.101270399 2.790770673 -0.434331345 
0.071966664 2.759055212 0.595461648 
0.120328430 2.829056247 0.207559724 
0.006207578 2.703555146 0.794717570 
-0.146361819 2.627398151 0.973790490 
0.073963300 2.749393806 0.607245685 
0.079370074 2.769008011 0.534436139 
-0.013725612 2.706001575 0.764679498 
-0.004629825 2.715393009 0.736826037 
0.083251146 2.768917134 0.532536096 
0.120251073 2.793830210 0.404952749 
0.062675065 2.752204384 0.603926914 
0.014012678 2.728715201 0.695544657 
0.136778369 2.806035890 0.321059954 
0.123277014 2.798928548 0.376434075 
-0.003490137 2.714545634 0.737340761 
0.101950224 2.785921603 0.454530448 
0.135271092 2.808403158 0.306210015 
0.135913009 2.802793617 0.341222627 
0.070938568 2.770394527 0.535338662 
0.108923155 2.796625470 0.389572926 
0.139629336 2.809534199 0.290056763 
0.118818149 2.802496065 0.352993138 
0.074440606 2.775555453 0.515146058 
0.115903822 2.800262508 0.377640141 
0.144270248 2.815449490 0.247035958 
0.110440211 2.801218286 0.376816539 
0.109464687 2.805220606 0.352663773 
0.117786462 2.812686763 0.300607598 
0.137516177 2.807307323 0.314587617 
0.123229994 2.805159078 0.342721003 
0.106860942 2.802220910 0.372476887 
0.112691187 2.808639349 0.328825733 
0.134992429 2.804744980 -0.327696557 
0.139417529 2.816635294 -0.237776873 
0.090815304 2.776541071 -0.501598299 
0.125111396 2.803790262 -0.345206140 
0.130045893 2.794087033 -0.395468850 
0.107290827 2.770214868 -0.515148748 
0.101264503 2.798455370 -0.395320629 
0.110118016 2.803520137 -0.361442470 
0.085581840 2.786325512 -0.465243663 
0.059298398 2.758894007 -0.583837949 
0.125021935 2.810771418 -0.301501665 
0.128299690 2.813672889 -0.278879890 
0.095974512 2.780923559 -0.480144424 
0.096611418 2.782083244 -0.474475232 
0.120039491 2.813776930 -0.286917421 
0.125822169 2.807019707 -0.325468469 
0.141541494 2.816038449 -0.240720951 
0.141749040 2.816535325 -0.235969360 
0.134099076 2.812099287 -0.281495588 
0.127002451 2.811061644 -0.296870056 
0.140520223 2.813717048 -0.260381465 
0.137538766 2.807323411 -0.309600934 
0.141370507 2.815874908 -0.242163129 
0.131605797 2.815092318 -0.263246466 
0.145048541 2.819687883 -0.202202365 
0.152984649 2.818218877 -0.204472741 
0.120272818 2.805271387 -0.340344351 
0.135484533 2.814567891 -0.262776184 
0.148094651 2.819297127 -0.200925893 
0.144057582 2.817624727 -0.224434525 
0.121322469 2.804962879 -0.342453422 
0.119481943 2.806106199 -0.337234432 
0.100597894 2.777862589 0.481500773 
0.071519188 2.758993003 0.568517565 
0.167659108 2.816729513 0.199274183 
0.138276039 2.812819346 0.283378342 
0.163579658 2.825302889 0.064645307 
0.130058556 2.815458479 0.260826574 
0.130500110 2.814831116 0.265654471 
0.143559483 2.815023795 0.245196444 
0.133800099 2.832835858 0.103085713 
0.142280198 2.825651835 0.168609995 
0.161564706 2.818836732 0.177972336 
0.131237669 2.811923912 0.268599970 
0.054234378 2.730287578 0.675153565 
0.012787858 2.693113697 0.776369692 
0.193498681 2.803205495 0.066585547 
0.156705448 2.815177485 0.140915879 
0.154819752 2.817639492 0.203094417 
0.161462719 2.816277472 0.211167591 
0.119805689 2.808511034 0.321675926 
0.131056021 2.813167993 0.278027822 
0.137399484 2.836662457 0.036985750 
0.164425710 2.797574208 -0.301766429 
-0.100274154 2.674774794 0.874108179 
0.186461299 2.810376990 0.268743510 
0.114826641 2.788188514 0.441703894 
0.152466536 2.822188895 0.134017526 
0.097103868 2.813629721 0.307424566 
0.117020311 2.803775670 0.353392434 
0.153328836 2.815268777 0.234195424 
0.138814064 2.818069849 0.228781134 
0.093053926 2.783405350 0.473383652 
0.092876697 2.802344643 0.380727346 
0.135776062 2.811947420 -0.281384835 
0.131700059 2.810040875 -0.298952505 
0.144673563 2.818566534 -0.214264660 
0.140562474 2.821377068 -0.192354348 
0.010604815 2.696566567 -0.779089788 
-0.050597953 2.685737104 -0.827042320 
-0.073285619 2.653200156 -0.898280888 
-0.052065082 2.655559255 -0.876674162 
0.146334324 2.821487334 -0.177335992 
0.125888942 2.801826739 -0.351715212 
0.121232732 2.811560722 -0.297693753 
0.126295610 2.812446736 -0.290173369 
0.124525862 2.802480240 -0.347673907 
0.089469226 2.777420816 -0.493003067 
0.099521419 2.801389519 -0.381448147 
0.118653859 2.808849706 -0.318906019 
0.077161734 2.777901724 -0.502725294 
0.069858767 2.764292233 -0.556674598 
0.116957451 2.804805138 -0.347066601 
0.109268048 2.802685029 -0.368582772 
0.075737567 2.771682678 -0.527622793 
0.081555051 2.775630921 -0.508327326 
0.105976383 2.797215663 -0.399139418 
0.094991705 2.784250889 -0.466603560 
0.077683719 2.772266151 -0.525709555 
0.097193596 2.778165370 -0.492495045 
0.114947350 2.805111898 -0.349547688 
0.111110802 2.801605099 -0.371749245 
0.059115349 2.760837279 -0.574060928 
0.063377919 2.762167069 -0.568660470 
0.099552025 2.797686179 -0.401208123 
0.109555924 2.800098206 -0.379281381 
0.103555507 2.795176200 0.409635437 
0.093521646 2.791768627 0.434564290 
0.126944616 2.806147848 0.335640249 
0.130454742 2.809597419 0.306523023 
0.074716187 2.780853280 0.492271932 
0.082152682 2.784099402 0.475602022 
0.128901411 2.800418400 0.366962362 
0.132606495 2.803179673 0.346603855 
0.128731335 2.800817154 0.359214982 
0.136926457 2.807706265 0.309297048 
0.141962341 2.816306305 0.243278208 
0.135461723 2.809432434 0.301644897 
0.113288569 2.791203470 0.425344125 
0.110364659 2.797331474 0.395596126 
0.117517989 2.798864666 0.384429331 
0.111156049 2.796709502 0.401122993 
0.083788690 2.767964389 0.535085721 
0.079037657 2.761981368 0.559998162 
0.080282666 2.766726978 0.551282105 
0.112035430 2.789249343 0.438183787 
0.099297093 2.777537362 0.490962188 
0.018312233 2.688434063 0.796663936 
0.138133170 2.801010246 0.318842247 
0.135488550 2.813420290 0.222270088 
0.113419118 2.795859040 0.401203616 
0.118729389 2.804924168 0.347492967 
0.084007206 2.774449818 0.515212762 
0.063345481 2.758443369 0.584753882 
0.102740223 2.784073705 0.462840683 
0.086376732 2.778589591 0.495063521 
0.086957106 2.777091235 0.504904908 
0.101382553 2.785691970 0.459940815 
0.136284937 2.804821511 -0.328665123 
0.115941196 2.790420835 -0.406510357 
0.132675495 2.817103162 -0.245568873 
0.141126357 2.813078140 -0.298689937 
0.135567487 2.802560183 -0.343995643 
0.137162997 2.807074615 -0.315336754 
0.128642398 2.816667409 -0.257640655 
0.116986062 2.806449857 -0.339677178 
0.123930146 2.800918690 -0.362974828 
0.114134800 2.794992813 -0.406047710 
0.136934834 2.816842921 -0.243711995 
0.128787059 2.812931383 -0.282378149 
0.107916580 2.788056784 -0.440257893 
0.117367716 2.795554742 -0.395464483 
0.135780498 2.815542481 -0.251900808 
0.139086201 2.818402834 -0.227071092 
0.118248898 2.800031384 -0.371706938 
0.069304015 2.767153520 -0.550363944 
0.114742171 2.801499307 -0.365834270 
0.117495770 2.799074643 -0.376711568 
0.115243143 2.802274562 -0.364792890 
0.113015135 2.798593453 -0.387811533 
0.117993094 2.803631847 -0.351113469 
0.118572706 2.805413664 -0.340903741 
0.125168753 2.798187972 -0.381388282 
0.122242918 2.795394919 -0.399549289 
0.108955852 2.796316584 -0.401919441 
0.105759408 2.790139980 -0.431422134 
0.107139850 2.789280865 -0.437798714 
0.085016164 2.767638639 -0.538637326 
0.052491682 2.764930603 -0.562562660 
0.062659526 2.749382770 -0.597321896 
0.164341707 2.819853852 0.164010942 
0.147999148 2.821181274 0.174069835 
0.119050265 2.808334907 0.325483196 
0.119222083 2.808912742 0.323270563 
0.152530224 2.817601977 0.211811675 
0.147187760 2.813756460 0.253466234 
0.114463841 2.801322032 0.372808465 
0.122232932 2.808071721 0.324162127 
0.157809764 2.820469955 0.166849988 
0.159588227 2.823126552 0.149602407 
0.124932579 2.806263016 0.333324129 
0.027725640 2.719530691 0.702029139 
0.144449077 2.815230483 0.239700024 
0.147956098 2.817223909 0.220073989 
0.148984041 2.814471148 0.247830682 
0.132786580 2.808648708 0.310319762 
0.116432791 2.802928396 0.358288818 
0.088371010 2.779990308 0.490240128 
0.114715076 2.804372703 0.350926405 
0.121592934 2.803737671 0.353543183 
0.113518786 2.795855421 0.398690060 
0.117114212 2.799803908 0.376243551 
0.112896428 2.797104607 0.395624074 
0.117646778 2.796912362 0.393213730 
0.090163805 2.793840205 0.428172482 
0.103530222 2.799105319 0.390979386 
0.091545514 2.795922215 0.420476757 
0.088758963 2.786990159 0.460681307 
0.120385061 2.807864374 0.326954982 
0.116788122 2.798980128 0.381471080 
0.071346827 2.775280385 0.519842345 
0.089752303 2.789015473 0.451582392 
0.090750260 2.775712583 -0.502399707 
0.062006868 2.752559890 -0.601622624 
0.133503554 2.825645598 -0.154386669 
0.139741656 2.824665474 -0.150977155 
0.097392162 2.783066923 -0.465086532 
0.112159001 2.786162345 -0.447463062 
0.133707403 2.822757968 -0.187377379 
0.136912054 2.817457848 -0.238290360 
0.121995289 2.801709748 -0.361068060 
0.129263459 2.810102207 -0.301392014 
0.117092360 2.816727097 -0.266551291 
0.119940644 2.814055065 -0.285823653 
0.111590388 2.801613349 -0.371651322 
0.105772155 2.793041180 -0.418801898 
0.131018423 2.821676002 -0.204362654 
0.129811790 2.819411676 -0.226738253 
0.122196916 2.786120542 -0.439478656 
0.137503083 2.804164483 -0.329656519 
0.143718134 2.818238404 -0.219193512 
0.131838667 2.812853019 -0.279575970 
0.109485809 2.782703270 -0.462995342 
0.112572895 2.787476813 -0.439733945 
0.131931319 2.821464218 -0.204912512 
0.123360241 2.811395919 -0.299994251 
0.113318105 2.790973113 -0.422488184 
0.112455476 2.794455808 -0.405555140 
0.137812162 2.811784644 -0.280687829 
0.134957509 2.813607608 -0.271173746 
0.114897088 2.783845684 -0.455237531 
0.129700370 2.799098109 -0.368111105 
0.131590233 2.814885759 -0.266351716 
0.109495885 2.806695305 -0.344056467 
0.151558290 2.807714093 0.293201017 
0.129234808 2.810336038 0.299260405 
0.137847230 2.814172070 0.262752372 
0.134384532 2.814840395 0.262598620 
0.145514765 2.817260484 0.226915365 
0.146925281 2.817458322 0.221526238 
0.138800403 2.815217737 0.255333026 
0.134231892 2.810429307 0.301400265 
0.134109302 2.803630309 0.340943029 
0.128848684 2.812141530 0.286221692 
0.145736343 2.816681668 0.233396977 
0.133080917 2.812541671 0.284533794 
0.126145997 2.812160323 0.290809232 
0.131992781 2.812646139 0.278931271 
0.147229891 2.818735328 0.216779059 
0.142482319 2.815490606 0.248745931 
0.113613811 2.803314115 0.359476594 
0.122591848 2.806668361 0.331402250 
0.117904609 2.800685361 0.374728665 
0.104613731 2.793124605 0.421283934 
0.126375292 2.807795864 0.320251577 
0.120374722 2.807398541 0.329083595 
0.122217461 2.787975903 0.433174253 
0.116652800 2.799439943 0.380681677 
0.116420780 2.802112437 0.364943709 
0.108520986 2.798111310 0.392910956 
0.122330591 2.795660330 0.396367596 
0.130240886 2.808640633 0.311987235 
0.096846206 2.790198689 0.440310732 
0.095359282 2.795365703 0.412746430 
0.134615915 2.808880095 0.305650542 
0.085620540 2.770432246 0.532485892 
0.097689775 2.781074006 -0.478111728 
0.104431029 2.787838500 -0.444570383 
0.141817349 2.818567165 -0.220310344 
0.138992232 2.816769703 -0.244671985 
0.112145600 2.791670505 -0.421333848 
0.110360662 2.787785433 -0.441644303 
0.142868757 2.819999180 -0.205790147 
0.136534498 2.818684732 -0.228735298 
0.128400723 2.797647863 -0.378209137 
0.116187150 2.793687129 -0.408428133 
0.095993679 2.818527280 -0.319572654 
0.093880153 2.810015725 -0.358387831 
0.072224585 2.746589098 -0.595215594 
0.149773991 2.809199137 -0.289891554 
0.146209274 2.809641133 -0.260595903 
0.164083120 2.826893882 -0.189687087 
0.125431468 2.805229832 -0.332018027 
0.126025117 2.806122486 -0.330082410 
0.066480150 2.754605686 -0.595428654 
0.112566900 2.779855337 -0.477622536 
0.112931591 2.806033555 -0.342898785 
0.115440365 2.791652864 -0.417817863 
0.069403746 2.764565359 -0.558790123 
0.083022939 2.773837716 -0.518404790 
0.087698682 2.785697399 -0.459664185 
0.072455353 2.771545860 -0.526837253 
0.116523697 2.803977809 -0.354888681 
0.134579413 2.808871781 -0.307008738 
0.112933999 2.793034365 -0.408995705 
0.119567313 2.794535467 -0.399557785 
0.120038390 2.803596462 -0.354342909 
0.120204991 2.805092754 -0.345705482 
0.057830125 2.752770004 0.609939541 
-0.071987456 2.708485629 0.769053449 
0.144637568 2.805493986 0.267524587 
0.130597471 2.805485529 0.297736022 
0.105468005 2.791429750 0.427216545 
0.140448586 2.810076211 0.291485341 
0.070222862 2.742887111 0.628290051 
0.071263383 2.754326379 0.592489544 
0.052725647 2.740998861 0.643844229 
0.059948942 2.767221519 0.557726617 
0.073340389 2.764622739 0.554428261 
0.043672815 2.743828319 0.638938075 
0.122235479 2.797433629 0.384550064 
0.128754694 2.802043661 0.357747211 
0.115157958 2.793268316 0.414090810 
0.111750246 2.789999237 0.432942551 
0.147512591 2.806003083 0.309208991 
0.127931595 2.788958002 0.422335173 
0.138803018 2.816647458 0.245297380 
0.173678012 2.812883048 0.198503443 
0.124596340 2.804110280 0.346682034 
0.120019031 2.806249884 0.337854731 
0.050469859 2.773082623 0.537587576 
0.066788971 2.779893210 0.503994560 
0.104553405 2.773173075 0.505864580 
0.111081851 2.770716378 0.512207690 
0.082122798 2.794127126 0.430459293 
0.095924089 2.801863133 0.385957613 
0.081770145 2.773172919 0.503852492 
0.049598963 2.755677539 0.580110718 
0.139910976 2.801283884 0.350031079 
0.129123472 2.752556197 0.559761758 
0.098790351 2.795444102 -0.405197435 
0.109561047 2.801763762 -0.367074424 
0.128887143 2.806144547 -0.336582761 
0.104210060 2.790068446 -0.437854673 
0.071934237 2.774424580 -0.517059982 
0.119120957 2.802130480 -0.356050783 
0.122293488 2.813147324 -0.290321955 
0.120275120 2.809516765 -0.317868160 
0.056232649 2.749291682 -0.609143483 
0.065950554 2.769968332 -0.537775124 
0.131036704 2.817010023 -0.251898871 
0.126641308 2.812862486 -0.285315058 
0.091978955 2.784060596 -0.476244940 
0.055574862 2.745679104 -0.615899062 
0.143649397 2.819659577 -0.205632220 
0.124085739 2.782961524 -0.439863237 
0.155146976 2.813704724 -0.245780358 
0.155349875 2.817121002 -0.215903237 
0.140789755 2.809000717 -0.311235205 
0.121361022 2.804468302 -0.345491521 
0.140219438 2.812770699 -0.274026425 
0.140314926 2.809540625 -0.296803275 
0.144692366 2.806571107 -0.310257197 
0.129652843 2.801289471 -0.358929748 
0.162318076 2.821504082 -0.154616690 
0.144295276 2.797609844 -0.380765073 
0.061678302 2.756917999 -0.574956089 
0.091959297 2.767851855 -0.521872371 
0.143404880 2.775480174 -0.446064346 
0.079310003 2.752822281 -0.583832597 
0.024052716 2.727629454 -0.692678907 
0.082684576 2.774348761 -0.523170747 
0.108155436 2.785475248 0.452785008 
0.135765768 2.803517385 0.339926775 
-0.015333908 2.713834545 0.739846634 
0.102716042 2.795124476 0.410227934 
0.108405084 2.762972613 0.539384878 
0.078065976 2.741580251 0.627381760 
0.064689048 2.768898980 0.527288721 
0.049654934 2.741514355 0.616148042 
0.126552726 2.829772956 0.207019030 
-0.068129318 2.649772444 0.900387485 
-0.136441195 2.638922543 0.945791736 
-0.032820167 2.698989496 0.777970750 
0.089214456 2.759194479 0.565003492 
0.122458198 2.799018086 0.367903158 
0.123948430 2.793825371 0.399924468 
0.105981154 2.797052546 0.401184672 
0.138756961 2.816361944 0.248239035 
0.128719607 2.812367295 0.290788369 
0.077364389 2.796109857 0.426825711 
0.090207709 2.797184154 0.412993062 
0.147342128 2.823020357 0.166493762 
0.139497375 2.815876403 0.249235596 
0.021854639 2.757197508 0.606051832 
0.059895516 2.769478315 0.547085360 
0.127012089 2.811862653 0.295922594 
0.148923161 2.828369235 0.083031263 
0.090672550 2.789912649 0.440194767 
0.161671959 2.807699965 0.272355689 
0.121442853 2.801963579 0.361232631 
0.121529320 2.799600553 0.376487157 
0.077939692 2.776600570 0.508468893 
0.100382209 2.792364477 0.426810175 
0.119862309 2.803170555 -0.355640292 
0.087314997 2.786372015 -0.464591152 
0.116823752 2.795078027 -0.398009040 
0.111754379 2.803348427 -0.358610863 
0.123830670 2.805390570 -0.338260212 
0.088463426 2.788930874 -0.450481471 
0.116312053 2.800608384 -0.369834299 
0.103849646 2.793104121 -0.419542755 
0.104876460 2.799026031 -0.394221456 
0.085861499 2.778238165 -0.498140051 
0.130709245 2.800524323 -0.358510558 
0.174865250 2.814088957 -0.206837568 
0.107098057 2.803359360 -0.365340345 
0.109127505 2.800542230 -0.376241684 
0.088949184 2.784487007 -0.467426555 
0.111462092 2.799231618 -0.382975530 
0.127450193 2.806273513 -0.331166766 
0.134167077 2.813187927 -0.269901262 
0.160625936 2.822008332 -0.148905811 
0.178296981 2.806236163 -0.106797155 
0.128716528 2.812642207 -0.285278859 
0.124378230 2.807466177 -0.323504044 
0.158763631 2.821501881 -0.157462013 
0.152315933 2.818961460 -0.202100175 
0.150130353 2.820689972 -0.179156318 
0.135250677 2.814218594 -0.266874174 
0.149674420 2.822616969 -0.162609335 
0.135253920 2.821621374 -0.200967440 
0.117050650 2.800834724 -0.370601614 
0.131376379 2.808678985 -0.309574450 
0.152180580 2.821240873 -0.174508580 
0.147032771 2.820387421 -0.192368710 
0.124725685 2.801677068 0.361762214 
0.122560094 2.805342012 0.340406402 
0.094291703 2.800783295 0.390914711 
0.117355613 2.808019012 0.328557147 
0.120807894 2.798411758 0.377839272 
0.153104793 2.792873175 0.378981442 
0.122005494 2.809130349 0.318213937 
0.102901577 2.817261237 0.284796936 
0.135520506 2.812404355 0.279722623 
0.130357863 2.808241287 0.314959321 
0.098592974 2.808513567 0.344878860 
0.110305372 2.803484810 0.363310030 
0.118197592 2.798181785 0.383115468 
0.119624750 2.800284169 0.370924638 
0.078449809 2.808642645 0.362867041 
0.097449529 2.796041611 0.412653836 
0.141230435 2.808502615 0.300899001 
0.129146145 2.809202773 0.310244997 
0.145362566 2.828696934 0.062674040 
0.146936679 2.826416338 0.113671982 
0.069531444 2.774031825 0.518180050 
0.145555192 2.819823822 -0.249601294 
0.150803635 2.825685644 0.113170687 
0.153778034 2.823744329 0.132964774 
0.133766846 2.811939130 0.287297437 
0.160535242 2.818769480 0.185440356 
0.144452121 2.823208903 0.165523039 
0.143823440 2.817758543 0.226235747 
0.147062023 2.815479696 0.238905233 
0.144374650 2.808796890 0.289708737 
0.134568876 2.822750320 0.190152511 
0.140928514 2.822886951 0.176512913 
-0.160541319 2.628386684 -0.974392249 
-0.049914744 2.670121494 -0.859857395 
-0.069280835 2.691809813 -0.813718648 
0.091218889 2.791496975 -0.436319250 
0.161852188 2.810536174 0.310712524 
0.089555702 2.717223030 -0.680194126 
-0.301657110 2.594726254 -1.076354123 
0.012079424 2.755658987 -0.607657073 
0.120112012 2.783825274 -0.417532836 
0.108293006 2.769277363 -0.485796432 
0.161849002 2.827655360 0.044434228 
0.156309349 2.828156788 0.024408319 
0.061434656 2.731235003 -0.650305792 
0.063195457 2.727092642 -0.659699761 
0.141740512 2.822294559 -0.234579407 
0.128745346 2.822913041 -0.243568213 
0.091598409 2.787316420 -0.448828269 
0.086567808 2.773070866 -0.510659666 
0.150981171 2.808493515 -0.294112115 
0.145795777 2.816137180 -0.248955506 
0.120030788 2.804608076 -0.370075371 
0.105926957 2.794435199 -0.434799396 
0.138397411 2.820382175 -0.244203461 
0.141441878 2.813474424 -0.276143289 
-0.056102550 2.676077220 -0.850353702 
-0.016974505 2.678276018 -0.828874940 
-0.105922766 2.661545547 -0.892085564 
-0.037633756 2.716077558 -0.758244989 
0.115065826 2.807870909 -0.328900153 
0.096808024 2.777733595 -0.472760246 
0.108430154 2.801196448 -0.386264012 
0.116189850 2.809535762 -0.337098817 
0.082979056 2.782894013 0.483138281 
0.062573684 2.766791943 0.556383443 
0.112718782 2.800124181 0.379193161 
0.112512196 2.802814638 0.363346042 
0.148855074 2.815181294 0.240333022 
0.143165176 2.812835206 0.265512297 
0.093005139 2.792199533 0.438023851 
0.116877286 2.797059299 0.393965229 
0.134615417 2.812951472 0.304360643 
0.118028181 2.805050865 0.350029218 
0.122658158 2.793393084 0.394051434 
0.081931838 2.768059436 0.535111609 
0.124073016 2.810824334 0.304555596 
0.128371832 2.813923056 0.271131789 
0.113227154 2.796392504 0.391969073 
0.143807378 2.806195946 0.298720507 
0.152476759 2.795012885 0.368586619 
0.099390293 2.788441896 0.441473123 
0.125353200 2.813434210 0.281360755 
0.109514935 2.818522343 0.265321876 
0.112076824 2.793584950 0.412728466 
0.089669712 2.783540394 0.474202248 
0.111701937 2.803696452 0.362353552 
0.121731595 2.809895703 0.313634724 
0.143406417 2.812023415 0.270362683 
0.095099405 2.789033596 0.443531813 
0.055882083 2.763234055 0.569722070 
0.120010302 2.808752906 0.321261282 
0.150437829 2.819651794 0.214242307 
0.144710412 2.822192195 0.192858726 
0.101060128 2.771794684 0.478314040 
0.124318670 2.789914517 0.397817421 
0.176844735 2.828448696 0.092705187 
-0.039888782 2.678931315 -0.833226880 
-0.103459057 2.641619875 -0.920380156 
0.013486384 2.704108856 -0.749637736 
0.110101302 2.780205271 -0.479908869 
0.082149191 2.761834266 -0.563054379 
0.124129260 2.803535625 -0.350405952 
0.107863847 2.798866890 -0.392022445 
0.123356799 2.787027665 -0.432209747 
0.116334633 2.782501203 -0.455164828 
0.096509171 2.792304440 -0.431277385 
0.122828874 2.814336997 -0.278944633 
0.117628982 2.796319386 -0.393598155 
0.136823405 2.818492418 -0.228185266 
0.134614434 2.808945283 -0.305220802 
0.110033752 2.816351357 -0.301671961 
0.107671065 2.798516836 -0.390937695 
0.112022956 2.795052926 -0.401375678 
0.120671329 2.803325241 -0.351214611 
0.134884628 2.815038033 -0.257676048 
0.037645791 2.754961265 -0.618996882 
0.098366782 2.788137027 -0.434835100 
0.163524413 2.824991427 -0.098361235 
0.125254195 2.781982283 -0.452961539 
0.121083270 2.799935936 -0.371456787 
0.128927608 2.793294686 -0.396987564 
0.120298319 2.797882612 -0.382728195 
0.125353048 2.809933263 -0.307256244 
0.138057898 2.811002457 -0.285782147 
0.138871898 2.810089693 -0.291178765 
0.109495974 2.796391407 -0.398954092 
0.104587035 2.795370430 -0.407673442 
0.113551706 2.803989130 0.359136215 
0.131047254 2.813021334 0.284015510 
0.141086448 2.812955656 0.268329760 
0.133685548 2.811148143 0.289704011 
0.133617798 2.806829758 0.315318359 
0.135788259 2.813653481 0.270415688 
0.136282280 2.819663952 0.217429985 
0.125908189 2.805790379 0.333513245 
0.163347231 2.827107860 0.177252842 
0.138737599 2.831507756 0.166520285 
0.011024399 2.693448547 0.772113712 
0.180568399 2.812770538 -0.157229749 
0.155382041 2.822166548 0.147675801 
0.118105976 2.826888319 0.170618489 
0.172991383 2.816174348 0.187939325 
0.167755770 2.818654886 0.168091860 
0.161707590 2.828741895 0.084415856 
0.171631766 2.824006112 0.041623391 
0.132618588 2.832978640 0.013990277 
0.164651998 2.822704552 0.142177217 
-0.028888629 2.699553302 0.766566637 
0.119703014 2.808923487 0.320944238 
0.129206829 2.815759627 0.274889130 
0.094376698 2.798838068 0.412123662 
0.076047725 2.728867298 0.630447797 
0.055995354 2.733887291 0.634453833 
0.146764689 2.832291779 0.067775043 
0.117717825 2.811582427 0.324286086 
0.105067780 2.823656897 0.275660730 
0.095358205 2.804852201 0.422131471 
0.159045275 2.818231958 -0.197756039 
0.190377964 2.806322843 -0.174045340 
0.106464733 2.802381169 -0.360023141 
0.091160209 2.791182281 -0.434151958 
0.170805224 2.802372811 -0.344869972 
0.111605746 2.794076488 -0.455339342 
-0.110014445 2.658725113 -0.880637531 
0.094886219 2.805489505 -0.371341228 
-0.060436955 2.659451922 -0.873615717 
0.095479199 2.805547207 -0.397024879 
0.114172661 2.775284406 -0.481535076 
0.116180976 2.793648644 -0.395670735 
0.118468301 2.812941851 -0.298683899 
0.122655356 2.811324370 -0.304845849 
0.146589023 2.812741348 -0.259063283 
0.109761474 2.813665592 -0.295554225 
0.127180867 2.807779301 -0.320555468 
0.130535387 2.813173954 -0.281707827 
0.027748089 2.747900191 -0.633620408 
0.130602412 2.796420791 -0.373222686 
0.162431008 2.814481650 -0.209025239 
0.142173244 2.813222907 -0.291679533 
0.150541622 2.815610872 -0.232245760 
0.152197369 2.821587889 -0.167204220 
0.154908001 2.825105457 -0.100033416 
0.146932956 2.821513243 -0.179577913 
0.138813547 2.811012391 -0.285083154 
0.136756560 2.818548389 -0.225363341 
0.157084343 2.825370856 -0.094431413 
0.154151791 2.823058685 -0.144338043 
0.119424352 2.808786341 -0.320319006 
0.126639680 2.812050349 -0.291423108 
0.152174902 2.820139087 -0.184241278 
0.157296324 2.818822866 -0.189857157 
0.119305592 2.803693370 0.350892935 
0.130930096 2.809352236 0.305521954 
0.127594528 2.808495661 0.315922672 
0.112547446 2.798222733 0.389135250 
0.143041264 2.809357415 0.290830184 
0.140331806 2.806128341 0.318314926 
0.141408226 2.822348657 0.179213021 
0.129709805 2.808932466 0.310719360 
0.130243601 2.810353068 0.299592070 
0.132821597 2.813662262 0.273964651 
0.133476174 2.808808841 0.309454999 
0.089658606 2.789012940 0.452056216 
0.115076378 2.801374107 0.370575818 
0.128434706 2.813486178 0.281316843 
0.107425157 2.802775709 0.371164035 
0.121939800 2.803134397 0.355281468 
0.106383855 2.793170673 0.409780833 
0.077113153 2.766826318 0.532231340 
0.121415631 2.808919585 0.327541639 
0.127588097 2.806765586 0.331163282 
0.063179862 2.780162475 0.497587067 
0.016060954 2.735986978 0.664831106 
0.133178642 2.823483134 -0.280386007 
0.187753959 2.825425035 0.093286153 
0.091841693 2.776959927 0.493848253 
0.123545770 2.797917237 0.374066358 
0.144300190 2.814893906 0.252367558 
0.142298356 2.810403984 0.289079978 
0.113864137 2.789384043 0.425335971 
0.105567680 2.798129144 0.388885654 
0.148839317 2.815662138 0.240413469 
0.126894761 2.807856251 0.326413861 
0.143914507 2.832989681 0.022135055 
0.144268550 2.815230218 0.267072295 
-0.142623383 2.635017146 -0.963290589 
0.123545940 2.819739840 -0.257955455 
0.193716033 2.805025014 -0.277768204 
0.173971243 2.809273519 -0.287759441 
0.146302910 2.782279535 -0.392330018 
0.143096792 2.797726731 -0.306150991 
0.143246043 2.811187313 -0.277608779 
0.131144121 2.810406503 -0.299065907 
0.153884992 2.811948379 -0.277132472 
0.155142048 2.826758290 -0.074889928 
0.048403603 2.731490575 -0.644593555 
0.043319906 2.741303943 -0.616215622 
0.123170002 2.822867420 -0.244346304 
0.114178953 2.833111284 -0.167168314 
0.045178979 2.749093788 -0.620708983 
0.108030537 2.790629607 -0.428927926 
0.126462256 2.807237746 -0.324208285 
0.134714977 2.812619094 -0.277665172 
0.104402064 2.796763414 -0.402431848 
0.127738181 2.804320130 -0.340416952 
0.126861221 2.805745186 -0.331270072 
0.101178170 2.783521430 -0.465979581 
0.117991525 2.794217096 -0.417443550 
0.154003213 2.819063492 -0.166166226 
-0.151344200 2.648857902 -0.925649740 
0.050428560 2.741025839 -0.620780373 
0.041390871 2.762653172 -0.597507004 
0.116715053 2.792986119 -0.413416082 
0.118332580 2.791850989 -0.416520724 
0.113727142 2.789868454 -0.430697374 
0.165698580 2.817985391 0.178963722 
0.149554545 2.815049728 0.241099399 
0.093141112 2.784597908 0.465650862 
0.100145783 2.790238938 0.437924915 
0.148650680 2.819076874 0.199662085 
0.116521943 2.791443595 0.417989184 
0.077235944 2.769793439 0.536383664 
0.050245784 2.736262857 0.666903079 
0.161254193 2.826294109 -0.078597119 
0.153841223 2.820886195 0.172231987 
0.145940751 2.801145903 0.311343829 
0.137423469 2.813694944 0.259116939 
0.128237863 2.809160330 0.311254201 
0.114989506 2.812200669 0.301320137 
0.081887351 2.761397412 0.563877306 
0.123330412 2.789416960 0.425287557 
0.119452303 2.800828410 0.370289807 
0.114675875 2.798983495 0.383998366 
0.094112676 2.793649578 0.427044077 
0.116178647 2.807489312 0.330710411 
0.124073647 2.802462447 0.356893767 
0.121528200 2.794923809 0.399181081 
0.112782522 2.807752862 0.334609120 
0.057419992 2.758853194 0.618456962 
0.110850066 2.793837605 0.411323852 
0.092106624 2.760178169 0.563118565 
0.117015696 2.813435001 0.292174012 
0.114864597 2.804993140 0.348077187 
0.100213126 2.793004945 0.423009498 
0.081021644 2.774266529 0.515221337 
0.093458310 2.805552568 0.368130897 
0.110788359 2.803435426 0.365293726 
0.057677109 2.753897305 -0.598642599 
0.049743607 2.745786378 -0.629421893 
0.120862987 2.825894956 -0.177449169 
0.134198898 2.820976028 -0.204380266 
0.020659720 2.732835072 -0.677159403 
0.063771376 2.759567881 -0.576562572 
0.102510236 2.819681645 -0.267964929 
0.114536609 2.811004594 -0.313092453 
-0.066293834 2.674686520 -0.850915898 
0.090171667 2.780462540 -0.484812487 
0.128339084 2.812753216 -0.283308773 
0.114406356 2.808366566 -0.327074873 
0.074605384 2.771126272 -0.530492895 
0.082071812 2.762763354 -0.555794846 
0.093298796 2.815763088 -0.304333780 
0.126699698 2.811643406 -0.294446569 
0.112912742 2.800350431 -0.377723717 
0.126403208 2.805626826 -0.346991044 
0.138841917 2.811687288 -0.282475945 
0.161690327 2.800240789 -0.328111610 
0.073123481 2.784348565 -0.479952194 
0.080957578 2.779385934 -0.496000766 
0.126960082 2.805481683 -0.334213890 
0.133177641 2.808148893 -0.311956333 
0.103389224 2.805622954 -0.353274980 
0.103181962 2.809176984 -0.333224043 
0.113817956 2.792789408 -0.413139960 
0.127064313 2.806083912 -0.328378393 
0.092257871 2.795656244 -0.413291817 
0.106647887 2.802515231 -0.369604674 
0.073337775 2.766489962 -0.548146343 
0.119996913 2.795251624 -0.398492619 
0.084571211 2.788326853 0.454338346 
0.139955871 2.818477013 0.211064557 
-0.021052780 2.691807291 0.817578942 
-0.054890245 2.679156694 0.821716463 
0.139240924 2.812454093 0.271984159 
0.146858589 2.810271484 0.284665370 
0.061966739 2.756631725 0.590151346 
0.033585091 2.722635797 0.705050397 
0.108803545 2.782927355 0.462776991 
0.141259808 2.808387875 0.301435174 
0.060525578 2.761459304 0.574380934 
0.059698528 2.760669060 0.578527999 
0.073996400 2.779287244 0.499747953 
0.134073873 2.811724825 0.273597349 
0.045208577 2.741192253 0.646782810 
0.163407586 2.822924365 0.115111369 
0.137534969 2.803592161 0.335911273 
0.153216211 2.798414454 0.346738695 
0.096285335 2.806735865 0.362636658 
0.096379427 2.806785966 0.357470517 
0.126076503 2.797009942 0.382339185 
0.094752861 2.775471462 0.502223513 
0.105186912 2.810588820 0.327081325 
0.097653291 2.800959616 0.393522966 
0.140400528 2.787733596 0.410296604 
0.140330850 2.835123433 -0.019582124 
0.170447991 2.824498745 0.047120614 
0.130859797 2.800136700 0.352311014 
0.163444226 2.811977191 0.239901458 
0.135881001 2.810802863 0.283929134 
-0.008191352 2.708430673 0.738456582 
0.098043963 2.801081355 0.388785618 
0.020726708 2.745159903 -0.639146702 
-0.032325186 2.700477598 -0.774460432 
0.115412662 2.807976023 -0.328802917 
0.088029006 2.791827267 -0.439578277 
0.062021136 2.753324716 -0.595893988 
0.053858242 2.744252251 -0.627913799 
0.093469356 2.803399873 -0.377331384 
0.120243912 2.814905201 -0.279767904 
0.024431477 2.729482979 -0.683776813 
0.018830182 2.726061110 -0.696377915 
0.104059516 2.798040801 -0.397347821 
0.091604184 2.797581284 -0.414550174 
0.068580664 2.759885923 -0.571234072 
0.103772026 2.769013761 -0.518721660 
0.067395296 2.784778910 -0.484713030 
0.081708487 2.793245876 -0.436650510 
0.008938291 2.727649257 -0.696009403 
0.029922492 2.748206634 -0.626295141 
0.114535675 2.797739681 -0.389935704 
0.074415371 2.762615326 -0.562390830 
0.128277405 2.794485936 -0.413778017 
0.148394351 2.804412380 -0.313313805 
0.028601979 2.724790360 -0.718131392 
-0.231779709 2.592547048 -1.049184918 
0.021766732 2.749131278 -0.627422474 
0.136139969 2.806929151 -0.304489313 
0.124587401 2.810707140 -0.301144822 
0.158599686 2.824980466 -0.082587669 
0.052394311 2.752884844 -0.603102785 
0.060187849 2.758706463 -0.580244201 
0.120364843 2.804308584 -0.350546525 
0.095719626 2.791413443 -0.435447695 
0.127621168 2.815329026 0.264442600 
0.127558704 2.807217020 0.322147266 
0.080491102 2.769590551 0.534854037 
0.083773717 2.759610181 0.569776135 
0.132145714 2.818817520 0.229649797 
0.136333215 2.814949116 0.275621087 
0.049205295 2.731680537 0.672620915 
0.090849720 2.754263274 0.585692716 
0.106690414 2.814330041 0.295200727 
0.108976920 2.809918362 0.324685393 
0.034012259 2.734192942 0.670665458 
0.088516320 2.753653263 0.589418382 
0.113729367 2.810275339 0.319059786 
0.112108252 2.809629360 0.323470436 
0.095386038 2.777269937 0.495731324 
0.112243364 2.794007225 0.408774384 
0.060612587 2.758196751 0.579214431 
0.090317933 2.777048690 0.498858262 
0.073365054 2.792126230 0.450420316 
0.081232896 2.787916825 0.464474768 
0.047650773 2.758153730 0.591819222 
0.079109143 2.776601764 0.507122602 
0.049805844 2.776516797 0.525864177 
0.082744580 2.782440204 0.483811610 
0.074616461 2.758739482 0.573755168 
0.096345087 2.777201524 0.494915499 
0.096779864 2.803749720 0.376854249 
0.095922797 2.793519187 0.427466251 
0.060184763 2.756588218 0.590558217 
0.072152484 2.763501113 0.561159259 
0.083015152 2.787752383 0.463442983 
0.087430703 2.786260800 0.466896937 
0.027867210 2.716964555 -0.713361564 
0.051226376 2.744959675 -0.625101361 
0.111213557 2.821392079 -0.243376881 
0.116177057 2.820454115 -0.241722403 
0.082147710 2.764002135 -0.553160699 
0.112528110 2.779528082 -0.472394094 
0.106056526 2.823107658 -0.234364163 
0.110832958 2.815664546 -0.285035647 
0.158035906 2.819981057 -0.168906746 
0.125143482 2.809394809 -0.304985791 
0.005058309 2.716787378 -0.712343310 
0.068271161 2.771965558 -0.534070825 
0.095472309 2.769334869 -0.518758418 
0.076969442 2.760848464 -0.562740467 
0.159205715 2.814450178 -0.174491422 
0.181887525 2.824001344 -0.066131875 
0.131411435 2.797621077 -0.374859618 
0.106463478 2.785633836 -0.452294344 
0.122052086 2.802918118 -0.354764795 
-0.109662927 2.640319180 -0.922894711 
0.122601981 2.803781506 -0.348108300 
0.103946216 2.788739761 -0.439735334 
0.130332932 2.808081318 -0.317814522 
0.141701118 2.809261790 -0.297088781 
0.076990341 2.767323110 -0.545783874 
0.100561096 2.802974252 -0.369923670 
0.121609774 2.802275806 -0.357977769 
0.128535103 2.792401723 -0.405697077 
0.168959410 2.825345404 -0.066594538 
0.142333629 2.819962900 -0.203046804 
0.139593362 2.794931352 -0.357423158 
0.128757412 2.810680640 -0.295016522 
0.121440620 2.811341918 0.302902020 
0.128947560 2.805958447 0.329749758 
0.066148554 2.762552989 0.567793967 
0.029289022 2.727812322 0.691316667 
0.148880416 2.817394018 0.219792863 
0.146205181 2.816843968 0.230584463 
0.091680851 2.778972952 0.490939355 
0.100669773 2.784363761 0.463591163 
0.097885457 2.829479253 0.284865584 
0.154323567 2.787512902 0.382568319 
0.095783841 2.778655301 0.489942005 
0.074767825 2.762885057 0.562230758 
0.120223549 2.820898339 0.264058193 
0.141612204 2.822925211 0.191662027 
-0.189288697 2.630022517 0.970844265 
0.082901334 2.761845750 0.537095045 
0.106399577 2.799358193 0.387835002 
0.097473716 2.782993475 0.472540491 
0.082422565 2.800017834 0.408589483 
0.082201954 2.789534476 0.453894586 
0.118881941 2.803397230 0.358101490 
0.106945250 2.791113926 0.428428436 
0.090843637 2.811501820 0.333927817 
0.088149919 2.795488822 0.421546621 
0.147185171 2.812617876 0.265911690 
0.130981059 2.801464967 0.355523647 
0.082916171 2.789347976 0.457813617 
0.068762281 2.777908751 0.510197685 
0.108953737 2.808256852 0.333787938 
0.121989800 2.803535850 0.353049456 
0.089727203 2.799774509 0.401686181 
0.100177611 2.793921254 0.421233792 
0.088413285 2.770371422 -0.525289807 
0.085618531 2.769041727 -0.533729105 
0.128202246 2.820483918 -0.221500785 
0.133331979 2.816193580 -0.252297368 
0.078771716 2.766109864 -0.545450144 
0.051815167 2.751575806 -0.605874476 
0.116190929 2.817061201 -0.270808069 
0.142168277 2.820864862 -0.196994759 
0.075142864 2.773543679 -0.520089794 
0.100489246 2.783602667 -0.462495306 
0.108886579 2.808166242 -0.338299201 
0.128880504 2.815231528 -0.265759051 
0.088267010 2.776715068 -0.498285914 
0.042200880 2.731628669 -0.675410038 
0.078702360 2.777568808 -0.501993164 
0.082143591 2.778588693 -0.498178670 
0.139707403 2.808110095 -0.300729991 
0.143042058 2.804461084 -0.323913461 
0.137525785 2.813732036 -0.268894170 
0.135660166 2.811523710 -0.286191602 
0.134854955 2.807996808 -0.310526226 
0.141112844 2.810910364 -0.283631997 
0.111693462 2.796735389 -0.393738752 
0.105317276 2.794559577 -0.412978561 
0.119088739 2.798333603 -0.382551789 
0.129606175 2.809265799 -0.307422518 
0.140033056 2.809339470 -0.296023709 
0.123756550 2.814096867 -0.280302304 
0.104802662 2.798148833 -0.394976089 
0.109879538 2.792251081 -0.418609448 
0.063011438 2.756217955 -0.590178444 
0.150548357 2.817189891 -0.219804008 
0.124753602 2.795833458 0.389898306 
0.149044012 2.814564823 0.242349050 
0.162435571 2.825883052 0.050589218 
0.155354347 2.822370228 0.148223351 
0.035337269 2.750857425 0.621691154 
0.118947012 2.787944942 0.426119000 
0.153779207 2.820311308 0.162523362 
0.127167237 2.792182687 0.425294938 
0.125326792 2.813451269 0.284932710 
0.123848183 2.814652451 0.275526308 
0.151355162 2.820332065 0.186170841 
0.148449670 2.818178674 0.210757223 
0.135982162 2.817093860 0.244172508 
0.152620926 2.823449921 0.141197657 
0.156143026 2.821623852 0.160263954 
0.141065142 2.817259719 0.233096046 
0.187940188 2.804498514 0.283560985 
0.180518055 2.810182247 0.266802097 
0.139441966 2.786323058 0.374296109 
0.134565201 2.796112539 0.320819699 
-0.037869441 2.682294865 0.814807778 
0.114467563 2.792534777 0.407642317 
-0.123695701 2.644155631 0.943458245 
-0.047173822 2.695274667 0.794732847 
0.101003663 2.768585533 0.495502689 
0.150755949 2.803921021 0.282108543 
0.116739387 2.829326799 0.187622878 
0.113367678 2.834049080 0.154074396 
0.142052107 2.808401164 0.302508030 
0.125999584 2.809122863 0.312438222 
0.132264584 2.798816939 0.380981716 
0.172780525 2.815432925 0.210510813 
0.046979768 2.773155805 -0.533742328 
0.045023184 2.758780831 -0.582602531 
0.142401075 2.820995661 0.289869901 
0.184717326 2.826766659 -0.069862648 
0.109653488 2.795971110 -0.396290767 
0.146689132 2.813075863 -0.240492814 
0.099631109 2.798114850 -0.406043215 
0.116411844 2.801314115 -0.373960525 
0.116915327 2.800354103 -0.367229930 
0.115645703 2.797309565 -0.382930284 
0.124290100 2.808776109 -0.320672318 
0.128938308 2.813021733 -0.286826480 
0.113511076 2.783466039 -0.454125659 
0.112954124 2.788973869 -0.428606277 
0.156049507 2.810388187 -0.272158761 
0.145126949 2.815696348 -0.245015361 
0.146194902 2.819260447 -0.201183088 
0.138190527 2.815133782 -0.253045056 
0.157449590 2.824223878 -0.110545612 
0.144699777 2.811599935 -0.271365987 
0.118255521 2.810986956 -0.309466610 
0.116833779 2.808742070 -0.325054072 
0.143146920 2.811081151 -0.276639366 
0.135922338 2.814964436 -0.258425919 
0.136879183 2.819026089 -0.220170110 
0.122863275 2.801032140 -0.361742781 
0.136170645 2.807526796 -0.314550516 
0.177141197 2.816615427 -0.173289858 
0.160723098 2.829342887 -0.159838857 
0.138742356 2.830348741 -0.181996305 
-0.019183069 2.674092860 -0.830690554 
0.047579223 2.713264458 0.714909857 
-0.014928328 2.724291522 0.741310414 
0.088057310 2.777706578 0.488890637 
0.153806551 2.824962546 0.121485100 
0.162953733 2.798275182 0.332561182 
0.095530150 2.778920125 0.491082982 
0.105986229 2.784329732 0.460045623 
0.144045487 2.814017750 0.254886713 
0.140229729 2.818809828 0.218219825 
0.129029511 2.801767524 0.355211041 
0.118300322 2.796108446 0.396095722 
0.134481576 2.810584502 0.293121772 
0.130233397 2.807450374 0.318381422 
0.095269244 2.782319035 0.474854417 
0.138214498 2.805831045 0.318751565 
0.140537986 2.811200518 0.279867424 
0.117078533 2.808102118 0.328418576 
-0.106316406 2.657605398 0.883902249 
0.150864149 2.821879353 0.149799118 
-0.068540023 2.665094813 0.866709972 
0.098203345 2.803865781 0.403993991 
0.167603131 2.819865768 0.080438730 
0.099019566 2.792160885 0.422633019 
0.158707149 2.798083770 0.376431113 
0.110405170 2.791373329 0.465590902 
0.142940462 2.812677426 0.262186134 
0.128915936 2.809431069 0.304062535 
0.142147808 2.802079891 0.345835851 
0.149650585 2.818415076 0.210065546 
0.102798657 2.761652906 0.540354667 
0.101544002 2.786932018 0.436827209 
0.122644156 2.811830624 0.302934342 
0.122450895 2.808446874 0.326122759 
-0.017007640 2.704399531 -0.752285878 
0.112306043 2.797369923 -0.394063258 
0.111109466 2.803796110 -0.371006006 
0.087999502 2.792835074 -0.443008772 
0.166816887 2.828284465 -0.071642233 
0.161672311 2.826103596 0.036250053 
0.122965434 2.834594597 -0.033461484 
0.150970166 2.820431324 -0.202018907 
0.108366766 2.822785176 -0.278334659 
0.087628153 2.801475742 -0.441055445 
0.156191853 2.815860236 0.223708220 
0.192942106 2.804779049 0.182212565 
0.051809935 2.712122226 -0.691590343 
0.061547586 2.734265738 -0.631009595 
0.140787567 2.831552776 -0.101563615 
0.124495575 2.815695762 -0.289301899 
0.114001851 2.793884857 -0.407153118 
0.102981727 2.791565228 -0.425243641 
0.119620852 2.805271182 -0.344110760 
0.119937349 2.806477424 -0.334522667 
0.152615225 2.821374277 -0.172770718 
0.137109253 2.804235426 -0.331332112 
0.102362176 2.795433319 -0.411486932 
0.100760158 2.796879873 -0.408289384 
0.116380470 2.790301949 -0.422227104 
0.095083499 2.769649081 -0.521114474 
0.093466633 2.791834107 -0.435428759 
0.086334851 2.786406552 -0.465414564 
0.109744158 2.785628046 -0.447273085 
0.089080679 2.770717674 -0.520045200 
0.110589267 2.797763867 -0.394098028 
0.114560009 2.803784188 -0.357055971 
0.118272151 2.777255073 0.474879588 
0.123189137 2.806018367 0.336921002 
0.129481801 2.803217105 0.345339275 
0.142113299 2.805644535 0.317508664 
0.118927295 2.753514039 0.540614670 
0.119137068 2.784753190 0.469678393 
0.149072788 2.802901064 0.277063314 
0.118748076 2.795764064 0.367550949 
0.140298916 2.815240045 0.252359257 
0.133832207 2.815475632 0.257392294 
0.098000479 2.771926610 0.513132549 
0.124247761 2.794865790 0.392470097 
0.139853475 2.816486933 0.241590650 
0.130486279 2.816924247 0.252606730 
0.123441803 2.797153138 0.383469256 
0.119162585 2.804636731 0.344746095 
0.138288828 2.808141148 0.307369560 
0.111917846 2.787168152 0.443880836 
0.062300198 2.766935074 0.552146790 
0.071122185 2.767712243 0.545538761 
0.145898530 2.813305691 0.261293495 
0.132820519 2.808776564 0.310056941 
0.069678853 2.774669032 0.520589787 
0.070628177 2.772196895 0.528771969 
0.109105279 2.786299678 0.450164890 
0.108609389 2.787566103 0.447410825 
0.074906932 2.779145311 0.502593414 
0.043206085 2.763235327 0.571100637 
0.113892984 2.785655685 0.452230499 
0.085831585 2.766773723 0.544109163 
0.063967474 2.775024813 0.519838148 
0.090034394 2.788071588 0.453917405 
0.112094048 2.800536810 -0.374771782 
0.116487268 2.794283988 -0.405461029 
0.140487169 2.817563672 -0.231385864 
0.133802087 2.811216012 -0.291192798 
0.104582634 2.798695759 -0.388387259 
0.127483073 2.807555131 -0.320586426 
0.134477611 2.815966662 -0.253313297 
0.131218265 2.812108320 -0.289025663 
0.103039267 2.794275813 -0.411997624 
0.112567665 2.796314372 -0.395476807 
0.131022090 2.816351819 -0.257161381 
0.139707916 2.821589777 -0.192466258 
0.100649152 2.789985837 -0.435339039 
0.111836013 2.795670270 -0.400231237 
0.133220156 2.821353364 -0.209159677 
0.137980944 2.818314868 -0.230509547 
0.132549668 2.813423789 -0.273148336 
0.129839084 2.811311951 -0.292702333 
0.130664099 2.799415567 -0.364001233 
0.033113397 2.738888796 -0.656472162 
0.125498215 2.819353751 -0.239189618 
0.122584377 2.812586905 -0.296852347 
0.097003043 2.778375335 -0.491158195 
0.141387200 2.817350129 -0.227593881 
0.147554562 2.822008074 -0.181174383 
0.143587518 2.809062755 -0.295460495 
0.117589751 2.800062448 -0.369379273 
0.155975293 2.827459896 0.028273859 
0.130912238 2.814058895 -0.280463185 
0.130680682 2.809543420 -0.301787313 
0.132720130 2.805269712 -0.321135232 
0.141334894 2.798641228 -0.345681130 
0.117867668 2.802912759 0.400523381 
0.122547930 2.812797432 0.338114431 
0.136754438 2.817182707 0.204164046 
0.143586697 2.817706563 0.195988500 
0.124736393 2.808512303 0.306165665 
0.150798688 2.818241155 0.193193275 
0.152390999 2.819057926 0.204431371 
0.153120419 2.819441734 0.205263428 
0.116981831 2.799973945 0.362750091 
0.109398359 2.794887507 0.393306834 
0.119257308 2.803541069 0.361233130 
0.120866604 2.809324041 0.323613513 
0.078497257 2.769652084 0.536196650 
0.140790534 2.824051680 0.169956831 
0.129878926 2.799881301 0.367904774 
0.119652088 2.801416118 0.364675243 
0.157461933 2.777204889 0.447403966 
0.030535705 2.696097328 0.741850947 
0.095059665 2.803770521 0.371698494 
0.136754410 2.835545843 0.049535649 
0.154848510 2.771644232 -0.501923982 
0.158478685 2.776906179 -0.486846679 
0.158408223 2.816321316 -0.196627149 
0.149135997 2.790491170 -0.381337135 
0.012416263 2.712387257 0.708472062 
0.005587273 2.677629634 0.833045530 
0.157288822 2.817334624 -0.195240123 
0.162221436 2.826692697 0.033683765 
0.118518765 2.827879439 0.233983147 
0.120312927 2.778518003 0.443730381 
0.078275877 2.805875225 0.406503428 
0.111525876 2.784382425 0.450368450 
0.062256430 2.759301050 -0.569988102 
0.121988048 2.802149965 -0.343097747 
0.092418203 2.774525030 -0.510898262 
0.110412990 2.800049964 -0.384253761 
0.159045328 2.821107166 -0.048158185 
0.142360238 2.823500852 -0.157902319 
0.129839354 2.832610297 0.024000125 
0.150831776 2.821587124 -0.185183938 
0.122554641 2.814810530 -0.285320006 
0.139967548 2.816225157 -0.244729997 
0.147995165 2.813341701 -0.232805891 
0.172585651 2.821028480 -0.091738593 
0.085943888 2.768858028 -0.534861685 
0.090863612 2.778943369 -0.491243011 
0.113901213 2.796404236 -0.392737395 
0.071657291 2.786450373 -0.466991880 
0.137072940 2.817160882 -0.228211002 
0.133776596 2.815069049 -0.250939470 
0.158131908 2.821240959 -0.173350658 
0.145903225 2.823649407 -0.166351335 
0.174137845 2.825975177 -0.095049627 
0.181318408 2.825219725 -0.105540624 
0.124086722 2.826317762 -0.179667756 
0.133126731 2.821461556 -0.184008171 
0.097600989 2.782879710 -0.472148553 
0.135908199 2.821597517 -0.211158567 
0.118693646 2.799099020 -0.381802116 
0.133639910 2.812728896 -0.278381693 
0.137076243 2.801203714 -0.338992377 
0.097430091 2.785853452 -0.445415474 
0.131483919 2.809216580 -0.314914372 
0.130206475 2.816241132 -0.266693033 
0.122067001 2.819480524 0.244125190 
0.131156509 2.813328703 0.284528147 
0.118033728 2.802677108 0.360815637 
0.159404225 2.819615756 0.175601865 
0.116238273 2.805266306 0.343815205 
0.135872273 2.812318176 0.278797512 
0.144336301 2.809204842 0.291842389 
0.127220369 2.803373513 0.342536257 
0.110113640 2.799953223 0.384788090 
0.133448122 2.803791173 0.334910989 
0.147783691 2.807893709 0.286622406 
0.150412326 2.802081192 0.315991141 
0.142314474 2.813764168 0.263061350 
0.161591614 2.816189481 0.214897220 
0.134465047 2.807983760 0.306379836 
0.120863889 2.804158941 0.340139484 
0.120341367 2.813730556 0.289367741 
0.145824338 2.822537344 0.144477813 
0.182192957 2.824038612 0.107642724 
0.145435332 2.813969707 0.277911268 
0.124954797 2.788699484 0.414633394 
0.100189122 2.797188165 0.388936001 
0.108568909 2.792750172 0.422408625 
0.083584174 2.787103049 0.463914236 
0.083619510 2.773692263 0.517161299 
0.093828300 2.785905717 0.461584764 
0.124503413 2.799338968 0.366913399 
0.061741404 2.785090079 0.476197149 
0.128713376 2.816016169 0.263027649 
0.137369869 2.816269798 0.247811296 
0.172138406 2.819514769 0.091410254 
0.175453811 2.821361908 0.068046884 
0.162050615 2.777083913 0.473705935 
0.147370717 2.777997835 0.488701824 
0.153059255 2.816637619 0.204747175 
0.149408573 2.795040437 0.351844274 
0.144176745 2.772745975 -0.476218013 
0.014045187 2.688957237 -0.764887430 
0.096641310 2.806838337 -0.354512743 
0.139368976 2.835808115 -0.035474149 
0.149310610 2.818950250 -0.204338926 
0.108935925 2.768064790 -0.495833389 
0.084002170 2.810564234 -0.377842354 
0.125911091 2.794707499 -0.387697420 
0.015275857 2.703147818 -0.733626859 
-0.003119505 2.672848130 -0.845668260 
0.143415045 2.803525534 0.323737528 
0.162193079 2.826949851 -0.041199940 
0.022236373 2.713202334 -0.714015086 
0.106619488 2.778150595 -0.505010455 
0.127450787 2.807702312 -0.300332580 
0.115673824 2.796261673 -0.367135439 
0.101793159 2.781261611 -0.477653873 
0.103776217 2.790974262 -0.433367062 
0.152726154 2.816544023 -0.220685004 
0.161035178 2.816838466 -0.206225874 
0.120578596 2.796907628 -0.392512127 
0.119298485 2.798340567 -0.383907727 
0.143853705 2.811115460 -0.277956691 
0.145625482 2.807984238 -0.297365040 
0.108950822 2.795090969 -0.409921927 
0.123754166 2.804861118 -0.343955460 
0.148436873 2.808869978 -0.290492539 
0.127970122 2.797170546 -0.380171048 
0.146455041 2.810042027 0.283570783 
0.141538124 2.811394041 0.277630434 
0.067176846 2.781417803 0.501103066 
0.086741331 2.785495490 0.471963462 
0.111001674 2.793686703 0.413388935 
0.105657791 2.789307128 0.436613675 
0.086838905 2.785352665 0.469885223 
0.081877268 2.785589895 0.472473481 
0.144069567 2.806495347 0.309900303 
0.147468119 2.813063038 0.257901139 
0.061074013 2.768779839 0.549223371 
0.074099581 2.773906125 0.522990096 
0.142227849 2.808522085 0.297913851 
0.135743420 2.798351712 0.365693669 
0.087357363 2.784948327 0.472183429 
0.093710629 2.784631477 0.469698405 
0.110200126 2.803964049 0.360539895 
0.103780044 2.794630802 0.412714288 
0.128350694 2.810909958 0.304854642 
0.123414735 2.811040833 0.306390757 
0.107975251 2.800299259 0.378579933 
0.114038685 2.798495887 0.384839116 
0.140153808 2.819977463 0.211067724 
0.137365774 2.817178388 0.241307479 
0.112341720 2.802966830 0.363184152 
0.116622590 2.802814098 0.359415550 
0.128742414 2.819564475 0.235824663 
0.131236536 2.812180587 0.290510679 
0.122820983 2.807686872 0.323143758 
0.125557202 2.808308436 0.315744590 
0.127803476 2.805911380 0.337157204 
0.129359327 2.811452164 0.297887303 
0.068644304 2.754821161 -0.595969004 
0.074696140 2.760760612 -0.570127725 
0.105361654 2.799526279 -0.385498853 
0.108492927 2.803980991 -0.360200530 
0.066064079 2.751296535 -0.606147324 
0.086538765 2.766877206 -0.543303070 
0.100401804 2.791461240 -0.430870389 
0.115130807 2.802119406 -0.364286381 
0.065876410 2.755817413 -0.586891195 
0.079739373 2.761179844 -0.566430517 
0.102697434 2.797835461 -0.395832740 
0.096988659 2.792609204 -0.424992445 
0.066651009 2.749907520 -0.610411581 
0.078649080 2.757837756 -0.578062371 
0.107603064 2.801260239 -0.374474803 
0.085858404 2.790137625 -0.446521673 
