0.847982681 37.328072610 -5.440824556 
2.935974663 36.143701675 0.747025701 
-27.191305943 24.892375244 -2.575043226 
-25.441922035 24.027989009 -4.568955182 
0.712165726 30.394619140 -12.620973304 
1.299337256 25.956212629 -12.649271996 
-25.518578773 19.929924435 6.450406074 
-23.121228121 16.243674444 6.516028500 
-11.322329742 26.424171091 -5.849457143 
-9.239804395 22.342405275 -6.023841198 
-12.436705837 27.630875630 5.746140116 
-9.643897263 23.182744832 6.312799830 
-10.574464810 31.055468525 -1.552823418 
-9.754172608 29.479195063 3.006591143 
-13.061247461 30.269463824 0.747478692 
-12.506148497 28.523157800 -3.528262361 
16.178061032 27.487197867 7.640482834 
16.075053034 24.646745039 7.497417912 
-26.277278350 8.752302113 -12.940277667 
-25.049835034 6.489846753 -10.930223408 
3.704507330 30.533309108 12.666025543 
1.086381502 30.014166269 8.284152861 
-23.207790357 18.296787011 -12.269663501 
-20.521895349 19.720892790 -10.068885327 
-2.040738273 16.223600848 16.663689271 
-3.497259148 16.780000370 12.619073476 
-11.245272313 13.541330609 -16.112757634 
-11.160360007 15.504963938 -12.553510286 
3.348753181 13.568087933 17.740109204 
6.876306526 11.603183002 14.056134326 
-13.225631152 8.228242306 -16.831973276 
-12.951599046 4.723639872 -13.538866696 
16.169140266 8.911014007 15.710148565 
15.911074386 12.518522079 14.314011123 
-16.039582982 -2.151803598 -17.681447831 
-17.910438276 -0.093566240 -15.648977369 
5.772072821 4.214082551 18.456888560 
1.918288638 6.267848188 17.516011810 
-7.453241887 1.318232460 -19.907317594 
-6.404837707 3.463468378 -17.583280396 
6.596397682 3.031441422 6.933957563 
2.324031390 0.415048744 6.686422264 
-8.549745804 -2.316709049 -4.489187191 
-0.091860417 3.367643070 -6.553740001 
12.185088897 3.530172368 3.386399441 
12.892621351 7.419535877 2.239718186 
-1.226903544 8.503465600 5.895452909 
-11.497267010 -3.020720152 -3.794760339 
-8.422066119 13.425684415 -25.828936119 
-7.405468280 16.595453800 -24.231008085 
-9.324308716 10.922024606 25.307555991 
-10.147821476 16.396298989 23.253918154 
-0.596752826 6.568160780 -22.742541845 
0.967277675 7.275889324 -19.690461028 
-10.476129666 0.557538476 18.242152349 
-10.075103806 2.745959190 16.582459029 
-7.877050676 4.412548260 -16.222259924 
-3.307835247 6.919914946 -6.018904427 
3.664464171 8.432818805 14.681878460 
1.021361844 12.340565235 1.655090896 
-15.130683272 7.075099911 -15.253555084 
-14.760601245 11.319354009 -14.775216014 
2.728215358 12.938352059 18.525532031 
1.961821479 18.457221902 15.691455000 
14.365014352 17.237872012 -6.952555204 
9.915153583 16.475984901 -8.132319174 
-20.755818304 1.859137650 2.318144105 
-17.578921272 3.844895271 3.703341559 
16.808189092 25.857445294 2.636305036 
13.132178271 28.559081465 4.530081717 
-27.708353921 7.058234295 -5.866702846 
-27.568507833 11.174539825 -4.725842411 
11.036054302 15.958691548 12.333972196 
8.185603822 19.521663914 13.207127088 
-18.136535775 4.562403730 -12.076812776 
-18.449401537 8.529053691 -12.779690073 
9.818844040 11.161255946 8.562684156 
-1.573458808 8.183829269 3.275893598 
-12.677500985 1.859083209 -8.946390949 
-4.161297934 6.918807452 -3.076725979 
1.467767957 27.975315381 -10.735711166 
-1.290657422 26.564507363 -7.406283515 
-22.096189805 19.571618605 5.567160035 
-18.159738372 20.488963371 4.297402735 
12.361832384 28.245757403 -9.632249015 
14.216644348 27.526351574 -3.246592134 
-28.933619706 12.892692754 -1.275295309 
-27.546787146 11.279450982 -3.584252176 
13.572449640 16.297064369 -7.991260250 
13.212064511 15.690747298 -7.892693273 
-8.655728760 -1.176437351 -1.463849227 
-9.046538641 0.393458337 -1.515527076 
4.895500758 16.145539802 -13.242365183 
-2.099200004 9.164362603 -3.116797369 
-17.280266806 6.965093728 8.633303024 
-12.267335775 9.023325321 8.307726929 
-8.903125191 23.151463298 16.291610580 
-8.390292689 19.475774181 14.389591549 
-11.120856586 19.903153187 -17.588423968 
-7.462469433 18.916882229 -14.845254377 
3.633599470 28.032974157 18.091956745 
7.512537117 25.227399625 17.003641416 
-20.567695479 15.221405762 -18.790901329 
-21.499483995 12.261350288 -16.545366689 
1.107421173 31.274609327 3.670101898 
4.977940848 29.331580762 2.660665672 
-21.390131161 21.258587213 -5.812702413 
-22.244024801 17.171386650 -6.093677170 
-3.285029552 28.520710737 3.507987091 
-5.120571222 24.360272421 2.956946440 
-16.054723768 23.374351558 -4.356003239 
-11.711103591 21.666685978 -3.320372293 
11.768540644 19.137348583 -11.422916774 
10.102062907 15.946189244 -8.759735004 
-22.272637588 6.003319090 5.880001545 
-18.005886346 5.039399804 5.583668358 
7.216115944 26.795336605 -17.348605563 
1.417632931 22.423134804 -21.807592807 
-24.291395148 13.685188730 14.220690942 
-21.391858054 14.184018017 16.336285642 
1.228227971 30.247750230 -8.487537103 
-2.927022993 28.996351271 -11.144678910 
-21.502736898 20.916122150 5.684955856 
-18.173669741 23.244498877 7.919688218 
3.587302112 27.105767037 -3.585547908 
2.179307892 22.782035662 -0.729099552 
-20.180910731 17.475852577 0.382340531 
-16.137948825 15.545829179 -0.548859887 
4.152172110 12.171225137 -19.152901803 
1.205597418 9.408112896 -16.583162341 
-7.940044031 8.211888884 19.231695274 
-7.890397076 4.794776875 14.783618929 
2.608190584 22.946095556 -17.908232093 
1.851875628 24.611491589 -13.461564441 
-17.953236421 14.844365017 16.195234743 
-18.251625309 16.932680979 11.622187001 
11.922609319 19.628060648 -15.939156957 
11.878300400 22.029101482 -10.493991656 
-24.709227062 4.200808604 6.150932214 
-23.706519338 7.734891235 5.322429371 
14.672476922 14.021012325 -13.497784589 
13.348452677 11.509518642 -10.185296835 
-21.619123204 -0.708307675 5.660820008 
-17.073881409 -0.826832410 7.066975152 
-12.941158287 30.598956140 -2.139172927 
-12.119018210 27.139870295 -4.022063643 
-12.176132298 31.805778968 0.216830108 
-8.226715391 29.291326631 3.557212135 
-8.264880194 32.209712381 7.281599881 
-4.271565365 29.373115889 8.931787058 
-18.956114525 27.032130758 -6.454174321 
-17.284250037 23.563103636 -8.002201429 
2.807785882 34.232308668 -3.129780107 
5.059217904 31.354719027 1.853083797 
-24.219499678 23.199400005 3.926954237 
-23.740553461 19.323193550 2.405413109 
-1.074292090 32.842719190 -9.152486780 
-2.453163528 29.144947716 -10.394768005 
-20.981711902 25.108646831 8.719826875 
-17.015230707 23.601311096 10.570620403 
-15.071136350 8.214708203 16.738612797 
-15.833406750 9.212297723 12.715973791 
3.446081069 16.087389402 -19.133854906 
5.051564898 17.660714050 -14.079665018 
-5.895657786 6.612971346 20.979085931 
-2.666655700 2.520083741 8.057820038 
-3.383844061 8.474341856 -21.670557873 
1.076503059 2.107765366 -6.596371258 
-7.793966453 20.260420039 21.804830365 
-2.748175787 20.332855422 19.731081437 
-10.500348007 18.562546773 -21.334367770 
-11.514368438 16.573350588 -19.026743301 
-11.056001391 21.685186771 19.745900737 
-12.768920835 22.133321086 15.189623116 
-6.305047113 23.316653929 -19.714599751 
-5.172918845 24.972681253 -15.290637656 
11.190199135 0.966319931 -8.594017588 
4.741252721 0.649231295 -1.857636195 
-3.695056314 -2.383097070 1.970081299 
-5.540171198 -1.406764981 -0.094321597 
5.071649518 1.715343381 -16.899682706 
2.483280317 4.236534512 -16.250800987 
-6.201284099 -3.259863355 14.123571160 
-5.214844810 -0.122972797 13.557520734 
10.082927342 13.333066107 -19.267012869 
6.222216515 15.143104517 -18.767782399 
-20.455286191 2.137320948 12.416640253 
-18.599768424 6.084056556 13.347992747 
14.676528213 13.776235881 -13.846342467 
14.153545425 15.262008953 -8.905696979 
-21.912532657 0.513790522 6.838847488 
-20.512918209 2.044185936 3.915736726 
-9.531328401 7.259800830 2.881423260 
-12.225658697 9.658813895 -1.570994423 
2.661702249 10.424094222 -0.120246973 
3.993441956 16.269507303 -0.175368069 
-2.746555990 0.385167770 -10.760126079 
-0.819127105 2.639138273 -12.529722168 
-0.560172934 1.561905201 10.730172400 
-4.410851487 0.809501797 10.119366175 
3.161029542 1.134053256 -3.512154668 
3.278884258 6.085062124 2.738730008 
-4.120009461 -0.083671230 2.285206198 
-6.525819947 0.119131347 2.992156046 
-0.347927664 4.739809863 3.003208685 
-3.700746619 5.796262456 4.419477813 
-5.549791536 4.771264562 -1.237002801 
-5.637892042 7.020308231 -2.886477985 
-9.212930682 10.478603618 6.084160234 
-4.479345131 10.052674587 7.502721645 
-0.417274543 13.556291278 -7.546988861 
-3.979419157 10.129705950 -7.152750756 
-15.185118190 25.160035887 -2.467190694 
-11.802720061 27.896103380 -1.714393230 
-5.409880265 29.331785044 2.386161357 
-9.768474558 28.783077871 1.741555219 
-5.492898258 6.768153685 -4.975671226 
-1.877279466 8.351130604 -5.629449434 
-4.851745841 6.335458985 5.674489246 
-6.080218204 6.569606859 4.765032034 
-5.328316903 13.651578561 -8.007417105 
-2.024711256 12.360891826 -5.975873347 
-2.970820219 14.705547128 8.190790139 
-5.929460216 10.738126234 6.051685107 
-6.604227142 5.623789911 3.630521041 
-4.782992038 6.968115627 3.872449417 
3.562978557 5.754624732 0.842700909 
1.614033419 7.557775498 -0.006887801 
-3.221265336 -1.275834942 4.786446833 
-2.144178954 4.230815527 13.250560481 
4.083720208 1.640680627 -2.333758955 
1.622106840 6.376547664 -12.775982452 
-7.121494940 0.858116903 10.879476325 
-0.372692542 2.808627678 13.015119101 
-5.255468952 14.230312297 6.987915945 
-7.332096305 13.925593205 5.185540069 
-4.307603411 16.547273637 -5.848729449 
-1.110546177 16.305736105 -2.922344396 
-7.836099470 15.129972468 5.924723993 
-8.359064070 14.153179543 1.610166628 
-2.705402299 2.569259317 3.503145635 
-4.321406489 1.085592140 1.978825196 
-0.378572837 3.268771468 -4.112790888 
2.606158841 2.710929692 -2.568533324 
7.354617983 5.273046105 8.387690025 
9.916349990 7.328183555 5.305753335 
-7.501482709 -0.620571560 -8.835626002 
-9.666806482 -1.279656516 -5.858583077 
5.359654592 7.858738016 11.427903339 
10.235142824 8.659912021 5.207485427 
-10.052689547 2.523751634 -10.739009444 
-10.412360129 15.250184912 -6.231441882 
-4.440923476 18.607056652 3.734347891 
-7.029150723 17.468663099 -0.014779300 
-8.801173222 8.966955812 -11.943562968 
-7.840047702 16.563888233 -1.615659991 
-7.812073030 5.891092091 3.311600511 
-10.564060553 9.913811966 5.720923457 
2.812976233 10.892714743 -6.319674377 
0.549355475 14.651544998 -8.718124942 
1.511841547 8.372592277 3.952497022 
0.022773178 8.394095451 2.490728576 
-3.390044978 6.727119313 -5.953156573 
-6.260701718 6.403892481 2.153441592 
5.682320240 7.920939874 9.567404778 
8.251115963 11.227946005 5.529505905 
-7.506052410 3.001582243 -10.745614516 
-11.812120804 3.493740321 -7.002073858 
1.068915721 5.759475965 12.181770835 
0.338919667 10.079267685 13.590052558 
-5.173632969 4.276424633 -13.105487816 
-7.530020394 7.870568312 -14.234633690 
2.893529871 1.457873953 -3.671457954 
2.162835697 2.520284629 4.495247914 
-5.377225168 -1.670019276 0.928568656 
-4.627556865 -1.630593359 4.054849626 
-6.210032480 6.298205678 -3.629045976 
-6.858421810 9.970159825 -3.415756111 
0.414251283 9.095816908 4.713387133 
-0.465743243 11.747442899 3.802901694 
3.213210269 11.000900448 -12.144339461 
0.932440257 14.459369194 -11.980874626 
-11.360274046 5.731662527 10.955469365 
-11.569977663 9.894578559 10.985220665 
3.406458277 6.215769867 -11.895496543 
6.840610543 6.493266322 -9.010865580 
-8.390199927 1.818743159 11.052533577 
-10.523867170 -0.130708578 7.688537232 
-3.379647300 13.943806150 -8.481142199 
2.519859366 13.714766391 -6.346589964 
-6.187687887 12.875687867 8.976623611 
-9.587834127 8.925814065 7.267102471 
-8.336218421 16.267995487 -3.263574838 
-8.361938772 16.862962339 0.916991070 
-3.881955370 18.118968434 3.843765274 
-3.981024232 18.610980223 -0.753726951 
-3.063672909 26.989233512 1.832898854 
-4.375331888 24.589536883 6.517246034 
-14.160976294 22.457416380 -2.725215094 
-10.550733141 22.462880745 -5.570178413 
-0.193402768 27.092703506 -1.199153489 
4.034969398 25.297085962 0.030712148 
-17.239441813 19.992667426 0.791783816 
-18.617548578 16.018341339 0.744410633 
-10.087776279 13.263957481 5.074619395 
-12.315785097 14.333989064 2.152418779 
-0.623943285 17.276309537 -5.788913348 
0.703084515 19.607362630 -2.547624301 
-2.728568626 15.304360514 6.055095358 
1.058642099 15.100421114 2.822047564 
-7.694963965 13.353575981 -6.239104103 
-9.491287388 10.648686426 -3.299265762 
-0.968398418 26.592166500 0.931958606 
1.807201063 24.675480394 -1.477855055 
-16.564202648 19.822903586 -1.392079380 
-16.972623015 16.614869512 1.208728697 
-5.962115016 27.237131477 1.990882234 
-8.244050552 26.628883519 -1.627313019 
-13.588074721 23.986563114 -2.114836312 
-11.027580573 25.448095837 1.469890200 
-6.632852973 10.799727646 -8.263925832 
-1.447655455 12.566942370 -7.515150989 
-5.642512578 28.928523204 4.132823011 
-7.982641979 23.449536293 7.693474625 
-9.107640042 7.218809494 -0.553825016 
-15.366893758 20.957385962 4.913591903 
-5.404891753 29.144375979 -8.254489728 
-5.671333451 25.560002704 -10.041385324 
-12.658259240 23.894500031 -5.440778998 
-3.330555590 31.200029340 7.678467385 
-18.899211456 27.703532398 -6.553452633 
-17.824230520 24.905068448 -8.648348001 
-4.892766789 33.861399649 -0.702985839 
-2.965956162 30.865872310 -4.458043429 
-19.364656012 27.593505813 -0.380534533 
-19.295798012 23.961969996 1.907685548 
-4.878445423 16.639921323 7.382377387 
-8.096256897 17.124290316 1.444131337 
-8.981784854 11.294688013 -16.386992553 
-9.907556589 15.327292140 -12.596588570 
-5.464545710 6.303986818 4.742903463 
-3.056216506 5.497506431 3.068495949 
2.577472830 9.783485278 -2.543275494 
-3.531506390 -1.879277188 -3.214911700 
6.958993878 5.383355721 8.979641849 
14.020247047 13.152269254 8.944328677 
-19.498688679 2.081730937 -11.515954135 
-17.949609131 1.068257093 -9.019749743 
7.244887995 9.922055250 11.217973672 
8.376835055 14.672875079 8.864248525 
-21.133625961 7.113790705 -11.886400234 
-20.014299432 10.802920505 -10.753390263 
-2.782274212 3.382899402 -3.585748142 
-3.817198701 4.877349382 -2.949630072 
-2.016279050 1.825269699 4.476776765 
-2.244226782 4.236239007 3.604539932 
6.099805834 0.656684096 -0.886508778 
5.458500651 4.507537944 -1.961229964 
-4.368598151 -3.940230242 0.047709102 
-6.350455835 -0.996267479 2.235983346 
6.848905522 -1.556913071 10.734033917 
8.348274348 2.429418902 11.398008678 
-8.983271082 -6.327461466 -7.879136426 
-12.237997501 -3.942657736 -7.278761400 
-5.071832732 -4.068522903 8.041899295 
-7.603643091 -1.389797360 10.416509751 
-11.248747495 -5.734693725 -4.675593374 
-12.620213533 -2.222377018 -6.980677499 
-7.653888230 3.742211684 2.404981477 
-5.910944848 3.738190724 -0.415292034 
3.863491761 6.995499159 -3.627466556 
2.252223551 7.092559093 -0.591823764 
-9.682867864 6.113416140 1.595283032 
-16.386110816 11.225876148 -9.021079214 
8.299298273 16.917731026 10.993273780 
6.365523548 19.415397082 7.238017667 
-5.656527516 2.757319390 -11.888194959 
-12.464806122 18.669185501 -17.015139243 
4.504086343 7.217879891 11.817749447 
0.554790362 10.258316782 14.215003618 
-7.191661099 12.939189500 -21.568591690 
-0.447938038 5.045486776 -12.217055797 
-4.064370442 14.086043620 21.312055135 
-7.926968239 11.516300579 18.984618684 
0.517842248 3.431005327 11.323310594 
4.219954453 4.328575861 9.675804430 
-3.628372254 -3.425613124 1.596415721 
-3.866724846 -1.419937747 3.837726817 
-3.386087330 5.773008255 12.769768094 
-1.626930767 12.455186880 13.020910446 
-4.707852561 8.032938759 -13.743023343 
-7.808009018 10.638996691 -12.727434312 
-2.506767559 5.103103400 -3.457379730 
-8.232598895 8.457212199 -0.546805855 
-1.409229613 4.414952512 3.334830759 
-2.921590934 18.407780821 -0.605355641 
-2.175173105 3.262358420 -3.093235359 
-3.541274979 5.036063177 -4.880029968 
-0.394279593 3.575244953 3.320330192 
-6.897647110 -0.493893583 -0.617545766 
-1.026106061 4.039801261 -12.067098520 
-2.368010967 7.748389208 -13.877800387 
-3.744241958 2.825446216 12.019022963 
-7.058111935 5.821645742 13.363206131 
0.140162403 8.084914146 -5.284270593 
-2.751201296 7.411203808 -4.092440178 
-5.209682846 0.607848276 1.049347079 
-5.951257741 1.278218559 -2.440955744 
-9.648902320 16.396535001 -4.805055836 
-7.098655550 13.899185234 5.509166089 
-2.919391087 19.029385944 5.585608041 
-3.788838359 15.370659894 -5.364355791 
-2.771671638 3.356045625 -3.226746565 
-8.721372230 6.365640167 -2.504244802 
2.381607037 8.942327187 2.528041606 
2.184021868 13.290355429 5.233243091 
-8.769987106 25.844493789 -4.554667333 
-9.416600840 26.235499113 -0.243651379 
-12.612483173 24.396378430 3.453450906 
-10.479684328 25.801793279 -0.054628798 
-1.380818849 25.671706375 -4.681048059 
1.620102085 24.745483710 -0.448307556 
-16.510065365 19.342373159 2.319058633 
-16.794587527 16.712301181 -0.967512611 
-10.525674570 10.668703225 5.189242485 
-3.479966368 8.498841595 3.854936412 
2.332691608 16.371174767 -3.548633043 
-1.555522040 8.280192655 -3.126746139 
-9.935965849 10.720237406 -4.013346375 
-11.975914218 12.275143389 -1.005391968 
0.256447596 15.319949074 5.325699893 
1.418968959 18.074571060 1.708262897 
-1.212835671 25.874366599 6.198104301 
4.097531273 24.667899322 3.106659057 
-16.611106419 18.924644247 -6.036391995 
-18.058983646 15.572935807 -4.798172288 
-5.821040028 26.573249935 0.152147667 
-5.277513137 24.868212094 -4.746627757 
-13.618037072 23.143997907 -0.752719594 
-13.491943565 21.327691733 3.457983152 
1.703030739 7.679649458 4.216833164 
-7.992006489 16.923590919 -0.819823523 
-0.715435651 3.422226910 -4.181314313 
-1.380365456 5.253956303 -3.288672157 
-3.884341191 5.777493821 4.198080592 
0.127643306 7.229109135 2.001747917 
-1.274135535 6.254795603 -5.092052997 
-4.006872091 5.351499350 -2.697199591 
-6.507605162 5.618831807 3.926387236 
-7.646960718 15.342850084 6.291826877 
-2.421676780 14.753738653 -9.318570442 
-5.474547069 16.568552824 -6.840933672 
3.865769509 1.416279498 -2.467045148 
2.601967137 3.145699702 -4.946844569 
-5.388255546 -1.578289223 -0.863017299 
-4.258634034 -1.178120426 1.682743642 
6.210379514 6.189101897 10.220350631 
8.537863615 6.341230898 6.998329375 
-6.882622657 0.809311473 -10.939474731 
-5.582837684 -1.525809252 -0.568586748 
1.378382329 9.390415494 12.926471315 
1.239041619 13.872675798 11.224362470 
-6.192338052 7.271865001 -13.476691694 
-8.068246202 10.739455333 -11.999868914 
1.737684966 8.140278464 -4.131133490 
0.086836205 8.311853979 -2.846230319 
-5.749990115 6.150551446 5.261437117 
-5.685032407 6.161053879 4.524265131 
-8.236980984 5.391306224 -2.864969664 
-11.170445553 9.550007025 -4.978319514 
3.772586447 11.100413948 5.413384297 
1.213223440 14.677519363 8.423739672 
0.412136308 6.796125563 -13.019942881 
-2.645084901 10.209412175 -14.172395138 
-9.080962246 4.113518188 12.392247306 
-9.283101521 8.282496903 13.763362993 
4.944614983 7.999829034 -10.795278037 
6.135385224 10.379368502 -8.811326641 
-11.029370518 2.111141994 8.531469620 
-12.048188817 3.580522350 7.009624466 
-1.961349654 14.475239596 -7.870590046 
-0.310527223 15.412888253 -4.340615515 
-8.226835092 11.932330702 7.810421061 
-8.839924358 12.001434392 4.708520491 
-10.298016149 11.870297209 -5.399366546 
-12.590335131 12.578665044 -2.427187472 
0.041888388 15.811618868 6.482621416 
1.933054059 18.553128784 2.943254726 
-8.414140603 26.753355065 -2.013557315 
-10.511630622 25.431583268 1.501251213 
-11.652829982 25.442190323 1.905324865 
-8.809231995 26.143153579 -1.428800031 
-3.079320245 27.093387666 -1.789312571 
0.546785982 25.438902247 1.288401990 
-15.293636876 22.010408435 1.430692262 
-16.122577552 18.882259530 -0.699794116 
-9.901297320 16.195781424 3.932535528 
-10.059929912 16.048273676 -0.164529329 
-3.303413622 19.002443267 -5.119496906 
-2.574840752 19.234723340 -0.227353190 
-2.904566326 13.514756484 8.888609206 
1.167791228 12.307004238 7.747374408 
-6.069339922 12.414381960 -9.706082218 
-7.480780806 8.956509431 -8.659198460 
1.379878433 26.076583163 4.069846720 
5.477165231 23.679022126 2.251712264 
-17.657384638 17.933956002 -4.874746165 
-18.155134415 14.059588364 -4.639111511 
-1.108374097 27.063104808 -0.718844352 
-2.806838874 25.438973850 -4.298797283 
-16.207460180 20.968907730 -0.893433125 
-14.272326889 20.690076237 3.344280493 
-12.998147062 16.300392547 12.539048748 
-7.756558049 18.959623090 13.991256379 
-5.555689942 18.494604238 -15.171811386 
-8.721926149 17.661873197 -14.756114338 
-13.921150073 21.117865897 -7.480050911 
-10.653046257 22.521974164 -8.259138012 
-2.428594509 25.698097134 6.439530060 
-7.699851350 23.631649742 7.971995619 
-6.173175063 5.736456525 0.800575527 
-6.575545977 7.202932257 -2.568891505 
-0.036305476 12.231864991 -6.478340993 
2.234649287 10.636721345 -0.436733555 
-8.669290159 8.105128352 0.154013245 
-4.944777158 8.403905615 5.220358978 
2.303069006 11.474547234 -1.795747053 
-1.993951881 9.046320614 -5.930730956 
-3.283530161 -1.079169794 5.094284673 
3.114191935 2.203199558 2.937380652 
-2.040649324 -2.888014849 -4.750188159 
-5.481604480 -0.945317684 0.067612118 
-7.107235063 1.972886862 10.991245167 
-6.575468289 5.769191169 13.253597385 
0.533378484 8.651081456 -12.986770610 
-1.835235610 10.897535857 -13.172106665 
-3.955930498 5.337816129 2.771805851 
-7.388078219 9.815201013 3.594821487 
1.788795185 9.970266089 -1.636417188 
0.062874971 11.931895578 -2.818687512 
1.535417881 3.677891067 -2.225289833 
1.334396730 6.512054438 -4.041194108 
-3.437498010 2.605755668 2.605913597 
-5.619844634 3.447560266 4.294045419 
3.896469571 8.346839375 -11.635997169 
5.944969420 12.722105885 -10.035842140 
-9.284739232 3.392959041 10.971902101 
-12.824751083 6.253313892 9.608495986 
3.547508843 1.381800908 -4.630099622 
2.882508389 2.068900134 3.414540796 
-5.961527593 -1.996888792 0.844021902 
-4.595968686 -0.520419383 -1.268021901 
-2.754392074 10.453167855 -5.322240626 
-2.248935584 6.061019127 -3.089294387 
-4.491998055 10.305668898 5.700305864 
-2.316955974 9.967413872 3.868960184 
-5.093471778 7.053901511 -4.482240110 
-4.545044257 10.538354871 -5.084869148 
0.462581674 9.590970132 4.522962792 
-1.694943068 11.266861217 5.442843153 
-19.254737524 14.761257652 -4.477736281 
-17.563522616 18.098011863 -6.746025572 
5.199637560 24.394353295 5.103820476 
1.392451840 26.161568961 5.949297015 
-18.036402065 9.186547880 -8.033363566 
-16.150059480 9.868113240 -9.258679507 
7.595026974 20.419083710 7.729890401 
3.944676516 17.624047027 12.193233508 
-5.667928672 7.482906876 3.819093543 
-5.807537654 5.825866932 1.622916399 
2.156967288 9.067838945 -3.299303636 
2.137980793 7.630974177 -0.777583337 
-6.682550304 4.334276286 1.442543768 
-9.372694225 11.162034513 3.574128876 
1.795932332 12.305296025 -3.898450074 
0.353853310 14.255392682 -3.582700189 
-8.555279323 10.104554479 -7.256044919 
-4.151594188 11.551156748 -8.041202488 
-7.435173839 30.318617475 1.368297062 
-6.231967263 25.798374261 4.752049315 
-9.095046669 7.301640986 0.119658642 
-11.847386810 23.251855101 9.548862698 
-7.786867678 28.879971323 -10.858056706 
-6.822059593 25.076117764 -11.982465380 
-4.222658894 34.277607377 3.649275454 
-2.057405627 31.093246498 8.347072146 
-20.585373961 26.242327147 -7.237406014 
-19.763481292 22.949674186 -8.961109523 
-4.034201268 34.137754259 0.147909453 
-0.812859540 31.307542773 -3.550324662 
-20.349884361 27.023237628 -2.350566620 
-20.145619698 23.570213567 0.408652518 
-10.373846382 14.730013245 4.623896128 
-4.141396520 15.268698130 13.669112725 
-9.859347358 9.404805143 -16.746880221 
-7.764590746 12.885006586 -14.057079371 
9.025195704 5.376070923 12.588459446 
8.208749936 4.341973696 8.658006674 
-9.895855909 -2.625966531 -11.270493004 
-3.455088658 -1.698981913 -3.479080177 
15.229727061 16.315363531 11.017522223 
16.262209514 14.333413217 3.891410306 
-20.724870526 1.983774760 -10.400011947 
-18.941982163 0.447852453 -7.174183724 
11.793863049 20.678013160 12.490249405 
8.494306060 22.907836399 10.266116932 
-22.110400717 6.517145575 -10.615511186 
-21.004079825 10.222813182 -9.073778667 
2.857001338 1.077681568 3.466408612 
3.601864967 -0.085398402 3.322532256 
2.616450999 2.503462044 -2.681862579 
-4.307287124 -2.640018171 -1.420674171 
2.991700913 0.907690051 -3.531027692 
-0.843890324 5.751871398 -4.354664250 
-4.161935069 -3.991244044 -0.048151044 
-6.698307580 -0.448668459 3.721414072 
7.232296794 -0.999169228 10.553954475 
9.790157914 3.270504508 9.905159036 
-8.116088740 -5.661255247 -9.123931024 
-12.492467437 -3.558908006 -7.236432529 
2.307007244 -1.357413274 10.049879475 
-0.880155206 1.261717040 13.064849466 
-10.105714558 -4.992124847 -8.084165740 
-10.544347889 -1.300264497 -10.326528156 
-11.926781465 4.714387417 -14.318801724 
-8.521327314 4.583181377 -11.868020045 
4.596071092 7.543494462 -0.174084012 
1.274665638 7.067667487 2.810308687 
-18.438420739 14.432291491 -13.266651749 
-16.981946061 16.031713491 -10.635575704 
4.169464723 22.730442495 14.244548387 
1.762721450 24.760062349 10.326693904 
-9.900288804 18.114216427 -21.316368273 
-9.299801930 21.676635685 -18.164791101 
-13.159206031 17.369465889 20.171051076 
-11.418426353 21.235387364 17.392053946 
-6.990352820 14.162128905 -21.890336005 
-3.266461406 13.037770734 -19.615343112 
-8.910580391 14.035921713 21.297878231 
-9.255431670 11.001368677 18.571715410 
3.595780590 0.244011632 -3.161761311 
2.438763607 1.304318752 -4.782502274 
-3.686648633 -3.120066515 1.716203082 
-3.864539704 -1.354768097 3.880932794 
1.243800430 9.480947481 12.649060503 
1.809502430 13.632083037 11.783079659 
-6.431126573 7.303965744 -13.392725566 
-10.192993030 9.584381980 -11.801458804 
-5.911552755 6.686741974 4.087050599 
-4.544383911 11.358559116 5.119802264 
0.881281963 9.244534239 -4.004984596 
-2.697983607 12.401088872 -5.694466265 
-1.680179156 3.630430829 3.842153673 
-5.432546942 5.232903264 2.140795739 
-1.750345911 3.246314895 -4.211484837 
-0.716925266 12.224357153 -3.835171410 
-0.748048245 4.043585444 -11.977338281 
-1.744768910 8.054844988 -13.839457577 
-7.780858204 1.264030469 10.091747472 
-4.442755244 6.712350769 13.968348462 
4.526711513 5.584729860 -9.097413640 
6.531778080 9.319902031 -7.309945320 
-8.337036504 0.046250795 5.347930372 
-11.319235056 2.270604297 4.185302742 
-3.126697702 6.784348275 -6.035524924 
2.106273835 9.922694459 -0.313238834 
-3.201693818 6.480468940 6.867098682 
-7.866510344 7.212421653 0.185349670 
-1.708698912 7.658000488 -6.628733894 
-1.316237853 8.900896863 -3.760164951 
-5.373794426 6.223059434 6.063000137 
-3.971673881 8.476937243 4.331217037 
-7.774362301 26.332073607 -3.952092594 
-10.620107805 25.627046985 -0.334043176 
-11.949879600 24.802310485 3.533333462 
-9.721480638 26.053229735 0.329171134 
-1.032079820 25.898638320 -3.562039979 
1.519422406 24.766950229 0.975190965 
-16.706253116 19.095807893 2.104493175 
-16.567709153 16.803045494 -2.283994651 
-2.779845049 15.241104676 -5.998111080 
0.566749973 15.805266397 -2.155427682 
-7.614871619 13.263117262 6.263119268 
-9.817863177 11.227572914 2.448950191 
-9.514289202 10.956141994 -4.555838686 
-8.732581497 8.704367981 -0.668829999 
-0.629449275 14.842853757 6.451550632 
1.850987708 12.042541623 1.376723010 
-1.172336553 26.002929282 5.931913365 
3.899541195 24.609419600 3.420919076 
-15.826222605 19.342775906 -7.112133196 
-17.910447938 15.371401462 -5.322887041 
-4.794554697 26.742952121 -1.246848019 
-4.691750427 24.947366857 -5.213055860 
-13.945824018 22.915707596 -0.836101197 
-13.443530127 21.400822451 3.473628514 
-7.785648514 16.494084318 3.285995580 
-8.005557581 16.924809964 -1.124156836 
-3.963260596 18.072317184 -3.921556087 
-4.419023515 18.382645761 0.556823474 
-7.147422462 16.536748659 2.596436641 
-2.320147732 6.210262521 3.135030719 
-4.747456594 17.569125058 -3.154348992 
-1.803863146 6.042362356 -3.302059772 
15.868696239 8.583880180 -4.554098402 
12.913976382 11.116538045 2.381253583 
-11.773591443 -3.553541712 -6.981660869 
-12.914949422 0.351244729 -7.300979914 
3.737837994 1.057980471 -2.811871179 
2.552298804 3.087197054 -4.950417746 
-3.488315807 -3.538975316 1.490645878 
-4.251512992 -1.149434522 1.683647366 
13.095340770 11.158072182 -14.730128415 
10.252354807 10.993017089 -14.131313417 
-18.419568290 -3.335458141 4.338341576 
-15.599044798 0.274526030 9.877678574 
12.646233908 15.272096806 -15.465813301 
12.343977559 18.324136108 -11.042644637 
-20.702434830 -1.459391324 3.339418728 
-21.230383019 2.795325870 2.720730644 
3.361349622 19.603710221 -17.056626483 
5.983751534 17.377415840 -12.946949283 
-20.185719935 10.056760024 12.898945206 
-18.965328921 8.001571760 8.622176168 
-7.473122261 21.206243340 -17.073566747 
-8.129348062 21.123316766 -13.832930030 
-13.036226658 21.649473812 16.599769710 
-8.367941243 19.365652006 14.849766220 
-2.395056734 32.397981583 -9.231739807 
-5.750756664 30.682389660 -6.797526792 
-20.075515386 24.939319393 9.389645068 
-17.535272514 25.943736142 5.948308488 
3.078825514 30.601484952 -10.881971826 
5.791937802 30.164098105 -2.319765516 
-20.888655838 24.746957775 -6.767474662 
-23.114674617 18.356728966 3.792712502 
-10.527177533 30.319735217 7.981895098 
-5.708169660 28.916145033 4.681799718 
-16.234645797 27.579594797 -8.422858631 
-16.371836531 23.939309267 -6.256402442 
-19.943949832 22.748139412 6.353961934 
-18.453475056 19.591299159 4.938375960 
-2.964910191 28.180530119 -15.625523766 
-0.471696730 27.725721224 -6.349568017 
-5.764866383 5.202571311 6.499149056 
-5.615102805 1.671380376 6.700214523 
-5.676097963 23.938897783 -18.768363682 
2.864617000 13.413411166 -1.724567983 
-11.930825077 22.765906398 18.740076042 
-7.158267132 20.608381583 18.941616643 
-10.536741287 23.176645755 -18.378641952 
-11.550436392 19.114012913 -17.491045171 
8.365746024 26.694808828 -9.503639694 
3.877833825 26.168565422 -8.426447590 
-24.172656764 13.627238858 -1.558342611 
-20.844467678 16.503231942 0.334599184 
15.603484027 4.970649094 -9.800994013 
13.872635044 6.035188609 -5.641204085 
-3.273335368 -4.515703772 1.031161380 
-4.945746054 -2.407803539 -0.017204456 
-3.647697317 1.564832531 -3.352432146 
-4.370473546 4.221927097 -2.122397931 
3.702747712 6.015303146 0.259547521 
0.798091873 9.042067194 1.837251764 
12.040937246 16.297341158 -16.418155189 
8.527408695 18.351894323 -15.678227001 
-9.312879084 -1.753070063 14.676287382 
-8.870604529 3.140096095 15.703623957 
-8.199075340 5.383614541 2.860159314 
-11.129307648 9.214803496 4.847664847 
3.355720022 11.009048513 -6.181506959 
0.196777062 14.718259659 -9.231817584 
1.399205556 8.160131140 4.283460883 
0.064207055 8.270832515 2.903160020 
-2.499876824 6.841844669 -6.180005348 
-5.800640109 6.116340116 -4.425581701 
5.079984076 7.764370402 10.465376141 
7.126451737 10.659066567 7.596099417 
-8.973751982 2.891649829 -10.589928884 
-11.240569205 3.710526848 -8.096053988 
0.719802022 6.672015162 12.828253047 
-1.118283126 10.823719291 13.906291657 
-6.644523773 5.104349049 -13.590230557 
-5.287828640 9.742345707 -14.806084880 
3.870013621 1.419788857 2.459164319 
2.489436783 3.030737335 4.999469184 
-5.205503390 -1.822256575 0.663599457 
-4.262863528 -1.145753261 -1.685436922 
-6.381327342 5.617346735 -4.036421431 
-7.297777719 9.380298568 -3.315138515 
1.040816318 8.879009216 5.127705244 
-2.436933026 9.735965337 5.856775856 
1.822308831 9.640156960 -12.738456831 
0.334827898 13.487836911 -11.692714511 
-9.261625311 6.105780429 12.238817261 
-9.001324706 10.477008861 11.583088504 
3.578031189 5.250909001 -11.880778445 
7.505251547 6.026431534 -8.374110221 
-6.191442770 1.499878204 11.627865721 
-8.015989037 -0.124003053 8.654422541 
-2.937620777 13.509919310 -8.979197255 
0.534734726 12.116050326 -8.185574933 
-5.592112124 12.522318479 9.708704215 
-8.418887697 8.569745400 8.130798705 
-9.315531009 16.288645253 -4.468314516 
-9.829753866 16.233421281 0.065485224 
-3.480969881 18.870114133 5.411709319 
-2.449289442 19.239140477 -0.241557587 
-2.222749529 27.065792462 -1.003913268 
-2.853864449 25.483623668 4.084654012 
-16.128716197 20.926990902 -1.124381530 
-13.662259845 20.947752947 -4.040384418 
1.338852161 25.988042416 -4.494899811 
4.677021410 24.073532263 -2.492179950 
-17.729357679 18.136384221 4.163791829 
-18.552741277 14.203440495 2.427885982 
-9.771537519 11.823709966 5.566805329 
-12.800512921 12.626267949 0.996082767 
-0.016952671 16.078154977 -6.522029500 
1.459552291 18.605625574 -3.630222292 
-2.012468669 14.434650296 7.918908576 
-0.323723763 15.412307268 4.354180492 
-7.703280150 12.160298050 -8.037389553 
-8.712004139 12.041999953 -4.810642538 
-3.390084361 27.035057180 2.302806001 
-0.164020656 25.489455430 -2.826322871 
-14.997425919 22.242970489 -1.689343425 
-16.437789505 18.489818262 0.533553086 
-7.818851730 26.986735352 1.620227979 
-10.614918402 25.386421956 -1.545159713 
-11.379025444 25.546975641 -2.171768715 
-8.423490992 26.291609971 1.140539361 
-6.021353761 10.478311481 -8.393856936 
-2.634497544 8.518952113 -4.083980425 
-1.368266545 12.160017424 7.964312690 
-3.187441354 8.209113865 3.485578525 
-11.817133580 10.391428740 -2.317228307 
-11.664380161 11.863459500 1.001599275 
3.138571358 16.504935250 1.025567408 
1.381026871 17.057095686 -3.476688708 
-11.589471202 24.353153402 -6.193652619 
-11.048427913 25.387624376 -2.022390360 
-6.540400433 26.418189841 5.377916303 
-8.125059680 26.582744385 1.382594064 
-6.723504671 24.039891790 -9.456632178 
-3.629167008 22.968488278 -9.715423532 
-11.599930449 22.113961526 8.445633508 
-14.224463459 18.575803485 7.205994412 
-11.344580987 14.417114739 0.254019565 
-8.821581657 16.676403529 -1.918190549 
-0.152315565 18.947115486 -0.245095403 
-3.803645506 18.791320383 2.309958899 
-9.119454934 8.970690841 7.389752282 
2.982545000 9.863960198 5.301810966 
-3.532842597 -1.835733227 -3.299994752 
-0.046015611 6.510709137 -2.486019345 
-5.585817602 22.176723088 12.374631825 
-0.518621593 20.387944459 12.863411528 
-12.330324414 18.823354681 -11.587372376 
-12.302673412 14.998261168 -12.547691903 
-5.636510819 25.027786081 8.238654191 
-2.310364069 25.769787723 3.014369138 
-13.458548246 21.292666837 -7.625058771 
-14.249216351 20.785366479 -3.987903160 
-3.922882207 1.027255949 -2.344631007 
-4.390387206 4.062915227 -3.420864872 
-0.059068747 8.852251729 4.648790453 
-2.757936516 9.794490230 4.097476257 
-1.958106661 14.240551718 -11.240201251 
-0.905426072 17.530483012 -9.012721386 
-8.027396436 2.152816344 11.291999849 
-11.926086827 2.786780810 9.037863170 
6.938562669 4.482521049 -7.718217795 
9.349887776 8.378120266 -6.156364353 
-3.811124535 -3.218496651 -0.936319499 
-4.463446557 -0.931588413 -3.893754185 
3.246066411 2.207643225 2.598408797 
-4.466041644 5.267642367 4.136838311 
-11.505033060 -5.533496894 -6.474683652 
0.654290261 6.364767436 -3.848372437 
-4.674151514 2.574952229 -2.088893520 
-5.416115229 5.461069518 -1.862774935 
2.857896851 4.977791935 0.066946568 
2.294795938 7.029915606 -0.610444841 
-4.633234361 2.168877899 -1.048434817 
-10.135305460 6.672273785 1.522750745 
3.607005662 7.816869184 -1.279305012 
3.970363744 13.802158387 -2.068409569 
-7.140447853 0.746516855 -9.827777224 
-9.485710051 4.071329746 -11.509304654 
4.934550412 5.837194645 10.533092492 
4.455240031 9.975560281 12.089586405 
0.679453836 3.493208578 -3.356435170 
1.361955344 6.112786066 -3.395829158 
-4.187078928 -0.780339577 2.140246048 
-6.492261728 1.267785334 1.671728388 
12.359532500 18.074283379 12.980439884 
16.374621908 21.633864501 1.668827708 
-4.661422097 2.073639213 -11.508693829 
-22.984746821 4.987909218 -9.238859891 
0.694628272 18.630021900 14.025933405 
-1.066931807 19.863786783 10.361727887 
-13.592189580 12.169426242 -13.941039988 
-6.546270216 17.743008315 -5.569687133 
-2.419196601 3.096962726 -3.181823170 
-1.511223736 6.855883474 -3.525791036 
-1.948293796 3.550365102 3.577785338 
-3.487681046 6.383591077 2.985776910 
1.837394436 3.940806294 -3.031704939 
4.001505195 5.333594439 -4.214425647 
-4.839433564 0.756004406 0.200448866 
-6.800116819 -0.487882176 -0.638816365 
8.631521282 18.758908416 -17.647346233 
7.986277721 22.046506172 -16.133681082 
-22.712524689 3.594187085 9.063033953 
-25.085637704 9.099208954 7.440579255 
8.665448862 9.611126630 -10.168537320 
3.681602765 7.004022241 4.406627097 
-6.416339375 4.319732547 6.893898651 
-6.746979411 6.753364842 1.202655479 
-0.362157067 9.770408174 -5.392006797 
-1.032504944 10.158803156 -3.057383303 
-5.629402917 7.479944862 5.186794931 
-5.410504807 8.449395644 2.983355726 
-0.474593240 14.069863868 -15.933038159 
-1.786330990 17.106121395 -15.727724174 
-10.117098553 7.271564161 14.451762186 
-12.448733041 11.759384682 14.614976906 
4.015587734 32.806651080 5.245634513 
3.147385243 31.147147309 10.050808712 
-21.741836309 21.364434597 -11.074525865 
-19.357337974 20.874079190 -14.037565826 
5.509129634 25.650672425 -3.228290297 
6.297055488 20.898792037 -2.071548523 
-20.988818703 12.420832720 -0.045856328 
-17.612044352 10.097926271 0.101656800 
-8.580237632 17.241667737 -2.531320055 
-6.078465371 16.397928828 -1.750504772 
-4.045296679 18.935256241 3.083575516 
-5.695249181 16.508679471 2.148208556 
-7.994656413 28.144417051 0.626755114 
-12.114725879 14.138654668 -1.126290962 
-12.478521994 25.750792374 0.066503967 
-11.342594268 26.315566818 -5.888440090 
4.263797255 31.235909329 -10.360010086 
5.250530702 27.282788120 -15.062480241 
-25.690233305 18.078596896 5.003795111 
-25.609575147 15.075187271 6.269099642 
-8.527796616 26.511726365 -8.578785718 
-8.838335443 14.171646892 -4.043233181 
-15.474000495 24.071897707 3.929387993 
-10.861263048 22.196029905 6.471876794 
-8.071889168 13.266758434 4.138078718 
-5.378534187 16.521559157 1.691615331 
-2.124468330 15.936707269 -4.602094566 
-5.338704799 16.464719526 -2.100142143 
1.481537187 27.726193290 2.982877542 
9.853444688 23.513434953 -1.662866400 
-20.460936934 12.371636319 -5.642401703 
-21.335898369 9.259804852 -2.970831171 
-6.022633419 6.363779071 3.781339372 
-7.114833467 16.660832473 4.902115271 
-3.532747393 15.017784763 -8.277346723 
-6.432570887 16.810617609 -5.560042117 
2.482771551 1.411577378 4.860114084 
4.519088864 1.446865695 1.804262385 
-5.471599288 -1.545937684 -0.902811367 
-5.142938148 -1.395423824 0.485745684 
5.958589654 7.276080116 10.368526629 
7.822953550 6.876904416 7.830843985 
-8.328237612 1.869217434 -11.112815668 
-10.345352340 -0.063259632 -7.947532445 
3.728273596 11.245720730 11.830482713 
4.911071138 15.973173786 8.784394878 
-9.015996601 6.602258349 -12.530690044 
-11.602100628 9.871370261 -10.964341690 
1.022374837 8.216669659 -4.571417020 
0.060769939 8.264551929 -2.678700980 
-4.580425900 6.484577962 5.527164681 
-5.790800864 6.272987337 1.144711347 
-8.183169528 5.901684566 -2.909577945 
-10.683639653 10.156717090 -5.564301241 
2.844996369 10.967828143 6.233360509 
1.139214895 14.755602539 8.315787074 
1.542363280 6.422116529 -12.314402123 
-2.582800809 8.722109572 -14.089226259 
-6.276124207 3.754216546 12.676034585 
-9.138088345 7.209169961 13.602095867 
4.602278026 7.605924682 -10.513590098 
7.144032942 10.960792822 -7.411183132 
-11.072572111 1.699648212 7.302621400 
-11.648797696 3.540918923 7.213713840 
-2.677371966 15.340327762 -6.087967261 
1.412453871 14.890389524 -2.573107330 
-8.171588100 13.158507159 6.024659762 
-5.498268041 7.184159365 2.630447980 
-10.104055162 13.409354562 -5.110536843 
-12.310200662 14.368566930 -2.036938228 
-1.608560392 16.702680481 6.858439726 
0.569292682 19.597294765 2.770644342 
-5.778013324 27.202537637 -2.354321961 
-8.423352060 26.543873363 1.837909338 
-13.956117344 23.820766587 1.376960691 
-11.411680633 25.236381531 -1.660135956 
-0.573664770 26.506513881 -1.363650639 
2.080052932 24.549148747 1.754585580 
-16.571887232 19.891402666 0.748203905 
-17.056447099 16.405264557 -1.520542435 
-8.252288647 16.363075355 3.167120026 
-8.346168959 16.835691287 -1.267788730 
-4.237928650 17.914726144 -4.318491717 
-4.041372244 18.617388480 0.508887855 
-3.165557858 14.055651521 8.416587836 
2.102700454 13.558878892 6.781479710 
-6.102923840 13.015620902 -9.066174744 
-8.203988569 9.592371021 -8.222772073 
-0.415573394 27.090165391 1.503632029 
4.071465837 25.234206482 -0.856633814 
-16.901088021 20.106031558 -3.173086720 
-18.360647072 16.094275048 -3.321164134 
-3.374407685 26.899519050 -2.542255431 
-4.431124211 24.676784149 -6.207644548 
-15.070894577 22.049845077 0.897847350 
-12.902580391 21.282410304 4.927080106 
-15.175140730 25.269755376 1.657131391 
-11.781280611 27.933872893 1.414698077 
-5.242727516 29.316254256 -2.756463512 
-5.309284286 27.266976832 2.637279218 
-9.981930726 13.021710651 -4.510711302 
-4.461776193 10.286602800 -7.613126516 
-0.305604997 16.990130022 4.291490729 
-3.619154275 10.344624192 7.185529691 
-7.800442431 12.795878383 7.343140346 
-2.737101862 12.035818591 6.167671109 
-5.179903932 13.683775451 -8.487902098 
-6.835508603 10.325499650 -5.578096458 
-12.802542652 21.982343047 0.707463882 
-10.078016376 25.433146455 0.816490447 
-4.934016584 25.211366776 -2.462413490 
-9.234121493 25.841668492 -1.362861032 
-2.636627919 0.419147381 10.731670937 
-0.193986609 2.779356692 12.378607189 
-1.728205333 1.247313402 -10.808203422 
-5.095307419 0.311054405 -9.501265333 
-9.797922039 7.228228610 -2.069365378 
-12.224651672 9.844873621 -1.285655159 
3.850272029 7.596127233 -1.046674440 
-0.148684130 11.664894579 -3.886792299 
-1.698190488 3.963854479 -3.271411717 
-3.617718307 5.851208833 -4.458893837 
-5.538277655 4.751896994 1.297792885 
-5.653676623 6.995454445 2.892443002 
3.018727313 1.610224175 3.312589166 
3.056634166 5.981767817 -3.224643779 
-4.206230767 -0.289223992 -1.837271953 
-6.507803843 0.145274898 -3.061865964 
6.756984267 5.426562948 -9.261964577 
9.438902758 7.084918630 -6.185447821 
-7.712767098 -1.169314874 7.921901326 
-10.206128707 -1.362096581 5.098044308 
-2.761778214 2.542749106 -3.489073173 
-4.326924029 1.043988374 -1.950146529 
-2.373953600 -0.438246180 5.517299096 
2.034368343 2.177371483 3.261273901 
-5.931098238 17.909274735 -4.642006581 
0.774509306 15.210708251 -0.076230491 
-3.803960304 13.184892883 6.891674638 
-5.234665624 18.183105643 0.486258263 
5.379836412 7.753218091 -11.424236694 
8.337830179 8.244832762 -8.433961045 
-13.104769888 2.656235436 7.882518254 
-12.644701270 13.846814739 5.052395969 
-18.900554645 15.367188972 -6.230224320 
-16.643869138 18.451363208 -7.772040708 
3.929821715 24.795143568 6.848264158 
-0.566916911 25.255522203 8.433314390 
-6.171655371 5.839390642 -4.128301108 
-5.142432103 6.791556249 -3.646160293 
3.575340700 5.726314717 -0.776840923 
1.765883830 7.493693772 -0.649055002 
-5.161976354 16.245755757 6.004314009 
-0.743059629 16.454308530 2.177291198 
-7.354415574 15.259195882 -6.118256037 
-9.063144278 13.012080653 -3.014274805 
-6.993380734 0.917296052 -11.003467942 
-2.489519959 2.028262964 -12.981741315 
-5.996909946 13.972531338 -6.972440942 
-8.405637914 13.251817891 -4.615543403 
-6.778828478 32.248054308 -8.077489428 
-4.149647420 28.984435371 -9.850727250 
-18.744283923 27.626745696 5.951331983 
-17.569931890 23.639250214 7.611908820 
-12.495966962 31.018845588 1.140406721 
-12.414378760 27.323112878 3.065556130 
-11.736501593 31.923295714 -1.517365917 
-8.265915503 29.166237041 -3.957575173 
0.083444733 33.735651880 6.506367204 
-0.792507972 29.549911750 9.377859591 
-20.418312183 24.845531589 -9.884462923 
-17.164848625 23.344536714 -10.644544355 
3.152358860 34.541357397 0.350420415 
5.232847800 31.282920261 -1.907303658 
-24.454283335 22.536437811 -4.719160982 
-23.747918236 19.213232192 -2.548391180 
2.693592371 23.578714495 17.515437670 
0.200930108 24.453721244 14.114724960 
-18.247560492 13.839153367 -16.123202101 
-18.614680639 16.484935187 -11.633338097 
1.671346177 11.181066649 19.898593395 
0.878423254 9.156061809 16.597123066 
-10.605980840 6.126431765 -18.137045070 
-8.084255847 4.895645695 -14.906015643 
16.163354995 14.785555075 10.585079673 
14.735633004 11.712591135 7.073570651 
-21.377650985 -0.494963662 -6.690012269 
-17.050380700 -1.016127330 -6.594466021 
14.684235319 20.641322416 11.509329994 
12.710916270 22.907191397 7.462359889 
-23.418024716 5.065236849 -9.964806947 
-23.027160422 8.128012501 -7.523015616 
6.413532185 1.952393280 15.954019127 
2.248754518 3.626118524 15.792973416 
-5.142670007 -2.757868841 -14.733373736 
-5.188867525 0.851271944 -14.723963433 
11.761448632 1.225515224 6.498036298 
4.752644112 0.647778426 1.781518255 
-3.699514116 -2.343921996 -2.045227199 
-5.527886711 -1.642082209 0.091492746 
16.914977006 15.661370825 8.705382390 
15.162555137 16.662937552 3.350934609 
-20.419333713 0.853173795 -10.084572810 
-19.381612853 2.684876500 -7.698315093 
13.527325161 15.350164154 15.440805108 
8.818134782 16.581743114 16.535289658 
-18.525229805 3.058862879 -14.961283977 
-16.488049380 6.239591029 -15.333223665 
-4.929199304 7.613417905 -21.534358214 
-4.423067596 1.630710245 -7.067385382 
-2.727756295 7.694015284 20.967528493 
1.030326094 2.115389638 6.612173585 
-14.863703766 8.767469092 -17.649717298 
-14.441603921 9.535187586 -14.443002887 
4.614938753 16.012501982 18.169501433 
6.245535146 18.183680196 12.637391850 
-11.908358101 20.807036328 -19.952743653 
-13.653393176 21.428558464 -15.319895679 
-7.434875956 23.098937354 19.592601761 
-5.641647874 24.988632407 15.114062276 
-7.968141446 19.545046432 -22.128509413 
-3.343237990 19.681562735 -20.096240336 
-11.459097844 19.315919647 20.659467468 
-13.957394226 16.077744548 17.984299326 
13.741435105 29.599255496 3.497825041 
13.929401611 27.714121934 -5.166184275 
-28.505562878 11.624984140 -4.586088093 
-27.831344734 10.566880986 -0.152815430 
2.889284111 29.558544344 7.515951300 
-0.089603582 27.598443707 4.801852740 
-20.992912631 19.106948804 -8.659419286 
-17.414868432 20.270897476 -6.088326911 
7.284047152 15.946873722 10.874507587 
3.696034395 14.947451370 8.270867110 
-15.736620444 7.752585791 -11.048681384 
-12.308843596 9.155210592 -8.522525864 
13.592458896 17.498425274 7.817327301 
15.011061879 16.052963548 2.218131885 
-8.622097990 -1.995470690 -0.863916346 
-9.044354449 0.389683542 1.513690030 
15.865001263 24.625300429 -8.799045061 
12.179584555 28.112186122 -7.937429696 
-28.557245793 7.578408927 0.655882704 
-27.950745228 11.279518011 2.192801062 
15.548725179 17.030265208 0.997734793 
11.281681493 16.006140234 4.729651707 
-20.344794856 2.628098723 -5.823745560 
-17.268961351 4.652876795 -5.941096691 
7.509449482 10.403821131 -11.132640861 
-1.558237666 8.182080469 -3.265399360 
-14.569850906 1.285092870 6.333974543 
-4.512870191 7.150523091 3.023162665 
10.688386248 16.437166546 -12.746403732 
7.714558101 19.530310070 -13.749653761 
-18.752843166 4.107131544 11.072937585 
-19.865835397 8.194093359 10.895053973 
8.695777317 26.852128686 16.205723899 
2.444233193 24.287429620 20.281364719 
-23.079445671 13.195859189 -16.030267938 
-19.918203298 14.873389207 -17.547503798 
12.631854181 19.996246943 8.702778174 
10.475722516 16.185790716 7.811577566 
-21.157372218 6.404322581 -8.623090721 
-17.237437571 5.479383970 -7.271904652 
2.619407076 27.232602199 1.300378397 
1.948427400 23.016607735 0.105948860 
-20.681639609 16.456843258 -3.083811237 
-16.237415811 15.432063543 -0.896670527 
1.106457564 31.068053138 4.620478899 
-1.930722262 30.015917139 8.340241360 
-20.682229885 20.438262468 -9.108406503 
-17.645747310 22.969655351 -9.190462451 
0.463177187 23.607949253 -22.686808706 
1.703852964 21.661377590 -22.141103941 
-24.022276004 16.102862275 14.668931901 
-24.338109919 12.269867241 12.841268872 
-8.595212745 21.063879576 -18.165905422 
-8.690448897 18.774835092 -14.877759030 
-13.184898030 21.375871549 15.428407844 
-8.462485092 19.096134156 14.344812018 
-4.476908714 28.477917177 -5.537168366 
-5.505543955 24.338058834 -3.563717163 
-16.348122290 23.184139761 3.225467857 
-12.203485740 21.403863044 2.615509208 
0.560954038 30.901951018 -6.823920783 
4.639474471 28.701493911 -7.179402555 
-21.988142738 20.969048706 3.615110075 
-22.898145253 17.026790500 3.047247359 
3.820091519 29.174585136 -15.168707413 
1.639210915 28.857299646 -10.651833300 
-24.498307141 18.995220207 9.516004295 
-21.414379238 20.876625859 6.907985917 
10.584635559 23.099442922 -18.887442758 
13.627590652 21.637079943 -14.627950432 
-28.706070870 7.412347517 7.705082053 
-25.948412047 7.114745596 9.797028540 
3.027736364 13.026776350 -18.018658640 
5.350691890 11.341052003 -15.157237301 
-13.292674842 8.081713095 16.438527920 
-13.560168844 4.451595003 13.138089129 
-2.495338388 16.493350266 -17.385049650 
-3.553152240 16.724967601 -12.634287452 
-11.928618535 13.012538931 15.739417174 
-8.562073439 15.984688934 12.381929698 
5.362815688 31.951585138 9.205509363 
3.960617473 27.662281717 10.071095170 
-23.562545001 20.348072579 -9.749728820 
-21.267807375 17.336001114 -9.215472650 
1.113239521 38.030864556 -0.775774573 
1.849283000 35.723970160 -5.250472735 
-26.585786981 25.648769133 -1.893252592 
-25.473191326 24.721704399 0.673423250 
-11.576846183 29.913797047 -0.278678522 
-9.830615925 29.351521642 -3.442713712 
-12.812536523 30.190041518 -1.642124339 
-12.884315786 28.638373464 2.829782988 
-11.848659323 26.134865456 5.251145251 
-8.875867298 22.873626642 5.951502441 
-13.213411917 26.763789796 -6.842682814 
-9.113590025 23.237843639 -6.230232702 
3.212279832 7.090401505 21.609678864 
5.089952041 7.203075784 16.695583593 
-5.233337984 4.067867883 -21.444146326 
-6.975859260 4.165607842 -18.320832214 
-2.549699213 13.625708133 26.106810308 
-4.262260222 17.915329996 24.074185117 
-5.249812427 14.784527449 -25.731191484 
-6.495108259 17.126275356 -23.658724217 
-12.688036299 7.542650446 16.758467293 
-13.578099346 11.339849222 15.799264508 
5.195153151 14.568810853 -17.388885854 
2.099206985 17.906536760 -16.239238683 
-10.682925410 3.302626380 11.772948794 
-3.099477785 7.006758515 5.966360515 
3.065309766 8.542352464 -16.288269368 
-0.788666438 6.799814110 -5.569829723 
1.498220981 6.076148724 -21.811076223 
-0.712985360 7.226374655 -19.169879586 
-9.797913307 -2.363771268 16.153567547 
-6.902163980 1.966164039 16.128429561 
12.168527185 9.253814964 -20.509115010 
13.125005092 12.990408463 -18.193537415 
-20.468871691 -3.691882716 11.874023576 
-20.846116104 -1.694429737 10.279766743 
11.681343925 2.874054458 -6.787428972 
12.612555346 6.962580332 -5.328675433 
-2.380866312 -4.149728341 -0.903382565 
-5.345105926 -2.505662724 -0.286683986 
3.758442282 -1.894479506 -7.855601356 
-1.240554128 6.010040571 -7.771739925 
-8.677953698 -2.359990614 4.131696733 
0.939851604 2.287761848 5.638545599 
-7.671943604 23.953711616 16.304575963 
-9.592029610 20.224954089 13.475990983 
-13.870031567 19.289740082 -16.643798553 
-8.863336962 20.144413171 -14.986196233 
5.890712084 21.033932867 15.608098644 
7.148547308 17.377863105 11.814334558 
-19.770538024 9.840480465 -12.979659650 
-18.234440786 8.608064893 -10.320704322 
-1.677604156 33.017475666 -7.130236849 
5.621420703 30.362080961 1.504289439 
-22.674598284 20.179569099 -10.107179761 
-22.005543718 17.693524639 -7.830393700 
-2.360864985 33.359046919 7.112649879 
-5.167744626 31.043698089 6.165487268 
-19.419138262 25.051970614 -10.193340551 
-16.015411547 26.452830960 -7.500854966 
3.772940170 1.122985441 2.746923356 
2.560832705 3.095736078 4.954068419 
-3.487111960 -3.494301752 -1.573854356 
-3.939167956 -1.615920373 -4.211372827 
14.361607446 8.415891032 -4.941126591 
9.550366534 9.652691399 -8.767412762 
-17.214871122 -2.971575215 -0.798706260 
-15.110874563 0.122853885 3.579140970 
16.231715063 14.394192407 10.188593931 
13.300939669 18.988454879 8.378567943 
-20.629394210 0.753268312 -8.240217776 
-20.530331160 4.156860072 -6.781701341 
16.438402362 12.061294428 8.699110025 
12.661160028 12.452528074 10.925190467 
-17.955980336 -1.745448736 -8.974075270 
-14.789794029 0.122376785 -10.462469814 
17.104426255 5.954683167 2.808256829 
14.593616997 7.347301712 1.391424254 
-3.312992549 -4.473401863 -1.040759351 
-5.023653301 -2.317015990 0.000165480 
7.376421066 28.041619608 -1.752669058 
3.248590225 27.318678798 0.083117736 
-23.914053224 13.768905811 -3.434639324 
-18.578045787 2.483597216 -13.561472677 
5.706256650 4.688316403 17.502144234 
9.812681522 19.018772757 14.090426715 
-13.517270670 0.628647502 -16.687902119 
-9.515563571 3.419723543 -16.345589342 
-3.603119371 1.583913661 3.398679977 
-4.436415645 4.133556494 1.928444278 
3.739818072 5.964537185 0.058938660 
2.085874968 5.635884933 -0.981567808 
-19.415559520 21.908637685 -12.241609570 
-18.138439594 19.785682790 -6.500783298 
-1.711760138 30.606219530 9.967393490 
0.057760410 28.138755785 3.890288585 
-10.770569730 30.235325077 -8.282959257 
-5.647176796 29.295156706 -7.781707344 
-14.959163954 28.178832337 5.306060183 
-16.089273899 24.107396956 5.378576746 
-12.232949703 20.091517820 -20.207152082 
-6.981778974 22.343591380 -17.927765269 
-11.600440749 22.384366585 18.529448108 
-13.531261404 20.309326242 15.748461501 
-6.059770088 5.085811395 -6.346779839 
-5.830449136 1.640597128 -6.526551009 
-7.789192075 24.261125751 18.216851188 
1.157682563 9.259425341 1.245144960 
4.753306412 5.533824019 8.780834726 
6.521989745 9.263587940 7.288365708 
-7.112850437 0.160717580 -6.313092165 
-11.051580655 2.287971844 -4.789462046 
-0.515078284 4.132721950 11.969127779 
-1.611834238 8.062629085 13.809797293 
-3.009529857 3.147807514 -12.203554864 
-5.233441793 6.466689915 -13.850039533 
-1.427397042 7.750313157 6.535860840 
-1.355851125 8.893677527 3.785264850 
-5.702228665 6.082136730 -5.931906477 
-4.304914303 8.130731465 -4.077635379 
0.834368812 7.429647078 1.772347719 
2.164710534 9.910982591 -0.173523970 
-3.471513457 6.380100062 -6.937214394 
-5.134199813 7.273784405 -4.477361993 
0.912889119 9.612843170 -12.765559553 
0.775168076 13.291594385 -12.279838775 
-9.887100838 5.913226842 11.840905972 
-9.685196936 9.782594122 12.059667769 
3.605262314 0.240966974 3.150793328 
2.416296452 1.338780173 4.755534328 
-3.684846677 -3.106222851 -1.743242018 
-3.909633803 -1.359442913 -3.866172019 
-2.459411399 3.107913983 -3.656504713 
0.764376950 4.467373884 -2.292749406 
-2.121044116 3.120790272 4.088113780 
-1.824380491 11.883733557 4.761623906 
-5.383678463 7.000102316 -4.397616374 
-5.209297654 11.087965820 -5.093512425 
0.082025420 8.715462475 4.816936137 
-3.180806131 12.265481422 5.864100562 
-5.371544946 26.664863527 -0.618170901 
-4.606843584 25.317807545 3.864081803 
-14.174992914 22.707031340 -0.737520532 
-12.438698587 21.658293984 -4.606310388 
-2.842597746 25.327149096 -7.786264952 
2.347919954 24.030310875 -6.683127127 
-17.825722400 18.486361695 3.358585235 
-18.559218273 15.174485219 2.829789961 
-7.738787053 16.215583250 -2.514245940 
-2.666334192 6.027178916 -3.137759910 
-4.880730568 17.582301173 3.213238714 
-1.786756906 6.040539262 3.295524776 
-8.178775792 16.280531974 -3.272101495 
-7.844907164 17.010829411 1.034476565 
-4.375442670 17.939361554 4.179701688 
-4.468631785 18.371225592 -0.505223292 
-0.314254614 26.110340281 2.180405912 
1.604361607 24.589033473 -2.597216495 
-16.141092889 19.620646117 -2.624130856 
-16.861552027 16.713783552 0.797413350 
-7.413117415 26.545372839 3.599527408 
-9.945039929 25.928899819 -0.053611394 
-11.567845173 24.796082940 -4.221962186 
-9.578235166 26.119182212 -0.500021737 
-8.711698312 11.254533490 5.250120263 
-8.555622334 8.845684176 1.222743455 
0.089639936 15.039206081 -5.874551075 
2.341248678 17.425606274 -1.375576298 
-2.714506148 15.237391907 5.957602496 
0.693963902 15.744017999 2.146376715 
-7.850410406 13.171731760 -6.179262761 
-9.819656568 11.152051231 -2.474381929 
5.667241264 5.238695571 -14.756436440 
6.184012531 4.609179747 -10.084475566 
-10.248174000 -3.732430227 9.411427014 
-3.512365644 -1.831816629 3.285545295 
-0.724581434 14.417480852 -17.372869012 
-3.621777188 15.544686152 -14.068235783 
-11.988621554 6.471774344 15.382585311 
-9.264187578 11.972666514 13.510819527 
4.201864716 9.182266053 -13.450877377 
7.784777359 22.863237043 -11.050673273 
-22.969762694 5.729333870 8.636911437 
-21.609376956 9.623098266 7.974387101 
12.166446753 15.783289345 -15.049417245 
14.485913895 14.306503164 -8.884310230 
-22.041540338 0.571632843 6.306350271 
-19.932868178 -0.184084042 3.801523013 
-12.777136868 26.722141056 -10.353953773 
-11.866678330 23.271767976 -10.354255664 
-9.325549947 28.851814318 10.679629064 
-6.748732414 25.352423192 11.427097602 
-14.975990152 25.244283095 3.175803397 
-4.150740960 11.526596905 8.026214682 
-6.802418409 29.499894335 -3.510468431 
-8.258651270 25.553922128 -5.514210861 
-3.694535896 34.200865228 -1.043291234 
-1.767924684 31.410912156 2.365586450 
-21.311634718 26.242154051 0.894701311 
-19.330943345 24.084381182 -2.394387156 
-3.515046605 34.180008020 -5.106330614 
-1.018448780 31.065613944 -8.346073229 
-22.844142060 24.589560420 5.784244471 
-20.334573758 22.746305289 8.238747532 
-19.214172047 14.228141684 12.284523848 
-17.994955561 16.086941135 9.395289405 
0.177441802 22.850256901 -16.802508620 
-0.506796207 24.687912589 -12.223160661 
-8.201293518 2.883708148 1.128618814 
-5.366924860 5.104988983 2.721362477 
2.850557182 11.005492347 -17.023952836 
1.869957077 8.140554684 -12.831891432 
-6.141784466 15.093177013 21.903355845 
-0.474909673 14.074924035 19.067058918 
-7.597978458 13.442028413 -21.480082351 
-6.600488011 11.277169250 -18.970309915 
-8.562352521 18.248133207 21.323958507 
-8.430968785 21.906478116 18.319791160 
-7.915712611 20.210419270 -20.811826089 
-10.377443718 21.886612363 -17.414696078 
1.509273163 3.139469857 2.980138625 
-0.076013674 5.741539980 4.153911185 
-4.253988660 -3.980740805 -0.047259814 
-6.696474351 -0.386054292 -3.859585538 
2.872094834 1.048792671 -3.465507720 
3.535944087 -0.189598521 -3.499951657 
-4.023954474 -1.825926223 -2.380130752 
-4.138612300 -2.482739288 1.059615736 
0.514157792 -1.910652274 -10.351631106 
-1.045014391 1.137270870 -13.058448454 
-10.471238468 -5.232769556 7.345168197 
-11.134972824 -1.571610817 9.673623664 
6.750656789 -1.159311658 -10.920793481 
8.817437733 2.581693958 -10.972826187 
-9.073172019 -6.095425906 7.949615372 
-12.587611158 -3.928606060 6.735114048 
-6.208735894 2.303144522 -11.500093540 
-6.027134724 5.747185401 -13.401718974 
2.642779714 8.748636554 12.191502502 
-1.708450702 11.208101479 13.038575307 
3.223706727 0.576774936 -3.438440580 
3.045985173 1.951723972 -3.079674486 
-2.206846093 -2.979474127 4.570338094 
-5.721615347 -0.897111074 9.055787669 
1.188417269 3.953416349 2.267077044 
1.925158896 6.529732936 3.662561481 
-3.427330239 2.646027852 -2.628458048 
-5.333983977 3.623592647 -4.524884821 
-3.997529546 5.332590393 -2.750503850 
-7.437898607 9.781930149 -3.559346883 
1.786476246 10.057268452 1.573364604 
-0.213441781 11.863778999 3.125006102 
-14.553848339 20.920427241 6.843020647 
-11.056565208 22.548229632 7.960614275 
-3.841426133 25.105572540 -7.666523688 
-8.053001719 23.397284236 -8.127179240 
-11.462381430 16.141652448 -13.553341688 
-8.632219676 18.413967354 -14.001129450 
-4.256344443 19.981628060 14.485117947 
-8.253576293 18.457525547 14.605582617 
-5.868352442 7.290396328 -4.832493366 
-4.736272526 8.476353406 -5.286249850 
2.391115449 11.573484658 1.011744684 
-1.597602211 9.210428221 5.788393258 
-7.509452088 8.908045448 -5.367463208 
-6.504370818 7.214952933 2.632752453 
1.587116910 10.699996669 1.978096858 
2.125423462 10.574268325 -0.513814237 
-18.241583830 10.610255632 7.473940471 
-14.778951490 7.036914876 7.341394988 
7.211039432 19.908094264 -8.819533206 
4.429774301 18.160981015 -11.482661750 
-19.315139972 14.789257582 4.237135040 
-18.083858984 17.915357333 5.867818333 
5.110271657 24.691006049 -4.350901886 
1.149956557 25.673739473 -7.242385747 
-9.288477882 8.239831575 -3.180259960 
-9.130991107 11.074034940 -4.102753091 
2.164559623 12.161882194 2.998339885 
0.149928917 14.308620488 3.795652743 
-5.735520672 7.454482715 -3.788475114 
-5.813187720 5.809075223 -1.656038151 
1.858700560 8.887996270 3.864814399 
2.141252836 7.593973931 0.931022917 
2.776332692 0.753978144 4.832476879 
2.841709131 2.003367461 -3.528092864 
-5.935560987 -1.977430603 -0.922927986 
-4.238848274 -1.060934678 2.527543350 
4.774872896 8.318147509 11.038637768 
6.589665306 12.839109860 9.355413923 
-6.436492344 4.784490193 -12.644972992 
-10.350065208 7.303541263 -11.756684323 
-5.240954917 6.820423478 4.392895553 
-4.245775658 10.739576582 5.129211809 
0.007600490 9.426504471 -4.964669219 
-1.353636895 11.491846668 -5.235588027 
-2.207367412 10.702336455 5.128432105 
-2.144177610 6.102212112 3.077128333 
-3.530378606 10.614002224 -5.673910060 
-2.110878189 10.091037112 -3.742860597 
-13.597811031 16.657454555 -10.796418382 
-10.669690394 19.354699731 -12.387815179 
-0.381884801 22.088549512 10.410663191 
-6.331011173 21.428741408 12.256178261 
-4.233773922 6.748946638 -5.938962080 
-4.727001638 8.254900483 -4.113097409 
-4.387262341 6.321232856 5.843470768 
-2.532069666 7.511421878 3.350553416 
-11.706403464 13.623079609 0.513266999 
-8.806659892 15.384128126 2.285590079 
0.811897919 18.638543418 -1.335495627 
-2.228077951 17.968371784 -2.570646232 
-14.717042604 20.145600804 1.161339517 
-12.416208286 24.062107753 0.956433137 
-2.212143747 25.202388977 -3.424424579 
-6.428899139 26.574430801 -2.064311508 
-12.392273166 20.587506926 10.227830006 
-7.351116375 22.078398801 12.325506597 
-5.384112140 23.222016764 -10.684509460 
-8.359000656 21.219498645 -12.227662891 
-10.940367292 12.898853678 -0.737227772 
-8.658234030 15.944407721 -1.214173881 
0.587108195 17.574435312 0.660704751 
-3.446815355 18.157333585 1.839992384 
-1.384826150 7.483109162 6.164248287 
0.723081230 8.291062884 3.223744277 
-0.098896037 7.885186417 -5.240272001 
-5.968829637 5.798790335 -2.212170909 
-4.406944621 16.618465334 12.789485883 
-2.267921854 20.553053320 12.375849798 
-6.816879970 15.881744749 -12.579168384 
-10.755589052 17.078577059 -12.288457590 
0.559261350 -2.687209998 6.254400421 
-4.064765142 -1.073527133 6.203091360 
3.102563870 2.150891537 -2.486532322 
5.559660525 0.894580082 -7.402573950 
-5.509955901 1.112984357 0.187858918 
-9.622673473 16.315098923 3.514502463 
2.691762316 10.725524771 -0.730101638 
0.877991710 12.025182882 -0.371427334 
6.252449563 5.048166266 0.270415850 
2.893025157 11.057457629 2.187373786 
-4.273764375 0.052586795 -2.039753373 
-8.393054338 8.660051934 -0.043272559 
2.874844255 2.083527504 2.797859227 
2.673178277 1.795409981 5.889848614 
-4.322589106 -0.477839229 -1.354309849 
-5.270059432 -0.783628762 -4.132684640 
-2.427184524 -2.274983986 -5.187815650 
-3.381459766 -2.214121452 -7.555002572 
3.117680489 -0.726968806 3.397468291 
2.650001963 -1.048131894 5.998319253 
-4.389104609 2.843118762 -2.313955590 
-5.201143721 5.380808884 -2.043011009 
3.468860877 5.264967574 -0.926123999 
1.575560912 7.112575173 -1.724063033 
-8.014863021 5.965822618 0.196642812 
-8.462167773 9.519571574 0.291456967 
3.115384308 10.398479567 0.509838736 
1.092425533 12.638311570 0.709368496 
-8.768117354 5.412955283 2.531592456 
-11.277793214 8.794878195 1.546627181 
2.933401128 13.141913841 -2.402335000 
3.113326294 14.445867545 1.684770319 
-4.641381819 6.869602473 -5.786489351 
-2.432248800 8.387664331 -3.874525890 
-2.458782532 8.220594245 5.928311116 
-3.290890424 8.165010503 3.475071081 
-11.611715218 10.610854302 -2.636115777 
-11.679002200 11.770911074 0.903395902 
2.070130588 16.273931393 3.784483253 
1.727703597 17.421606840 -1.288619221 
-10.207910896 24.923136750 -6.513895792 
-10.615213594 25.555911135 -2.186944401 
-10.687369501 24.796112602 6.052864049 
-9.229756657 26.132577170 1.891832149 
-6.121890138 24.293430112 -9.202170419 
-1.499388297 24.014371044 -7.763324685 
-13.019620299 21.393303838 7.898826533 
-15.097334661 18.337550666 6.110588793 
-11.276190945 14.522044327 -0.001096263 
-8.663218452 16.739279968 -2.008025134 
-0.333767801 19.022940116 0.010087729 
-3.968646494 18.655977922 2.839784987 
-8.682588161 9.348886817 7.784527899 
-4.759330089 6.929999555 7.652972753 
-0.229100296 12.861375952 -8.618826270 
-0.086708350 9.287386945 -7.772779782 
-4.849919833 22.260679897 12.432027878 
-0.623539362 20.168428380 13.034020991 
-10.398282692 19.727223896 -12.142199548 
-8.344399996 16.798944917 -13.737384332 
-6.079686063 24.852405333 8.441169708 
-2.975553347 25.629774217 3.842259661 
-11.932128961 22.092951211 -8.184728908 
-13.667173924 21.175922311 -4.343676825 
-7.998423058 5.448850532 0.846867519 
-8.565626124 9.707434343 -0.659300032 
3.244363815 10.816293372 0.113265880 
1.109741860 13.625591133 0.047585380 
-4.514202948 -1.144990796 4.279652757 
-0.862197055 -0.753485887 6.305447158 
4.066747917 3.942767701 -4.125169641 
2.687158220 0.259169168 -3.523157691 
-4.630089178 1.797443085 12.386110817 
1.066141175 2.971533079 12.251372038 
0.247814707 4.223473376 -12.907099932 
-2.504900404 1.719934085 -11.650414134 
-7.224791297 5.905127989 12.944030148 
-6.848856991 10.461537673 12.575483793 
-0.245613634 9.700666442 -13.359263733 
-2.180870321 13.133137366 -11.960335129 
-1.697825576 3.296300833 3.180153023 
-4.258341191 4.681820426 4.191274875 
-3.316376542 2.647707759 -2.748524163 
-9.231889391 10.437629633 -1.879892139 
3.033655617 -1.584272550 -2.730626461 
1.571491763 -1.087978839 -4.912732077 
-4.103722098 -3.195558688 -0.240169216 
-3.114129857 -3.354776958 3.226142074 
-7.271708484 0.684195290 -9.738168515 
-10.454698687 3.546513053 -10.726505771 
1.444439071 -1.151274878 6.023604879 
3.169726381 9.166877211 12.816291361 
2.726546284 1.759514533 -12.572294201 
0.798898906 5.772835733 -13.619862742 
-4.153507689 0.054065060 2.463239446 
-6.420987401 1.319718566 1.997090272 
17.550907572 21.112669133 -0.536533122 
16.519810932 22.256919711 1.055763484 
-23.944684305 4.197095523 -8.223468258 
-24.759790541 5.070659066 -5.800410825 
7.009610828 19.226697924 10.671799944 
2.155715668 19.074769303 9.495769779 
-15.349814924 9.527906622 -12.456359125 
-14.269720069 11.608795467 -8.647002618 
0.818733514 7.854562437 3.791748869 
-4.081173376 4.862962015 -3.686504800 
-9.204582298 1.250749724 3.581291346 
-8.677404694 3.927617534 -0.197207051 
3.556165221 3.444749818 -1.218450529 
13.600256746 10.005162331 -3.724847975 
-15.092908092 -2.144518091 -0.988185775 
-15.856969558 -1.054675425 2.987264478 
9.315498404 19.392250566 -16.719681618 
11.873070484 25.113187890 -10.586321917 
-25.711209139 5.972690036 5.447946034 
-26.448742521 9.825750993 4.470560205 
9.881483881 11.433175975 -9.260975939 
8.838577525 11.385614169 -1.300385415 
-16.184939278 0.847085638 1.486575293 
-4.824913039 7.494740182 3.056580526 
-1.990430421 6.990920111 -5.131569214 
-1.301101529 10.059454605 -3.270157410 
-1.680458989 4.600820856 3.917357010 
-4.931277739 8.777220414 3.237923320 
2.328592447 20.723238518 -15.218775855 
1.512027455 25.261245961 -12.747830000 
-18.223948613 11.424913666 12.278008753 
-18.300371320 16.643973409 11.938547976 
2.318663245 31.901601704 11.062090164 
1.693404120 29.230588063 14.738772134 
-21.707349824 20.603263638 -12.660832045 
-20.478597396 19.125880829 -14.472510278 
5.634433571 26.478463254 1.424485069 
5.267570832 22.136732921 1.604612055 
-20.937525873 15.068068443 -1.487463266 
-5.818024420 6.564868450 1.463841236 
-7.646845109 17.544858880 -2.913962047 
-4.537062409 16.941487210 -1.249500202 
-5.004451912 18.734195657 3.314626918 
-5.905126564 16.410771047 2.221756297 
-10.342786875 28.177793306 7.599354077 
-11.099396271 26.139381204 10.562092276 
-13.315554138 27.149529899 -8.030704801 
-10.003966438 26.053900823 -11.939861638 
2.188707463 29.503029472 -15.518756989 
3.469482268 26.019871987 -17.787589675 
-26.422251820 16.870971325 6.013092035 
-25.236874954 15.080653325 7.807119019 
-7.309289595 27.306410771 -8.253026661 
-7.943492511 23.395195845 -7.124719726 
-16.823012112 23.191634594 4.662369852 
-11.414289454 22.226049018 5.291284066 
-4.752134477 14.862615348 4.499052363 
-4.872530505 16.713083653 1.626158700 
-2.204134052 15.993505366 -4.606880583 
-6.253013398 16.156597313 -2.290870212 
8.878944454 25.763322794 -2.828165984 
11.176934682 22.524051457 -6.408435212 
-23.578628553 9.118501990 0.521067596 
-22.635704240 8.012949982 1.414898346 
5.235179727 14.668064920 10.839302596 
-3.203916081 8.151231929 3.215729160 
-11.232472949 9.275440207 -12.824676641 
-3.127468603 8.947317037 -3.762069471 
16.546617298 19.709453624 3.652911240 
16.633903346 17.142963760 -0.451509141 
-21.182126921 2.637846340 -9.100682294 
-20.950337406 1.287663027 -5.487385380 
-2.176465560 33.195663159 -3.908885294 
4.672244427 32.027140861 -5.363656812 
-26.152368858 14.203094423 -3.852187654 
-26.060195647 11.921570213 -2.759529934 
4.406675171 29.527971709 4.248376812 
-6.843865660 23.441192473 2.050574021 
-22.459574973 17.322669759 -3.849558893 
-13.607933607 22.375999552 -2.697950500 
10.459770984 10.217565655 -2.568628771 
-1.623264288 9.263169276 -3.156125252 
-5.659517091 6.230586457 4.884827614 
-8.170858981 4.678574295 0.175333135 
10.873685532 18.740566028 -13.941500286 
8.632472939 20.995556652 -13.820500190 
-24.793832944 5.347321111 3.822806706 
-25.478599762 10.519521105 1.796634108 
15.943642173 22.666142621 3.432287695 
13.155324979 26.578134662 -1.531752220 
-24.864607309 7.900532939 -6.828678627 
-25.545960192 11.084189269 -4.580026909 
12.379272355 18.077718091 8.771619716 
-2.058035278 9.689846157 4.097829598 
-18.496182207 6.969732031 -11.098751481 
-4.506238555 7.934100857 -3.460403697 
3.596686574 25.422095424 -1.475200737 
2.561634516 21.538373150 -0.779535610 
-20.104375624 15.129631601 -0.783281266 
-15.495369344 13.590471990 1.010674199 
1.819575553 31.906002212 9.340335685 
-3.072373791 29.876936618 12.685412550 
-22.975614717 20.399076495 -9.827588773 
-16.106954754 11.702977302 -21.309594025 
3.553514500 -0.622558897 2.862997174 
4.272272649 5.196394644 6.346359731 
-0.316293671 -1.074673216 -6.186848383 
1.414644166 6.023570023 -2.236891563 
0.914478737 4.560423403 -2.600797705 
-1.770486671 9.368195100 -3.283965397 
-3.928287262 2.739431443 2.159210098 
-4.128427733 8.840134852 3.536823225 
-8.422016358 26.464150738 -6.109008040 
-6.893749357 22.646456406 -4.294048137 
-13.973596609 23.231380875 0.977868289 
-10.958171117 20.526246666 1.382954605 
-2.360976074 19.499650344 -25.167247291 
0.843495439 16.946667988 -24.408318852 
-23.760062955 19.010155843 7.710967658 
-24.634433340 15.029299246 4.255692606 
-5.395578829 21.421978274 -21.543399422 
-1.432550370 20.583202779 -21.356618551 
-14.954150615 19.119082493 18.324110954 
-13.155011172 12.709154978 20.421996134 
-8.208718331 21.271011286 -17.435507257 
-7.602026453 18.148220978 -15.046019644 
-8.487240280 21.651913268 16.197659180 
-6.340648373 20.228965209 12.813841848 
11.869250397 26.927773278 -14.673850344 
10.886704345 30.426473014 -8.216923745 
-22.061300468 5.580865822 -10.367101403 
-24.029696002 9.236603248 -6.424927950 
0.347404768 8.100857662 5.059692654 
-1.125149688 9.480570055 2.930624046 
-5.103188827 6.417166934 -5.239650669 
-5.782950245 6.209787029 -0.715039605 
10.457749351 18.028316789 -12.222312144 
-2.094458746 9.658299145 -4.149100167 
-21.586703977 3.946989134 2.059885117 
-4.660689460 7.845463793 3.396503256 
13.948831493 23.182240535 -9.411187405 
11.839920494 26.545125290 -7.762730693 
-25.593763647 6.053173386 0.413086266 
-26.122022598 10.501590085 1.527987844 
13.794524077 17.940983991 -11.031490667 
15.873947920 16.211823231 -4.994241074 
-23.062282271 2.501546744 3.683167620 
-22.581740820 2.574933723 0.079581978 
2.066264268 14.926685830 -13.236446820 
-3.526270256 7.986226329 -3.208784864 
-16.814220538 7.848161529 7.809079661 
-11.966718486 9.742459622 7.160422640 
3.284522439 29.125271608 -6.342794846 
0.370890914 26.521136480 -4.961566887 
-22.397302966 17.694620991 2.591738602 
-17.122584006 20.300534246 2.259453178 
9.685296357 29.210814132 -5.635731318 
11.564855565 28.078917370 -1.241260840 
-26.330836807 15.041113993 1.451005641 
-26.164256953 12.565080136 -0.593325629 
0.932334040 30.090069191 14.210828657 
6.628190549 28.541712025 9.305976801 
-22.617612967 19.400045715 -10.644418380 
-22.673781718 15.891703304 -10.155880557 
-7.329729725 26.579278036 3.857523469 
-6.686542676 22.489786146 2.777495330 
-14.386379856 23.137733104 -3.296278208 
-9.230367962 20.724915437 -1.193435300 
-12.907340165 12.464949434 15.003196420 
-10.626146407 12.870035467 10.939398265 
-9.979597518 20.351380649 -16.714284293 
-6.042372435 19.409138732 -13.764158391 
-4.251017302 22.896761280 20.578616767 
0.975451555 22.357175847 19.878638973 
-13.477187875 18.690706167 -19.425256537 
-14.942985875 14.995206226 -19.052118771 
0.463357378 28.302774009 -17.465509926 
-0.560858042 19.701713021 -23.926460265 
-23.702114493 20.491351118 7.770560365 
-20.737704314 22.005623080 9.875966573 
3.721447156 25.338799616 -1.118698755 
1.947738017 21.695054594 -0.236011723 
-20.816063927 14.535861043 -0.633172902 
-15.001871028 13.622313083 -1.887603004 
0.737473004 4.539396389 2.755747262 
-1.719218996 9.389775828 3.244166598 
-3.915828464 2.747267088 -2.191050644 
-4.454897699 8.688039526 -3.446663169 
3.519058252 -0.546706822 -2.960978006 
3.730537682 5.399824901 -17.460349761 
-8.577646057 -2.055826180 2.052110903 
0.242442617 2.279819493 6.874491672 
12.097560063 11.495869707 4.472333660 
8.951738275 11.262787659 0.684196464 
-15.267273983 0.861323266 -4.992906028 
-6.631095996 6.876770446 -1.739621073 
14.699990637 22.528152424 9.122222620 
14.074009846 26.307247330 3.427449153 
-24.587327406 6.949309702 -9.769093865 
-25.232583985 10.535775608 -8.630086788 
6.480803299 19.800493022 12.243351795 
2.424475303 26.334898362 11.473604844 
-15.263970065 12.537198755 -14.925680650 
-17.932038231 16.157691760 -12.252864505 
-1.292031086 7.387388741 5.025187854 
-1.271807060 10.094451914 3.206102311 
-1.731346608 4.541095565 -3.917486733 
-5.054908178 8.702585055 -3.162485398 
5.278294728 18.562894240 -12.520164146 
2.231573065 18.707190929 -9.712624586 
-18.527249998 8.861456971 8.530208808 
-16.033602565 11.916483308 6.070098635 
14.155166287 19.291003553 -12.012949175 
15.152968533 22.132029574 -7.559509017 
-25.474498604 4.067649797 2.668448995 
-25.854256775 6.038092034 -0.346838289 
3.312271656 4.176483700 -0.224975642 
4.400988369 4.922713395 4.124808068 
-14.904770479 -2.248074533 -1.505042219 
-15.845767037 -0.341562200 -6.062571142 
-2.143150727 5.310901464 -3.749578123 
-4.212093902 7.803645936 -3.022318960 
-9.132329480 1.561608143 -3.460131208 
-8.716539058 3.832464599 0.352542461 
-6.229658258 27.991856386 6.589066925 
-6.989450767 23.940743612 6.365786477 
-15.204888763 23.822557724 -7.114810705 
-10.348890887 22.589942976 -5.814243370 
4.810351227 31.580444208 9.823905120 
6.049642885 27.584179984 14.606984012 
-24.504201399 17.078643269 -11.114791956 
-21.627550584 15.468722026 -14.530572233 
7.872455231 24.851523985 -3.985504698 
11.067077351 22.922023790 0.993900467 
-23.366448789 11.823547063 -3.121705205 
-21.952024172 8.796795510 -5.799436509 
-7.940226723 13.446806010 -4.325909351 
-5.257976042 16.543494411 -1.874158786 
-18.490331929 14.090477450 2.037694160 
-6.325011096 16.149785496 2.293114084 
5.456561068 26.285999240 -4.520157091 
5.318157372 21.785886506 -3.526497305 
-21.006683696 15.078075774 -0.863710309 
-17.516873193 12.935122326 -0.758121477 
0.969974905 30.457416115 -14.491483111 
-0.572105284 26.328880860 -18.818147058 
-23.921083887 19.037924069 10.816448645 
-22.849791287 18.242862005 11.918531627 
-10.968461301 27.816655267 -8.973454657 
-10.562473355 25.803589551 -12.314159631 
-12.932051987 27.326840391 7.747690696 
-11.020156734 26.193286745 9.850385734 
-7.318020701 17.705511463 2.884552600 
-4.530823414 16.911763058 1.146299034 
-5.297207567 18.528626775 -3.863239904 
-5.937875260 16.371888582 -2.359417275 
-8.719494557 9.337433295 -7.812691078 
-4.861942928 7.094401407 -7.842246104 
1.234581682 13.352281706 7.610519257 
-0.336548857 9.145704538 7.840365774 
-11.222953549 14.612041069 -0.540859409 
-8.718821229 16.736555040 1.856286340 
-0.204455993 18.943902308 -1.290913251 
-4.047096626 18.623575679 -2.912639673 
-5.922070922 24.801810644 -8.626021716 
-2.813282792 25.606029138 -4.133554195 
-12.043481230 22.348019608 7.658243762 
-14.400150925 20.704072326 3.737514019 
-6.479348614 21.604242418 -12.789728022 
-2.856611022 19.064048812 -14.162008085 
-5.782938310 21.827374308 11.949300516 
-12.793089206 15.072327218 12.173267229 
-11.938712475 10.614152663 1.053154071 
-11.511354086 11.971248296 -1.497457230 
1.702755234 16.109447225 -4.555879879 
1.865785791 17.450719493 0.734654139 
-4.590875750 6.892480258 5.797325514 
-2.546737675 8.375502591 3.936059441 
-2.868801499 8.028386127 -5.949737661 
-2.842082696 8.340063298 -3.466663022 
-6.082612327 24.542528047 8.819873847 
-1.597531498 24.066693254 7.587844176 
-12.890857838 21.214537937 -8.256700919 
-14.907155829 18.355614996 -6.489774165 
-10.220123968 25.012164618 6.310155658 
-10.170322413 25.726956991 2.183891819 
-9.809246356 25.053905486 -6.334906773 
-8.906239155 26.278758492 -1.949926722 
3.045689350 -1.579640193 2.713765711 
1.663693389 -1.067985261 4.845397042 
-4.051486904 -3.244484195 0.262054465 
-3.087430640 -3.351644707 -3.291157477 
0.631765115 4.250105127 -2.519784170 
-2.043137198 6.109045119 -4.717217473 
-3.256760037 2.664196848 2.802122042 
-5.195861091 6.250917954 1.749950329 
4.183116734 2.480654948 12.046086517 
4.792105826 7.628236597 11.865913658 
-4.242541556 -0.080923703 -2.261945469 
-6.442319931 1.279726525 -1.933559306 
-7.483353111 0.555277794 9.495840477 
-10.740926879 3.584716053 10.557217331 
1.673437267 -1.114809674 -5.968734820 
-0.946344513 -0.411146758 -11.525355127 
-4.489161060 -1.192445726 -4.317609229 
-0.957290014 -0.761058908 -6.273940936 
4.029685001 3.874865466 4.235837024 
2.671019611 0.282586976 3.523600067 
-7.978692837 5.388558305 -0.934061232 
-8.614411001 9.369679267 -0.728836876 
3.189791441 10.854472507 -0.622730845 
1.082549710 13.661431744 -0.334286153 
-6.420124494 6.186712996 -13.254837552 
-6.553673475 10.544874040 -12.672802252 
0.825977014 10.126372350 13.017506734 
-2.705285633 12.975113936 12.030702556 
-3.991710262 2.153399707 -12.660893443 
0.464295169 2.739603924 -12.364793870 
0.344262439 4.423171313 12.946435869 
-2.771694601 1.422605115 11.462415225 
-11.087491220 12.714780037 -0.114632189 
-8.634580999 16.029894472 1.040098378 
-0.220378094 17.505419651 -3.070514252 
-3.322282456 18.202976621 -1.647223777 
-11.645346425 20.779189935 -10.640357893 
-8.112965159 21.492702744 -12.559274528 
-4.928705144 23.543863181 10.336335500 
-9.383352613 20.701637295 12.223845289 
-5.874040500 16.249681335 -12.878213547 
-5.184669774 18.231198370 -13.703667977 
-6.339975058 7.617954068 14.038925404 
-11.554508962 16.728432401 11.906876232 
-0.897195847 7.668964817 -6.047618146 
0.709994575 8.290909179 -3.270457177 
0.466502881 8.012747255 4.982109217 
-5.631672979 6.730346600 1.811519807 
-3.949597723 6.373353696 6.182909573 
-4.842944896 8.222597011 4.097918089 
-4.300394894 6.353534633 -5.877558249 
-2.809688802 7.376637824 -3.325798363 
-14.540758015 16.517941014 9.910066513 
-11.367659321 19.350563359 12.074454121 
-2.032998881 21.295065883 -11.542422324 
-7.198959043 21.006957709 -12.396869511 
-14.351384438 20.417945678 -1.953126782 
-12.182333145 24.104874295 -1.567508542 
-1.833520119 25.383608240 2.065093554 
-6.010258993 26.621008724 1.666001081 
-11.557346671 13.799461669 -1.091234908 
-9.101597711 15.163661046 -2.174417396 
0.837309631 18.649318947 0.225958924 
-2.277148683 17.941567524 2.625781454 
-4.508499600 2.885905135 2.232460269 
-5.829719861 5.447632529 -1.292028260 
3.453880218 5.322973483 0.913799383 
1.588683098 7.103101278 1.728653390 
-3.014845056 -1.764021209 4.813758754 
-3.403772012 -2.193753842 7.549850929 
3.116824304 -0.760224014 -3.396139375 
2.691314317 -1.026654591 -6.005644633 
-9.527590506 8.205824146 -2.902692736 
-11.163050512 9.201256081 -1.789389459 
3.337604993 12.324923809 0.457618886 
3.142684833 14.245945644 -1.977873508 
-8.067724331 6.208224881 -0.624401043 
-8.466391375 9.548892741 -0.475106464 
3.148916158 10.211531719 -0.588182032 
1.134361654 12.628620504 -0.632353616 
-5.553645443 1.092763966 -0.225793580 
-9.879577046 16.156463608 -3.338757016 
2.765718885 10.754398850 0.116119227 
0.923033378 12.047105672 0.193212815 
0.671447381 -2.690142228 -6.264203332 
-3.656167868 -0.925524815 -6.466531661 
3.112396159 2.188167687 2.430142852 
2.751956935 0.333961325 5.685075961 
2.888170699 2.080810151 -2.793491300 
2.575405833 1.792093662 -5.925014086 
-4.318442436 -0.491035654 1.299852267 
-5.295402838 -0.814754131 4.093226128 
6.253549941 5.089591833 -0.652238123 
3.033006806 10.869827974 -2.090327445 
-4.258066750 0.047942059 2.120206591 
-8.415000778 8.652562130 -0.105062783 
-3.218516410 32.442592809 11.659358246 
-5.281532679 33.815230756 5.617185946 
-17.880517058 21.741906501 -16.056969119 
-17.919408004 23.683654668 -12.923534125 
-8.580541356 14.090367927 13.834076947 
-5.043439520 17.831432918 12.033324776 
-12.917481021 15.402342901 -15.828965808 
-10.374333880 15.143813461 -12.774583112 
10.131956346 23.997896299 9.395352679 
9.274898518 20.233768844 6.145611466 
-22.752061943 9.759527036 -8.481620769 
-19.287660985 8.621148223 -6.519738062 
10.170747132 30.381316209 5.864954134 
9.588406755 30.712660705 0.197195854 
-26.080036274 14.541326579 -7.542345030 
-25.596126581 16.026402720 -5.230532089 
3.716302030 0.884389702 2.899368570 
13.623703292 11.610097975 12.367586631 
-18.890790813 -2.514311914 -10.429488123 
-19.001059261 1.115486666 -11.881230768 
3.345271930 0.605348245 3.385958907 
4.544948354 4.665141878 4.809260187 
-9.549623827 -1.692399788 -2.376518127 
-7.279557630 -0.316750223 -2.636819645 
14.154120140 16.627674617 -7.121925646 
10.570957016 16.298824381 -6.431987852 
-23.036948935 3.763964331 -1.814204598 
-18.391733598 4.398133730 3.219643145 
17.271468022 19.584428991 -3.760586503 
15.362549132 23.469779768 0.550593487 
-25.250557319 3.428182288 -3.309045248 
-24.834995639 5.704211093 -4.413918178 
18.120855295 15.755215572 -0.244798815 
16.790097692 11.604072699 7.404038336 
-21.486240060 -0.481133924 -9.479801706 
-18.770334262 -0.992213407 -9.432566957 
6.346252412 19.901819861 -8.475327615 
3.532725722 17.843077405 -6.005207747 
-22.059682301 5.786676129 -0.841432154 
-17.933618524 7.909316278 1.461807294 
7.874593725 26.862056198 9.335452119 
4.166509591 25.485441191 6.572972054 
-21.839030124 14.436133865 -10.600973357 
-18.183045678 15.808486158 -8.135478718 
11.872806236 24.011264779 13.125161976 
8.110827165 19.479815647 18.410163271 
-21.798828465 10.115058635 -14.830342036 
-19.446780341 8.384728189 -15.649118043 
-16.126216745 20.110767406 -18.615099697 
-14.486946685 16.900374923 -19.083461921 
-5.180830282 25.690087247 19.158457391 
-2.833579499 21.513310197 20.077914117 
-16.272443426 23.305107263 -9.726217094 
-13.369911003 21.460558624 -5.113082209 
-5.880397463 28.352336840 5.072481280 
-5.081208846 25.233415968 3.864271615 
-3.831229524 28.289234748 -14.591967183 
-2.304502360 26.822026741 -9.685120573 
-18.810386051 22.315577641 10.648225142 
-17.671102789 20.246356498 5.771633787 
-4.844253269 26.302820567 -19.384717161 
-3.881760961 23.123351559 -20.163044121 
-19.399579590 19.980069883 16.092559499 
-16.868357908 16.747132146 17.999177163 
-11.173397357 11.866883354 -0.556509303 
-8.847709773 12.348308525 2.797731289 
1.568351385 16.989647076 -0.890951839 
-1.934270672 15.336262433 -5.113989494 
-14.496645156 20.049679972 -7.474276830 
-12.401232138 22.760108248 -8.546737681 
-0.817224744 27.458967484 -4.953392515 
-6.984690093 24.927859424 8.838786106 
-6.215434181 5.526778811 -0.230654143 
-7.999389277 8.693636930 -0.890268675 
1.758621185 10.931269205 -2.362257905 
-0.607391284 15.373635903 4.248790658 
-8.352039870 7.862389552 -1.173527662 
-6.218303060 5.880271580 -0.256419768 
2.223977759 11.210145014 0.096953932 
1.553602478 10.675413198 -2.409970623 
2.073086377 0.750228491 5.306493591 
-0.620919359 7.673194855 4.552403784 
-3.734897919 -1.684270334 -2.893156542 
-5.982985022 0.392094381 -0.846743208 
-4.906404832 2.125324810 11.482682685 
-3.162726273 6.856644620 13.733431042 
0.597190396 2.850046334 -11.051082804 
-2.432739771 5.305616166 -13.235446000 
-6.934252831 5.248200710 1.204645451 
-7.959662365 8.927459690 2.707964949 
1.888497757 10.653728438 -1.453546201 
0.346222281 12.667278819 -3.248647293 
-5.821748709 8.831535044 5.192513817 
-2.633500153 5.726058077 3.253028966 
-0.910847953 10.812574238 -4.946882617 
-2.711764203 9.273000665 -3.271687470 
2.630925568 2.425466385 3.002238028 
4.569583607 9.263568879 -0.214013400 
-3.845222147 0.093364485 -3.032061088 
-7.524663182 -0.109663765 3.209037039 
3.184379296 -0.816056280 3.492810603 
4.274643182 -0.222581210 5.874801899 
-4.324756515 -0.669426306 -1.357086816 
-4.309862770 -2.962552377 -5.597194018 
4.059414110 1.465338514 2.354707246 
1.954142895 -1.391794334 5.695463103 
-1.293966315 -4.070401346 -5.091687144 
3.829935337 6.884390246 -6.125248676 
-2.789644818 3.651459090 -3.631947764 
-5.943617685 8.108213186 1.816076555 
-1.870379478 7.272817363 4.444729339 
-1.167941792 6.621488725 3.555684857 
-7.314863346 5.037360480 0.744226665 
-8.550245889 9.469823101 0.418288229 
3.403459372 9.310183103 -0.767263419 
1.194493113 13.271974362 -0.442386316 
-5.009412170 -1.987760895 -2.738248030 
-3.598004691 -2.128712300 -7.416889584 
3.008442590 2.164171748 2.558127940 
2.768980604 0.383944660 5.680595208 
-6.325633464 5.879966784 -4.643658378 
-6.237207962 6.636634418 -4.874058431 
1.180128538 11.080798101 -3.542115010 
1.060579913 8.752969327 4.537505494 
-6.047845335 5.518976564 0.213063491 
-7.036759979 8.010504943 0.102469582 
2.251489832 8.871375241 -0.290632914 
1.233578517 11.197728581 -0.627805427 
-4.069375100 2.742936893 -11.937961139 
-3.972411495 6.560912599 -13.667874147 
0.232978243 2.667175068 11.051603355 
-3.122949250 4.981785631 13.197457564 
-0.113925635 7.752807870 -5.696444928 
-0.564355183 7.415609653 -3.289049878 
-4.035715699 -1.790435765 1.931043270 
-5.931562737 0.253819066 0.666920351 
-5.573160311 8.904388395 -5.303145031 
-2.739901157 5.702227753 -3.250247244 
-0.855807066 10.925006222 4.877193016 
-3.022549387 9.154695628 3.330783663 
-6.222703591 4.404493487 -1.274331818 
-8.066950807 8.894198111 -2.464502528 
1.829877457 10.646796202 1.678378188 
0.128672119 12.649761121 3.549841426 
-14.618787266 20.191690239 7.349050843 
-11.921247969 22.977164923 8.730062702 
-0.282799313 27.673491836 2.399792568 
-11.841119445 13.895430281 -13.185504528 
-11.168728320 11.876612522 -0.244509326 
-8.849243066 12.413931384 -2.771619671 
1.549885773 17.045420546 0.119503413 
-0.744472565 15.693297659 3.601134049 
-8.437168130 7.875513113 0.408838439 
-6.186670696 5.910481984 0.164062145 
2.232507866 11.181418336 -0.440193974 
1.716758191 10.663783389 2.083245475 
-7.414276600 7.300218616 -0.372699323 
-7.913044633 8.732386547 1.187911738 
1.905118459 10.993643974 1.922972620 
1.711215287 11.558709877 -0.220871341 
-15.775730775 5.000413615 8.792733351 
-3.930276341 -2.183830171 7.238182714 
3.971011559 0.275634071 -3.136981392 
3.752507132 -0.149683156 -6.279840389 
-7.639635218 5.258122086 -0.367025112 
-8.574696837 9.387895805 -0.601400950 
3.336980709 9.366481317 0.196571031 
1.114838692 13.352367748 0.934258488 
-6.050309183 5.475321269 -0.034479905 
-7.081436637 7.970052846 -0.280094001 
2.281141741 8.884762849 0.298228535 
1.028352735 11.678039635 0.730871279 
-7.035171580 6.060041312 3.627309975 
-6.254961136 6.623801511 4.862818986 
0.943530083 8.475365867 -4.845525388 
0.973494523 8.703006322 -4.610615367 
3.175658689 -0.805493156 -3.510148584 
4.191948355 -0.227186351 -5.916554043 
-4.325183255 -0.680521037 1.329624550 
-4.203774627 -2.939277180 5.672724055 
2.682122283 2.376383934 -3.003773415 
4.566905222 9.287281885 -0.062927057 
-3.888789203 0.037548516 2.967487466 
-7.388331844 -0.163776721 -3.376767787 
-2.139728438 3.718069503 3.721854840 
-5.978372336 8.081456861 -1.721473687 
-1.787108969 7.302165501 -4.428685830 
-1.039956510 6.646774822 -3.479929692 
4.002242233 1.395106400 -2.471935075 
1.997828303 -1.329222250 -5.730852758 
-1.281988179 -4.012116030 5.125431378 
3.753284882 7.084455890 5.938800012 
5.948009895 -1.362606385 -3.296668507 
4.464463427 4.634926440 -4.986749313 
-7.374073610 -4.392102424 -0.112645114 
-7.259502491 -0.357833643 2.640313884 
13.735133204 9.511466917 -14.785186512 
11.824937033 12.099673227 -15.165026636 
-19.996765909 -4.149147201 4.922125961 
-18.459541212 -3.008010672 4.649154836 
18.028987091 19.128118163 -2.319200275 
15.389805096 22.682871155 -5.233248635 
-25.056132614 2.805983678 -1.355352609 
-25.275977951 6.203341645 1.716607705 
15.994497762 17.063537908 0.543101370 
11.510972556 15.881435447 3.949354412 
-21.544540939 3.234378416 -5.365126074 
-18.620862090 5.183230741 -4.461501275 
-4.356865790 18.844390209 -15.950912370 
-4.125224528 15.171526332 -11.875165671 
-17.866667222 20.742387486 13.335535774 
-12.402143381 18.478753973 12.296503773 
-2.240129012 30.342091554 -13.815702403 
-3.995511805 32.397261954 -8.540934761 
-22.089011442 25.445094115 10.200005436 
-21.439148598 27.104696929 5.084410002 
8.576249674 28.394850587 -11.105562898 
7.164457481 30.240394735 -7.717507140 
-27.587607708 14.274376836 1.794172000 
-26.171792326 16.754924988 0.061592848 
7.766618028 22.066968641 -13.051474941 
7.697853729 19.187769682 -9.148319580 
-23.642608648 10.479426286 7.214930801 
-19.373552370 8.733553583 6.119380642 
-15.778174184 23.356617725 5.384518431 
-13.638793760 21.375020696 4.538479425 
-5.198271984 28.196285772 -12.402802126 
-5.603509309 26.025303199 -5.949897331 
-15.816286075 19.486092681 19.258019616 
-15.122408421 16.936863345 18.185378740 
-6.903787412 22.613864302 -22.035956134 
-5.613000148 20.030567021 -21.416742550 
-3.985507955 27.985708707 17.584526000 
-2.096661537 23.642017261 19.734504635 
-18.863140820 19.808603891 -16.776894036 
-15.431804271 16.776073986 -18.934290966 
-3.050428052 29.328850100 12.293362399 
-1.424423823 27.247699224 8.276541534 
-17.239623531 22.801232393 -12.716250751 
-16.705073210 20.625470214 -8.577083516 
14.049231889 18.744670690 -2.470063182 
7.858494634 18.519011607 1.295257010 
-21.141199578 5.371826922 -2.845141222 
-17.374327694 8.465321954 -3.962878411 
17.388902733 13.151893220 -11.943925285 
15.612229557 10.654250567 -11.613705482 
-22.717500780 -0.813965281 6.014154117 
-19.710804710 -2.054218105 6.090696334 
9.966124820 22.363025058 -16.889534495 
8.005142686 19.123713516 -18.682474756 
-23.664651587 9.684275546 12.378677724 
-19.682315745 9.038618740 15.611404410 
7.109234766 25.444781414 -12.959943551 
3.957620025 24.761897308 -9.013722357 
-23.357268763 13.631899301 6.891508735 
-19.255190661 15.248924916 6.732175691 
