2.138017263 38.016838191 -3.074709331 
2.925766210 38.230073830 -1.092529083 
-27.314087114 24.425851011 -5.314307013 
-27.247566317 25.531195645 -3.079856941 
2.050680262 28.132247778 -13.530174426 
0.877836759 28.100232220 -14.370268003 
-24.990196176 17.418839908 7.523720330 
-25.189401084 17.777883530 7.567518381 
-11.268946105 23.729986004 -6.538715229 
-11.656383043 23.709073534 -6.192714493 
-10.555732355 25.949330137 6.916822279 
-9.139354959 25.884525275 6.740233669 
-11.035347883 30.797644887 1.178103425 
-11.816753443 30.257311763 1.310243231 
-12.367139411 30.400614746 -1.942954120 
-11.597324283 30.571242019 -1.880012535 
17.978248880 26.088529982 6.046777697 
16.645025016 26.765347393 9.207258795 
-27.008331534 6.546287449 -11.412059253 
-26.657508825 7.503305079 -12.961278274 
2.053578992 31.509129278 10.651262632 
1.636239139 31.722446324 10.409318418 
-22.825319017 20.331293915 -10.411938251 
-21.929073981 20.123778251 -12.433943730 
-4.211908826 16.055046857 14.933144846 
-3.579324743 15.784951961 15.215179600 
-9.209774082 14.941939902 -14.835056616 
-11.070355541 14.873416463 -15.260910795 
4.898915903 11.438782600 16.845500581 
5.439111249 11.274422484 16.414851609 
-12.664565607 5.624865048 -16.029232202 
-11.994068759 5.522994638 -16.025081753 
17.421226651 11.366477217 15.335528967 
17.017652551 10.561967195 15.952374765 
-18.601970677 -1.215606066 -17.139837095 
-17.336942513 -2.007695775 -17.583798365 
3.174576169 4.973159166 19.100112315 
3.241895144 4.424112278 19.123925239 
-5.962562240 3.617399809 -20.384714626 
-6.478817047 1.199444169 -19.197281986 
3.864629632 2.898291873 6.426763839 
3.838985020 -1.897879317 6.992767093 
-6.168318152 -0.882571084 -4.587671831 
1.098614358 0.995983697 -5.721831452 
13.022234234 5.082880501 1.235765735 
13.156723758 4.652484512 2.137492182 
-2.370859509 10.789350952 6.994877022 
-9.694538166 -5.130720172 -3.605944831 
-9.008245874 16.144471210 -25.860982838 
-7.242570611 15.053820643 -26.540365884 
-10.613103271 13.380172283 25.489973339 
-9.768174034 15.094874138 25.682657660 
1.877162179 6.421565756 -21.479452630 
0.408818666 6.053846068 -22.125917572 
-11.499081747 -0.523618012 15.892441569 
-9.743403669 1.639576632 19.112819099 
-6.862325328 3.388943894 -13.843305274 
-5.428406301 5.122453534 -6.125000998 
3.709116633 7.403578651 12.098085599 
3.427474740 10.991121918 1.309756053 
-16.721138529 9.150262620 -14.304359504 
-15.812832010 8.756010811 -15.017475873 
2.954620146 15.665782786 18.028318988 
4.337362029 17.290944990 16.547940480 
12.440672644 16.262206903 -8.708080514 
12.570431120 16.537981891 -8.958616069 
-19.062908988 2.294753512 4.481760908 
-19.367044506 1.714224421 3.698688180 
15.813458089 28.414205936 3.095106084 
15.882179378 28.243563310 4.256766544 
-28.827566947 9.577517403 -6.237025876 
-29.170154258 8.907953790 -4.541805489 
9.587152920 17.425474210 14.201280696 
9.828153200 17.460881844 14.097500232 
-18.135838892 6.636992021 -13.929735515 
-18.284807423 5.866740209 -13.569135072 
7.909553292 9.541823952 7.350346989 
-2.211084951 7.087226170 5.752368940 
-10.209164548 2.075229907 -7.682109229 
-3.768702033 6.166058380 -5.727194492 
-0.993996966 28.054931870 -9.443332208 
-0.835551830 28.311365422 -9.522670294 
-19.966891419 21.330806167 5.236885439 
-20.377761130 21.388935911 5.714298522 
14.122081479 28.711043430 -7.529323034 
14.605855687 29.217890932 -5.420067431 
-29.304852394 11.952161206 -3.866487865 
-29.599024296 12.196665838 -1.945979751 
15.030645669 14.592082596 -6.346903621 
13.028894197 15.682978466 -10.668207148 
-7.672891190 -1.725035630 -4.007308364 
-8.015950346 -0.565051123 0.883810051 
2.525735300 14.853975131 -12.569137664 
-1.380203573 6.618369735 -3.961842860 
-14.620828723 7.600392898 9.145472235 
-13.250662340 7.292835837 10.250820227 
-10.241101745 20.786960376 15.694959467 
-9.459000914 21.342927766 16.152841033 
-8.426750238 19.290612578 -17.267769178 
-8.225792966 20.714726667 -16.825756075 
6.264867413 27.228965701 18.500522763 
6.428701778 27.136152876 18.712216075 
-21.889489368 12.776321436 -18.685487263 
-22.079193258 14.223136941 -18.430119820 
3.519050169 31.218978922 2.284906826 
3.170404211 31.408105094 2.262248884 
-23.091495326 19.418184867 -4.606006382 
-22.689103959 19.862529743 -5.548879637 
-4.695433059 26.724258841 1.920361270 
-5.289019919 27.061634238 2.315705801 
-13.828957677 23.271831904 -2.690732459 
-13.597178188 23.671082136 -2.917966106 
11.849070838 16.589962821 -10.308896082 
12.501395541 17.212376928 -9.374119276 
-20.363486967 4.120812708 5.139238619 
-20.682394190 4.323982399 5.832304315 
5.524874121 26.482376146 -19.534604067 
3.859026831 23.422632348 -22.689474913 
-23.218762764 14.465209207 16.665694749 
-24.036302955 13.349887788 16.116275571 
-1.346354811 30.984267749 -9.240230716 
-1.233715576 30.810443173 -9.888122277 
-20.293938741 23.246049335 6.605539106 
-20.227946845 23.602435631 6.078717393 
3.145853756 25.408103849 -1.426909207 
2.513976148 25.415921025 0.100419710 
-18.258480419 16.835754877 -1.523272022 
-18.306094944 17.110042143 -1.316228260 
3.055034785 9.743676093 -18.353070834 
1.029459149 10.015432638 -19.291799041 
-5.581562109 7.054058305 18.318303746 
-8.652112632 4.891731307 17.456977964 
0.976675670 24.737949503 -16.543027915 
2.451060418 24.971373154 -16.153711875 
-17.990904387 17.272462397 14.838867664 
-19.155789233 16.826152002 14.250565192 
12.458788312 21.585295903 -14.036865447 
13.955090578 21.519861883 -12.272831016 
-25.626083185 5.712806620 4.003887824 
-25.198351882 5.825745168 6.688369681 
15.085149403 11.710276862 -12.005825503 
15.495657751 12.698179867 -11.494284701 
-19.740090731 -2.468491240 4.607921629 
-19.579259314 -1.509708098 8.063740870 
-13.961575306 28.618135340 -3.804028317 
-13.578007498 29.422828938 -3.392533276 
-9.605000390 31.694457572 1.272400141 
-8.998295082 31.858790285 2.816016669 
-7.404990381 30.842208977 9.545965877 
-5.701144170 31.725454221 9.330954650 
-18.929015147 25.027325079 -8.382045843 
-18.140674865 26.148484994 -8.568186843 
5.137469879 33.394415605 -1.861940127 
5.286404859 33.762692282 0.479309777 
-25.266436370 20.808904556 2.964675017 
-25.298895251 21.081671593 3.894120788 
-1.584073176 31.126623840 -11.281293995 
-1.466622722 31.711077851 -10.816248756 
-19.423076402 24.451972218 10.928000556 
-19.511069142 24.779565767 10.917452058 
-16.584870961 8.370032852 14.410338144 
-16.798512895 7.886213028 14.962728969 
5.107689798 16.966501777 -17.083533565 
6.287949899 17.354654148 -16.552350829 
-3.341184531 5.792931780 20.243813420 
-3.534183091 0.142790366 9.211561931 
-4.532694005 6.202289717 -20.550412077 
3.332458287 0.769560575 -7.521053988 
-5.160221453 21.140633676 21.644371865 
-4.327081817 21.418890676 21.747054171 
-12.965032292 17.562986869 -20.520704433 
-11.219343736 18.337203947 -21.157092969 
-12.574222179 22.932797119 17.777239722 
-12.781641840 23.231284306 17.745291925 
-6.228675692 25.364555791 -17.833771425 
-5.927111481 25.635929162 -17.884613314 
11.249493063 1.066431178 -5.814933524 
4.347826040 -2.103485179 -1.872439011 
-5.068591149 -2.826862228 -0.407216155 
-3.819072382 -3.052994085 1.343381043 
2.374454369 1.960191120 -17.533489543 
4.173924110 2.319716699 -17.348222789 
-4.147543873 -1.651129354 15.088303626 
-5.313054274 -2.824469626 14.212822177 
8.064440892 14.945475871 -20.297791997 
8.782662238 15.378341957 -19.828827183 
-20.402679826 4.521226458 13.848694142 
-20.864438635 4.477418909 13.510975654 
15.406702815 15.201802349 -11.572320587 
15.824472592 15.456654155 -11.120796664 
-22.694580731 1.591457324 4.396828621 
-22.334362262 0.937693861 5.703094627 
-12.045239758 8.420519462 2.616424181 
-12.180023677 8.033729251 0.685973760 
3.822828933 12.757803601 0.851851557 
4.611489405 14.929311082 -2.533183933 
-0.639377581 0.836338049 -12.518658303 
-2.153486118 0.204302336 -12.363639299 
-2.823705444 0.025266175 11.231689196 
-1.950165140 0.152632723 11.237491581 
4.879874491 2.241146388 -1.628538481 
2.335491609 3.472291566 2.594375360 
-6.705092353 -0.978556991 2.763310405 
-4.404188812 -1.296542308 1.887088806 
-2.262269923 5.490247545 4.874966739 
-2.619417841 3.346219797 3.663952378 
-4.596398924 6.040732980 -3.523015977 
-5.091537709 4.526128301 -1.784816823 
-7.091158913 9.335857167 7.473800799 
-6.905735112 8.800872484 8.036481530 
-1.527053854 11.120986612 -8.306138497 
-1.603538848 10.813371230 -8.428186690 
-14.174093911 27.745374982 -2.292587338 
-14.552827052 27.512763453 -1.878142388 
-7.965173090 30.413343705 2.193084019 
-7.582849401 30.474177528 2.058215782 
-3.049447610 6.803498730 -6.303908675 
-3.299252937 6.253387875 -4.481264465 
-6.238300907 4.194408105 4.562662915 
-3.480134120 5.642091631 4.419730742 
-2.892541974 12.309718293 -7.943140157 
-3.822452628 11.932082710 -8.055349487 
-3.775502880 12.049212463 8.376582191 
-4.503952552 11.536273511 8.303603427 
-4.737311762 4.519023799 1.894141942 
-6.984824095 5.334369320 3.397910371 
1.854903152 5.812525867 3.037575321 
3.568905801 7.947005481 1.934399706 
-1.207407639 -2.293601522 6.413039977 
-3.593142088 2.073722495 12.258428974 
3.299986874 -0.750200340 -3.518045221 
3.600410186 4.480853473 -12.297611012 
-5.399824179 0.462268477 13.027922849 
-2.823471631 1.755135950 13.802707611 
-7.476960932 12.613408897 6.548181531 
-5.306489566 13.665194108 7.075144262 
-1.620865888 15.842174516 -5.688117749 
-2.291607650 16.890618886 -5.372183407 
-9.148208766 12.741076271 5.364814139 
-8.464805012 15.768038623 3.872932088 
-5.322762623 2.701179873 2.574260552 
-3.957089710 -0.909331271 3.880949234 
1.662493498 5.141921990 -4.370742371 
2.983215370 0.871458486 -4.620781338 
9.856029599 6.199382881 7.599426378 
9.729152404 5.772063740 7.603669609 
-9.220916671 -2.285104324 -7.418050609 
-8.534580605 -2.046361874 -8.280685592 
8.044680261 7.880166239 10.701885463 
10.212982611 8.581086929 7.987844102 
-11.813279911 0.654798160 -9.669360647 
-8.807677683 16.453377710 -8.158679521 
-6.735578339 18.747481136 2.167798911 
-7.934376507 18.130342920 2.530954407 
-10.053117476 11.432080939 -11.639323613 
-8.960609973 17.642577382 -3.922363878 
-9.879124864 6.989587966 4.814677234 
-11.107908652 7.461483939 4.526201100 
3.089675152 13.129877369 -7.949355193 
2.907315153 13.318712220 -8.085280557 
0.824734130 6.383498685 2.137488560 
0.332353721 7.311808509 5.034065455 
-2.100673319 5.538454563 -3.797932415 
-5.788805864 3.715261074 1.630176264 
7.908999184 9.299292177 8.629693762 
8.779549709 9.396515444 7.555205450 
-10.096287844 2.441840606 -9.900594218 
-10.849371898 1.847194407 -9.026574578 
0.241939273 7.223780958 14.397409022 
1.793749520 7.738519159 13.965922240 
-5.692909899 5.989897647 -15.234206475 
-7.212442534 5.138914264 -14.651607657 
4.719293962 1.577828367 -1.578525822 
3.729934213 0.546843709 3.322063330 
-4.049698620 -2.391531268 -1.405495038 
-2.191294429 -1.969853021 5.351031003 
-7.866205695 8.515567118 -3.914513807 
-7.865066401 7.452443265 -4.033867303 
-0.128960260 11.739579403 5.388912972 
1.831338226 10.365988022 4.543736573 
3.257296941 13.721288623 -12.722725014 
1.245717808 12.494341797 -13.924316348 
-13.263082288 7.742404291 11.226824949 
-10.900838493 8.132383718 13.030550548 
6.072063644 5.724361126 -11.271425059 
5.861077454 5.786517336 -11.516421427 
-10.061616555 -0.202459257 10.126253222 
-9.914723951 0.000110930 10.399288928 
-0.947840998 12.866896431 -9.296256247 
0.746668995 13.977262439 -8.473608972 
-7.244701618 10.395150854 9.660418108 
-8.479933750 10.352844226 9.382218964 
-9.884442330 16.210883015 -0.952737921 
-9.436773556 16.756818012 -1.646820524 
-2.651744579 19.225904001 1.607343523 
-2.877028933 19.423697372 1.667332304 
-3.793017098 27.115022276 4.514303353 
-4.040756672 27.021181438 5.208796185 
-13.093419124 23.249563165 -5.168589650 
-12.430626814 24.077298561 -4.306601853 
2.568137793 27.367166142 -1.009187448 
2.520524556 27.512180237 -0.701903271 
-19.320640099 18.210941869 0.311181648 
-19.122105911 18.704728951 1.259957910 
-12.487474246 13.066444619 3.681918988 
-11.920314385 13.443795993 4.757959889 
1.291213388 18.834583539 -4.507737619 
1.025819205 18.791213158 -5.187211784 
-0.063162842 14.607600494 5.666290680 
0.148661466 14.838088328 5.438324889 
-9.046719253 11.029879375 -5.522136578 
-8.662057515 11.105984849 -5.915556546 
1.399483406 26.654166438 -0.526337536 
1.040072009 26.846778903 0.082413956 
-18.217807778 18.123877144 0.062428762 
-18.034968045 18.697174842 -0.298876465 
-7.728038994 28.201871062 0.070520736 
-7.307725104 28.317166560 0.375094809 
-12.995643784 25.955951517 -0.241838826 
-13.086299599 25.902577373 -0.344700123 
-3.935462114 10.714723995 -8.938650717 
-3.169397117 11.159962355 -9.186983432 
-5.075201525 27.185762799 6.225112767 
-7.131070678 25.989618981 8.441842458 
-9.004847434 6.558244402 2.146457459 
-17.569421657 22.296429450 3.868202259 
-5.042157337 27.568941202 -10.517953360 
-4.584455090 28.112988358 -9.846831465 
-13.773382818 25.063676166 -3.176527302 
-3.897408607 33.779457593 6.805370525 
-19.261142629 26.359313864 -8.961513037 
-19.363479637 27.081046946 -7.853005789 
-2.846545414 33.573278442 -2.564992424 
-3.651268367 33.481121357 -3.804235721 
-20.525766162 25.889096783 1.485734852 
-20.604733598 26.282651030 1.109107307 
-5.976203962 18.794542929 6.007618284 
-9.883291471 16.319585942 3.418458157 
-8.105096485 13.788144699 -15.520528382 
-9.630573412 14.857682604 -15.324169582 
-4.361114996 4.719003658 2.741968314 
-5.505657161 5.215526070 4.350719750 
2.366730568 7.796874140 -0.606517631 
-2.383398685 -2.018596316 -5.743955780 
8.280545876 3.845660685 7.075587805 
15.228989554 14.384901561 11.125357762 
-19.839666500 0.231432997 -9.467273927 
-19.568887981 1.276204302 -11.271731143 
8.547377691 12.372765762 11.404470872 
9.216135372 12.734401960 10.673806941 
-22.476286105 9.092086240 -10.464976013 
-21.157770593 9.334387420 -12.820372310 
-5.372200034 4.010220819 -2.789428688 
-3.016284602 2.335431965 -3.752719956 
-0.452057856 4.126778759 4.417040454 
-2.010612252 1.829483676 4.981832668 
6.647421353 2.840769849 -2.519941914 
6.599533747 2.021444875 -2.463316575 
-6.139193985 -3.087935854 2.017365500 
-5.495213827 -3.643668583 2.190342285 
8.774970144 0.080337040 11.894415395 
8.239499202 -0.278606499 12.023806596 
-11.747848707 -6.023360586 -7.902716504 
-10.991332460 -6.111800981 -8.494332609 
-6.804331687 -3.633428851 10.173908524 
-6.964503103 -3.991087695 9.667143235 
-12.915568349 -4.588675360 -6.584834962 
-12.580238683 -4.983626098 -6.648494832 
-4.889637213 3.774357990 2.724729463 
-7.604799140 2.777445182 1.571072723 
1.644636950 5.324265539 -3.474533111 
2.558778201 7.363185497 -3.342737210 
-12.090899072 7.475378879 1.306030123 
-17.689528591 9.162577917 -10.355481256 
8.314034747 18.744034180 8.895317690 
8.801609011 18.868477406 8.464135724 
-6.988559975 4.234016376 -13.832872159 
-12.664113496 17.941876880 -19.692517989 
4.614081889 9.353512898 13.596492026 
1.909114717 7.915490951 14.858209856 
-4.463200640 13.420643170 -21.814701569 
-1.805513661 2.764316280 -13.047480922 
-6.319224747 12.457808628 21.272432731 
-7.101920569 12.536117003 21.437370208 
3.282430422 3.126476149 11.287586835 
2.672295924 2.874039103 11.471793447 
-3.161797842 -2.905713343 4.288902389 
-3.383242500 -3.766042563 2.424596823 
-2.134597899 7.537667684 14.517952042 
-2.440939499 10.326548929 14.615588119 
-6.659720848 9.879269760 -14.462723545 
-6.072992515 9.592813854 -14.633124507 
-5.130425419 5.835378499 -2.896956208 
-9.492616162 5.984801677 -0.364017702 
0.505506528 6.377536451 3.800172543 
-0.689786346 19.106321242 0.901059147 
-4.564084256 3.854330417 -4.387510239 
-3.056060989 2.684967912 -3.474718456 
1.372484099 5.630404144 3.944690890 
-4.605674118 -0.743043801 0.939581725 
-1.737590024 5.500732972 -14.324549050 
-1.665325438 5.068288288 -14.121889033 
-4.670687195 4.200431362 14.252439030 
-5.860981314 3.334601921 13.707908246 
0.736881220 6.634261087 -2.987834699 
-4.646739520 5.763592038 -5.289225129 
-6.520614669 1.016144792 -1.369743336 
-4.596950933 -0.949144846 -1.466579018 
-10.022396748 17.737745383 -2.396965199 
-9.816223331 13.377017446 5.224740802 
-3.440510108 20.335775192 3.185730826 
-1.504658486 16.946271823 -5.560036415 
-5.498499165 3.213523296 -3.742483581 
-7.972875671 3.980803356 -1.283014111 
3.522328465 10.984415751 4.034436286 
3.901011290 11.956850931 3.498009095 
-10.047158446 27.157367661 -2.461240834 
-9.491581072 27.318391773 -2.804619644 
-11.791968923 26.493517061 1.820662294 
-11.903781663 26.402692269 2.258009775 
1.093493055 26.110520709 -3.488284369 
1.065020200 26.377011785 -2.631635858 
-18.094183109 17.833744897 0.601024722 
-17.958861659 18.278369092 1.014603547 
-8.648044937 8.810961063 6.061912228 
-5.450718372 6.869310200 4.952453312 
2.555498496 13.824594078 -4.645491800 
0.951420494 8.454304546 -4.318296638 
-12.046728043 10.286770908 -2.254076648 
-11.637248071 10.694004808 -3.268701238 
2.265503012 16.712595528 3.998019730 
2.198782027 16.690985635 3.992134565 
1.536989958 26.258347140 6.367163691 
2.652132649 26.601577360 4.488152683 
-18.711395130 17.101953378 -5.978215390 
-18.258601349 17.987948873 -6.163692759 
-5.824605465 26.988021248 -2.598302775 
-5.917088607 27.001044075 -3.079665843 
-13.916035901 23.491056821 1.990967862 
-14.350801746 23.338167201 1.738325425 
-0.175816460 6.005702134 3.031109161 
-8.534876690 17.152270670 1.899513824 
1.235796114 5.389415127 -4.438681278 
0.505390521 6.500892146 -4.905260375 
-2.668829896 3.408393249 3.389864882 
-0.425955196 7.532752986 4.707925398 
-0.474613903 3.815168112 -4.020365068 
-3.752981595 5.762760567 -5.434691339 
-8.113209022 7.865881071 4.261196166 
-9.685980729 13.785723399 7.367010601 
-3.894628253 17.016970812 -8.651860429 
-3.418026545 16.792332124 -8.700899774 
2.433981522 1.123466769 -4.832369847 
3.243821171 0.874271676 -3.479696268 
-4.036427571 -2.325331375 1.448844434 
-5.040199271 -2.624888347 -0.558462677 
8.715820009 5.943910287 9.037566903 
8.165679727 5.769936398 9.695057053 
-8.210199360 -1.262018890 -9.641555115 
-4.963733118 -3.246337048 -2.666847985 
1.086155808 12.086482908 13.545479045 
2.005575190 12.129394841 13.251611176 
-7.851665327 9.471773507 -13.855670125 
-7.224995902 9.199546009 -14.157238897 
2.129738239 7.082273254 -1.587922252 
0.183497834 6.921726052 -5.254457935 
-5.503453067 5.134915292 2.681508442 
-3.890523445 5.174667301 6.408290638 
-10.470938132 6.573897784 -4.026494164 
-11.624510885 7.087450771 -3.767273304 
4.207395760 13.462883003 6.815965193 
3.548181967 13.321332275 7.756374832 
-0.416246178 8.665977274 -14.905242885 
-1.393254117 7.878489016 -15.030319141 
-10.211808273 5.973910165 14.123467989 
-9.030850008 5.618358951 14.521990193 
7.328137223 9.045640626 -9.814568487 
6.057952868 8.591261620 -10.940502363 
-13.099281647 1.691357994 6.721582328 
-11.363592662 2.111895806 9.270340043 
0.631912678 13.821710991 -7.105222972 
-1.325172444 15.139150719 -6.916443279 
-9.415003375 9.675157677 6.700320351 
-7.909945072 12.424912284 7.295931090 
-12.561748864 11.251741954 -3.905970481 
-12.190799181 11.689940548 -5.032463554 
2.246495365 17.145560095 5.434832835 
2.248978282 17.565938530 5.524541950 
-10.387365303 27.201307475 -0.104849034 
-9.673104677 27.523397319 -0.129115507 
-10.508011297 27.154977906 0.036467862 
-10.553717828 27.191343222 0.467288470 
-0.688912663 27.514153599 -0.430565025 
-0.494264954 27.599408627 -0.120618635 
-17.151967172 20.577907795 -0.063000263 
-16.798312301 21.212434204 0.660497592 
-11.197682607 15.921420752 1.486908137 
-11.463492760 15.884013684 2.231590681 
-1.818470674 19.862412767 -2.930102577 
-1.485002836 20.178387652 -2.606431741 
-0.565355348 12.123068912 9.462174170 
-0.901845964 12.285993578 9.605756289 
-6.802052064 9.770928412 -10.167028684 
-5.969891901 10.415044287 -10.483268104 
4.151371252 25.901358733 3.910466307 
4.397558660 26.093784586 3.112239755 
-19.410995961 15.775685146 -4.819669975 
-18.990154140 16.600631521 -5.402328286 
-1.964101423 27.446780668 -3.337554995 
-2.237722999 27.634092693 -2.688099905 
-16.127081132 21.755984193 1.773203049 
-16.138686035 21.882752701 1.661756478 
-11.501732108 17.515218734 14.544500446 
-10.222688972 18.026017610 14.876343369 
-8.105737233 18.035249788 -16.183148416 
-6.563721386 18.480039862 -16.308534228 
-12.299339002 22.728453383 -9.065214342 
-13.412457624 22.321901015 -8.544737047 
-4.639972917 25.780553436 8.124724956 
-5.669942508 25.343837796 8.799603618 
-6.891783907 6.166785711 -1.850199137 
-5.767631016 4.861183593 -1.304559048 
0.749600382 12.753512882 -3.860585753 
2.412846346 8.174537881 -1.722258942 
-8.038808185 7.554494732 2.808046702 
-6.224850285 6.653808394 3.478129406 
1.664130906 10.226006883 -4.198601643 
0.439763114 8.643893285 -4.646089952 
-0.785647693 -1.744493240 6.121994461 
2.784378606 0.068612322 4.689422974 
-3.439931963 -4.702002344 -3.172561426 
-4.013030451 -2.716532011 -1.493741267 
-7.419417045 3.455434632 13.323737589 
-7.618493086 3.194441267 13.115286033 
-1.111063358 10.467252519 -14.303457700 
0.647900590 10.012557556 -14.059065486 
-6.101796124 6.940529065 2.016147580 
-8.850959779 7.800445225 2.356607213 
1.288413300 12.587321865 -2.440694690 
2.394291030 10.989290888 -1.631120129 
0.299783982 5.159259763 -4.228936311 
0.694881476 3.844647823 -3.579923114 
-4.744953769 3.091665129 5.013062676 
-3.076236887 2.415361197 3.842263906 
4.907015884 10.780319896 -12.526798121 
5.879408962 10.616457849 -11.852023395 
-11.603961166 4.764272005 11.662960503 
-11.733855791 4.519741277 11.490364687 
4.473006134 0.840669178 -2.065050759 
4.684162925 0.591256212 1.897932511 
-4.050173813 -2.482077300 -1.116763840 
-5.132852232 -2.580528072 0.521140443 
-4.127953123 8.895613522 -3.469303215 
-4.452146785 6.076673829 -4.782941336 
-1.943558346 10.365892766 4.583104427 
-3.673463948 11.345804690 5.867104698 
-6.036874662 9.548696497 -5.274634551 
-5.889360686 8.152962680 -5.570416677 
-0.415596210 11.967800704 5.672599469 
0.828757931 10.123773950 5.682128563 
-19.599650947 17.153704345 -5.853800033 
-19.767178042 16.776187785 -5.681572517 
3.770064632 26.292399208 6.549530123 
3.826116087 26.859983461 4.797469955 
-17.162754626 8.562273517 -10.599170068 
-18.707565459 9.855284875 -8.164992008 
7.330939396 19.562950694 10.363176486 
6.271934214 19.094739302 11.795553114 
-4.972363842 5.151524997 2.474319037 
-4.802683645 6.643392032 4.085029172 
1.996569330 6.699253406 -1.853485768 
2.109925503 7.898510860 -3.545811049 
-9.105215316 5.558123437 2.051259648 
-8.716848342 9.522030181 5.723382862 
2.582875469 14.972798860 -3.834484119 
1.359233947 11.721476805 -4.140685914 
-6.124330226 9.868352606 -8.587493039 
-6.339139066 10.000557999 -8.782250082 
-6.404407166 29.008388620 3.594845410 
-5.652120686 28.518894384 4.743798766 
-8.689463542 6.758250125 2.817597893 
-14.246618878 24.652456926 9.410503030 
-6.941931396 27.072467422 -12.796007858 
-6.313494052 27.801218610 -12.211101716 
-2.320851430 34.043002185 5.665491616 
-2.437703927 33.734861749 7.563524317 
-21.021420078 24.546347404 -9.398439441 
-21.435239321 25.068808115 -8.288882754 
-2.378028268 33.690678582 -2.041630068 
-0.787768487 33.946637985 -2.672058231 
-21.316585557 25.530367505 -0.211864746 
-21.686305426 25.589584789 -0.725062990 
-10.631729424 16.514610318 2.505727785 
-4.144871560 14.422367722 16.318792018 
-8.831054953 11.932270161 -16.207248702 
-7.584333604 11.958328489 -16.673552083 
8.959622667 3.470396983 10.563400210 
8.681605619 3.545952546 11.280976015 
-8.439991950 -3.885920402 -9.263011694 
-2.149120066 -1.942090830 -5.922286930 
16.668965890 15.550711787 8.763473621 
17.921577105 15.643794549 5.698813433 
-21.148773054 0.399495992 -8.153395800 
-20.772713286 0.504187997 -9.267490547 
10.714363934 23.055407169 11.531342916 
10.797732417 23.053101020 11.818550552 
-22.974837198 8.980589629 -9.656209539 
-22.716146146 8.577116787 -10.522017918 
1.187533768 1.746959611 5.586769424 
5.499782515 -2.090029503 2.989038176 
4.366839201 4.549057502 -1.984154424 
-5.127942960 -5.276205938 -1.072319065 
1.665015835 1.827288185 -5.795025179 
-0.152766693 3.057625404 -4.411038771 
-5.994068766 -3.324931428 1.936820139 
-5.713772804 -3.035912249 3.999022795 
9.330381607 0.631384353 11.376253075 
9.708531063 0.691120697 10.943068434 
-10.878941064 -5.412684586 -9.327071086 
-11.359330870 -5.740401335 -8.537909712 
2.343992336 -0.295092294 12.620283954 
-0.371621887 -1.442838880 12.660366250 
-10.968703600 -3.634206438 -10.353099204 
-10.903098569 -4.050746329 -10.119813755 
-10.142159107 3.178410958 -12.837870623 
-10.553132087 3.393770994 -13.349111246 
2.659017461 5.841719597 -1.215811190 
3.441457605 7.980886513 1.324108591 
-19.131625087 16.421616634 -11.450402359 
-18.694606863 14.637877631 -12.326946873 
3.864966134 24.571954152 12.182449725 
3.984535313 25.144518977 11.955362028 
-9.643736031 20.817653114 -20.714284388 
-9.529369069 20.934163232 -20.835568863 
-14.493810332 19.532005941 19.040157454 
-11.521242697 20.613001814 20.101050577 
-4.309301240 13.423569324 -21.834594901 
-4.424937446 13.742724426 -22.043789627 
-10.117515574 11.604659230 20.689954719 
-9.484109454 12.151770222 21.093804083 
2.196421422 0.515938006 -5.550076074 
3.772127671 -0.854561978 -3.641675180 
-3.456704054 -2.537885100 4.426502728 
-3.397303452 -3.709596808 2.476920873 
2.019392405 12.037375010 13.423714274 
1.371229948 11.680528890 13.715909776 
-8.633382468 8.906622659 -13.956540501 
-8.780192865 8.463940793 -13.919263618 
-7.329789969 9.051202457 4.459386568 
-6.182013810 9.154345133 5.559194953 
0.493844027 11.987620773 -4.267995672 
0.016100258 11.794883805 -5.757057171 
-4.433467668 3.915609318 3.564397514 
-4.524721301 2.839914262 3.227406459 
0.345910407 5.036364417 -4.594959558 
-0.551597995 13.082302028 -6.473870685 
-1.438381870 5.490015172 -14.250684074 
-0.939321546 5.406818643 -14.114387947 
-9.471037359 2.337240750 12.022627947 
-3.222931030 4.226832646 14.235078080 
6.828852419 7.057986339 -8.581139410 
6.777139924 6.893623126 -8.647935669 
-10.390132084 -0.224167474 3.490924931 
-10.324380163 0.116460671 5.636857304 
-0.375612459 7.033645813 -5.707850634 
1.648000170 7.194978043 -0.595375577 
-4.922314282 5.015793986 5.245862309 
-5.850313804 5.318726976 -0.081774725 
-3.136830700 7.102695656 -4.306643893 
-0.101891273 7.512452548 -5.844872875 
-3.205840524 6.924228958 4.466373096 
-3.864513006 6.642471929 6.422356448 
-9.810452753 27.231449581 -2.284035905 
-10.016316750 27.128949082 -2.596020383 
-10.720661835 26.932198518 2.233566812 
-11.726039079 26.486121867 2.208358114 
1.219305398 26.350348184 -1.992217200 
1.226733434 26.507831400 -1.174382639 
-18.217208090 17.631227666 0.285560088 
-17.995640507 18.187177112 -0.339240747 
-0.114662709 14.921831327 -5.265740496 
0.064098709 15.513747721 -4.876670731 
-9.153248593 11.157018715 5.294223261 
-9.297060107 11.303738167 5.181288365 
-11.794708406 10.491711874 -3.031907883 
-7.891050722 7.770216544 -3.150935040 
1.597481874 16.303960290 5.648679982 
1.668107655 10.649782109 3.777386437 
1.581077448 26.279285888 6.213966345 
2.411593177 26.618313396 4.640425217 
-17.749938300 17.408844640 -7.656277934 
-18.178921043 17.869694489 -6.515813045 
-5.483751539 26.895467497 -3.937304679 
-5.195718105 27.115378502 -3.544676980 
-14.328898036 23.244077310 1.899343942 
-14.263775284 23.414261780 1.738674206 
-9.373330184 16.459100595 1.001681612 
-9.387359984 16.790221792 1.287004237 
-2.774887820 19.111197303 -1.630485840 
-3.462501924 19.283337656 -1.895676425 
-6.541956493 14.249679089 4.062249456 
-4.463862859 6.139386831 4.901730533 
-3.599038242 15.554222010 -4.692887941 
0.125689853 7.258726912 -4.891515665 
15.763470145 10.009286462 -2.167929320 
15.118406669 9.420726291 2.418133426 
-11.766996265 -1.632333784 -8.993078262 
-13.113174842 -2.379614220 -7.790086429 
2.248110159 1.017539149 -5.159391372 
3.232256077 0.843762901 -3.457165481 
-3.139523146 -3.170220857 4.224813868 
-5.072519854 -2.586584748 -0.549410662 
11.018282579 11.170018239 -16.579886151 
12.944837540 11.331267008 -14.741418334 
-18.009468380 -2.548952427 6.974669383 
-17.830190356 -1.382827949 9.765134777 
12.666310081 17.901134975 -14.557809513 
13.797478377 17.754904911 -13.344865887 
-22.314036499 0.612637625 2.419578850 
-22.344457767 0.623523847 4.054388459 
5.219833153 17.804252927 -16.034610135 
6.125842919 17.904810080 -15.674323434 
-19.967340649 7.750585082 11.359260126 
-20.330376098 7.852094561 11.040985545 
-9.786706799 20.138678207 -15.958135430 
-7.702797785 21.991431486 -16.440875673 
-10.277623912 21.996392454 16.516212305 
-9.458685038 19.141617232 17.398691734 
-4.814774796 32.668958101 -7.886940965 
-4.519118860 32.950298014 -7.835277516 
-18.752686394 26.895582922 7.920205646 
-20.139883459 26.479615656 6.764374328 
5.025096834 30.734495990 -8.899145505 
5.351877456 32.789367115 -3.126648533 
-21.684693432 22.233054454 -7.652682031 
-24.606449950 20.458531460 4.838596616 
-7.880093450 30.707198453 7.220441022 
-7.445440813 31.088241504 4.701594282 
-17.912119657 26.060710289 -6.805562853 
-17.024072848 26.616523793 -6.635824466 
-20.594538703 20.588311493 4.726657500 
-20.132378135 21.788111473 5.240921619 
-0.909463354 28.378195707 -13.762021289 
-0.960214320 30.381196739 -7.017788441 
-5.232961876 5.327356919 3.771107721 
-5.553225542 -0.663519395 8.210580221 
-3.352095692 22.501773583 -19.287756129 
4.354813331 11.816587548 -0.002183391 
-9.315633176 22.578556613 19.669007146 
-9.067389858 20.671390335 20.963484099 
-12.455764666 21.167164208 -18.504530915 
-10.816249350 20.509242161 -19.782584329 
5.779512446 27.718018217 -9.463778396 
6.038160791 27.918313361 -8.518843798 
-23.194984909 16.123454879 -0.816858522 
-23.293777622 16.401732216 -0.979780940 
15.689569249 4.887346908 -7.022033009 
16.134875239 5.211634025 -7.034421018 
-4.759774540 -4.473121601 -1.320253569 
-3.575141886 -4.436782026 1.305182946 
-5.232697208 2.948180236 -1.530635860 
-4.446114439 1.544437393 -2.874596047 
3.655151349 8.778123755 -0.067477139 
3.352479031 8.069556666 2.348686633 
9.855283901 16.970400036 -18.001315834 
11.118945564 18.063368983 -16.646515387 
-9.144060066 0.528488596 16.258408260 
-7.687818850 0.830784054 16.706162003 
-10.415168884 6.492193071 4.124355282 
-11.506130646 6.769355799 3.576859884 
3.643826750 13.365539854 -7.630955069 
2.405421966 13.062710856 -9.574643900 
1.234390201 6.311993578 2.212700292 
0.155888691 6.830514132 5.282249568 
-1.619441388 5.459394818 -3.936782056 
-4.061381452 5.137013431 -6.364349465 
7.410290158 8.999578288 9.581760389 
7.277516574 8.931797187 9.771078536 
-11.354146295 2.257122570 -9.298627416 
-10.285571082 2.366661597 -10.336263004 
0.014583286 8.552613708 14.752625594 
0.140988606 8.489745197 14.745158091 
-7.446815590 7.109573594 -15.342979529 
-4.775710758 7.169162219 -15.729559457 
2.423891878 1.054220406 4.805547101 
3.186244945 0.811483383 3.477848900 
-4.010935454 -2.417423719 -1.775725967 
-5.045895488 -2.605601758 0.546834969 
-7.996551959 7.855319570 -4.385955955 
-8.378093215 6.891447440 -3.927994811 
0.559747408 11.565301328 5.669014968 
-0.794031767 7.912063683 7.163850913 
1.548274072 12.350466114 -13.300378107 
0.880881149 11.674611244 -13.729947929 
-10.830429517 8.389528666 12.484630195 
-8.434921732 8.835026295 13.755512124 
6.291201811 5.090542658 -11.289652386 
6.780319416 5.327865478 -10.967032319 
-7.946383403 -0.426632405 10.655816920 
-7.123384330 -0.138161905 11.288687559 
-0.596627521 12.108865205 -9.521696699 
-1.634593679 12.097496773 -9.926251362 
-6.334800326 9.899867846 10.264264065 
-7.164462594 9.949723495 10.194607454 
-10.930745898 15.939762497 -2.230596234 
-11.166120263 16.181426486 -2.373616943 
-1.877015459 19.789105111 3.333125434 
-1.117590582 20.249371082 1.982120169 
-2.730696212 27.646338679 1.668601449 
-2.292632240 27.661122816 2.447505952 
-15.402680037 21.944647252 -3.609181055 
-15.717517134 22.083364085 -2.549419936 
4.112512403 25.806268733 -4.391489773 
3.461107676 26.376183626 -3.470182192 
-19.513183839 16.012541631 3.954875013 
-19.458768130 16.707935157 3.230171703 
-12.168881127 11.276305284 4.266477433 
-12.903517715 11.588419999 3.574700149 
2.188498222 17.354464350 -5.406401609 
1.535393225 17.655953828 -6.243621154 
0.585023599 13.757064050 7.189522453 
-1.337469688 15.069445799 6.922030114 
-8.956221732 9.864601122 -7.090108590 
-7.775316405 12.598183258 -7.370334850 
-0.878181779 27.485172722 1.195743309 
-0.936212830 27.659953085 -1.267608134 
-16.882154289 20.941298838 -0.111479708 
-17.146746541 20.827046545 -0.797489230 
-9.920319116 27.389675050 -0.156889701 
-9.897666292 27.443832466 0.183786191 
-10.326414611 27.236963247 -0.229396617 
-10.375032397 27.254103029 -0.592153910 
-3.335901703 10.056542089 -8.984840599 
-4.411313366 7.119983005 -5.702119664 
-3.036519602 9.994400605 8.480069860 
-1.129952655 8.248791809 5.356325086 
-12.725430595 10.292012506 0.310165352 
-12.556819458 10.203037260 -1.043889949 
3.591618939 16.984053871 -1.676846807 
3.675179832 16.720213091 -1.940008994 
-11.965895104 26.125251906 -4.082891071 
-11.942795567 26.035950727 -4.575164189 
-7.524805728 27.917169845 3.251613593 
-7.799730338 27.754048339 3.884611714 
-4.103387603 24.631265446 -10.180197535 
-5.897882042 24.188071197 -10.765387081 
-13.976949047 20.687505982 8.674754249 
-13.876632447 20.852479831 8.765916801 
-10.744313714 15.517081772 -2.229714122 
-11.285578457 15.577849392 -1.239763900 
-1.217247927 19.419880761 2.281121395 
-1.288530167 19.801372074 1.683841304 
-7.458638145 6.922133539 8.274817774 
1.739593860 10.238103475 7.761979078 
-4.258528274 -2.937698504 -0.852912936 
2.552007483 7.373445997 -2.971567564 
-3.442836518 21.751162922 14.096263048 
-2.288183629 22.419408623 13.555680007 
-13.569933567 16.745296725 -12.959234557 
-12.573163886 17.652325255 -13.334896854 
-4.411132247 26.690624038 6.375542350 
-3.083340133 27.123011547 5.318508883 
-15.187950199 21.785642112 -5.502732043 
-14.264286832 22.387026073 -6.262013724 
-6.474812549 1.849064839 -1.609243061 
-3.050848139 1.654063400 -3.812486471 
-0.589625755 11.530166280 5.187557270 
-0.585526205 8.610067306 5.365972226 
-1.545621508 16.978236864 -10.972138165 
-1.986741061 16.477813680 -11.349257497 
-10.782057333 1.807036644 11.122464855 
-10.578884945 1.798097267 11.261379726 
9.315237251 5.916564790 -7.540606502 
9.446387233 5.823226686 -7.251722068 
-3.204384384 -3.578313352 -3.625943065 
-3.705553125 -2.975317598 -2.165736272 
2.255315185 2.436982288 5.184162986 
-3.392845804 2.839953115 3.301931779 
-12.100530843 -4.660753118 -9.047534851 
0.897717102 3.690814929 -3.116991959 
-6.252498001 3.490265929 0.010666195 
-4.354344177 2.892019063 -2.005255952 
2.533447790 6.189739593 -2.416947251 
2.741496974 7.294939231 -3.342379330 
-6.822694253 2.345987241 0.656642498 
-9.326380294 4.295737896 2.720588812 
4.961131172 10.202134389 -1.744723891 
5.008474740 11.730700637 -3.607185941 
-9.310169548 1.502266347 -11.395493296 
-8.429776350 1.510475499 -11.761543831 
5.791899744 7.847364000 12.253984643 
5.434460673 7.392730400 12.416427419 
2.734440906 5.335012740 -3.012456900 
1.430276122 3.331342529 -3.473056064 
-6.236185191 -0.746892772 0.264335270 
-4.688223179 -0.851572140 1.656428663 
14.512845851 19.133340849 11.573665741 
17.543457624 21.640775498 4.192937739 
-6.184943768 -0.189844213 -10.968230926 
-23.010589273 4.654482631 -12.000159986 
-1.582867371 19.799771658 12.938706074 
-0.578078941 19.914765563 13.099411611 
-12.617012367 14.658335974 -13.171988200 
-5.705600348 18.170331290 -8.186905204 
-5.048906806 3.792642250 -3.759871910 
-1.093415226 4.122359175 -3.837547546 
-0.691182934 6.027687229 3.741436304 
-2.185938248 4.049160593 3.759674967 
4.180216215 3.852490963 -4.525288125 
2.353860154 3.143431790 -3.738469868 
-6.839908491 -0.299757639 1.820146764 
-4.554187548 -0.723290914 0.985989757 
9.304112756 21.456288800 -17.553142053 
9.281303752 20.330911901 -17.899064482 
-24.713890547 5.509521845 9.314286638 
-25.645641112 6.640799810 8.614925923 
9.076504904 9.058144248 -7.473607989 
3.578648632 4.226691403 4.496914938 
-5.025029820 3.278173216 4.723874502 
-7.723502261 4.693195967 2.799277088 
-2.008109091 9.154321888 -3.238098527 
-1.089355746 8.780537718 -5.472003184 
-3.661778674 8.359512127 3.430479627 
-4.759653426 7.284494728 5.423194360 
-1.832233680 16.341570251 -16.789389501 
-2.067433548 14.583298213 -16.864877089 
-10.602870760 9.634890771 15.836060820 
-10.811354339 9.900517327 15.880186297 
4.215840907 33.178757636 7.994959225 
4.061742690 33.188921992 8.397913457 
-21.202069434 21.508310007 -13.799346526 
-21.793047851 21.713657978 -12.989256099 
6.670685033 23.163951095 -3.679780805 
7.262187918 23.015561120 -3.596494046 
-19.773365134 9.942342978 0.296236863 
-19.988666904 10.719202267 1.406608131 
-7.028103437 14.962027118 -2.887332379 
-8.680288932 16.943873813 -2.570540116 
-3.648786214 16.205571099 3.439265802 
-4.358855781 18.702332463 3.216411263 
-9.736310857 28.402041495 2.780234201 
-11.909714219 12.418455072 -3.302639803 
-11.313734374 27.270416678 -1.951202325 
-11.336823440 27.730184713 -3.493358138 
5.930158310 30.619469771 -12.500243887 
4.708003371 29.981068908 -14.660203016 
-26.758460784 16.411562862 6.957435157 
-26.825312856 17.490742631 5.618075361 
-9.879025543 24.189792180 -9.299602713 
-11.393883470 15.043374951 -3.373736829 
-12.878937833 24.338875927 4.894668297 
-12.123149873 24.666018676 6.261575381 
-8.706103204 12.213196524 1.641401649 
-5.541541232 16.822744754 4.451101553 
-0.848092272 15.657607144 -2.144556829 
-4.821297751 16.858994213 -4.802913033 
4.195671008 27.381448271 3.484934065 
9.371591725 25.024244593 0.622468902 
-21.482152276 9.807890341 -5.294586632 
-21.567129147 10.635434683 -5.377346551 
-7.667084447 8.583419792 4.113168966 
-9.055185818 15.275017774 6.335089869 
-4.700067513 17.345355567 -7.298716557 
-4.763116444 16.903601776 -7.783418099 
3.945170473 0.438793213 2.706862455 
3.624353609 -0.350178417 3.725467762 
-4.024418271 -2.403690037 1.310864613 
-4.982019962 -2.724486094 -1.952664999 
8.422563312 6.684740153 9.221331912 
7.185600487 6.311203183 10.478632225 
-9.982437483 -0.168174259 -10.191118407 
-9.659053041 0.097363572 -10.638165088 
3.730948255 13.974018123 12.372584553 
5.913939461 14.307259202 10.773281919 
-10.877028569 8.613584849 -13.008153230 
-10.922502105 8.119674025 -13.015340487 
-0.151953267 6.380176745 -2.849510328 
0.244914875 7.012994592 -5.156733044 
-2.802353484 5.549679570 3.607307387 
-7.162050135 4.296816074 2.545418165 
-10.340268275 7.001917009 -4.278764537 
-11.251993095 7.694142665 -4.402575542 
3.123403639 13.218680841 7.843777555 
3.447219585 13.450588680 7.474732515 
0.751270663 7.991255007 -14.470577677 
-1.198304599 6.347823666 -14.516332000 
-7.000523603 5.364038935 14.825664313 
-8.807845657 4.467678717 13.936623295 
6.933569628 8.951243774 -9.811741881 
7.379918219 9.024679804 -9.394324809 
-13.145014130 1.425038020 5.467863857 
-10.617511873 1.846770832 9.163867600 
-0.036402085 14.587900985 -5.641292182 
0.623974240 14.727527907 -5.236500228 
-9.456540483 10.868394612 5.105193829 
-5.045898282 7.020464008 5.368233352 
-12.489424768 13.169793537 -3.699806262 
-11.998211948 13.654984405 -4.707213359 
0.488076239 18.371509906 6.112329717 
0.848873892 18.718970610 5.395195567 
-7.406142830 28.282108446 -0.374205055 
-7.240259327 28.327186106 0.060972707 
-13.141128742 25.854945586 -0.336014000 
-13.455667732 25.693446603 0.170258165 
1.838610501 26.546033690 0.020891951 
1.398417344 26.754741012 0.202850604 
-18.136637034 18.202081899 -0.812234005 
-18.197316142 18.442731232 -0.009302895 
-9.761789795 16.333155661 0.830259083 
-9.852187767 16.555356800 1.054588181 
-2.701033940 19.135507025 -2.346510060 
-3.140937443 19.358642838 -2.016871803 
-0.737843865 12.959879657 9.219053112 
0.249889349 13.859841910 8.834211566 
-7.070920812 10.503140883 -9.764517656 
-6.724519689 11.116530905 -10.018834358 
2.343944197 27.402276387 1.345925728 
2.596032003 27.503578139 -0.215999910 
-19.003348138 18.305571348 -3.448110296 
-18.769745019 18.817502552 -3.713311863 
-4.306479140 26.898118901 -5.163035221 
-4.283703244 27.081295234 -4.817148729 
-14.846104574 22.533829183 3.627732530 
-14.475086822 22.987844545 3.392183898 
-14.133529785 27.847970620 1.589690678 
-14.533237650 27.551905609 1.547078426 
-7.783190561 30.424025195 -2.521038858 
-3.565755616 28.223292453 4.582278902 
-8.144681810 12.386884978 -6.501366091 
-6.906693762 9.048147111 -8.089947434 
-1.215710092 15.217464549 6.233361204 
-1.187087841 11.077404950 8.320051386 
-5.454719863 11.401073486 7.882211289 
-4.766647973 11.521360748 7.999688652 
-5.962334608 11.041085979 -8.111534994 
-5.783683140 10.940296377 -8.079265953 
-12.277907025 24.619819311 1.418331097 
-12.492012424 24.293751485 1.598547001 
-7.268193504 26.705965140 -2.695786523 
-6.948036190 26.639310966 -2.732152535 
-0.458295496 0.841741168 12.408833760 
-1.570954537 0.362763817 12.349609605 
-4.016219300 -0.331696579 -10.898386956 
-2.731872796 -0.323669549 -10.823427141 
-12.265040928 8.402655053 -1.548609984 
-11.482798038 8.475189052 -3.590153060 
4.404126611 10.294683124 -0.659637540 
2.201283588 10.180120179 -3.820992365 
-4.255484204 4.263375510 -4.320191874 
-2.569594861 3.388207673 -3.699023442 
-4.555762355 6.038841883 3.561592018 
-5.101542202 4.496784026 1.803595248 
4.929361533 3.010822857 1.857856242 
2.161471445 3.363450299 -2.943064568 
-6.733036521 -1.031210410 -0.954820998 
-4.423609712 -1.259670821 -1.874680300 
9.320605732 5.913691897 -8.299058604 
9.088142258 5.622255301 -8.525173064 
-9.763663585 -2.496090709 6.591497970 
-9.070457263 -2.351736497 7.436309211 
-5.355269642 2.676198500 -2.496005214 
-3.979682881 -0.944165112 -3.862421661 
0.053351135 0.759702782 6.159861241 
2.006201887 0.297168995 5.309152495 
-7.720393689 18.366473065 -2.561630320 
2.622265920 14.855502388 -2.125766805 
-1.591438747 14.046426592 5.440946792 
-5.173694485 19.247168968 3.055780407 
8.063692154 7.759333568 -10.693734443 
7.611956230 7.891914836 -11.095864059 
-14.645335890 0.914388696 6.356296043 
-11.677197263 15.231302642 7.262410440 
-18.716424581 17.811711832 -7.544464585 
-19.125575513 17.358233850 -7.153055162 
1.978361915 26.347795372 8.080540865 
2.015834359 26.270276842 8.240981360 
-4.426792801 4.673694003 -2.304383666 
-7.235385379 5.189729416 -2.754130351 
1.905676118 5.816506869 -2.999960911 
3.266491246 7.800393993 -2.971841949 
-2.467893750 15.569383979 6.166501386 
-1.614840582 17.245761488 4.697764850 
-8.678375530 12.832600428 -5.801214717 
-8.799433091 14.213493083 -5.509408591 
-5.224899556 0.525961154 -13.114474479 
-5.034188297 0.938804380 -13.253935380 
-8.110682023 12.310380223 -6.257105913 
-6.999532266 13.109875953 -7.012024695 
-5.675710044 30.801530750 -10.181622008 
-5.494171961 31.372918480 -10.324141181 
-18.696235384 25.753691293 8.007134555 
-18.467968625 26.222006853 8.121862669 
-13.703941268 29.109252401 2.762313520 
-13.748301806 29.647891296 2.322080317 
-9.184262763 31.644933225 -2.587723040 
-8.959662810 31.751946633 -3.202939041 
0.000669296 32.262203727 8.864088869 
0.252359346 32.121465588 9.559446761 
-18.695623166 24.153186911 -11.955732993 
-19.672274913 24.495195499 -10.998359696 
5.412539980 33.541297211 -0.925784098 
5.416824699 33.735854325 -0.608898226 
-25.459353244 20.137924407 -3.732489911 
-25.301200136 20.838589857 -4.186138896 
1.124683064 25.344648337 16.046807016 
0.508982924 24.832738189 16.852911383 
-18.278664688 16.353526955 -14.934372945 
-19.549915618 16.277924523 -14.244773457 
0.831395850 8.758231326 18.821017738 
0.739512704 9.687065456 19.323940107 
-8.104390213 5.129831026 -17.440352578 
-8.897311507 5.014862412 -17.563330555 
16.359523632 12.362683595 9.232898933 
17.103338825 12.916593320 7.899016321 
-19.587932928 -2.288075667 -5.541344935 
-19.598861194 -1.767636380 -7.417274824 
14.821584622 22.394844775 9.354376624 
14.955807813 22.649043271 9.084263157 
-24.674186671 6.448966710 -7.904581867 
-24.362561274 6.235877480 -9.063356072 
3.753993040 2.082740718 16.757843251 
3.870663839 1.580831122 16.753800517 
-3.114946474 -1.047383289 -15.569733289 
-5.359968252 -1.789481245 -15.580571490 
11.627298040 1.479049978 3.731404320 
4.355374477 -2.103127367 1.862849111 
-5.067784393 -2.787921455 0.335069878 
-3.727855711 -3.331125186 -1.191802768 
17.009959768 16.828926093 6.182533432 
17.282321468 17.346955064 5.017011519 
-21.562322681 1.648377533 -7.676541201 
-20.750266795 1.650513207 -9.887701191 
11.714069470 17.011814267 16.740037891 
11.510134444 16.877485595 17.169894043 
-18.155598335 5.457710988 -16.319977539 
-18.702044062 4.628454765 -15.822304399 
-2.457287084 6.673916559 -20.671898325 
-5.555316643 -0.756600458 -7.935002871 
-3.890454324 5.467880940 19.772055375 
3.236927626 0.750812904 7.614477170 
-16.315962901 8.465778034 -15.296704233 
-15.122600672 8.463106281 -16.917599334 
6.025214930 17.107066144 16.036454152 
7.776491892 17.940752911 14.947013336 
-13.338180287 22.184925603 -18.005022094 
-13.841620359 22.324441971 -17.946435052 
-6.917191977 25.128621238 17.762282033 
-6.541519997 25.700027494 17.648140186 
-5.357521324 20.493275894 -21.978886335 
-4.969540604 20.575335789 -22.168258090 
-13.860937670 18.201002431 19.808323445 
-13.952903026 17.788848086 20.177016822 
15.145208743 29.504119670 1.098382471 
14.880982788 29.774730865 -3.558183129 
-29.505785315 10.775845060 -2.133448728 
-29.596011172 11.468463150 -2.104721308 
0.249421138 29.402854138 6.653180234 
0.707506860 29.692867403 6.449679772 
-19.125338499 20.970082820 -7.777405619 
-19.330397412 21.099862615 -7.926908960 
4.798660479 14.713838594 10.675882073 
5.428220856 14.179391975 10.307271382 
-13.051270555 8.477809769 -11.058601680 
-13.367852647 7.512390478 -10.501585160 
15.140270372 15.885359826 6.162141772 
15.566231431 16.151691470 4.942128583 
-7.973101426 -2.777606863 1.725137086 
-8.026115110 -0.553774926 -0.896662088 
14.864353177 27.191103715 -9.189491544 
14.940323451 27.788982372 -8.042998016 
-29.643813643 10.091009614 1.148858593 
-29.552797018 9.058518584 1.705722230 
14.223433122 16.310760088 3.335120195 
14.052597858 15.911279066 4.953423156 
-18.321476270 3.213685210 -7.640354188 
-19.099709355 2.590535934 -6.304992131 
5.909458330 8.891595878 -9.432571404 
-2.231450316 7.096814588 -5.737369620 
-11.903463968 1.474154235 5.564333190 
-4.161463933 6.344560230 5.664287799 
9.231090035 18.044224321 -14.487251072 
9.289974460 17.448950301 -14.710364335 
-18.577553629 5.979861123 13.122185471 
-19.886804053 5.481028627 11.508329148 
7.161094725 26.641868468 18.516017537 
4.895669099 25.449669993 20.895382433 
-21.811966957 14.126090829 -18.324812602 
-22.601391419 14.140489150 -17.520996509 
12.626304579 17.403814194 7.695099808 
12.904011841 17.416858186 8.381917630 
-19.366547673 4.479726910 -7.714180031 
-19.898956279 4.831342704 -7.754860003 
2.207634450 25.234740770 -0.590661501 
2.231890839 25.655155438 -0.727699455 
-19.104277437 15.906839622 -0.859655433 
-18.549741784 16.891895103 -0.387363713 
-1.279690474 31.775609266 5.862771439 
-0.684348932 31.706063999 6.516211866 
-19.456883321 22.862608635 -9.707112834 
-20.036045636 23.023178789 -7.768843157 
3.020593047 22.681394313 -23.267866757 
0.108892595 23.305671836 -23.718810677 
-25.252549674 13.609950265 14.576111415 
-25.291413631 14.246786297 14.550186314 
-9.950207580 18.829181302 -17.213793805 
-9.777628512 20.528959099 -16.742786479 
-10.497344402 20.689137713 15.634343839 
-9.349933068 20.957913803 16.211461507 
-5.926792909 26.784691497 -3.873469996 
-5.770325833 27.055052435 -3.030955082 
-14.000460366 23.058851725 1.738766939 
-14.084973735 23.385186916 2.094385034 
3.107040866 30.978539746 -5.706316095 
2.992538045 30.878622043 -6.645849929 
-23.534385873 19.096422403 2.258931413 
-23.224497021 19.742983770 2.545060100 
2.541197141 30.529832086 -13.103566225 
2.234602618 30.147412856 -13.043173077 
-23.677902084 20.966356251 7.733322588 
-23.191750776 21.628356651 8.911100834 
13.044511928 22.448959843 -17.763800361 
13.725013907 23.142532954 -16.964828772 
-28.880299932 5.166229317 6.073925234 
-27.664550711 8.264017675 11.659705382 
4.525091086 10.894222521 -17.046224263 
3.744963032 11.011238163 -17.404405964 
-12.853594999 5.459496701 15.621216351 
-12.674342936 5.234145352 15.656078367 
-4.656401415 16.500214735 -15.633829967 
-3.651541891 15.709521216 -15.222025969 
-9.910943399 14.537005169 14.581136929 
-7.934254704 15.428630688 15.034060255 
6.500222650 29.656698638 10.290242850 
3.957828510 30.061892347 11.477887919 
-22.869023983 17.836498122 -10.723134320 
-23.081167337 19.001927704 -10.509096520 
1.824680251 38.033385938 -3.464839316 
2.118546556 38.095373373 -3.821931208 
-27.414957997 25.249219455 0.731674728 
-26.823752944 26.245496615 -1.221527249 
-11.604082172 29.505698119 -3.029927708 
-11.973929995 30.076263686 -1.824465057 
-12.070461175 30.525054079 1.017674830 
-12.089623931 30.639621401 1.068943755 
-11.698314335 23.469238361 6.031038449 
-11.234721713 24.319597275 6.236499708 
-11.219506621 25.082932962 -7.809851534 
-8.529105819 25.934175877 -6.583431491 
5.433074140 7.131938205 19.935478940 
5.286687586 5.778746705 19.076559545 
-6.767992299 2.434092222 -19.797249067 
-6.138809016 3.381593663 -20.854813427 
-3.133231371 16.334465195 26.350619410 
-3.678835912 16.533116013 26.416460516 
-6.368723325 17.328679879 -25.621509838 
-5.601273002 15.924166189 -26.002400279 
-14.435643310 9.619383114 16.150094873 
-14.453105883 8.754598316 16.335103369 
5.396845499 17.179079640 -16.449082185 
4.449441518 16.640112740 -17.019983823 
-9.265803267 2.863657110 9.419916698 
-5.145647524 5.142074470 6.239683755 
3.297034410 7.298660443 -13.810964941 
1.991114069 6.849496654 -5.661194109 
-1.174580673 6.816371330 -21.602207312 
0.328671392 5.627584714 -21.193614540 
-8.549352175 -0.238666369 17.442794866 
-6.940291675 -0.484768960 17.443031145 
13.651296784 11.582585790 -20.170264404 
13.736247280 11.305513922 -20.320494123 
-22.759450407 -2.543018746 10.792564155 
-20.691972124 -3.962972990 11.882152470 
12.989647443 4.356456050 -4.830888231 
12.836774342 4.196196388 -5.144579012 
-4.412420458 -3.595096200 -2.721441493 
-3.137824903 -4.100689695 -0.854597678 
1.676392688 -1.477456606 -6.061084510 
-0.523733442 3.322571758 -7.775803129 
-6.337558040 -0.884868138 4.422812925 
2.305237646 -0.060266756 5.041200205 
-9.866850203 22.467097961 15.462423976 
-9.439169068 20.780569331 16.197146934 
-11.141135901 19.817136369 -16.751574433 
-10.219239772 20.331541432 -17.407768725 
7.694196433 19.332087722 14.348021534 
7.569645013 17.932047563 14.507476733 
-19.587631400 7.556987873 -11.401972882 
-19.435066207 8.709042955 -12.827574927 
0.668675648 31.941658993 -8.166530815 
5.229058351 32.943579402 2.462841814 
-23.966626999 18.655372785 -8.172214656 
-23.338468874 19.721113228 -9.190141747 
-4.771494109 33.376281807 5.725000644 
-3.879355366 33.270955959 7.222095152 
-18.175504215 27.007573520 -8.655008322 
-18.414686260 27.054655382 -8.773291332 
2.283364663 1.041564983 5.093494259 
3.219998225 0.859655551 3.440602361 
-3.134690890 -3.093081948 -4.302966028 
-3.104081576 -3.878050438 -2.826584254 
13.257888189 10.013780393 -6.932484393 
11.413984335 7.731231268 -9.523154440 
-17.811133057 -1.574757691 1.531553919 
-15.553751934 -2.622353094 3.646024212 
16.089421422 17.058906278 9.403778378 
14.979715950 18.635838791 10.568131826 
-22.227280051 2.765109703 -7.174376075 
-21.427980053 2.293063387 -8.641012391 
15.055078267 12.137829739 11.110955745 
15.421916336 12.791652236 10.902508685 
-16.930176977 -0.671331188 -11.325911328 
-16.976906666 -1.596025155 -10.474966892 
16.357492229 5.969149561 0.128981070 
17.138762935 6.634992266 2.258447404 
-4.840363066 -4.413984555 1.283885221 
-3.626918564 -4.364321330 -1.265254420 
4.892147784 28.889118228 -0.832320199 
4.793391268 29.095949110 -1.397481450 
-22.801285922 16.308615337 -3.654128880 
-19.397088498 -0.028380012 -14.430860580 
3.870220539 6.330786614 18.793751834 
12.505498350 18.840095828 14.764251401 
-12.865170285 2.967924863 -18.044156503 
-8.504598338 1.083702887 -17.466876826 
-5.228945364 2.952483350 1.601940964 
-4.591341744 1.445659590 2.628061844 
3.666130523 8.711572015 0.495612116 
3.840881885 3.577901414 -1.635705636 
-20.389467893 20.456559311 -10.078498350 
-19.806136959 21.924968342 -7.116501618 
0.229682690 30.120840804 8.035569957 
-0.387787797 30.844008947 4.359065402 
-8.196618612 30.711659275 -7.342328310 
-7.307039210 31.412888613 -8.486515513 
-16.637540289 26.429645502 3.942303802 
-16.727088978 26.803047824 5.629686426 
-9.567371221 20.047987046 -21.000512846 
-8.930599144 22.957449347 -19.815165031 
-13.435487303 20.294298209 18.567543263 
-13.273933081 22.186393111 17.784952311 
-5.358718954 5.248810472 -3.659217555 
-5.871490160 -0.713984668 -8.006903306 
-5.461553060 22.965036704 19.016428225 
1.693279424 6.530734603 1.119178940 
7.045387623 7.040563370 8.319251046 
6.770719623 6.811703617 8.578036698 
-9.394049333 -0.304922980 -4.791182960 
-9.973985498 0.198685746 -6.276212332 
-1.203278024 5.581198479 14.241837168 
-0.876217830 5.393727430 14.078905072 
-3.674284869 4.645392874 -14.451270513 
-4.015333200 3.983842846 -14.146796904 
-2.999993233 7.167723923 4.315988160 
-0.206399768 7.481330347 5.890795355 
-3.460604551 6.762709382 -4.430807038 
-4.522438761 6.195973264 -6.067821145 
2.693247803 8.615320526 0.077305282 
1.719879383 7.196928800 0.233050157 
-5.005299988 4.944305578 -5.115429435 
-2.884948879 5.732993972 -3.926069017 
1.620274237 12.198884873 -13.506227065 
0.209440170 11.281352230 -14.117020761 
-12.124023833 7.559132163 11.996289439 
-8.200244604 8.664901453 14.129070049 
2.212473330 0.519622836 5.542082198 
3.786553248 -0.811266092 3.641842383 
-3.454399065 -2.513970900 -4.451257003 
-3.393251630 -3.711494356 -2.474523594 
-5.084864531 3.316653394 -2.765397132 
-0.224510899 5.721244062 -4.570260680 
-0.124322449 4.919321072 4.812129843 
-2.665396982 12.695981188 7.283938289 
-6.711265832 9.414129699 -4.786734751 
-6.858327167 8.855094202 -5.262258230 
-0.317072706 11.420310026 5.334683970 
-0.471230663 11.685453386 6.109182727 
-5.300764100 27.236299891 2.103215992 
-5.533569722 27.263983652 2.106075190 
-13.754324457 23.270491300 -3.428716711 
-13.659818727 23.560375302 -2.985151152 
-0.202035207 25.582440853 -8.622862146 
0.586741100 25.942888092 -7.671784476 
-19.729115399 16.504684042 2.926102553 
-19.096724356 17.614044303 4.053163888 
-7.258989873 13.860898663 -3.918093775 
-5.009629198 5.845963092 -4.620360229 
-3.708855425 15.558971206 4.722914374 
0.147463245 7.255315909 4.880426680 
-9.635232232 16.272802735 -0.901740249 
-9.130912129 16.951261195 -1.432013871 
-2.964637077 19.059268437 2.059308285 
-3.676045080 19.244385588 2.014899497 
1.860753549 26.276775868 0.454611845 
1.607672986 26.476108463 -0.553641893 
-17.779264317 18.432345841 -0.715904475 
-18.000292121 18.204313427 -1.256376803 
-9.340383636 27.482683129 1.826279573 
-9.061820428 27.552892126 2.024789218 
-10.780458794 26.860826204 -2.532551439 
-11.257076948 26.643135027 -2.655060609 
-11.209580525 10.732576429 4.142722353 
-7.453140296 8.033267756 3.644792772 
2.240674569 16.397945046 -4.749632044 
3.098120506 16.050704540 -3.672254352 
-0.050827945 14.936047196 5.212547316 
0.172705086 15.427242396 4.861302992 
-9.332304787 11.067914020 -5.121538902 
-9.317496938 11.255351169 -5.209267064 
6.060472465 3.344316039 -12.758057663 
6.250817643 3.972483869 -12.791255387 
-8.622145126 -4.751379295 7.397829824 
-2.339791003 -1.958427421 5.804183738 
-3.078783291 15.537827203 -16.403768753 
-3.573622546 14.677285949 -16.710581614 
-10.857336897 9.012427268 15.432053356 
-9.189128011 10.864288915 16.060953355 
5.306646322 11.667934474 -14.032092028 
9.986298150 23.000831972 -12.745194053 
-23.652714877 8.341521373 7.968118120 
-23.374221414 7.898545579 9.258103517 
14.119842933 15.140279979 -13.176352442 
15.566325951 15.512396512 -11.146113486 
-21.991298274 -0.746123709 3.857327733 
-22.041538166 -0.338376912 5.608851512 
-12.045116007 24.905293780 -12.328772910 
-14.274908515 24.661204595 -10.272178727 
-8.374028045 27.105383930 12.624177760 
-6.305662876 28.094540489 11.573309706 
-14.567090195 23.327729719 5.149676238 
-6.306254762 9.928007920 8.759486906 
-6.023100850 27.861647281 -5.618910475 
-8.012797661 28.319423261 -5.682107656 
-1.830209541 33.826789538 0.986783601 
-2.142960015 34.007580776 1.441889211 
-21.745764600 24.939430062 -1.524166698 
-21.124197326 25.978770751 -1.428755164 
-1.726316334 33.684479900 -7.178090665 
-1.271339852 33.727689542 -7.580513981 
-23.298168327 22.806767626 7.870516753 
-21.965565646 24.881581261 7.519489211 
-19.779147920 16.202123809 10.408142283 
-19.944381880 14.655668522 10.769255630 
0.250995039 24.753290207 -14.775222762 
1.333291385 25.080656416 -14.271725513 
-5.605997757 2.117461453 0.505930840 
-7.749919691 4.438471195 1.450669900 
3.117775540 8.802436430 -15.346862613 
3.891235984 8.401040387 -14.724808183 
-3.448081079 14.408663627 21.789849019 
-1.174872298 15.025883656 21.585445789 
-8.867507227 11.049575394 -20.847013330 
-6.410929840 12.423322195 -21.497609450 
-8.541775613 20.950025289 20.663451731 
-8.502671854 21.166764526 21.000243690 
-9.839536268 21.938911153 -19.788105114 
-10.276704356 21.402720536 -20.151937911 
0.762972412 4.723731210 5.141717967 
0.577513986 3.036496194 4.139374371 
-6.052128615 -3.249064243 -2.040282511 
-5.705562833 -2.966959014 -4.170537935 
1.221118242 1.725278132 -5.598032090 
5.444099558 -2.202483191 -3.304420659 
-4.195331542 0.186882255 -4.293968965 
-4.814471446 -5.181086771 1.022730761 
0.006768904 -0.961917096 -12.916571048 
-0.556579746 -1.566746460 -12.627282043 
-11.529503867 -3.932831652 9.564828546 
-11.340913925 -4.336813697 9.454379950 
8.839933798 0.443555905 -11.816603168 
8.635266434 -0.076488559 -11.771480676 
-11.841128605 -5.847295131 7.834408460 
-11.431630211 -6.102195507 8.029757388 
-6.348876910 3.867109989 -13.795918485 
-7.173983673 3.217243104 -13.260493456 
1.357102930 10.673046481 13.734170479 
0.756219788 10.315812867 13.969396983 
5.078002049 1.075376467 -1.426808844 
2.783294293 -0.068512229 -4.973994778 
-3.530740091 -4.734844875 2.866420715 
-3.188720412 -1.669864554 9.906491426 
0.829700172 5.366075297 4.634545657 
1.162824677 3.877080669 3.314515133 
-4.961282368 2.836736596 -4.940979375 
-2.868439592 2.479636974 -3.931953548 
-6.135479056 6.919301074 -1.940977201 
-8.884071116 7.762524704 -2.309100144 
1.291950929 12.663917330 2.413972330 
2.197836887 10.970939341 2.065165408 
-13.093845267 22.595918154 8.515672450 
-13.816976788 22.277186255 8.169348919 
-6.268805386 25.009417632 -9.021221131 
-6.060923669 25.109808430 -9.042021272 
-9.714326221 17.328825448 -15.362141314 
-11.171703807 17.500269605 -14.673940763 
-6.653162073 19.568590938 15.834701894 
-6.026998007 19.339970693 16.020165768 
-3.469196147 7.325555712 -6.238785600 
-6.075911238 6.696715499 -3.620303962 
2.061430051 10.406029749 3.515535619 
0.728397649 8.776377707 4.326821987 
-8.137590625 8.911406693 -2.657167337 
-5.738315572 4.854907409 1.376504559 
2.444130803 11.469161179 -0.554414306 
2.575520424 8.222327846 0.904751565 
-17.527002608 9.737878301 10.016619896 
-17.380849378 6.986043655 6.359124474 
6.714118650 19.012828555 -11.405733220 
6.645461703 19.741424105 -10.908295514 
-19.684802626 17.139247315 5.678440470 
-20.187069322 16.657906965 4.551625999 
3.703056751 26.577318493 -5.833574883 
3.702080062 26.339809926 -6.359171807 
-11.614471748 9.728117289 -2.845383200 
-8.251708641 9.502308981 -6.222904391 
2.978636836 14.812458136 2.772803037 
1.127255656 11.776999655 4.411296486 
-5.008220114 5.139645155 -2.431964856 
-4.815872684 6.625291600 -4.121690917 
1.834493246 6.588570471 2.303440369 
2.023182440 7.830092781 3.699793010 
4.258904385 0.467644033 2.498594405 
4.624316415 0.525174601 -1.989599494 
-4.083915857 -2.445535839 1.098603494 
-4.505787234 -3.012907566 0.565802821 
5.879377234 10.733205165 11.865968972 
6.654257502 10.748493455 11.189006495 
-8.592772516 6.206717325 -13.676533474 
-8.796934686 5.814060575 -13.519224174 
-6.304065001 9.272654528 5.166577441 
-5.645221186 8.406753517 5.705388276 
-0.989735683 11.752567888 -6.120966795 
1.203475580 10.400169407 -5.289286628 
-3.740520930 9.041455008 3.504728387 
-4.298593370 6.160899645 4.831444701 
-1.242850964 10.591079030 -4.088577909 
-3.338249814 11.506104520 -5.797795622 
-12.751051444 18.398310086 -12.793748525 
-12.982932353 17.837477959 -12.676110057 
-2.257114304 22.746130230 12.356920833 
-3.715005701 21.800482019 13.125136774 
-1.885904272 6.206213547 -4.551108501 
-5.995430706 6.209650806 -5.501431683 
-4.439635094 4.670924294 3.605055908 
-0.332729799 7.436820760 5.052205207 
-10.602316650 14.037869910 3.032780283 
-11.343741569 14.327415057 1.856127621 
-0.352427414 18.126236304 -3.809518958 
0.315335386 18.905553970 -1.945781825 
-14.530303488 22.854557454 1.763964975 
-14.567025768 22.626110811 1.980615009 
-4.304000997 27.020871612 -3.657079838 
-4.157310106 26.944053739 -3.626401138 
-11.101534621 21.726639892 12.412616700 
-10.127275414 22.221756708 12.423389123 
-7.337853719 22.854190009 -12.629870764 
-6.554195794 23.332930764 -12.341010629 
-9.824152516 13.544980233 -3.202522513 
-11.027004887 14.577839630 -0.705202453 
-0.469613002 17.297214172 3.219506129 
-0.782422648 18.916796405 1.589810860 
-0.203317303 6.252375789 3.966525194 
0.381454647 6.867037439 5.588004332 
-0.763000401 5.977277332 -3.328866424 
-5.678223059 4.784923275 -4.786479935 
-2.619575497 18.347583030 14.035553502 
-3.297931260 18.522485803 13.973625029 
-9.330061704 16.209633069 -13.725044339 
-8.525033456 16.469095287 -13.834496708 
0.272053023 -2.957290975 9.007997199 
-4.829741793 -1.917360100 3.664222779 
3.715916262 0.456457258 -4.605973090 
6.769638958 0.042187573 -5.047526906 
-7.661042186 2.770810122 -0.414732773 
-12.222153258 15.426245003 3.076646290 
1.460665487 13.195347479 -0.372989571 
3.219249096 11.037163169 0.757122374 
6.516489400 7.751468990 -0.330435864 
5.287853618 10.025068231 1.218597434 
-6.750485119 0.306514451 -0.803340470 
-9.949048164 6.727933237 1.213220132 
3.453875541 0.489025438 5.001917113 
3.348339628 1.179717090 3.264513418 
-4.361361031 -2.392238803 -3.370303674 
-4.396495583 -1.354940912 -1.554502801 
-3.230589643 -3.015115464 -7.742817249 
-2.270060777 -3.647996750 -5.445605020 
2.944043101 -2.022701566 5.850400842 
3.344465622 -2.092464725 3.514959582 
-5.603523249 4.140645592 -0.174762983 
-4.396605550 2.799352926 -2.699441969 
1.955690752 5.617169242 -3.232846696 
3.581085582 5.240857078 -1.278971642 
-9.033276471 8.520408920 0.619265326 
-9.422996403 7.286014304 1.641342440 
2.126349094 12.923836279 -0.112038771 
3.477843164 11.417905968 -0.035452912 
-11.016244789 7.049344224 2.456332215 
-10.845428304 7.070863797 3.686325811 
3.884287481 15.634572973 -1.614816744 
4.572707191 13.315204984 -0.395915980 
-3.971168945 6.240043469 -3.164256492 
-4.132838720 7.127200166 -5.677643969 
-2.077891686 6.954712207 3.483294157 
-1.271089999 8.212048533 5.386192585 
-12.650151877 10.508013352 -0.057607978 
-12.505431382 10.093091733 -1.155606812 
3.290557911 17.167342884 1.449938679 
3.558458324 16.875920815 0.733391473 
-11.042019445 26.503854992 -4.382600932 
-10.930541472 26.470339019 -4.794903688 
-10.471036248 26.765210429 4.100218108 
-10.099499945 26.867035152 4.430018959 
-3.476985092 25.098298623 -9.508959303 
-3.407841971 25.262311273 -9.356300228 
-15.400454675 19.987331953 7.594831965 
-14.926802920 20.486096617 7.868862581 
-10.549394994 15.643223436 -2.441141629 
-11.162926116 15.663656100 -1.431134100 
-1.469783204 19.397527154 2.521731440 
-1.368530109 19.626091134 2.647565688 
-7.040308609 7.260008158 8.607434591 
-7.509034371 6.535375334 7.795141916 
0.024137644 10.140709104 -9.139553345 
2.076364426 11.010165000 -8.074462503 
-2.685547298 21.743178421 14.100962105 
-2.393226982 22.186887020 13.762988773 
-11.489349503 17.770206955 -13.790371689 
-8.437302322 19.537241504 -14.216960363 
-4.760893781 26.558960465 6.684660740 
-4.054756999 26.859429929 6.091898127 
-13.982613653 22.454326051 -6.340201238 
-13.473097406 22.875532926 -6.536962588 
-9.579849934 7.737431995 0.803580503 
-9.574743206 7.527394973 -2.060580331 
2.291421900 13.415810079 0.387181047 
3.521765028 12.773563801 1.138328093 
-2.199173901 -2.341561611 5.252657893 
-2.763883530 -2.266135601 4.952947470 
4.022614639 1.502810156 -2.789782116 
4.856788044 1.117648742 -2.011049904 
-2.144572153 1.329812773 13.543883512 
-1.058989510 1.887115415 13.681216746 
-1.302945479 1.946318756 -13.289442262 
-0.546433503 2.476654750 -13.474902953 
-7.822502430 8.426647636 13.954964866 
-7.469764072 8.223664358 14.106337493 
-1.712874078 11.990071652 -13.944453505 
-0.324170706 12.122914447 -13.768666343 
-4.165795520 3.705745886 4.395955948 
-3.073898303 2.359172289 3.224149118 
-3.830875896 3.679451199 -5.281163319 
-8.981753629 9.380950406 -4.441624079 
1.235993464 -2.578501837 -4.605804617 
2.863041320 -2.550463811 -2.930499735 
-2.756445189 -4.075382577 2.028517911 
-2.652948303 -4.720314971 0.847952867 
-9.483649697 1.416484609 -11.257249623 
-9.375774749 0.995151676 -10.977334377 
2.212964530 -1.252312378 8.694569218 
4.165432102 6.577631764 13.019839887 
2.937807984 3.945972886 -14.278669180 
2.094956089 3.403795456 -14.286341054 
-6.778257225 0.207073137 1.560779209 
-4.622909489 -0.803483716 1.923618105 
17.985101820 22.655826548 -2.809663384 
17.823772410 22.172471288 3.511387683 
-26.005806272 4.618638667 -6.403823941 
-25.084286401 4.060035238 -8.371409226 
4.254520608 19.584955007 10.807791627 
3.420028103 19.191556009 11.970785905 
-13.779006972 11.822210682 -12.383313091 
-15.654062055 10.511292414 -10.795631702 
-1.880662390 7.599752446 3.171110013 
-3.184823363 2.237191548 -3.475664317 
-7.147913305 2.487725139 2.174479442 
-9.288922125 1.216296150 -0.306678157 
5.528953591 3.807780297 -3.145857651 
14.005445966 7.722775586 -2.187451462 
-15.617426909 -2.765036159 1.672096651 
-14.978693110 -3.006714243 1.210949020 
10.131913034 22.034683457 -16.424113967 
13.477421776 23.841623605 -12.469449630 
-27.536097056 7.829421499 4.468420088 
-27.258499646 7.545188387 5.841761376 
9.585879071 10.145118494 -6.813365455 
11.139398148 10.458885942 -2.559076153 
-14.031917580 0.712100455 -0.269388253 
-4.381088134 6.514705204 5.623633483 
-3.887972106 7.006896356 -3.098112382 
-1.633709658 8.692696802 -5.669519993 
0.110711104 6.697026637 3.555919810 
-4.036889453 8.324322962 5.832162854 
1.200625425 23.265717171 -15.253493612 
1.582184112 23.793440854 -15.109564253 
-19.018157986 14.065049993 12.647257590 
-17.623372147 15.289756045 14.272022854 
2.600644944 31.480802946 13.797119729 
2.549909334 31.638016561 13.639820874 
-21.205349172 20.147635186 -15.358498941 
-22.853163419 20.121334336 -13.420009779 
6.572743999 24.108202470 0.311562105 
6.395076231 24.582024701 0.907251728 
-19.882195150 12.776437077 -0.316331673 
-5.978153641 5.820299902 4.138774010 
-6.027843536 15.297350424 -3.164049253 
-6.408629274 18.011955320 -3.007629443 
-4.388536861 16.031874414 3.544667807 
-4.709290383 18.555845644 3.528483678 
-11.896596899 27.437092511 9.784283116 
-11.665897477 28.036700176 8.608636065 
-11.668072346 27.830840490 -10.165832394 
-10.579666510 28.179455194 -10.240439079 
3.227339869 28.384098761 -17.844019649 
3.062930025 28.763512934 -17.576323949 
-27.170772473 15.260227674 8.153497922 
-26.534704105 17.460035134 7.181497060 
-9.263524454 25.451771376 -7.561150578 
-8.577913672 26.102673222 -7.195273694 
-14.137623089 23.780467887 5.086638157 
-13.057156056 24.464918300 5.130319926 
-6.583837835 13.330637210 3.069881914 
-4.947866078 17.798788351 4.185818473 
-0.901003286 15.627783988 -2.175003880 
-6.689752198 16.998331437 -4.905674476 
11.153726998 24.489355939 -3.797844555 
11.502204594 24.388978823 -4.370332345 
-23.805267727 6.493126369 1.411785666 
-23.717500292 9.127298256 -0.892689938 
2.784779794 13.501322456 10.229338225 
-2.594687708 5.551780759 3.996575361 
-8.749527613 10.146972630 -11.923294123 
-1.001585195 7.193448944 -4.152534636 
17.888388967 18.592624514 1.487387569 
17.979360779 17.452460116 1.963280378 
-21.634041811 0.650458892 -7.207545778 
-21.398931120 0.794855870 -8.187877136 
-1.923938673 33.122448359 -6.678014341 
3.446018711 34.165356538 -4.074674200 
-27.426125943 13.944548021 -1.393062760 
-27.043847782 13.360091544 -4.927465256 
1.714496408 29.541433838 3.549020752 
-8.712808602 25.501671800 2.038772806 
-20.619959155 19.401555202 -3.671393874 
-14.818802419 24.878364838 -2.793606136 
8.041136370 8.856788294 -2.379697127 
-1.803206461 8.140624103 -5.694978406 
-3.522958999 5.503242685 3.264575674 
-9.003927994 2.084048107 0.735953215 
9.629141647 20.867821300 -15.231069000 
10.625191242 19.413203738 -14.944006821 
-25.799535997 7.395799482 5.413224390 
-26.646812214 7.995802804 1.744586797 
15.530379903 25.415772169 3.510839051 
15.541630690 25.682604114 -0.417874133 
-26.300700373 10.282627924 -6.801114150 
-26.262855204 8.811655552 -6.014805956 
10.409161989 16.790007051 10.254314993 
-3.713948649 8.421476590 5.937794864 
-16.007805635 7.557420692 -12.194076678 
-2.822561344 7.931546161 -5.672735510 
2.668843320 23.250097860 -2.944394067 
3.806406399 23.754473868 -1.909293956 
-18.157593499 14.679541589 1.151878099 
-18.012656963 14.159022373 2.048392648 
-0.480160457 32.436632417 10.812347214 
-1.431221586 32.020836291 12.016447692 
-21.842955030 22.449762351 -11.327181807 
-18.772716808 11.054351073 -21.767534201 
2.283714074 -1.606936360 5.132224837 
6.415752842 3.982781696 5.052997044 
1.900860291 0.604074300 -6.176785410 
2.435444689 3.457257479 -1.895555436 
-1.101813927 6.084058347 -3.762104296 
-2.308147972 6.672506813 -3.723403556 
-3.442801067 4.951920174 3.773268451 
-2.068868431 7.499904056 4.839366556 
-8.973771657 24.749627876 -3.989337135 
-7.741500376 25.295766607 -4.280251086 
-11.562837769 22.597200642 -0.256507623 
-12.464927765 22.822011421 0.939997610 
0.266996356 18.823755195 -25.778361438 
-0.594622340 18.549523074 -26.168899494 
-25.244787677 16.670044292 7.473716278 
-25.739369694 17.561337484 3.931950435 
-3.337837456 20.336476569 -23.068159068 
-3.719133535 21.706955414 -22.472627390 
-15.886104111 16.856513706 19.646815883 
-12.241196484 14.743287997 22.084791482 
-9.643599695 19.017582614 -16.660727717 
-8.204704021 19.647298440 -17.310248569 
-5.828356528 21.202211412 15.515333137 
-7.047556642 22.012190581 14.828265831 
11.336602202 29.470682323 -13.680235656 
13.379109408 30.196371213 -9.430250779 
-22.733945863 7.834273262 -11.852621769 
-24.952037621 6.634586907 -6.763837724 
-0.514892704 6.336743153 3.094444971 
-1.033081940 8.440653133 5.509297125 
-3.129302082 5.650974554 -3.440507671 
-7.370908168 4.244474535 -1.882852237 
8.232388840 16.696588404 -13.227902133 
-3.811185963 8.387500621 -5.930458465 
-20.169537012 4.464640760 4.396679543 
-3.060092226 7.832503657 5.669739042 
13.447158371 25.917169138 -9.336711056 
13.662405526 25.440446186 -9.550384361 
-27.174035679 8.332488607 0.624296376 
-27.000404010 8.171161586 2.766804477 
15.763947086 16.881536122 -9.377399994 
16.543545785 16.285008393 -7.693002340 
-23.034899270 0.756429849 1.517502879 
-23.975314756 2.069001361 2.433142009 
-0.156165732 13.732351738 -12.065210308 
-2.932534060 5.376528582 -3.967757383 
-14.089293937 8.111155184 8.302058983 
-13.383820987 8.790507771 9.356514543 
0.654878166 29.096477043 -5.436405257 
1.420489532 28.696335128 -6.341441756 
-20.465866689 19.692326931 2.718090225 
-19.608391837 21.413522370 2.824815761 
11.106691517 29.979738719 -3.371658217 
11.209110444 29.954871046 -3.263982162 
-27.311152253 14.794798500 -1.140373918 
-27.449095476 13.940073468 1.455025226 
3.710394309 30.010427609 14.095567795 
5.535829430 31.098520929 9.225181713 
-24.170493721 17.095935185 -10.517419973 
-23.759295471 18.449017999 -10.294240311 
-8.066220384 24.535163559 2.120839392 
-7.603198764 25.089173063 2.402862383 
-12.499059104 22.510696145 -1.351393534 
-10.591412469 23.002932640 -0.359490611 
-13.254206655 12.333967268 12.246492293 
-12.535113988 11.884686815 12.706525625 
-7.274935259 19.881810365 -16.265461455 
-6.740124028 21.021916570 -15.920452764 
-2.180490656 21.875084374 22.129906454 
-1.165299218 23.600435608 21.146836729 
-14.383075845 16.374240033 -20.670524266 
-14.250787542 17.254114786 -20.520185449 
-2.140495816 28.747090777 -18.337203512 
1.629574586 20.986476912 -25.061581669 
-22.728438043 22.441185745 9.498875556 
-23.217610464 22.238152997 8.637982238 
3.210130724 23.225475031 0.616186772 
3.126339863 24.022073505 0.729991281 
-18.644896321 14.605236226 -2.370445827 
-17.358969014 14.331743090 -3.182850901 
-1.368625980 6.010110447 3.822519316 
-2.230870973 6.694801928 3.717903997 
-3.409573365 4.971660325 -3.782057355 
-2.597704437 7.230335094 -4.916381167 
2.244315199 -1.655131915 -5.169425215 
6.250244988 4.348157478 -16.929203360 
-7.068298849 -2.512891707 4.342874934 
0.275650730 -0.395050896 6.112364869 
11.167625424 10.242244226 2.169984526 
11.221548571 10.251638297 1.934256455 
-13.587178396 0.573066308 -2.794895178 
-7.364645420 4.833538362 -3.481260191 
15.092288329 25.066725056 8.054877718 
16.226124070 25.309765063 4.880184993 
-26.598609530 8.539553798 -8.690428146 
-25.750058543 8.426573801 -10.368065273 
5.485458408 22.353890810 12.720185590 
2.890825677 25.102555363 13.923233604 
-16.145920588 15.165646025 -15.150170054 
-17.219431071 14.694171145 -14.508404289 
-3.395202973 7.276291896 3.208662095 
-1.526975303 8.742352348 5.623362440 
0.058514486 6.651994347 -3.646616221 
-4.262295377 8.204833837 -5.781139233 
2.524399593 18.879810466 -12.291216228 
3.514100448 18.771542640 -12.180014672 
-16.923461253 11.033050771 9.200712768 
-18.007120195 10.838620327 7.707439679 
15.721122959 21.105511224 -10.601573763 
15.817358844 21.714687235 -10.228219435 
-27.119622766 5.064749518 0.659441215 
-26.952091867 4.904834531 1.943943743 
5.501211231 4.610275141 1.437537549 
2.567462097 2.866729310 3.736915199 
-15.288425498 -2.551156284 -4.243403406 
-15.194171709 -2.547344639 -4.498280237 
-4.734517367 6.095531646 -3.119036459 
-3.291286972 5.222033190 -3.504145325 
-7.155954920 2.774708033 -1.922734043 
-9.315577454 1.119562924 0.490651512 
-8.191052066 26.019895704 6.626609362 
-7.535368406 26.668168479 6.333141083 
-12.505097063 24.283608019 -6.628955904 
-11.983568892 24.840491789 -5.833877250 
6.371823037 30.961311786 12.041059889 
5.454803455 30.283404347 14.294994483 
-24.586250798 15.628462078 -13.486871114 
-23.292597038 17.669749091 -14.184283785 
10.403479642 23.773341548 -3.574855344 
10.742243879 24.361686641 -1.363925322 
-23.784530172 9.210718607 -3.979214435 
-23.524017970 9.803943349 -3.737453088 
-8.612010412 12.208571874 -1.925720473 
-5.621393742 17.428334731 -4.485924130 
-16.107383380 13.695383430 3.417292880 
-6.956282278 16.996852676 4.866233386 
6.468351000 24.047733331 -3.214993913 
6.549628894 24.238165902 -3.070928582 
-19.743002026 12.882494665 -2.012399330 
-19.864593959 14.018860179 -1.782790285 
0.790977116 29.679477121 -17.156180416 
0.564947865 28.835189729 -18.414459007 
-23.802835408 18.281367056 13.490470225 
-24.945775180 19.462548445 10.555922505 
-12.592826583 26.885522859 -11.030484542 
-11.473176933 27.773240264 -10.573842817 
-11.364610094 27.920152372 9.967759252 
-11.333203028 28.150524279 7.898942737 
-5.721117570 15.438417956 3.097312697 
-6.394945000 17.909406561 2.954228977 
-4.777482356 15.798220532 -3.958982454 
-4.784308079 18.421264980 -3.845375799 
-7.085335572 7.225427212 -8.591564511 
-7.621564556 6.763350156 -7.951737358 
1.474499189 10.698836415 8.410003792 
1.810182510 10.866002812 8.252711411 
-10.702093616 15.646052200 1.988657545 
-11.197095547 15.712031961 1.116647324 
-1.750894503 19.124347600 -3.596268405 
-1.455403142 19.623604214 -2.767557044 
-4.600312146 26.521221991 -6.884253834 
-3.903821181 26.794017722 -6.400004499 
-13.960081465 22.741545120 5.681104872 
-14.493924670 22.306832148 6.009241544 
-4.514732194 21.026534909 -14.672214508 
-4.693166726 21.077034765 -14.720568045 
-6.268819073 20.208678641 14.158534017 
-12.981496359 17.717709061 13.011926380 
-12.405732580 10.721886953 -1.686802876 
-12.549942659 10.253132937 0.428004577 
3.150560889 17.091077167 -2.392921245 
3.539098014 16.809625310 -1.393018197 
-3.945730977 6.256345349 3.170424685 
-4.302567117 7.072301286 5.654006516 
-2.274320932 6.900332992 -3.479931831 
-0.616995777 8.417398618 -5.133285160 
-3.427703294 25.319366940 9.113060928 
-3.510559102 25.361495362 9.137295845 
-15.300091073 19.865128902 -7.921868785 
-14.661999799 20.509819376 -8.232260894 
-11.202365227 26.468396664 4.153448416 
-10.101618205 26.835624594 4.734111473 
-9.835145191 26.973515903 -4.322082601 
-9.271278230 27.141880185 -4.568876460 
1.263202062 -2.594415697 4.592486115 
2.971748109 -2.537777440 2.879236619 
-2.716369028 -4.111363072 -2.018718713 
-2.620238206 -4.722419014 -0.917057009 
-0.367582383 5.505029851 -4.792928939 
-1.422952747 3.499856254 -3.982752524 
-3.685102347 3.728432718 5.337347249 
-4.487947248 3.641247813 2.411713279 
4.568897363 4.756764733 13.597690580 
6.253021653 5.349924075 12.507503874 
-6.815596892 0.052084439 -1.218580350 
-4.634796553 -0.835873311 -1.869953860 
-9.715261090 1.268042663 10.994858607 
-9.673316291 1.035312830 10.869730253 
2.643111818 -1.146517679 -8.575090469 
-0.993602484 -2.939044194 -10.365935979 
-2.139568306 -2.338347670 -5.268619566 
-2.885547320 -2.239370309 -4.920717177 
3.988657464 1.466906742 2.843444552 
4.838529447 1.171494706 2.025941936 
-9.580724246 7.662337026 -0.875586219 
-9.854727307 6.983634126 -0.019596234 
2.195777667 13.439582519 -0.888404439 
3.453196872 12.819459013 -1.519401950 
-7.075170296 8.723009998 -14.190234695 
-7.147744568 8.314176149 -14.224613275 
-0.665428026 12.376027125 13.689725505 
-0.889488490 11.985213607 13.890860160 
-1.437981507 1.624373853 -13.627974439 
-1.736273833 1.637182348 -13.660384643 
-1.354419215 2.293812756 13.509436947 
-0.911298318 2.170808347 13.390058159 
-10.334996859 13.233994733 2.513128614 
-11.010419442 14.721780344 0.421649947 
-1.712262220 16.591453302 -5.233912393 
-0.684017876 18.974932978 -1.221103270 
-10.181008327 21.980255198 -12.677630032 
-10.885125128 21.704408398 -12.476053840 
-6.909806751 23.362021897 12.280256704 
-7.600458649 22.809857394 12.560403642 
-4.286443789 18.010254104 -14.333258454 
-6.908259448 16.199119185 -14.501819444 
-8.856127169 7.591428619 15.224159466 
-9.465095871 15.990062790 13.588060401 
-0.196552564 6.239873462 -3.766234526 
0.330693907 6.842982956 -5.614044087 
-0.424064564 6.056742266 3.217458069 
-5.884904237 5.543888912 4.313552334 
-1.454719015 5.975886944 5.018323161 
-6.241939761 6.154764832 5.316628776 
-4.386500701 4.684635242 -3.653819383 
-0.797173532 7.275360642 -5.243512038 
-13.893962077 18.149535301 12.067857678 
-13.674356584 17.803651501 12.227655332 
-4.180656667 21.910260686 -13.199376654 
-4.645719341 21.364328262 -13.440846212 
-14.080817877 23.154334270 -2.372398315 
-14.146123538 22.715734562 -2.963943710 
-3.881127379 27.205900703 2.537228022 
-3.529921863 27.045321555 2.851531970 
-10.210367590 14.284567419 -3.476418501 
-11.587687660 14.078980063 -1.557108126 
0.019041997 18.296587229 2.861337158 
0.274975632 18.878090063 2.036370222 
-5.588507537 4.187984501 0.025215701 
-6.274408194 2.720769613 -0.982150071 
1.924615010 5.666331347 3.211342708 
3.593184713 5.230665527 1.280452771 
-1.393029282 -2.715684359 6.861821927 
-2.322158576 -3.632232487 5.428156870 
3.006823812 -1.990120005 -5.886307324 
3.341195251 -2.106818629 -3.525680868 
-11.906203722 9.549037237 -2.378185705 
-10.721140187 7.515726038 -3.957610915 
4.168954350 14.586223858 -0.932692214 
4.717540731 13.083716637 -0.001471462 
-8.931909434 8.822096245 -1.027107277 
-9.360563809 7.343883805 -1.914844046 
2.262740300 12.777100869 0.024137156 
3.501728088 11.389034445 0.137990169 
-7.685857834 2.772307159 0.384145630 
-12.414759808 15.269395983 -2.614498264 
1.514094403 13.218713241 -0.204014013 
3.224556279 11.038536919 -0.997238900 
0.528799378 -2.939661287 -9.030859768 
-4.541186534 -1.847850819 -3.994861369 
3.756027180 0.494857936 4.541727418 
3.976649422 0.253230879 3.186788204 
3.457807850 0.471311871 -4.989046428 
3.298455762 1.210560848 -3.304132314 
-4.416492000 -2.407805148 3.311664216 
-4.401214112 -1.376518669 1.520176676 
6.528431210 7.806940569 -0.124138704 
5.410617921 9.772925877 -1.150676953 
-6.765544866 0.297504817 0.946352441 
-9.922161460 6.722806408 -1.423154661 
-4.753519874 33.844092187 9.811034921 
-5.490391939 34.875522686 8.180256466 
-18.111599534 24.238583947 -14.852840136 
-18.124855737 23.360762942 -15.678659196 
-8.345544407 12.027551309 11.983125120 
-5.696841174 18.623700759 14.618306325 
-10.353745978 14.498751680 -15.239626969 
-11.157171619 15.785134508 -15.365431006 
10.520156808 21.312189174 8.784875971 
11.529014939 21.585232634 7.056214764 
-20.973377941 7.703420572 -7.893584469 
-21.875128806 8.152253263 -7.426006331 
10.575692332 31.459298183 3.332991480 
11.639573203 30.971904759 2.058085495 
-27.278342239 15.343781028 -5.163996434 
-26.868831973 14.393959173 -7.088488031 
2.236655220 0.991442848 5.251366108 
15.587174360 9.650749381 12.160973842 
-19.023211836 -1.075439362 -12.806288723 
-19.577970691 -1.603679333 -11.780852347 
2.006268764 1.139573718 5.764431884 
6.066041224 2.641195222 5.961424768 
-7.193335100 -0.451242946 -1.572040579 
-7.680105462 -3.035172843 -3.071727557 
11.852489862 16.642736649 -8.683645888 
13.036522570 17.121399071 -7.422411382 
-21.919582348 4.272346429 0.681816000 
-20.911983615 3.292759004 3.623824222 
17.281663326 22.070230607 -2.512470907 
17.190418461 23.132903484 -1.518870329 
-26.494948838 5.653828921 -4.420278670 
-26.080173985 3.821002740 -2.789305482 
18.800699470 13.392748047 1.056604837 
19.021222458 12.815869154 6.268133782 
-19.771342445 -2.316626844 -10.674231253 
-21.349670470 -1.528492546 -8.540466103 
3.689008904 19.114629657 -8.712208616 
5.102362460 18.822611420 -8.082191645 
-20.545094218 6.589122590 1.349263837 
-20.521283925 7.049929235 2.011694610 
5.253776130 27.408509350 8.580669720 
5.575020247 27.586417177 7.729977879 
-20.443154265 16.707478937 -9.807244058 
-20.376025995 16.374537123 -9.750011429 
11.233652711 23.036309844 15.650610860 
9.157263131 22.050501477 18.594339655 
-20.319311839 9.891221527 -17.175106775 
-21.910013881 9.676599709 -15.639985212 
-15.906070583 17.731377501 -20.038605118 
-16.576528524 18.701117760 -19.441904987 
-3.831036811 23.861185591 20.761565496 
-2.732152777 24.207326160 20.762481326 
-16.167174918 22.491295912 -7.068586602 
-15.539665901 23.071866890 -5.771115649 
-5.364177142 27.143834977 2.620990086 
-4.740531064 27.942547522 4.394966396 
-2.468785616 28.552468844 -12.181154841 
-2.144625687 28.991031548 -11.419032151 
-19.178623132 21.424914529 8.039129571 
-19.795234275 21.605318806 6.945378065 
-3.399218837 24.715548244 -21.153740151 
-3.793299394 25.898584159 -20.328501057 
-19.577299918 17.658231068 17.613456874 
-18.890758989 18.656762713 17.976214672 
-10.702239354 12.403002644 2.132574147 
-10.901094038 10.589128896 2.144196249 
0.518603494 16.908934030 -3.466201228 
0.811091299 15.501835540 -5.528869627 
-13.936340552 22.299480140 -9.010843856 
-14.970992862 21.766868389 -8.163632716 
-1.836991905 29.342410628 -3.178659856 
-4.506465323 26.190560942 8.804012801 
-6.200679447 6.224918266 -2.921936938 
-7.176358688 6.579634678 0.719428669 
2.441379932 11.341146767 0.303308040 
1.641531370 13.797500750 3.802917466 
-7.494113874 6.762962431 1.232818930 
-6.181677879 6.303949730 -3.006090977 
2.033363789 9.595473821 -2.158857873 
2.796726118 10.407052988 0.063202102 
3.625827575 0.825223441 3.001620190 
-2.420383401 5.860158048 5.649954664 
-4.999899869 -1.916717373 -0.429034906 
-4.286876107 -1.651937159 -1.670155628 
-5.343840147 3.686185519 13.742865717 
-3.845318747 4.175801924 14.023055371 
-0.536729840 3.704718151 -13.442754012 
-0.163816229 3.698398563 -13.307580836 
-8.815875618 7.266691817 1.563490899 
-8.758841426 6.546146844 1.514247066 
1.593599573 13.179407051 -2.583495617 
2.636280164 11.717663497 -1.988080141 
-5.715137569 8.211895652 2.482897063 
-4.950341791 5.340151489 4.739500615 
-0.157483650 10.710688026 -2.270611443 
-0.772813705 10.609428334 -4.751751829 
4.683483157 4.138632115 2.238902115 
6.466734682 7.555676556 -1.319759135 
-6.335981028 0.126351234 -1.797804160 
-6.600730792 -2.709093462 3.565631956 
4.525920998 -1.273864312 5.883693078 
3.854927994 -1.814216260 3.632188492 
-4.327301018 -2.565182083 -3.391500236 
-3.287391590 -4.014309979 -3.232910826 
2.496640573 1.279658571 4.645514055 
2.182003697 -2.842743862 3.331064015 
-2.571971446 -5.223735611 -7.275079696 
5.448694782 6.156660584 -3.983619643 
-5.362472122 4.267048763 -2.775288223 
-7.855055402 6.138996156 1.399833432 
-3.136765952 9.750768748 4.420101819 
-0.837480274 3.884792789 3.933516497 
-8.823334801 7.327142758 1.216409349 
-9.514740488 7.306419553 1.876535729 
2.997394009 12.023973201 -1.228141154 
3.365206997 12.214322512 -1.823024095 
-5.373388076 -3.332031256 -5.145082620 
-3.596194808 -3.617236568 -5.066081822 
3.666347948 0.540896287 4.719290231 
3.981289230 0.328358247 3.175606584 
-4.164104171 5.090491419 -6.207641234 
-6.704551822 5.092441273 -2.609344023 
2.114700253 8.750442463 -2.348349178 
2.489215730 8.221068785 2.212875574 
-6.387875787 7.648853409 1.971761065 
-5.939920096 5.495028475 0.563679598 
1.408194005 10.742739314 -2.169909448 
2.147517662 8.611678421 -1.092754346 
-4.326345291 4.437015375 -14.129018903 
-4.622605596 3.863945533 -13.866894406 
-0.991020399 3.443361671 13.425567493 
-0.827317211 3.417918839 13.344806880 
0.764045142 6.325213073 -3.476922732 
-1.775298161 6.594760929 -5.655881857 
-5.572668517 -1.841551834 -0.384404302 
-4.255808367 -1.761733244 1.594384063 
-5.603635891 8.225762310 -2.605767877 
-5.103651075 5.282545042 -4.651740098 
-0.134599260 10.794444215 2.193220719 
-1.220575979 10.457358797 5.001657945 
-8.343704338 6.202296401 -1.382765154 
-8.815659831 6.531351448 -1.203307439 
1.498718170 13.152465398 2.842282551 
2.479749043 11.748620813 2.368336247 
-14.007282089 22.258046879 9.107702001 
-14.533429619 22.099151372 8.352255120 
-1.692997656 29.392646667 0.728649105 
-11.202153748 16.153495140 -14.678766227 
-10.383524876 12.515154094 -2.836161761 
-10.898735374 10.661003488 -2.090188670 
0.741167494 17.075816877 2.781342292 
1.991484755 15.893400580 3.140734883 
-7.230996358 6.933787378 -1.913528287 
-6.208459669 6.301177750 2.918643986 
2.185304372 9.608083311 1.852189802 
2.760575319 10.396534628 -0.480608820 
-7.972788018 7.658259804 2.329238223 
-7.191632537 6.559426469 -0.391833372 
2.383191341 11.323717250 -0.797624147 
2.246514868 9.480856183 1.549431780 
-14.947134183 3.996941742 11.250936462 
-3.951774159 -3.629266524 4.861025507 
4.878533831 -0.570443181 -5.624882750 
4.482700656 -1.035243642 -3.745249804 
-9.053425389 7.627778503 -0.722983565 
-9.454039630 7.230871847 -2.121764553 
2.933605890 12.089693986 0.601308362 
3.181237938 12.280625513 2.456879097 
-6.528033890 7.580142645 -1.791217964 
-5.959972712 5.450555912 -0.650090946 
1.436287713 10.653014200 2.273757399 
2.127509993 9.201688031 1.355838380 
-5.250227177 5.736830472 5.735633403 
-6.716761069 5.077689928 2.598370117 
-0.432090963 6.553231914 -6.313938206 
2.463083576 8.213732528 -2.315181233 
4.496837647 -1.272465552 -5.910562761 
3.934455938 -1.754617608 -3.605698937 
-4.357153561 -2.576869656 3.363255663 
-3.266821400 -3.994261281 3.274773873 
4.748228273 4.083177933 -2.263178936 
6.504816621 7.600874852 1.004455103 
-6.360680573 0.064718510 1.695710693 
-6.444068828 -2.759739199 -3.704530283 
-4.802164170 4.374653754 3.262928135 
-7.872327167 6.113298167 -1.224208095 
-3.042517851 9.785452765 -4.385636615 
-0.703540472 3.913619041 -3.877679907 
2.390539184 1.197290945 -4.727467574 
2.189274375 -2.806350080 -3.379425370 
-2.642129601 -5.208512249 7.234902312 
5.377095193 6.274681953 3.830777177 
3.205024771 -1.511514570 -2.878761442 
5.982809576 2.599395079 -6.121865428 
-4.909040417 -3.107229296 -0.122858691 
-7.651759928 -3.077483321 3.075162979 
12.611797667 10.824535723 -16.964832173 
13.880103502 10.230849838 -15.306174842 
-20.653061062 -3.164803255 7.439435820 
-18.393893709 -5.593625513 3.625791316 
17.713614280 21.725126702 -3.264004701 
17.624188272 22.318778281 -3.617037287 
-26.542255486 4.718052588 0.013006593 
-26.418975759 4.587318282 -0.237516567 
14.397058416 17.073682751 2.820094622 
14.123860131 16.600608745 4.576727540 
-20.017317413 4.646769507 -7.211666512 
-21.114026018 4.039327172 -4.921572683 
-5.269993723 16.510504524 -14.744181924 
-4.728357916 15.405194268 -14.580481323 
-15.185580051 20.171438123 13.807938351 
-13.633266630 19.595056315 14.526930491 
-3.817862583 32.061741857 -12.302329088 
-3.771209206 33.020479724 -11.242344381 
-21.896610399 27.524753348 8.363110576 
-22.655955250 27.725421823 7.507506295 
9.555308055 29.878747564 -8.966258821 
8.635988627 30.040033880 -10.069313043 
-27.989967551 15.122302074 -0.824152492 
-27.947863724 15.250786341 1.584832512 
8.308336481 19.513571658 -12.090040550 
9.694344972 20.417298064 -10.644637740 
-21.996934016 8.302956831 6.674625598 
-21.974034481 8.285442016 6.998702379 
-15.044960238 22.259293153 2.936113169 
-15.889418334 22.927982268 5.048309760 
-4.417216737 28.139482462 -9.733750302 
-5.576866064 28.646780274 -6.879320514 
-15.432195296 17.111523737 20.654658424 
-17.158751682 18.805646912 18.499292762 
-5.893159889 20.406063730 -23.392779754 
-5.681214465 22.643767719 -22.367431807 
-2.328924478 26.690362587 19.405079817 
-2.011847606 26.421642048 19.793086246 
-18.912419014 17.479848726 -18.297071548 
-17.527505108 18.603276171 -19.017550038 
-1.530684253 29.184034884 9.968291490 
-1.024228535 29.517456459 9.833728021 
-17.984564769 22.075282085 -10.136494084 
-18.524139573 21.920334480 -10.235752708 
12.474498164 18.283158261 -0.224144155 
10.263968895 19.588528212 2.193363102 
-19.250899171 6.403575365 -4.605640510 
-19.803937676 7.672260925 -5.060449913 
17.068630384 10.653646206 -13.124396527 
18.087677672 11.679923111 -10.867715996 
-21.173243453 -2.792356721 7.213297612 
-22.172928842 -2.550062028 4.895548633 
9.183564453 20.858170043 -19.094108648 
8.945079904 21.726963373 -18.958348759 
-22.495760401 9.445738594 14.891421250 
-22.186749569 10.240812750 15.471367398 
4.909787206 26.272648636 -11.472209053 
5.309881549 26.657271935 -10.535444685 
-21.919463878 15.860303389 6.052503171 
-21.681952306 15.587888121 8.048486058 
