2.025678735 38.966516251 -4.095009592 
3.464113664 38.442309093 0.180538223 
-28.384260648 25.064373006 -4.679952791 
-27.521684475 25.267933358 -4.425538773 
1.895203160 29.226281781 -14.386999348 
1.497379451 26.944339545 -14.855412439 
-26.081455475 18.151627331 8.000785760 
-24.983657146 16.482123160 8.051393793 
-12.469426125 24.439525777 -6.642562117 
-11.614405342 22.349562189 -6.517556342 
-10.476531960 27.327088956 7.142026525 
-8.268796590 24.931747134 7.278495277 
-12.085876784 31.183651255 0.339828941 
-12.092784277 30.021780085 2.660667666 
-11.985543645 31.437660398 -1.085840911 
-11.268671068 30.589131148 -3.239114386 
18.423301469 27.200451831 6.768595265 
17.679633570 26.185876152 8.466327325 
-27.850286629 6.974181908 -12.443182247 
-27.044675315 6.332981024 -12.301116958 
2.359852008 32.328283507 11.742467580 
0.760401369 32.141422393 9.402933245 
-23.670873738 20.551111711 -11.503746697 
-21.861311179 21.156280616 -11.493214493 
-4.319896559 15.521346300 16.221141568 
-4.684150467 15.603997639 14.377329102 
-9.077430333 14.626539371 -16.190895701 
-10.089761578 15.711055670 -14.720153299 
4.110665584 11.278855652 17.989362625 
6.159245538 10.194117337 15.895622043 
-12.258488865 6.053014977 -17.296991053 
-11.737903659 4.222911049 -15.578329132 
18.009224555 10.419680230 16.180078032 
17.663646707 11.795778042 15.827091304 
-18.419870552 -2.168231457 -18.147157497 
-18.659585044 -1.590788497 -17.404133078 
3.838067638 4.047183920 19.911208901 
1.918257189 4.764822538 19.419744868 
-6.025664066 2.625915896 -21.368599106 
-5.758772813 2.320167493 -19.622582190 
4.694066739 1.856779542 5.994552487 
2.875903299 -1.840486254 5.980558317 
-6.164056590 -2.185670565 -4.075475578 
1.714493419 2.214504250 -5.420587245 
13.142768053 3.691540341 1.163863854 
13.609612651 5.423662037 1.062526606 
-1.116450526 10.365913757 7.444686882 
-10.699598346 -5.000388090 -2.642467761 
-9.069268815 15.416878064 -27.053562603 
-7.598198805 16.402360678 -26.641146986 
-10.534170319 12.562747353 26.621804822 
-10.470659871 16.303540512 25.656021094 
1.708019800 5.812198776 -22.726598771 
1.692227484 5.941861622 -21.581974302 
-11.462460975 -1.309439099 17.048453330 
-10.424004416 0.912391247 18.131377811 
-7.788094181 2.636493961 -14.572775799 
-4.760406239 5.324447717 -4.914018621 
4.900226737 7.475529117 12.827212257 
3.359857188 12.359361639 1.020441063 
-17.271536607 7.871844733 -14.438334547 
-16.652422722 9.807582393 -14.637126761 
4.071562590 14.957347739 18.482289866 
4.350826904 18.609248465 16.082139260 
13.787446680 16.232530089 -9.083043089 
11.605284956 15.972612769 -9.797659829 
-19.992475793 1.251646581 4.538784427 
-18.567754969 1.935000922 4.824667481 
17.186477534 28.239189369 2.896152902 
15.360806414 29.516078167 4.510297321 
-29.659321879 8.453524824 -6.226970514 
-29.771146430 10.158841414 -4.713559155 
10.366771796 16.347746390 14.632678693 
9.058385442 18.171820483 15.023491543 
-18.029472377 5.317232971 -14.379465826 
-18.256813598 6.871974225 -14.540780517 
8.698778850 9.017524741 8.378864234 
-2.109902630 6.248174138 4.638395627 
-10.365140560 1.159602459 -8.727377244 
-3.097195876 5.476585189 -4.713190830 
-0.772026930 28.886329218 -10.545600200 
-2.089531158 28.297088887 -8.904075730 
-21.110944653 21.760369530 5.916592670 
-19.336352386 22.279274135 5.434705567 
14.239855910 29.465662809 -8.700698151 
15.428578255 29.346196286 -4.296600611 
-30.400389317 12.453349756 -3.156564506 
-29.895682297 11.782307622 -3.248137384 
15.172924258 14.492690868 -7.734502201 
13.890944264 14.781297855 -10.036354402 
-7.234350536 -2.493301761 -2.923777685 
-7.579193729 -1.122984656 -0.321395752 
3.129677465 14.578885625 -13.799988056 
-2.738048558 6.947593607 -3.865908578 
-15.306028380 6.758923374 10.027394495 
-11.913218055 7.697115737 10.307415471 
-10.835722041 21.710561945 16.560267625 
-10.155877335 20.155784435 15.907303546 
-8.830593642 20.043348827 -18.374847316 
-6.876602252 20.370935231 -16.696016737 
5.687146071 28.152527929 19.377169028 
7.731312195 26.678997456 18.934466198 
-22.109882224 13.627361054 -19.772918904 
-22.684301164 12.967375455 -18.540554136 
2.599659881 32.238394811 2.018629642 
4.331108477 31.351962218 1.484445063 
-23.304071379 20.784754515 -4.399969313 
-23.589583909 18.908042181 -5.065752089 
-4.690531673 28.080718284 1.580586431 
-6.040331448 26.136253140 1.584681924 
-14.798737004 24.256533795 -2.477930196 
-12.511409626 23.566874684 -2.042971701 
13.034995588 17.177826934 -10.759993532 
12.524420897 15.905842069 -8.876255097 
-21.709754571 3.746553494 5.191928348 
-19.753644116 3.366032100 5.414044865 
6.731745740 27.170049987 -19.695578138 
2.818768815 23.248102484 -23.607467514 
-24.565507282 14.095438119 16.595561351 
-23.543349146 13.741456863 17.364983817 
-0.559392201 31.886925755 -8.518118250 
-2.550337792 31.186155528 -10.172119131 
-21.406416239 23.338613591 5.763466755 
-19.616581494 24.723323790 6.649144597 
3.456137543 26.750840805 -1.189718292 
2.340531710 24.412738047 1.059024884 
-19.381968381 17.575400002 -1.905605091 
-17.382093270 16.699554962 -2.282150273 
3.196860982 10.014406249 -19.717611914 
0.634514833 8.750037557 -18.846773389 
-5.735044930 7.308510843 19.684694080 
-7.394172919 4.381612476 17.121552245 
1.152618603 24.886217668 -17.922376196 
1.579142940 25.863024082 -15.521205043 
-18.365019888 17.234726700 16.185656497 
-19.167575120 18.048377696 13.571374540 
13.387518285 21.346994282 -15.054729127 
14.128648487 22.484856177 -11.275796142 
-26.430290012 4.688383602 4.512825892 
-25.758535729 6.467501028 5.579473300 
16.141074512 12.239728443 -12.754227141 
15.693922766 11.498822742 -10.803161317 
-21.052483120 -2.907478174 4.808771686 
-18.831178128 -2.470098419 7.375679057 
-14.766014788 29.711544288 -3.468199054 
-14.160603162 28.437849215 -4.196042207 
-10.090181162 32.909009617 0.777676685 
-7.771300829 31.671785132 3.460211659 
-8.270483828 31.930873658 9.691121130 
-5.224152609 31.017652973 10.438641151 
-19.396734124 26.299897860 -8.724220067 
-18.072310465 25.208337976 -9.600970620 
5.167520063 34.541230183 -2.661402092 
6.378304040 33.286536602 1.211742540 
-26.088480198 21.670180419 3.697995095 
-25.844824293 19.860890276 3.485345850 
-1.073396283 32.402816055 -11.537808581 
-1.676590661 30.869604974 -11.913038830 
-20.704344289 24.975991667 11.125706000 
-18.789736976 24.360367118 12.039697655 
-17.035221558 7.573620852 15.467784405 
-17.494442395 7.781815245 13.754406060 
5.644766533 16.754902857 -18.357155990 
7.049523250 17.758969271 -15.451429612 
-3.997599990 5.134686198 21.288421552 
-2.650695940 0.096671359 8.127551115 
-3.943202371 6.118647016 -21.815695074 
2.507190898 0.148379713 -6.576471924 
-6.012727365 21.701581442 22.600353748 
-3.023823048 21.892912681 21.567786058 
-12.901269171 18.401138207 -21.638285847 
-12.483543915 17.810966853 -20.873953804 
-12.564367201 23.461104175 19.071899201 
-13.495570243 23.865597953 16.723892312 
-6.601361620 25.656717203 -19.149450969 
-5.875321643 26.636784187 -16.909389351 
11.808429189 -0.033739789 -6.472521934 
5.141705428 -1.530733211 -0.871157154 
-4.311815670 -3.861647323 0.150449572 
-4.479985296 -3.566027696 0.223062136 
3.109400638 0.897114118 -18.067403169 
2.825035029 2.334505195 -17.716533078 
-4.216415674 -2.988487664 15.490791947 
-4.367015152 -2.003121063 14.833962979 
9.325420052 14.956878822 -20.901937998 
7.733631670 16.101574236 -20.404864179 
-21.509869518 3.675496302 13.967430676 
-20.809311931 5.660552320 14.254299769 
16.198391457 15.292983343 -12.721226352 
16.129965138 16.184675607 -9.966653140 
-23.656043327 1.005049220 5.225579374 
-22.785203952 1.394071800 4.460703450 
-11.710586864 7.776741632 3.811796895 
-13.358356938 8.708364484 0.351804821 
4.386691090 12.122885717 -0.259039616 
5.056852876 16.242825205 -2.355207116 
-1.300888172 -0.395238862 -12.544491006 
-1.187723809 0.389334421 -13.357786681 
-1.592037957 -0.378541958 11.756282687 
-3.041513311 -0.698560619 11.435952535 
5.078038824 0.919445946 -2.040417657 
2.927381118 3.923081217 3.780857116 
-5.783676306 -1.838010914 2.156910071 
-5.654982018 -1.914650245 1.999147648 
-1.937692213 4.137946468 4.730749892 
-3.832350098 3.373738316 4.360507190 
-4.310680213 4.686173034 -3.321884466 
-4.680679219 4.801447144 -3.092687107 
-8.322701383 8.674383943 7.438755261 
-5.713937565 8.174703900 8.414235442 
-0.228295595 11.439216575 -8.715492943 
-2.083212918 9.503786668 -8.529049776 
-15.546599880 27.558423662 -2.483883637 
-14.042525567 28.814604922 -1.864570557 
-6.869732959 31.268455379 2.348566283 
-8.864303226 31.023790885 1.952520956 
-3.544275752 5.590089919 -5.815645412 
-1.998042708 6.029887903 -4.941226797 
-5.000045120 3.967592275 5.172108128 
-4.554257700 4.773299111 4.205971945 
-3.756483405 12.109230593 -9.024154427 
-2.628965414 11.204464158 -8.020024862 
-2.898053745 12.567623791 9.334105493 
-4.877163101 10.195647830 8.168016041 
-5.971161855 3.883200410 2.068519317 
-5.698018771 4.788669783 3.326071453 
2.914929555 4.898488808 3.018644253 
3.112834715 6.651091332 1.673831808 
-1.966227296 -3.170079357 5.631641502 
-2.834990367 1.912095486 13.422223365 
4.363698356 -0.752669381 -2.608268931 
3.368995686 4.913397759 -13.607068170 
-6.628244941 -0.205226971 13.002925653 
-1.686873629 1.496153794 14.575016038 
-6.776063070 12.502517990 7.753354045 
-6.506697279 12.971441446 7.256594121 
-2.228691575 15.943183604 -6.943311241 
-0.942971002 16.524173219 -5.331093822 
-9.027979709 13.161757887 6.692986374 
-9.158358427 14.554217187 3.862348255 
-4.753357490 1.452147011 2.845984281 
-4.765510417 -1.163630640 2.768842952 
1.955503688 3.782774275 -4.515468436 
3.965161200 1.009813066 -3.634845706 
9.772167657 5.193997222 8.567663234 
10.982605695 5.986610803 7.022199015 
-8.751400961 -2.692646455 -8.670529154 
-9.467476771 -2.886303018 -7.664746050 
7.700550248 7.720984762 12.047776704 
11.436041151 8.539809887 7.311353409 
-11.772372753 0.842570866 -11.054428682 
-9.972482056 17.101236103 -7.735723984 
-6.788935863 19.168703222 3.500123305 
-8.828983031 18.157254405 1.456805004 
-10.047996315 10.817089332 -12.895096139 
-8.438674938 18.499279175 -2.948286978 
-10.098428099 5.798571387 4.115696182 
-12.152281836 8.185273233 5.110044831 
4.234599186 12.475129972 -7.484726393 
2.968944714 14.511131246 -8.813160323 
1.196849208 6.028250589 3.438044598 
0.589451583 6.511957685 3.914105846 
-1.691648292 5.228103201 -5.099971381 
-5.779155736 4.167164427 2.955592470 
8.078993706 8.293243090 9.585947226 
9.846161198 10.024368034 6.904248138 
-9.510913544 1.643798564 -10.888369207 
-12.092694998 1.568498441 -8.450442827 
0.940174749 6.027473403 14.588928926 
1.473508021 8.530922413 15.072667838 
-5.532101649 4.622594264 -15.479200113 
-7.617471716 5.951342247 -15.715193397 
4.551236612 0.371845686 -2.270928793 
3.132458861 0.295057979 4.563471328 
-4.280120037 -3.358781159 -0.422608154 
-2.832940128 -3.083843155 4.797880264 
-8.425112391 7.234286999 -3.944501043 
-8.744431564 8.533681097 -3.921733496 
1.165694911 11.240685051 5.560256775 
1.880928205 11.756727795 4.408800199 
3.560667386 12.801823837 -13.731562449 
1.225902154 13.839005386 -14.307300882 
-13.163927997 6.755799684 12.212775816 
-11.876578207 9.107586182 13.258942056 
5.582100342 5.348265550 -12.525876325 
7.202458899 5.536814638 -11.210306679 
-9.747457459 -0.143882459 11.487575509 
-10.758957166 -1.013409587 9.935461850 
-2.074764393 12.705820134 -10.108343297 
1.948232505 13.287918066 -8.664742943 
-6.387448850 11.044423134 10.554448582 
-8.875276596 9.026649978 9.583300390 
-10.505354955 16.065614336 -2.197085820 
-10.295233522 16.758377435 -0.543109651 
-2.166881482 19.538518171 2.881089859 
-2.377526804 19.953394197 0.473510805 
-3.755286451 28.291207866 3.758942866 
-4.589812409 27.005463228 6.494737452 
-14.111694393 24.011331447 -4.586938599 
-11.905561632 24.474484932 -5.540333266 
1.784836658 28.493835817 -1.278117747 
3.891449489 27.665434797 -0.473145054 
-19.615684703 19.548673626 0.591890213 
-20.196623352 17.821896936 1.114517509 
-12.363652310 12.438667684 4.925322233 
-13.158487887 13.233657444 4.142935425 
1.576974561 18.295126438 -5.765830531 
2.070246926 19.464881131 -4.545983127 
-0.648561987 14.405020560 6.919823757 
1.460499908 14.466168220 5.128022019 
-8.676456351 11.223103308 -6.856613424 
-9.314710302 9.909544341 -5.602229649 
1.050761483 27.756307641 0.260532337 
2.250242846 26.899106887 -0.616279423 
-18.790141379 19.129226371 -0.723087797 
-18.898839414 17.843739408 0.394432283 
-7.271396628 29.061720977 1.074336780 
-8.178965305 28.822610301 -0.594806065 
-13.975141404 26.202942613 -1.208807817 
-12.736787447 26.909374163 0.560703196 
-4.825010942 9.832847031 -9.560109841 
-1.788973692 10.975442024 -9.313239329 
-4.617663759 28.505528459 6.290151818 
-7.144106729 24.964030607 9.392265065 
-9.053798350 5.537243912 1.192488414 
-17.770829481 21.245547252 4.768426697 
-4.478419315 28.847943853 -10.476418646 
-4.347596609 27.353824424 -10.996919356 
-14.146081052 25.528722297 -4.441468740 
-3.128482326 33.600725334 7.959559120 
-20.143569041 27.385913980 -8.611157698 
-19.715335579 26.380074289 -9.010541628 
-3.248215202 34.856787025 -2.182110225 
-2.777877763 33.248559967 -4.871148152 
-21.223731371 27.027565881 1.070995659 
-21.248049906 25.399469012 1.981681996 
-6.573131476 18.365290075 7.197025582 
-10.376421529 16.850938161 2.222743402 
-7.978980981 13.449447196 -16.871344080 
-9.400462085 16.143004021 -14.823795499 
-5.527470555 4.293108951 3.388560701 
-5.022509674 4.169744180 3.556536197 
3.597799699 8.434299797 -0.804717802 
-2.308238872 -3.131957507 -4.897598884 
8.620110846 3.705253999 8.424797533 
16.028765478 13.784652507 10.147937401 
-20.737724985 0.239555538 -10.539039058 
-19.869925870 0.318769374 -10.298098736 
8.935604815 11.325128467 12.245408585 
9.896358453 13.954573437 10.613043349 
-23.182464040 8.311437297 -11.385309390 
-21.934738251 10.275811940 -12.138177071 
-5.054021086 2.685818728 -3.104996810 
-4.367942903 2.577977514 -3.490664893 
-0.049918040 3.043420418 5.204361031 
-1.232269927 2.922967755 5.371489525 
7.208168092 1.597379174 -2.827645418 
6.846377590 3.078897504 -3.344420232 
-5.629316353 -4.388777513 2.070039307 
-6.221355435 -3.176643137 3.290406686 
8.760357878 -1.283679798 12.201882476 
9.211302139 0.525242198 12.627837935 
-11.180126557 -7.167279728 -8.472280313 
-12.386071240 -6.016622297 -8.527680135 
-6.514997225 -4.944568458 9.783461397 
-7.886139314 -3.782329599 10.697835766 
-12.918484974 -5.977072033 -6.418135780 
-13.419450191 -4.422596139 -7.616154111 
-5.659657749 2.915763975 3.514481009 
-6.456283523 2.047956577 1.241005950 
2.678893577 5.009261173 -4.360936389 
2.555708772 6.081808264 -2.777662582 
-11.937741681 6.571401677 2.361946067 
-18.361642389 9.856159240 -9.344359935 
9.521097124 18.398487315 9.510876937 
8.769997957 19.713600982 7.350554906 
-6.755175065 2.872170571 -14.047627437 
-13.107172650 19.206112711 -19.291591185 
5.368023260 8.205189526 13.857706602 
1.779588714 8.918717104 15.823770081 
-5.267543810 13.438899542 -22.958309461 
-0.637548572 3.146927083 -13.714562701 
-5.884375932 12.995833621 22.487709538 
-8.281325789 11.788101893 21.368699050 
2.517847258 2.337928118 12.152919077 
4.049414464 2.640153924 11.408723107 
-2.861872917 -4.171372294 3.774019782 
-3.128017024 -3.729455703 3.799190379 
-2.929278255 6.509777575 15.034963783 
-2.290550461 11.593145906 15.188807907 
-5.894319356 9.268038623 -15.460633772 
-7.114490145 10.431261653 -15.042377561 
-4.815031124 4.481067159 -3.057628678 
-10.117717494 7.113627743 0.174785027 
0.880126982 5.031114049 3.833716481 
-0.750301207 19.475242680 -0.446250559 
-4.319811932 2.545218525 -3.961322988 
-4.147509385 2.749007516 -4.347939324 
1.839810628 4.313199189 3.895528307 
-5.591998633 -1.731194972 1.010746564 
-1.417074840 4.146227231 -14.458419237 
-2.063632863 5.777855169 -15.259051326 
-4.090996720 2.938522446 14.416920476 
-6.466099465 3.960841221 14.802018005 
0.643205178 5.969318627 -4.214349557 
-3.592644803 5.187042054 -4.573445981 
-6.098174634 -0.272298592 -1.027630146 
-5.060326820 -0.954400185 -2.786340938 
-11.115722607 17.535559288 -3.244853443 
-9.149097824 12.933025246 6.370685112 
-2.560779415 20.916448617 4.104563988 
-1.842052395 16.094196320 -6.615983640 
-4.796408183 2.041982427 -3.434785414 
-9.330325682 4.298815069 -1.390137274 
4.326794000 10.244036421 3.162666788 
4.356777008 13.093529440 4.173138389 
-10.128191474 27.687119750 -3.752836152 
-10.153971099 27.976104696 -1.763434660 
-12.687213355 26.748143756 2.864301643 
-11.649345783 27.415354418 1.327894657 
0.704859994 26.905050888 -4.571321717 
2.234223952 26.592598868 -1.895528072 
-18.705814454 18.630289860 1.574035049 
-18.778928412 17.545796519 0.150939740 
-10.002868661 8.465232724 6.057602828 
-4.371268549 6.284808031 4.278846977 
3.714013933 14.567635398 -4.398419009 
0.618294496 7.308487763 -3.585927058 
-11.859872998 9.411644975 -3.328601326 
-12.718398869 10.447553045 -2.416875203 
2.597343956 15.911439697 5.095058294 
3.169678491 17.324828427 3.210301042 
0.679247446 27.157536311 7.008231396 
4.038444662 26.739039747 4.367575269 
-18.873805644 18.312055699 -6.659860249 
-19.355183338 17.120596376 -6.142748344 
-6.344613642 27.975875126 -1.756175881 
-6.189479617 27.095886343 -4.447962356 
-14.326422984 24.508132269 1.123524373 
-14.494712289 23.510061516 3.118594894 
0.397935381 5.638272065 4.252596668 
-9.595241985 17.038316291 0.995632030 
1.581355844 4.049556592 -4.638804153 
0.833999623 5.297563186 -4.271498117 
-3.932120361 3.361075879 3.985650776 
-0.493108756 6.260218339 4.132885499 
0.275582642 4.389339081 -5.053283249 
-2.978132438 4.778654828 -4.813489926 
-8.690020964 6.594316546 4.336544873 
-9.896682690 15.155143034 7.178592649 
-2.858682570 17.124699597 -9.584867316 
-4.145872591 17.931694390 -8.343832946 
3.196571864 0.051191299 -4.356369289 
3.144464531 0.781544650 -4.872437506 
-4.295853833 -3.286371381 0.467228670 
-4.280041604 -3.259716670 0.432582715 
8.568588708 5.649596782 10.396563885 
9.440488040 5.636090240 9.136254012 
-8.012870293 -1.335136339 -11.024092609 
-5.308951074 -3.779028854 -1.420900322 
1.389914623 11.178799399 14.564834232 
1.871359652 13.492125473 13.534798363 
-7.485078373 8.692908326 -14.957560666 
-8.081208077 10.282051921 -14.381805331 
2.392784583 6.290946606 -2.709800731 
0.641024178 6.300891238 -4.085444587 
-5.217550249 4.312565831 3.775205226 
-4.422522899 4.308125467 5.448642307 
-10.610796287 5.351957494 -3.361220292 
-12.712571521 7.833075007 -4.231616028 
5.298070930 12.782406903 6.265761176 
3.635063017 14.544806747 8.428315512 
0.194053337 7.483767363 -15.335660663 
-1.910678718 8.766474362 -15.978460413 
-10.210737929 4.621147128 14.477648950 
-9.628879764 6.526879738 15.400804552 
7.352882712 8.239252860 -10.956702411 
7.263263923 9.224477203 -10.621562102 
-12.982738547 0.853235978 7.834819399 
-12.558851111 1.825289573 8.603785346 
0.215369227 13.552398185 -8.412536841 
0.028613171 14.879746318 -6.681764250 
-9.158923820 9.708630561 8.074654261 
-8.730389296 11.323427996 7.034208610 
-12.371042216 10.636619579 -5.147239534 
-13.329529906 11.275516488 -4.334621662 
2.385365930 16.421128877 6.622799599 
3.354775497 18.099761389 4.855285874 
-10.073886464 28.214212603 -1.016593007 
-10.737056737 27.728392262 0.754767246 
-11.516813281 27.635003580 0.877533036 
-10.117643763 28.002812038 -0.584744762 
-1.263335964 28.567912650 -1.148207877 
0.680320823 27.766544301 0.619486942 
-17.561231088 21.729214028 0.616940622 
-17.788575804 20.517174681 -0.040369872 
-11.941457753 15.843958503 2.668473901 
-12.153357144 15.749683534 1.022809154 
-1.441946547 20.266874745 -4.214674822 
-0.911162369 20.561826932 -1.390375600 
-1.638766054 12.056148739 10.355914247 
0.254718038 11.542349553 9.860327094 
-6.060805543 10.454895182 -11.135666859 
-6.280283940 9.080576150 -10.762999824 
3.564191474 27.096106960 4.338432014 
5.781162638 25.984157713 2.942331014 
-19.880034503 17.028603901 -5.226425278 
-19.902743296 15.541659304 -5.434301278 
-1.642984465 28.558417892 -2.552254716 
-2.641444366 27.841592615 -4.010726432 
-17.052707529 22.351931189 0.910984731 
-16.075003258 22.276450070 3.002040934 
-12.790941577 17.057547259 14.834033764 
-9.382592465 18.695796919 15.771454564 
-7.090158550 18.450712322 -17.049844899 
-7.805628663 18.273435157 -16.916999618 
-13.665740388 22.641919113 -9.349601276 
-12.684774068 23.097686016 -9.452413833 
-3.576484003 26.660864720 8.347029947 
-6.881118862 25.329534921 9.498270466 
-6.247543871 4.972909083 -1.500775562 
-5.525003220 5.017385412 -2.672873910 
1.479787970 11.838822403 -4.625646536 
2.845949112 8.288355871 -0.397606841 
-8.241296994 6.496480292 1.916662465 
-5.209319241 6.172023435 4.310409313 
2.554021437 9.603069545 -3.317563467 
-0.272995542 7.540425134 -5.126374441 
-1.591090526 -2.748445754 5.574847767 
3.681438389 -0.054655851 3.621460511 
-2.303320262 -5.129887274 -3.865797683 
-4.648719171 -3.187463511 -0.339272484 
-7.972209560 2.173291325 13.248447407 
-7.828873935 3.957349546 14.268123672 
0.049443507 10.010977814 -14.936049066 
-0.098897034 10.876822407 -14.865560445 
-6.167763400 5.557842666 1.807986502 
-9.485091460 9.000051448 2.693580864 
2.490805522 12.286378601 -1.793009153 
2.246729143 12.360764089 -1.859455573 
0.571446061 3.802854942 -4.445680183 
0.727646122 4.324427892 -4.894730090 
-3.738237391 2.123109203 4.961062433 
-3.666141117 2.258380832 5.100425276 
4.846339618 9.699125106 -13.411398152 
6.451903929 11.833316942 -12.234981040 
-11.071263706 3.827260442 12.553856770 
-12.950851082 5.151090469 11.765418699 
4.630940249 -0.122448065 -3.065872437 
4.067594418 -0.008380657 3.003639957 
-4.501799297 -3.541085667 -0.323876980 
-4.508141199 -2.876869367 -0.696425957 
-4.753149697 9.243038644 -4.672214752 
-4.118311052 4.900947705 -4.103648239 
-2.234988127 11.192410763 5.674653124 
-2.393657760 11.765001205 5.491283970 
-6.824896836 8.414925125 -5.497959769 
-6.456321838 9.357877745 -5.996658090 
0.955681933 11.701100006 5.611478586 
0.626473649 11.435721373 6.121194493 
-20.719962371 16.487533603 -5.347398149 
-19.958935076 17.967365738 -6.388490100 
5.060746551 26.598372695 6.106823941 
3.114771871 27.816657078 5.528462167 
-18.486927920 8.290055870 -10.241693651 
-18.507760490 9.329635360 -9.445192359 
8.474783513 20.273051437 9.985472921 
6.003563542 18.566805890 13.062255488 
-4.457734391 5.381010544 3.753792916 
-4.438887099 5.390733790 3.580254437 
2.099048569 6.643508940 -3.247181302 
2.159419250 6.618329153 -2.984017431 
-8.666485738 4.481933688 2.828934823 
-9.407039525 10.715360942 5.957695977 
2.628927789 14.273683598 -5.044559180 
0.985071512 12.558605610 -5.196070405 
-7.146548830 8.954265983 -8.860791280 
-5.095270975 9.757114369 -9.373027199 
-6.181051028 30.380438657 3.443500053 
-5.212292437 27.728118340 5.809924728 
-8.854406222 5.697262291 1.922008922 
-14.011875382 23.801732394 10.495158745 
-6.700634873 28.437287608 -12.981091878 
-5.851769585 26.932720196 -13.204952870 
-2.664265132 35.313292251 5.192553212 
-1.622258864 33.458066512 8.665244124 
-21.978307820 25.516932902 -9.085977928 
-21.854767097 24.143871678 -9.249951545 
-2.587601130 34.999939761 -1.597597100 
-0.129316855 33.614045584 -3.859973175 
-22.132186657 26.509406687 -0.787604210 
-22.246745632 24.773052726 0.262056517 
-11.776821608 15.915287571 3.039435878 
-5.317185165 14.947469422 15.766230773 
-8.802231291 11.446992485 -17.518323473 
-7.029597060 13.199716725 -16.347042602 
9.228152451 3.066787949 11.874959987 
8.690117183 2.587932354 10.262469783 
-8.484278941 -4.457519590 -10.538371089 
-2.173702781 -3.036951481 -5.049195255 
17.332361661 16.191452536 9.814598663 
18.446498381 15.209803945 4.477595333 
-22.105372440 0.411351338 -9.173184056 
-21.007088822 -0.337086211 -8.175445030 
11.850727078 23.098530108 12.345116451 
10.201342832 24.234055093 11.365896440 
-23.872575448 8.162392514 -10.348831184 
-23.184783573 9.807607912 -10.051238760 
1.795875808 0.487062727 5.564414673 
4.152932788 -2.373111124 2.729899279 
4.839875067 3.235271303 -2.056191992 
-3.797808208 -4.933232065 -0.810972679 
2.175928648 0.525403412 -5.781654398 
-0.968625100 3.577752028 -5.421004851 
-5.393870107 -4.587609490 1.953511693 
-6.406274208 -2.448457983 5.062476093 
9.277129406 -0.692935407 11.821956148 
10.791682831 1.519799004 11.252289683 
-10.242131953 -6.495945005 -9.940576558 
-12.750558415 -5.600639642 -8.520067400 
2.528674984 -1.669956052 12.444910524 
-0.664601338 -0.986450357 13.949259516 
-11.135031734 -5.020708848 -10.280298421 
-11.327615331 -3.390038976 -11.276813809 
-11.164429013 2.543885173 -13.550263658 
-9.677906609 2.586553869 -12.615831168 
3.992953182 5.674242335 -1.598018713 
3.148583197 6.611664742 1.337106924 
-20.141377136 15.727283730 -12.123695273 
-19.233244518 15.427252067 -11.306142992 
4.930817051 24.714941695 13.076241528 
3.697642746 26.079978987 10.956440681 
-9.748568785 20.420863246 -22.051005478 
-9.371355389 22.285240598 -20.511532929 
-14.886715862 19.067253185 20.299111557 
-12.453144568 21.509259482 19.568648985 
-4.902987250 13.754467136 -23.056610610 
-3.080270929 13.360554696 -22.012017489 
-10.314040134 12.169546843 21.953954296 
-10.182722082 10.973586282 20.812838961 
2.774800884 -0.717346313 -5.230831397 
3.139214893 -1.016283956 -4.877649960 
-3.087305780 -3.805331009 3.965011526 
-3.140991287 -3.669188538 3.851200634 
1.797884583 11.062988869 14.401937819 
1.695168778 12.980458464 14.116669627 
-7.925159042 8.320943409 -15.010427462 
-9.920092157 9.228983438 -14.185176300 
-7.980773096 7.826232266 4.636108392 
-6.610054670 10.419398032 5.972550450 
1.786296028 11.464240421 -4.373298208 
-0.423186617 13.025768423 -6.252955894 
-3.906079409 2.667466822 3.908278373 
-5.747155341 2.861350302 2.544360385 
0.551166942 3.676164918 -4.846239337 
0.091883299 13.815935451 -5.472649722 
-1.093199958 4.140777498 -14.376100994 
-1.315429537 6.129475360 -15.250870030 
-8.982074741 1.037514378 12.186744251 
-3.594455616 4.933915962 15.382815786 
6.937891636 5.818283858 -9.218707232 
7.928893812 7.621360968 -8.332757014 
-9.920574358 -1.357252691 4.162440774 
-11.468631468 -0.056649769 4.852012186 
-0.935539897 5.760337537 -5.857149129 
2.590457927 7.637799152 0.338165350 
-3.855077835 4.365726115 5.876582486 
-6.944322956 5.280106232 -0.950309283 
-2.479500468 6.063727053 -4.973779123 
-0.356092949 6.852725758 -4.638605810 
-3.293256823 5.623762381 4.973604247 
-3.288022563 6.315595816 5.191409243 
-9.474336476 27.977595897 -3.417892357 
-11.046071312 27.550405593 -1.749091490 
-11.751349278 27.188069090 3.143351655 
-11.186737227 27.576575996 1.518854818 
0.975785264 27.176271848 -3.094014755 
2.293248622 26.687652419 -0.287924854 
-18.868738395 18.384487881 1.267161297 
-18.689015671 17.534975959 -1.363480980 
-0.508798891 14.610939145 -6.571013918 
1.353466283 15.280276211 -4.388541325 
-8.796561456 11.179884637 6.646265246 
-10.005351070 10.222456986 4.648065277 
-11.511904948 9.653271943 -4.114724017 
-8.250109434 6.852827680 -2.158834219 
1.714658304 15.406956588 6.715042430 
2.513786985 10.172145429 2.770950143 
0.734787412 27.233322055 6.787494359 
3.806071338 26.718593096 4.615036895 
-17.899525888 18.692521979 -8.190186549 
-19.224025755 16.946352846 -6.617942116 
-5.717453479 27.996256273 -3.107167815 
-5.509434125 27.209960283 -4.904050817 
-14.730601251 24.258647306 1.024933490 
-14.417325296 23.593492938 3.116929215 
-9.978077141 16.353173978 2.258172358 
-10.103471816 16.811786046 0.086464609 
-2.271841998 19.468115517 -2.885603840 
-2.923548851 19.805218143 -0.715819278 
-7.880753208 14.614269352 3.879521744 
-4.121276549 4.983905015 4.192720382 
-2.899751844 16.750055658 -4.494060488 
0.448819971 6.093018732 -4.190839356 
16.877488018 9.208738853 -2.438778762 
14.796031831 10.149756373 3.567049755 
-11.740359363 -2.986724443 -9.339770280 
-13.107968386 -1.489602278 -8.868621189 
2.950108876 -0.129366161 -4.773934424 
3.100651397 0.725365940 -4.844658367 
-2.760757454 -4.385473480 3.643945871 
-4.307446648 -3.229647982 0.432386740 
12.334498677 11.319183336 -17.027685175 
12.005763562 11.308438139 -15.777196208 
-19.039532459 -3.447752428 6.680693528 
-17.403116267 -0.892357602 11.003159280 
13.284109235 17.591894743 -15.773565904 
13.781063747 19.063194196 -12.851396513 
-22.908850879 -0.508955265 3.005622145 
-23.173745403 1.668753719 3.636025798 
5.176103051 18.034393792 -17.413163208 
6.998446560 16.968139858 -15.111651330 
-20.641802996 7.695518610 12.582906219 
-20.233569238 6.711556594 10.237882933 
-9.719642620 20.331878698 -17.341463566 
-8.879002823 21.300634355 -16.132942916 
-10.966107220 22.265771685 17.703180068 
-8.133232447 19.563640266 17.255757947 
-4.198880913 33.803805597 -8.423802258 
-5.722283911 33.084079181 -7.135537290 
-20.005244187 27.183149773 8.471409283 
-19.421883503 27.462645992 6.076204868 
4.845992723 31.824056285 -9.757123796 
6.263238251 32.532922078 -2.097567706 
-21.963197748 23.355446741 -8.438791544 
-25.124345764 19.714548050 3.773868311 
-8.745531502 31.804301818 7.271557105 
-6.206513778 31.208344080 4.064564831 
-18.285151260 27.364797624 -7.145180583 
-17.945010250 25.769266649 -6.011972323 
-21.501294469 21.644782240 4.857003527 
-20.548900465 20.711625696 4.451678691 
-1.080716824 29.397936776 -14.703350027 
0.149070673 30.067183597 -6.226388533 
-5.219819177 4.086981125 4.418157750 
-5.039653250 -0.675842049 6.910084217 
-3.976026646 23.194330986 -20.330008426 
4.695752349 13.164151965 -0.153691277 
-10.343559815 22.870529192 20.570996706 
-7.710873329 20.660777429 21.302797725 
-12.210182454 21.951183216 -19.636065294 
-11.749416536 19.472575290 -19.881575817 
6.863057792 28.598441880 -9.543409202 
4.741711385 28.434985322 -8.430412714 
-24.430203833 16.037312454 -1.466517912 
-22.784784864 17.639600651 -0.574720169 
16.771601041 4.391316915 -7.755807208 
16.101229098 5.077794534 -5.642916153 
-4.051317862 -5.629002731 -0.977469964 
-4.180101932 -4.706634738 0.074255590 
-5.530418877 1.614479399 -1.825023093 
-5.493479637 2.074302723 -2.114842938 
4.705329033 8.040182945 -0.622115929 
3.199923803 9.358876259 1.830081676 
11.079731059 16.681517785 -18.611770767 
10.073049973 18.290149869 -17.546467599 
-8.666265966 -0.687474724 16.756992397 
-7.642638702 2.006625479 17.461697476 
-10.557682398 5.293682268 3.418387375 
-12.617562840 7.472171369 4.052576148 
4.785343387 12.689801986 -7.188451994 
2.475824645 14.394202571 -9.996093913 
1.425335888 5.862353341 3.522599252 
0.645800919 6.246692767 4.107302068 
-1.005677626 5.225467839 -5.173269130 
-4.550063422 4.271133982 -5.381351167 
7.474726461 8.101593457 10.651689925 
8.442285972 9.549406133 9.304875300 
-10.987825973 1.547794026 -10.446671614 
-11.538024448 2.026163991 -9.815807562 
0.599403644 7.347750942 15.154589865 
-0.251018684 9.436359165 15.696812188 
-7.354342226 5.793001814 -15.804937389 
-5.114516577 8.170290706 -16.645066878 
3.199360280 0.000949384 4.308208943 
3.038348024 0.670734445 4.861455420 
-4.195211578 -3.436742822 -0.836768633 
-4.291600704 -3.236594702 -0.450976558 
-8.560614490 6.580149543 -4.490865664 
-9.230300426 7.988336799 -3.768431614 
1.824439266 11.029445645 5.930565795 
-0.787041521 9.251356653 7.565500265 
1.885188589 11.468115080 -14.331439822 
0.748065305 13.031853469 -14.038831867 
-10.801307819 7.462804650 13.531351047 
-9.271513009 9.941269274 13.933270874 
5.840434675 4.688805214 -12.550842701 
8.120477203 5.228572192 -10.580396762 
-7.539936465 -0.482925448 11.992601107 
-8.000820274 -1.137913755 10.857795088 
-1.659270519 12.043898310 -10.428241922 
-0.505152191 11.331611769 -10.231632935 
-5.527123647 10.590213232 11.173498184 
-7.487631506 8.600560984 10.370045165 
-11.505501162 15.891217876 -3.504383456 
-11.894899339 16.030279004 -1.189891644 
-1.567357861 20.150091077 4.648141966 
-0.663185677 20.581008325 0.701964290 
-2.592642604 28.695237662 0.754173385 
-2.693120698 27.883133472 3.768743655 
-16.526795146 22.463154001 -2.958787696 
-15.488538324 22.532871609 -3.853661361 
3.520101215 26.993810818 -4.832076310 
4.844285099 26.366519959 -3.265252179 
-19.986541883 17.267949263 4.348842770 
-20.383309849 15.679857525 3.021539732 
-11.875905371 10.621670556 5.466933137 
-13.894354921 11.234050593 2.653811585 
2.326850163 16.692969708 -6.630613297 
2.695325257 18.192655008 -5.675968634 
0.146113741 13.486750362 8.489313509 
0.020832235 14.837774782 6.684749326 
-8.602978371 9.944143237 -8.440702604 
-8.559690305 11.460040861 -7.159770934 
-1.525429886 28.524803135 1.870849268 
0.049835970 27.834226461 -2.243561237 
-17.265905177 22.065283383 -0.849567618 
-18.133338896 20.090410945 -0.134652258 
-9.513019019 28.440212619 0.671432622 
-10.908433360 27.661620385 -0.757645620 
-11.279186045 27.732636091 -1.124958228 
-9.813253798 28.117288806 0.353947956 
-4.302135554 9.223057791 -9.556494334 
-3.818472489 6.470787410 -4.613087645 
-1.768133459 10.037097252 9.067222723 
-1.090637866 7.316635263 4.312926534 
-13.177522059 9.338468822 -0.607243775 
-13.056583523 10.024962285 0.249850870 
4.669192862 16.650665716 -0.850314598 
3.784754484 16.766329916 -3.333330547 
-12.533719007 26.412732626 -5.327961371 
-12.242421043 26.888050299 -3.507707061 
-7.292419727 28.542487444 4.480604893 
-8.258132442 28.533374372 2.817893439 
-5.157158766 25.271106747 -10.840151183 
-4.647867093 24.470258685 -11.324921549 
-13.788818640 21.834223396 9.452581281 
-15.070054423 20.130533507 8.864661717 
-11.972355896 14.874694518 -2.043839313 
-11.089003702 16.074005161 -2.532206057 
0.101044150 19.800126566 2.011472181 
-1.807086356 20.000789465 2.967039606 
-8.837857651 6.703156263 8.203192731 
2.498775240 9.083793113 7.546453885 
-3.617150979 -3.742492801 -1.801830903 
2.343105718 6.138444273 -2.348518265 
-4.410933024 22.703440630 14.430179325 
-1.168659987 22.183033890 14.359495294 
-13.753298164 18.060475104 -13.397463902 
-13.172322717 16.646800683 -14.099870387 
-5.091169168 27.258396137 7.457443771 
-2.696827453 27.854934190 4.191422152 
-15.328080693 22.519124080 -6.685032457 
-15.240916142 22.582253710 -5.280576442 
-6.145465978 0.491865272 -1.546504582 
-4.448508915 1.671539636 -3.826319717 
0.675769204 11.009466138 5.478355736 
-0.735251468 9.999270012 5.414506912 
-2.132676392 16.485580036 -12.141704750 
-1.844464349 17.863303361 -11.224117960 
-10.092889466 1.285482273 12.221754328 
-11.958470971 1.598171280 11.151878864 
9.332393737 4.627116333 -8.081176073 
10.630564532 6.553852641 -7.112509661 
-3.027537630 -4.644018732 -2.737258589 
-3.661205112 -3.194103842 -3.546204059 
2.755040186 1.202612243 4.749976315 
-4.702880837 2.878451472 3.792277183 
-12.557503464 -5.913654727 -8.626680706 
2.028883119 4.387997989 -3.552559353 
-6.109822985 2.113691073 -0.189370596 
-5.545282333 3.104655636 -1.304060442 
3.297616013 5.023189028 -2.317777418 
2.672907225 6.013785185 -2.781452357 
-6.038201891 1.189187735 0.665313036 
-10.477741734 4.939377120 3.184907056 
5.309654946 9.062443677 -2.476124989 
5.292617895 13.053813421 -3.959127983 
-8.797920594 0.206554317 -11.514347968 
-9.476666969 1.905111046 -12.600318142 
6.293281943 6.551515083 12.410981854 
5.834739067 8.394383155 13.306277771 
3.037188634 3.970993676 -3.062398452 
2.631222153 4.046046217 -3.436266474 
-5.584925990 -1.953939696 0.547165870 
-5.981794191 -1.049411247 1.164325910 
14.568995315 19.075167256 12.969648214 
18.174935197 22.316211857 3.143962597 
-5.407747910 -0.149054870 -12.129906916 
-24.190939876 4.460169530 -11.276064947 
-1.402774613 19.810804723 14.325389526 
-1.768360811 20.458148251 12.606193824 
-12.853909552 14.404482987 -14.526460579 
-5.885688700 19.266434825 -7.337521748 
-4.721786495 2.447949143 -3.562497386 
-2.328641698 4.673199842 -4.194105953 
0.008324383 4.876033721 4.114302095 
-1.616299732 5.289363297 4.070375750 
3.179752143 2.905270206 -4.763367818 
3.180757422 3.145804930 -4.867708107 
-5.626311293 -0.985112514 1.695010321 
-5.540052330 -1.713158535 1.033760708 
9.874919806 20.642173924 -18.536308408 
9.502064619 21.708232781 -17.996811207 
-24.996333032 4.177937819 9.634305545 
-26.691906733 7.534101540 8.364708273 
9.730658084 8.286095025 -8.438594252 
4.043071366 4.932757714 5.613280645 
-5.138490726 2.518625944 5.892211653 
-7.019087408 4.380837037 1.632380812 
-2.256481028 8.561672134 -4.481153636 
-1.900775337 8.346563715 -4.416360127 
-3.293227086 7.918543083 4.706313900 
-3.733524148 7.666432325 4.550277389 
-2.035473726 15.129958952 -17.457178427 
-2.835828104 15.644168765 -17.354059438 
-9.800660340 8.650784832 16.421441632 
-11.105526236 11.105483117 16.525835162 
4.701679465 34.166817509 7.132959359 
4.176682450 33.327293908 9.784619219 
-22.483672425 21.823965229 -13.337680355 
-21.615186879 21.692820790 -14.376101929 
7.040965591 24.248231455 -4.481381496 
7.739281424 21.723619018 -3.838567056 
-21.060006423 10.149826829 0.803050059 
-19.481855249 9.418579454 1.489288026 
-8.321192862 15.000006977 -3.420365511 
-8.104535131 15.711304499 -2.893278783 
-2.776622863 17.110306831 4.054570842 
-3.959889550 17.412640398 3.580419526 
-10.144510521 28.832762000 1.514074443 
-13.096289706 12.449004722 -2.563394976 
-11.409151010 27.802544755 -0.661603771 
-10.815090479 28.329462241 -4.644015431 
5.574880918 31.952350576 -12.270777920 
5.363272782 29.581284597 -15.829004916 
-27.482031530 17.535054779 6.545782122 
-27.504887265 16.579951801 6.432974712 
-10.525173241 25.423805066 -9.421803712 
-11.243890708 14.003554695 -4.296424413 
-13.638970824 25.486245829 4.647118194 
-10.851632862 24.593612049 6.838906553 
-9.118915683 11.537964498 2.796316653 
-6.312023482 15.836262768 3.823463724 
-0.107338803 15.511472192 -3.323597145 
-3.748226164 16.727805786 -3.912283278 
3.398409911 28.020597521 4.439519106 
10.645331951 24.486761180 0.412842407 
-21.563544378 10.412366996 -6.552916364 
-22.050680279 9.326428238 -5.287663589 
-8.222526609 7.302212455 4.183641554 
-9.341204295 16.558062061 5.858631403 
-3.718399639 17.436198918 -8.290380899 
-5.242545204 18.097642918 -7.235999564 
3.602583258 -0.430580395 3.749016295 
4.504573192 -0.796937493 2.731734953 
-4.320123161 -3.314728310 0.292326840 
-4.702708813 -3.423221900 -0.773921257 
8.224774109 6.438595056 10.583478882 
8.472575519 6.030962926 10.009237853 
-9.673672015 -0.100325355 -11.553271601 
-10.518032740 -0.919652852 -10.210267084 
4.106764387 13.075967217 13.376379196 
6.001907956 15.693675816 10.932720974 
-10.555310176 7.720603898 -14.034972403 
-11.905075517 9.088876588 -13.240110779 
0.214199077 5.975625464 -4.138239833 
0.628822200 6.313768182 -4.005876933 
-2.694766097 5.091252404 4.924993545 
-6.211150371 3.924749537 1.588185365 
-10.525722018 5.832806115 -3.534308347 
-12.294745872 8.453413186 -4.942569968 
4.267827785 12.569489064 7.370259178 
3.559246312 14.641961777 8.198323397 
1.472378843 6.816699552 -14.706622166 
-1.737965153 7.031916438 -15.609970844 
-6.855796287 3.986791381 15.019742311 
-9.365954970 5.221686301 14.973599726 
6.990353393 7.940037534 -10.775863636 
8.525130571 9.693197624 -8.950222229 
-12.965373273 0.445489231 6.449500168 
-11.888027768 1.592400242 8.638177189 
-0.592397797 14.414899323 -6.912495540 
1.895163239 14.275372851 -4.868695786 
-9.205512356 11.010751142 6.473430133 
-4.600912495 5.984786820 4.538850342 
-12.377671820 12.577765939 -4.961722714 
-13.208566167 13.381450146 -4.062167200 
0.547915987 17.703308098 7.339233478 
1.898009734 19.419858359 4.792022821 
-6.991080314 29.091595025 -1.436252606 
-8.230117946 28.786863402 0.935222092 
-14.242986638 26.063682719 0.499296116 
-13.136433238 26.685877219 -0.761763476 
1.493445572 27.635677057 -0.784703150 
2.592872811 26.771831430 0.929921610 
-18.753564238 19.209169004 -0.063549630 
-19.026163482 17.586180765 -0.740328505 
-10.406083614 16.196650849 2.063730513 
-10.503082837 16.619472773 -0.181279244 
-2.397720712 19.365409703 -3.691982189 
-2.558990308 19.936796206 -0.884479287 
-1.857952235 12.822168392 10.044918033 
1.421248427 13.133230094 9.070030205 
-6.234330711 11.185930876 -10.653023179 
-7.100409213 9.816460239 -10.370896146 
1.544062608 28.513923839 1.628254961 
3.963618946 27.627836067 -0.479434054 
-19.239330202 19.669263665 -3.647954880 
-19.842689948 17.934510257 -3.869275704 
-4.226346240 28.107443688 -4.465403889 
-4.737244108 27.082006676 -6.139888130 
-15.648035014 23.372450865 2.847353749 
-14.334806518 23.232946980 4.761701050 
-15.519025984 27.670800754 1.655052344 
-14.023230245 28.853599398 1.517556222 
-6.685590329 31.265704795 -2.726583764 
-4.328742999 29.130606766 3.840684801 
-9.439074143 11.862032550 -6.570755375 
-5.730100373 8.432905404 -8.528373763 
0.070741010 15.754571438 6.344551926 
-1.653126069 9.769269617 8.483728786 
-6.609114138 11.109068601 8.615311937 
-3.580122313 10.784704213 8.066424887 
-5.385827531 11.417855819 -9.328547333 
-6.128154482 9.617097990 -7.786890741 
-13.513547790 24.054573417 1.748353824 
-12.222301486 25.624215062 1.933865018 
-6.130361384 27.097657260 -3.407994723 
-8.126297509 27.378185566 -2.877640969 
-1.135741228 -0.380301270 12.461121636 
-0.530862416 0.547242904 13.265901328 
-2.873718953 -0.741668118 -11.592547761 
-3.802264341 -1.222441554 -10.864868558 
-12.074007260 7.715015595 -2.751085073 
-12.688137489 9.183857267 -3.572866087 
5.385737261 9.344244446 -0.362000944 
2.271127808 11.565710875 -3.994760814 
-3.755820147 2.978235958 -4.088625518 
-3.766173510 3.429286226 -4.422835622 
-4.267024440 4.684450616 3.363905680 
-4.681710945 4.783678074 3.106108778 
5.116409656 1.645342622 2.095577797 
2.656447180 3.789325502 -4.182074605 
-5.684164389 -1.956491801 -0.883806206 
-5.669757256 -1.879581008 -2.023515993 
9.154911000 5.099670882 -9.423806603 
10.375294162 5.777567010 -8.001202700 
-9.174761281 -3.093144764 7.710423522 
-10.047696060 -3.104484530 6.777947911 
-4.791723441 1.426423570 -2.776978233 
-4.770987380 -1.205631932 -2.739698958 
-0.200012165 -0.547459495 6.586961713 
3.151125651 0.428110592 4.515500417 
-8.131031441 18.589005556 -3.879633181 
1.973369943 16.086476540 -1.991836132 
-2.103678882 14.858876134 6.457486063 
-4.479568732 19.894380618 2.028995414 
7.720660795 7.591377560 -12.038841227 
8.967589399 7.937570462 -10.756029076 
-15.056939474 1.235034646 7.653611963 
-12.861578147 15.656434373 6.652711343 
-19.977321004 17.257621886 -7.302712605 
-19.065247461 18.566395268 -7.854466297 
3.274031972 26.856700428 7.944999291 
1.014728247 27.051880483 8.826013824 
-5.653803271 4.056990262 -2.570265300 
-5.956455529 4.636297936 -2.886056071 
2.957798926 4.893603477 -2.970637332 
2.897647674 6.515670815 -2.560979912 
-3.236701369 15.605796640 7.333931928 
-0.287368187 16.841452114 4.526718482 
-8.418163389 13.307798109 -7.090362611 
-9.482546519 12.998305701 -5.402121936 
-6.457428474 -0.134365179 -13.122405421 
-4.053049265 0.631707982 -14.201726659 
-7.537861835 12.183084332 -7.526563047 
-8.120541780 12.295436765 -6.825549148 
-6.477422272 31.912705799 -10.460610473 
-5.085935829 30.590440862 -11.408763306 
-19.155838465 27.047817158 8.270581205 
-18.417200201 25.295543993 9.168035777 
-14.442177185 30.222801568 2.349555648 
-14.433807635 28.666426109 3.044599959 
-9.635814129 32.914846810 -2.215127834 
-7.770633280 31.540135198 -3.907562068 
0.497727085 33.568947299 8.890412168 
0.186529831 31.326247753 10.707788031 
-19.968893583 24.644929656 -12.259489505 
-18.954492218 24.060621264 -12.116885827 
5.475621207 34.790457227 -0.300485820 
6.534388157 33.231384726 -1.281112204 
-26.276588896 20.947017691 -4.527988354 
-25.848278190 19.656465514 -3.677591467 
1.289171110 25.553948801 17.419556435 
-0.306712725 25.707172947 16.128243060 
-18.660364541 16.224571491 -16.273412770 
-19.575256244 17.520986116 -13.604841642 
0.755156655 8.955945564 20.203198998 
0.299644552 8.449522206 18.844147872 
-8.463050076 5.196578669 -18.790228553 
-7.631374616 4.506226651 -17.256755054 
17.512165812 12.939436281 9.775374359 
17.153032871 11.670217619 7.267026803 
-20.891627665 -2.707670668 -5.823336816 
-18.778398878 -2.707623969 -6.785909483 
15.946837839 22.216964275 10.165288273 
15.013151256 23.483223835 7.963391148 
-25.392558522 5.486353024 -8.620489361 
-25.045208638 6.880187128 -8.026967801 
4.561417260 1.042844629 17.229082149 
2.523457014 1.618893626 17.126608585 
-3.117919408 -2.373798588 -16.012375596 
-4.400242964 -0.946115943 -16.148978360 
12.213622995 0.337424822 4.286657546 
5.130717394 -1.553561580 0.834429773 
-4.319363795 -3.825172966 -0.228918703 
-4.447728505 -3.806240847 -0.090891115 
18.041145904 17.080770597 7.092852986 
17.243682192 17.854357638 3.714551605 
-22.382781409 1.144726757 -8.690577561 
-21.470052994 2.055535463 -8.759362748 
13.075344196 17.114263430 17.043007510 
10.560805360 17.665655012 17.827864150 
-19.270961011 4.668031145 -16.615912112 
-18.543822221 5.813261316 -16.547893562 
-3.037105149 6.122759705 -21.818721392 
-4.554235345 -0.788038255 -6.957153742 
-3.212959736 5.317551042 20.986046819 
2.454812462 0.151426095 6.620721763 
-16.768959447 7.845525805 -16.465164607 
-15.930161378 8.192454389 -15.808607323 
6.699156624 16.820023774 17.227602930 
8.391721948 18.340177090 13.756461454 
-13.392060089 22.622562714 -19.332019648 
-14.500237550 23.028956713 -16.933917592 
-7.454042609 25.453970185 19.011773282 
-6.424950328 26.684096586 16.661513751 
-6.206861625 20.980675741 -22.977041559 
-3.683824336 21.107233480 -22.028802784 
-13.870970868 19.139074016 20.845253582 
-15.170163087 17.300466194 19.692293394 
15.440836484 30.508524935 2.025264734 
15.319658352 29.681386612 -4.882651410 
-30.396388247 11.172996597 -3.135658841 
-30.100842871 11.015452205 -0.881939531 
0.624695737 30.427291231 7.527925757 
-0.636801099 29.585922004 6.080028868 
-20.095590676 21.359922554 -8.705852562 
-18.379304724 22.016776623 -7.468516707 
5.639679601 14.390978762 11.745456928 
4.173559171 13.569884051 10.209207264 
-13.564506700 7.737743568 -12.128276685 
-12.010234032 7.845244468 -10.541877547 
15.324693057 15.822110230 7.546831875 
16.252492495 15.238064987 4.136074921 
-7.372287238 -3.428449146 0.642928141 
-7.583667279 -1.119899231 0.302709664 
16.234061773 26.958831757 -9.348509895 
14.388326290 29.049024978 -8.293608385 
-30.493033932 9.031098237 0.816348400 
-30.153014011 10.306858707 1.897182203 
15.619581316 16.245256192 3.291723455 
13.264012726 15.433770186 6.004747980 
-19.249839779 2.214369013 -7.948237937 
-18.173663771 2.870161786 -7.314798830 
6.424501049 8.302982437 -10.591755862 
-2.100627884 6.250720885 -4.631849417 
-12.295137416 0.447966666 6.429689713 
-3.437904929 5.707363894 4.652014557 
9.981967626 16.982789056 -15.001874852 
8.504344873 18.182185993 -15.605030441 
-18.586052490 4.617771028 13.438250766 
-19.932301023 6.417868592 12.545543846 
8.402213864 27.283460369 18.574493963 
3.921499935 25.338558196 21.892382533 
-23.137368408 13.687651555 -18.404703743 
-22.006340497 14.516861111 -18.729183253 
13.846799607 18.047920106 7.921493199 
12.898837908 16.108708753 7.888007959 
-20.692262459 4.115421991 -7.969118774 
-19.023559850 3.838546920 -7.303913052 
2.356507857 26.558902081 -1.014889352 
1.955692400 24.663852261 -1.674375701 
-20.351700659 16.513032395 -0.681410766 
-17.740240505 16.496132355 0.682006297 
-0.762936780 32.595718415 4.854871603 
-1.931050101 32.063111544 7.039457969 
-20.733584677 22.863170120 -9.136620770 
-19.410757292 24.228569931 -8.102739204 
2.287322141 23.336182672 -24.262272274 
1.253054873 22.724484584 -24.274061996 
-25.729858773 14.576221383 15.467163625 
-25.921124429 12.998446504 14.528369093 
-10.486016944 19.549415967 -18.286025299 
-10.479103210 19.367385013 -16.405081214 
-11.030398874 21.639487714 16.510758693 
-7.995805739 20.610516156 16.181128576 
-6.042639891 28.168691826 -3.710517476 
-6.533219144 26.136913385 -2.302710107 
-14.957710600 24.029186365 1.426679384 
-12.956458369 23.280255576 1.275459906 
2.228308331 32.042890888 -5.481836704 
4.310662904 30.886623153 -6.179172105 
-23.726785435 20.457591816 2.002935695 
-24.020916032 18.819712891 1.860714976 
2.798093244 31.197632140 -14.305062830 
1.419907015 30.787652147 -12.104033700 
-24.697329239 21.251065833 8.647218771 
-22.886763331 22.534690031 7.890749717 
13.007526173 23.099440393 -19.001075055 
14.918444705 22.707169972 -16.380482835 
-29.992148010 5.551437485 6.829519828 
-28.045139963 7.082646432 11.015708067 
3.749253946 10.717947958 -18.196056539 
4.483486839 9.924799614 -16.925215892 
-12.402829407 5.868946366 16.880058161 
-12.406034131 3.936863502 15.208474417 
-4.824984346 15.996873828 -16.927481575 
-4.756084114 15.546530151 -14.380170771 
-9.803895580 14.167429543 15.925498623 
-7.024493098 16.145632059 14.250784679 
6.748020177 30.894106750 10.892563228 
4.654829271 28.965460486 11.995277509 
-23.824642286 18.595417086 -11.405899473 
-22.805902976 17.740749458 -11.046830280 
1.877855614 39.228872548 -2.741280603 
2.382387426 38.089567586 -5.195170053 
-28.258247148 25.922190214 -0.157829727 
-27.416836687 26.019611734 0.024404428 
-12.798074815 29.817767953 -2.372206439 
-12.190834618 29.849181566 -3.187089254 
-11.681284261 31.479453993 0.072678999 
-11.729669823 30.731092456 2.417071761 
-12.928388739 24.131624172 6.090736450 
-11.205337920 22.974780618 6.618909257 
-11.231629228 26.425746591 -8.199708753 
-7.652808996 24.971001721 -7.093271366 
5.516032297 6.473991093 21.166547565 
6.341240081 5.728721713 18.159523878 
-6.389395557 1.970206668 -21.060932241 
-6.959527675 2.528481408 -20.110542799 
-2.877284627 15.582731274 27.501646408 
-4.073613730 17.872422215 26.492080096 
-6.161639020 16.724925760 -26.865597928 
-6.367502128 17.091243166 -26.080612461 
-14.945914476 8.334686892 16.361263142 
-15.382113914 9.725117529 15.947357869 
6.549615535 16.515745171 -16.880900293 
4.487977487 17.988607706 -16.651984464 
-10.400746023 2.092611468 9.689691927 
-4.579665789 5.359635479 4.980450211 
4.405441778 7.340824230 -14.662438259 
1.350289751 6.481612689 -4.474440177 
-0.748419915 6.100066932 -22.724977153 
-1.025998155 5.973167811 -21.222857841 
-8.656647847 -1.469377369 18.097981625 
-6.251270277 0.588878792 18.015773347 
13.919258383 10.753327352 -21.263804526 
14.467209571 12.485406008 -20.149692257 
-22.882533706 -3.649193243 11.639034114 
-21.947208595 -3.468002011 11.515069653 
13.096255514 2.962212145 -4.819299083 
13.528959523 5.001366447 -4.234589206 
-3.305965037 -4.343145774 -3.135504866 
-4.107907665 -3.896341785 -1.842105071 
2.417245553 -2.661338541 -5.986475436 
-1.602984458 3.743237935 -6.992920226 
-6.270725900 -2.181779120 3.900105963 
2.867620679 1.169998065 4.682695554 
-9.852155437 22.992630340 16.758230847 
-10.603912655 20.204853853 15.680270265 
-11.888859881 19.833843385 -17.933057053 
-8.836507602 20.538227770 -17.379396242 
7.892926118 19.667440578 15.690929138 
8.371102129 16.979286826 13.870941394 
-20.202418116 7.475914780 -12.655261182 
-19.359480391 7.486252426 -12.153498393 
-0.026843700 32.904939838 -8.903776447 
6.011593063 32.748946157 1.320440707 
-24.703111557 19.578445656 -8.921019199 
-24.059676521 18.879388552 -8.337753111 
-4.168242814 34.591244703 6.064650094 
-5.027691237 33.449031703 6.444375771 
-19.387126215 27.301972129 -9.287978267 
-17.809584039 28.018925267 -7.961107676 
3.001838211 -0.091895908 4.698760071 
3.101102991 0.733104614 4.828358091 
-2.756677208 -4.315280889 -3.736001691 
-2.994286457 -3.849731279 -4.221616846 
14.275041184 9.112898162 -7.262719908 
10.654392898 8.372264845 -10.506654456 
-18.224618763 -2.904622663 1.405602851 
-15.811326595 -1.859181895 4.789106100 
17.068572690 16.666837932 10.321867075 
14.912449256 19.889141856 9.951600114 
-22.778191511 1.869014479 -8.095629613 
-22.289850489 3.311010470 -8.221211523 
16.441187021 12.322153059 11.110616315 
14.723678758 12.938816555 12.105037254 
-18.055690444 -1.498970284 -11.385011852 
-16.487918420 -1.101382690 -11.688014879 
17.602478412 5.444654038 0.489889858 
16.805890011 6.477321163 0.909504135 
-4.134573126 -5.575929282 0.956376705 
-4.273376316 -4.622259190 -0.053009489 
5.673040512 29.761318766 -1.597061513 
3.526999502 29.492382519 -0.956393635 
-24.166176825 16.180626723 -3.378264612 
-20.190815944 1.086996341 -14.715774633 
4.137161873 5.060525518 19.313950899 
11.558995767 19.043067340 15.773375858 
-12.867464542 1.753007258 -18.736451285 
-8.447919919 2.274314065 -18.198055024 
-5.517871170 1.620165831 1.911114994 
-5.563042577 1.992865874 1.784610119 
4.691362021 7.953388324 1.069599037 
4.243944423 4.563358120 -0.727952452 
-21.259610006 21.284005091 -10.795178403 
-20.290701289 20.888128791 -6.313006984 
0.109348371 31.404063626 8.578176009 
0.588239252 30.461122458 3.433735746 
-9.093263111 31.778841429 -7.454111759 
-6.123276961 31.673532074 -7.789221015 
-16.941360239 27.794399570 3.961943915 
-17.629539309 25.942020578 4.997717947 
-10.571303063 20.059039932 -21.973780532 
-7.591447819 22.887695883 -20.211490543 
-13.233051528 21.049063325 19.727227156 
-14.137932363 21.100888879 17.959473023 
-5.384942967 3.999485343 -4.288520761 
-5.248168762 -0.703063191 -6.755301644 
-6.214052799 23.667137805 19.963070234 
2.375821714 7.403503211 0.266280005 
7.163858694 5.774343200 8.900666117 
7.921342795 7.547669030 8.278376939 
-8.769345209 -1.377676245 -5.434716587 
-11.149956970 -0.013124421 -5.549950552 
-0.839474103 4.237170445 14.370559912 
-1.222038666 6.126914001 15.218276098 
-3.142572240 3.362663781 -14.615835087 
-4.458458873 4.669098057 -15.282278007 
-2.306566197 6.135608939 4.956511801 
-0.416707761 6.837529555 4.667564226 
-3.589440322 5.458951402 -4.920548994 
-3.952337355 5.854385575 -4.837914616 
2.588115611 7.218894540 0.107572447 
2.587113572 7.603180589 -0.786075109 
-4.001139507 4.286080496 -5.835677833 
-4.148506528 5.134584932 -3.906060269 
1.399548912 11.238656081 -14.498477512 
0.487907898 12.571706661 -14.578214940 
-11.751186779 6.803180955 13.112069346 
-9.319915020 9.445273223 14.433665756 
2.790050617 -0.714554774 5.224776475 
3.139230461 -0.974036802 4.870229789 
-3.083497308 -3.782493680 -3.994083350 
-3.161361742 -3.666077189 -3.852942403 
-4.571519418 2.056534449 -3.091894612 
-0.120917354 4.327203295 -4.545767310 
0.075407476 3.551407812 5.023572538 
-1.684183110 13.435465604 6.616878828 
-7.361732684 8.216105663 -5.098304881 
-7.342403587 10.097744311 -5.681500640 
0.918464723 10.839086940 5.636544984 
-0.961638421 12.894969611 6.609799270 
-5.819820183 28.185655525 1.217383045 
-5.589632409 27.502331335 3.482843713 
-14.440238726 24.194866749 -2.634680003 
-13.494922411 23.826503189 -4.348026512 
-1.165877728 26.466049996 -9.118332636 
1.938769181 26.011246628 -8.021848755 
-20.120820969 17.715393040 3.505771266 
-20.127466173 16.681020440 3.904094682 
-8.572676129 14.200750719 -3.574909748 
-4.564944738 4.731512404 -3.902344019 
-3.034275983 16.774304777 4.561465588 
0.467321528 6.088128290 4.180801085 
-10.306552923 16.120866412 -2.119025272 
-9.894397315 16.965284290 -0.260869131 
-2.595308874 19.374524185 3.370740089 
-3.070280743 19.788738112 0.878513555 
1.715560033 27.230262848 1.467200896 
2.556318484 26.572617129 -1.576472673 
-18.361063451 19.128797066 -1.779769612 
-18.831416277 17.503080776 -0.377252171 
-9.028863735 28.238082596 2.961140143 
-10.157079619 27.959233165 1.256301444 
-11.567784847 27.153320378 -3.650508259 
-10.831752806 27.700955620 -1.845326149 
-10.754513345 9.947734966 5.206941528 
-7.922668158 7.069402860 2.747497128 
2.459495798 15.554184706 -5.843096024 
4.084533004 16.530093424 -2.804674616 
-0.437968261 14.615660099 6.517595028 
1.461544177 15.182692507 4.377324161 
-9.032681042 11.076432884 -6.487541426 
-10.004696919 10.158993962 -4.679174933 
5.997782575 2.929544370 -14.091967758 
6.304603461 2.944708792 -11.844654385 
-8.733342733 -5.446936087 8.605721047 
-2.269667058 -3.074753330 4.961351088 
-3.000743501 15.165991554 -17.749475760 
-4.738688546 15.260171879 -16.202429244 
-11.001125052 8.303386796 16.628647736 
-8.700920836 12.159525176 15.862623026 
5.486571028 10.611710360 -14.930463245 
9.409089840 24.184463144 -12.274902871 
-24.638446348 7.480873813 8.460891953 
-23.841949740 9.127522909 8.782653274 
14.501915435 15.698646102 -14.400141535 
16.413085807 15.143702529 -10.096083794 
-23.119263903 -0.864197711 4.675243039 
-22.126697877 -1.030159022 4.396644950 
-13.200396909 25.674298595 -12.500196721 
-14.010273207 23.812935437 -11.351859423 
-8.262088873 28.484200194 12.828361171 
-5.784684046 27.262662017 12.569203293 
-15.786710716 24.010029109 5.100041620 
-5.057525006 9.707159451 9.349130639 
-5.714501828 29.224879459 -5.660818513 
-7.562496189 27.526375745 -6.742152536 
-2.065295728 35.117261585 0.502354458 
-1.291738080 33.783616955 2.528438913 
-22.730483819 25.795393619 -1.021200765 
-21.420989601 25.295760935 -2.612222359 
-1.955310138 35.002712113 -6.771696834 
-0.418698831 33.397514071 -8.638433648 
-24.333466758 23.647957282 7.451223249 
-22.441113592 23.933165673 8.430310488 
-20.833418242 15.513094267 11.015526970 
-20.330329604 15.542647782 9.759559763 
1.029603121 24.943017021 -15.921103880 
1.187078044 26.060948432 -13.285342346 
-6.670993163 1.298554599 0.120964497 
-6.708436515 3.502683502 1.484689950 
4.000131551 8.956737562 -16.420693951 
3.846008074 7.255086940 -13.924849672 
-4.003634212 14.802713609 23.011081229 
0.122453091 14.551118926 21.369071103 
-8.955031602 11.546793132 -22.151026068 
-7.128653182 11.234030898 -21.337239637 
-8.530343870 20.574294106 22.010252472 
-8.338953697 22.514658993 20.665959667 
-9.768552480 21.734323663 -21.169534178 
-11.263980167 22.251978993 -19.642611263 
0.954428063 3.351830121 5.329162718 
-0.074565473 3.578730468 5.251149437 
-5.481303204 -4.525165548 -2.066533127 
-6.390448154 -2.363753325 -5.230064643 
1.819398907 0.460777284 -5.568407632 
4.146493933 -2.441637297 -2.835491777 
-4.049318134 -1.141312133 -4.705820379 
-3.728945078 -4.737075884 0.261564705 
0.254634026 -2.325065672 -12.727338496 
-0.856443740 -1.122700460 -13.918878048 
-11.660771135 -5.320833306 9.457204546 
-11.895739799 -3.694840841 10.565876765 
8.751490959 -0.878732419 -12.262852891 
9.672436508 0.718438060 -12.269340456 
-11.279255198 -6.958226179 8.471226630 
-12.825128243 -5.998225685 7.977351097 
-6.887186512 2.576691929 -13.812573828 
-7.291497651 3.957125663 -14.441183444 
2.583304623 10.157283073 14.165073122 
0.019006679 11.219204428 14.741184191 
5.028709415 -0.193383674 -2.013181044 
3.634476809 -0.262186318 -3.881550952 
-2.433741849 -5.191295210 3.604037786 
-4.268901897 -2.537313153 10.096144968 
0.834549137 3.967305392 4.662906776 
1.374554733 4.365712484 4.609395313 
-3.834415556 2.009692062 -4.930341919 
-3.368705081 2.392761360 -5.235030124 
-6.179051718 5.538117465 -1.716669519 
-9.525259727 8.959398008 -2.642388181 
2.481990169 12.374786595 1.738768250 
2.023091067 12.334728987 2.319222574 
-14.472223660 22.464998938 8.711286043 
-13.137181257 23.086384322 9.085080295 
-5.273662592 25.887876023 -9.460976434 
-7.288734412 25.069066697 -9.709846526 
-10.956483674 16.869780854 -15.810972445 
-10.381499085 18.109318718 -15.653720688 
-5.562820983 20.107675688 16.524822090 
-7.245200259 19.183406380 16.688599388 
-3.967601712 6.106373352 -5.768662444 
-5.026440542 6.230964102 -4.418755399 
2.848399622 9.760672242 2.556168668 
0.064309589 7.686229898 4.898692183 
-8.076615563 7.695162778 -3.344407766 
-5.459382067 5.026709283 2.736015676 
2.699585163 10.168441268 -0.109123535 
2.756970614 8.230999845 -0.481719219 
-18.864998966 9.662031528 9.617736911 
-16.918367295 5.913992459 7.128689731 
7.905259534 19.692942402 -11.133515474 
6.491099055 19.221182712 -12.196957520 
-20.794843977 16.493798233 5.124911221 
-20.438452730 17.815941969 5.294039974 
4.959514802 26.910354093 -5.317962061 
2.957101535 27.282651783 -7.074260623 
-11.327092298 9.179218290 -4.098938500 
-8.940139677 10.689686648 -6.489772037 
3.179023687 14.134303946 3.979128907 
0.703593242 12.618675264 5.444119742 
-4.518287831 5.356830897 -3.723248258 
-4.432379610 5.382699741 -3.606719141 
1.793797834 6.469045594 3.696281083 
2.086237036 6.556185871 3.125299579 
4.156145273 -0.613606138 3.378680911 
3.999270004 -0.083009627 -3.085857703 
-4.515536298 -3.512112898 0.304693212 
-4.024128697 -3.375839612 1.829972972 
5.866495044 9.648147260 12.747937317 
7.243251835 11.971642789 11.524215663 
-7.827864481 5.407324560 -14.531568977 
-9.934822523 6.471587571 -13.996842009 
-7.056062766 8.108774069 5.355915751 
-6.154354641 9.635347675 6.136911232 
0.381296995 11.486552733 -6.188481236 
1.012862411 11.719645320 -5.710654592 
-4.253634294 9.460475342 4.737460667 
-3.992548103 4.972388265 4.161452761 
-1.319522095 11.474905405 -5.171259128 
-2.095462195 11.931227016 -5.318494116 
-13.858497978 17.576743278 -13.025772344 
-12.532243502 18.609624510 -13.751380398 
-0.897254892 22.928099329 12.627145988 
-4.771302887 22.045969958 14.008014724 
-2.584769828 5.154960768 -5.153058370 
-4.965980273 5.894669841 -4.608393048 
-3.754161991 4.253139703 4.750029426 
-0.620245770 6.323634773 4.256608377 
-11.883327204 13.486962545 2.928585955 
-10.933794266 14.617174001 3.161262183 
0.955220693 18.619056679 -3.756776061 
-0.092279037 18.869206163 -3.282781253 
-15.631632080 22.125352922 2.223020244 
-14.459464345 23.991705876 2.261629174 
-3.162520350 27.185549536 -4.447853871 
-5.223898923 27.840472816 -3.745825610 
-12.494476218 21.808641800 12.321019334 
-9.373743452 22.843587576 13.423971228 
-6.444763224 23.923458620 -12.750009235 
-7.494046937 23.179507407 -13.364916407 
-10.990370649 12.774238010 -3.159022912 
-10.800219556 15.105220433 -1.979993986 
0.895052683 17.561964425 3.066458673 
-1.433452434 19.092646866 2.814434784 
-0.654288210 5.468246689 5.033187440 
0.911777169 6.216826227 4.466821880 
0.365395937 5.780533396 -4.134303318 
-5.281584351 4.004944165 -3.693735808 
-3.284655504 17.383224026 14.799113422 
-2.514449216 19.522777221 14.557750883 
-8.248100234 15.856210395 -14.537374925 
-9.769728988 16.613284124 -14.455110062 
0.135408199 -4.083809733 8.191144361 
-4.988068163 -2.783223746 4.750223133 
4.570483491 0.510557032 -3.500434924 
7.413892173 -0.181511809 -6.268263826 
-7.615948169 1.481737494 -0.954252417 
-11.917740626 16.776929891 2.881094152 
2.766005821 13.004990412 0.095652167 
2.840985892 12.359489313 1.008591611 
7.482383797 6.850347851 -0.788925265 
5.077208024 11.407149296 1.195146433 
-6.111752465 -0.937101730 -0.809935653 
-10.254392535 8.080154321 1.395416690 
4.318276192 0.480321804 3.902992654 
4.127901408 0.671161094 4.309371479 
-4.696611019 -2.764934709 -2.065215530 
-5.120499853 -2.320845894 -2.261963277 
-2.766213454 -3.995936686 -6.860987255 
-2.606628090 -4.317206814 -6.626254402 
3.425496393 -2.721890690 4.739426655 
3.417553333 -2.911119515 4.646584486 
-5.596270981 2.740630648 -0.213330459 
-5.604555287 2.988423484 -2.020923064 
2.933607788 4.615860074 -3.200838361 
3.131532432 5.465677449 -2.585017220 
-9.622142963 7.431668031 1.269803519 
-9.969137159 8.542741605 1.919557170 
3.412555591 12.569531464 -0.530471436 
3.264331106 12.761107490 -0.359254759 
-10.874850694 6.127134294 3.497964831 
-11.939839072 7.940745460 3.718106092 
4.101058621 15.202015791 -2.926758279 
4.818492044 14.642005490 -0.028930646 
-4.746706107 5.343472263 -3.905801491 
-3.677079411 6.423076354 -4.557596561 
-1.172247829 6.721013804 4.524854518 
-1.203564079 7.285314172 4.339370152 
-13.071995146 9.568677741 -1.003720261 
-13.028738413 9.910680691 0.128221600 
4.084875290 16.712330372 2.507049218 
4.021454640 17.107667218 -0.565558452 
-11.327108133 26.910893143 -5.689681714 
-11.464153212 27.215479622 -3.738770954 
-11.024026841 27.090845895 5.342583617 
-10.088944251 27.820458163 3.407065350 
-4.469077038 25.691820878 -10.295507898 
-2.069112778 25.653186366 -9.458233953 
-15.346092317 21.055309898 8.495921873 
-16.138495702 19.799872027 7.741774101 
-11.792860477 15.015368289 -2.319100654 
-10.912172804 16.166426524 -2.711580606 
-0.156682091 19.820842245 2.293899991 
-2.063362075 19.761927239 3.853311548 
-8.428079966 7.089799334 8.629714119 
-6.649858882 5.452136386 8.004047112 
1.055975189 11.008121329 -9.511582837 
2.243072795 9.647900335 -8.342417941 
-3.605570632 22.733300991 14.459639236 
-1.275822860 21.933299459 14.564567598 
-11.573125807 19.112456449 -14.173258045 
-8.771016037 18.650344165 -15.245235609 
-5.500134128 27.101073341 7.740597856 
-3.547033331 27.650170904 5.056327763 
-13.918305094 23.283972073 -7.463985315 
-14.520706375 23.048807422 -5.627100659 
-10.069061325 6.555757894 0.238399411 
-10.054743582 8.808764972 -2.348102894 
3.493785137 13.058249217 1.005101570 
3.067637972 14.068464423 1.406212279 
-3.157073431 -3.129426967 4.607237516 
-1.610706652 -2.891777559 5.439108089 
5.243787398 2.017679956 -3.235244964 
4.770114323 -0.228176511 -2.380794063 
-3.282094580 0.738448651 14.102080169 
0.248304693 1.668914597 14.126928831 
-0.379722888 2.318691292 -14.271430530 
-1.347726129 1.364807386 -13.752201994 
-8.218865765 7.291165698 14.668371454 
-7.807807337 9.494266715 14.582460604 
-0.885988929 11.436956583 -14.927159925 
-1.073882223 13.251261377 -14.115230972 
-3.765886785 2.404969771 4.076370382 
-4.373106645 2.301581291 3.739615556 
-3.130212236 2.475971128 -5.159165639 
-9.646348965 10.597791168 -4.262285427 
1.838774341 -3.457591842 -3.701214025 
2.089984664 -3.221708483 -3.884042771 
-2.725399146 -4.853838173 0.867773259 
-2.170867307 -5.254377362 2.047465727 
-8.961934123 0.125471040 -11.385607911 
-10.502054746 1.339341088 -11.731195550 
2.354900084 -2.392033597 7.897181904 
4.454278779 7.503459335 14.027162934 
3.534100577 2.734219434 -14.641194936 
2.068524622 4.453001612 -15.210251928 
-6.114033380 -1.022832754 1.533480126 
-5.943291605 -1.009335222 1.512863832 
18.933678315 22.668100252 -1.782325614 
18.351945722 22.958001027 2.482147946 
-26.309458398 4.150947285 -7.686151485 
-26.211117506 4.265842795 -7.569430584 
5.020219463 19.715284485 11.970618144 
2.045656496 19.436752567 11.891603383 
-14.250176665 11.354035731 -13.613712141 
-14.765993645 11.567694608 -11.020853302 
-1.271788038 6.642668198 3.988488018 
-4.540232902 2.482111094 -3.716072775 
-7.070619301 1.115305403 2.437328803 
-7.950112613 1.614424703 -0.241537889 
5.012033376 2.526805725 -2.928759218 
14.457636724 7.746440651 -3.510431044 
-15.194730665 -3.776138381 0.803703575 
-15.200180436 -3.348089022 2.548687004 
10.680484542 21.259252955 -17.450329118 
13.812097404 25.130798314 -12.043492363 
-28.000413462 6.601932164 4.951068653 
-28.220900065 8.353101103 5.228285345 
10.425498739 9.588423651 -7.783082048 
10.511518041 9.655548453 -1.602195021 
-14.668273889 -0.468680791 0.125707474 
-3.864918040 5.819258107 4.525926090 
-3.824213821 5.913967403 -3.966977733 
-2.287004412 8.229286789 -4.521025866 
0.591741304 5.442598972 3.950759928 
-3.102465091 8.489164283 4.803900212 
1.123095702 22.466548722 -16.398263967 
0.933946496 25.032299578 -15.092367567 
-18.809311156 13.250185844 13.764242440 
-18.005870402 16.632662491 14.346143077 
3.028783723 32.691081519 13.242760487 
2.681542961 31.428285573 15.015992942 
-22.475613704 20.576883717 -14.961484239 
-22.776194637 19.836508954 -14.786879762 
7.127444577 25.324229218 -0.099357714 
6.841902370 23.417050636 0.276055695 
-21.173582976 13.188349226 0.027207198 
-5.337867873 4.974032305 3.228389517 
-7.147665141 15.430269995 -3.992114685 
-5.828700217 16.772670276 -3.294849285 
-3.660219686 16.966180791 4.289645648 
-4.341903669 17.251767924 3.873747833 
-12.426673006 28.314052641 8.832916419 
-12.657853998 27.684586808 9.529107692 
-12.125790823 28.834657818 -9.306645974 
-9.799701607 28.404831089 -11.378917623 
2.914563939 29.746790367 -17.820262309 
3.466636418 28.223471854 -18.801288163 
-28.007688286 16.309164007 7.760649819 
-27.123894161 16.577692808 8.092304941 
-9.608786463 26.802544073 -7.668044120 
-9.596320697 25.165649933 -6.995286861 
-15.047869319 24.826383284 4.905317031 
-11.670534523 24.635850262 5.187922252 
-6.299440331 12.996690238 4.399500109 
-5.505686012 16.536605045 3.960598611 
-0.179409243 15.494173266 -3.367417876 
-5.412580999 16.572630449 -4.527567578 
11.267626551 25.358705614 -2.708501697 
12.610041908 23.661596989 -4.816246050 
-24.542883083 6.904016132 0.297184735 
-24.035262038 7.807941946 -0.555509776 
3.355789728 13.277786792 11.486150936 
-3.908743078 6.018202409 4.125801123 
-8.896907693 9.764380221 -13.260173766 
-0.886194961 8.520728285 -4.576747462 
18.571552562 18.781361476 2.692812396 
18.633257087 16.842311485 0.888322701 
-21.914750651 0.391413382 -8.552728588 
-21.683580069 -0.205277151 -7.252962577 
-2.831925468 34.012928144 -6.096529092 
3.745478418 34.267442289 -5.436788044 
-28.061274976 14.645775301 -2.422693938 
-27.860720705 13.161755898 -3.810012660 
2.304059898 30.716446420 4.025884259 
-9.120436213 24.209028297 2.382852088 
-21.914774092 19.669943108 -4.126305094 
-13.469657362 24.756779428 -3.140415850 
9.189611954 8.160723961 -2.769427722 
-2.119214588 7.361147396 -4.577719235 
-3.672491401 4.898147299 4.517129960 
-7.655172086 2.325114811 0.457007151 
10.498044886 20.043421394 -15.952619962 
9.940145837 20.326918419 -15.750908129 
-26.287855433 6.096255529 5.580666339 
-27.225073676 9.001912218 2.524766753 
16.636364381 24.870389353 4.170167516 
15.290013996 27.056532048 -0.484270960 
-26.675836642 9.267162195 -7.686223080 
-27.011308791 9.982739067 -6.168591357 
11.655358657 17.036157793 10.839206210 
-3.322902205 7.737654999 4.782912563 
-17.002831547 7.009779789 -13.009698096 
-2.538314887 7.084890422 -4.596375258 
3.172949889 24.367079782 -3.617863816 
3.267994666 22.771197517 -2.745163087 
-19.467947857 14.960821948 1.551086313 
-16.976347291 13.807922151 2.919130845 
0.257880641 33.502038366 10.287304532 
-2.688234220 32.269362192 12.576450668 
-23.161278398 22.577185979 -10.878679313 
-18.034209536 11.671508537 -22.781949187 
2.662483960 -2.495219927 4.120622598 
5.269738449 3.231768251 5.332117212 
2.083682785 -0.771906882 -6.008280769 
3.140173922 4.549934775 -1.382365829 
-0.973955779 4.734290484 -4.108842345 
-3.194021229 7.639192027 -4.207549739 
-2.935082145 3.702018694 4.147669093 
-2.242699433 8.869983330 5.054416265 
-9.555025502 26.021265037 -4.010519720 
-7.932574381 24.509554757 -3.139694085 
-12.259928193 23.739628170 -0.661756182 
-11.479057517 22.461248356 0.016282100 
-0.479513512 19.568638405 -26.696534562 
0.670796800 18.086498883 -26.542400005 
-25.888727297 17.904951837 7.348933375 
-26.500329554 16.435104650 3.603617630 
-4.514099719 20.750365969 -23.700958408 
-2.763629332 21.124221932 -23.310876914 
-15.604360256 18.012138239 20.382092312 
-12.546741232 13.494483402 22.634738880 
-10.062105263 19.744466171 -17.779610245 
-8.968694430 18.513577133 -17.016242885 
-6.125518685 22.021699301 16.608795694 
-5.695456009 21.816857588 14.529930564 
12.415118927 29.287961324 -14.551270434 
12.993425016 31.425287180 -8.885811620 
-23.023114772 6.565466131 -12.364267614 
-25.392887876 7.636002025 -7.634536439 
-0.326320187 5.870538310 4.400335940 
-1.468651008 7.627985632 4.458027435 
-3.118017525 5.125971472 -4.737105609 
-6.275586510 3.864870395 -1.099028034 
9.316345982 16.953475109 -14.073136965 
-3.392152125 7.709865493 -4.781785548 
-21.308982854 3.656073154 4.451859217 
-2.726182391 7.003895333 4.593637321 
14.295730825 25.403290800 -10.322232284 
13.352841570 26.801060418 -9.641300088 
-27.659891825 7.114883238 1.110795581 
-27.786666494 9.325010103 2.842670412 
15.973311475 16.910335713 -10.759653595 
17.432498966 15.705317046 -6.782449270 
-23.670606098 0.368717158 2.701051449 
-24.001318508 1.121737106 1.404862929 
0.083662045 13.542727444 -13.429749087 
-4.259920456 5.820405318 -4.012636510 
-14.914522441 7.565522716 9.290310422 
-12.006138957 9.002017162 9.469767346 
1.145465278 30.237813520 -6.078478507 
0.085163369 28.727526238 -5.927589642 
-21.787035880 19.994377368 3.062652134 
-18.462108542 22.207311303 2.932383606 
10.906176471 30.904530810 -4.401277308 
11.912637028 30.316406778 -2.110813572 
-28.030834899 15.544141563 -0.204427238 
-28.073273592 13.828159123 0.208806908 
3.068634232 31.234423549 14.308311710 
6.917803541 30.939602722 9.083210208 
-24.799407166 18.344390710 -10.550312411 
-24.613346087 17.348048634 -10.177290895 
-8.593786754 25.816454911 1.932938367 
-8.057550405 24.073986891 1.555400515 
-13.357697009 23.595485849 -1.147983883 
-9.435390240 22.608230941 0.321031966 
-14.283758194 11.900169225 13.087450092 
-12.767287450 11.799722905 11.330233316 
-7.667195050 20.585994110 -17.408068245 
-5.392061067 20.728667778 -15.692515884 
-3.326529524 22.371786279 22.758690285 
-0.112029804 23.096990604 21.916655634 
-14.021280185 17.475360434 -21.452759997 
-14.683366560 16.106781997 -21.192205403 
-1.190157399 29.764006781 -18.472488558 
0.408488179 20.983887186 -25.742875581 
-23.966841733 22.632753205 8.878452917 
-22.753534526 23.283118082 9.443001280 
3.790042893 24.396070906 1.115164407 
2.708010789 23.040208351 1.633513493 
-19.933734259 14.799603888 -2.877011831 
-16.264573392 13.901727791 -3.939606804 
-1.238378864 4.656666626 4.153396514 
-3.111046178 7.660502617 4.214123437 
-2.893402414 3.725432230 -4.156916201 
-2.772676749 8.590794719 -5.184734422 
2.660354344 -2.491706130 -4.128710816 
5.266431877 3.522672397 -17.482226193 
-6.837341336 -3.291532957 3.203064678 
1.478297774 0.316411551 6.167417997 
12.249945447 9.689016549 2.861253700 
10.623175775 9.519088973 0.904443588 
-14.066284641 -0.568524806 -3.444806183 
-6.844764462 4.508779302 -2.224447296 
16.095173821 24.492288451 8.842091886 
16.368142238 26.515648712 4.186699344 
-26.945270914 7.440178057 -9.481974107 
-26.817296904 9.178635873 -9.867210191 
5.689538836 21.486143608 13.797583752 
2.138252259 26.280259190 13.881597648 
-15.631535760 14.517488661 -16.277308758 
-17.582243321 16.037103428 -14.650061343 
-3.231162225 6.239052956 4.130604958 
-2.209098112 8.266445460 4.496903520 
0.534194741 5.393509032 -4.035057110 
-3.288406322 8.394164105 -4.794501084 
3.117190084 18.935919180 -13.556435644 
2.131991708 18.975506294 -12.121112697 
-17.768091609 10.480786503 10.168587256 
-17.168974150 11.837775792 8.212036033 
15.987332728 20.879291884 -11.955522308 
16.538669768 22.651342127 -9.481273428 
-27.690312462 4.366388643 1.728030305 
-27.791055960 5.242120129 0.877383154 
5.014620459 3.309517854 1.270660630 
3.492825696 2.770936551 4.782575368 
-14.900110083 -3.656480216 -3.479980642 
-15.293943220 -2.696740785 -5.885002868 
-4.496857135 4.775474172 -3.522964856 
-4.660783437 5.440102768 -3.325266248 
-7.095339764 1.396595126 -2.154490322 
-7.982348981 1.521066479 0.362484689 
-8.571972912 27.365069700 6.653570604 
-8.588504425 25.757396597 6.204666850 
-13.374792783 25.371823498 -6.749556576 
-10.609066474 24.994278574 -5.627941223 
6.036805768 32.295569714 11.790499580 
6.130796269 29.859456994 15.443332221 
-25.531288600 16.635420922 -13.267021490 
-23.373220095 16.929789839 -15.367983669 
10.099127203 24.355015977 -4.809487864 
11.971445160 23.750028386 -1.098783776 
-24.629912368 9.756094736 -3.008060497 
-23.785391421 8.523591321 -4.234994850 
-8.969553123 11.600641433 -3.135183029 
-6.166653666 16.201118476 -4.096334678 
-17.310509235 13.743946932 4.128376783 
-5.670469915 16.516742929 4.599331249 
7.100507026 25.283397145 -3.045120356 
7.092969363 23.082536924 -2.501142522 
-20.970328556 13.312414672 -2.526344654 
-19.335627999 12.860865062 -2.361166324 
1.335733024 30.928618586 -16.842537964 
0.443411576 28.340105652 -19.716520592 
-25.017178472 18.724577496 12.957449907 
-25.151720199 19.005407004 11.861244961 
-13.091298641 27.847567635 -10.146571548 
-12.305108802 27.336379861 -11.609249599 
-11.731594602 28.948348479 9.094054581 
-10.681646359 28.472712974 9.093497800 
-6.785939321 15.612092195 3.988093422 
-5.745528108 16.703370104 3.234645246 
-4.192799501 16.640413395 -4.911386180 
-4.522091997 17.092265802 -4.191605484 
-8.474150207 7.066256492 -8.627929955 
-6.789724482 5.668545192 -8.206145708 
2.588311192 11.540809369 8.487366402 
1.971937683 9.498309345 8.495005633 
-11.936538092 15.039013403 1.737796719 
-11.010185418 16.178733823 2.421443211 
-0.414527401 19.534197638 -3.634131040 
-2.168722692 19.739795227 -3.964519314 
-5.326917711 27.054836059 -7.953189809 
-3.376266568 27.603481876 -5.389079381 
-13.944992855 23.583616153 6.797427454 
-15.439118364 22.498138063 4.996600636 
-5.489211869 21.983796264 -14.971153906 
-3.749929220 20.722449076 -15.690049034 
-6.218074321 21.596194058 14.324329924 
-13.666289352 16.724666532 13.719225559 
-13.028255283 9.728356479 -0.924687580 
-12.960520284 10.119672806 -0.902033080 
3.835033400 16.589366488 -3.504313934 
4.098044546 17.086986132 -0.141536909 
-4.716486989 5.362776946 3.920713558 
-3.799992399 6.390450339 4.540190648 
-1.437763021 6.640517105 -4.571464400 
-0.702925961 7.425447292 -4.149402734 
-4.414960930 25.953696192 9.873558491 
-2.169547328 25.742685649 9.245290929 
-15.216368622 20.892748030 -8.866530909 
-15.878630033 19.824563110 -8.157607157 
-11.426296676 26.933992364 5.452869280 
-10.781959501 27.507136171 3.713541649 
-10.220641218 27.333927007 -5.617036836 
-9.465723014 28.043138698 -3.517434738 
1.865268831 -3.464774288 3.679051117 
2.191889128 -3.205222463 3.829569611 
-2.668926361 -4.890512878 -0.858981099 
-2.138200319 -5.251905857 -2.118607800 
-0.262773761 4.111219957 -4.768971767 
-2.335635238 3.721059007 -5.021038361 
-2.994816006 2.519817307 5.207641856 
-4.423523787 4.641488235 3.388616458 
5.221443412 3.570598741 13.947770844 
6.497533314 6.538362974 13.202567116 
-6.132047954 -1.167399498 -1.204763846 
-5.949929051 -1.045228344 -1.444310313 
-9.201911262 -0.027950312 11.105051924 
-10.823798551 1.387962550 11.582065072 
2.686941801 -2.318348718 -7.813517725 
-0.781153398 -2.821151830 -11.743077659 
-3.087051641 -3.147268341 -4.633991810 
-1.745702129 -2.886038889 -5.409955120 
5.205335615 1.957807609 3.326761698 
4.766137830 -0.176309147 2.391657707 
-10.065887546 6.468150660 -0.333533857 
-10.470005074 8.197662341 0.300654111 
3.354799331 13.076670901 -1.581313320 
2.972371046 14.104988936 -1.785915631 
-7.371212582 7.605548264 -14.976881514 
-7.470681394 9.587482049 -14.704008048 
0.270035277 11.877017369 14.601492741 
-1.672886448 13.095137945 14.222126085 
-2.546156551 1.090510350 -14.292947030 
-0.454995535 1.406625262 -14.170736416 
-0.357275074 2.635708671 14.428252619 
-1.693279524 1.030660710 13.599360801 
-11.465372720 12.448387753 2.266344179 
-10.827219699 15.239155704 1.707505563 
-0.386319635 16.988651980 -5.434579430 
-1.260953871 19.171047246 -2.479355196 
-11.577300526 22.052201317 -12.703839248 
-10.189522796 22.244740151 -13.562158940 
-5.962570828 24.387433559 12.361806267 
-8.616053483 22.614993293 13.501592908 
-4.991564489 17.007864479 -15.006410682 
-6.203131836 16.919037588 -15.471339810 
-7.888678637 6.676331595 15.650782347 
-10.749147536 16.146292261 14.119381485 
-0.506865584 5.548341830 -4.942553509 
0.887027429 6.206194742 -4.497687056 
0.768946339 5.855276713 3.922751792 
-5.315253744 4.813690964 3.263315640 
-2.195861962 4.870544278 5.447661201 
-5.137748543 5.853292116 4.512712806 
-3.678093103 4.279507019 -4.789384068 
-0.970580818 6.192719599 -4.375904692 
-15.039876292 17.350838282 12.132815378 
-13.303379940 18.590219417 13.322771672 
-2.878205526 22.030251368 -13.693804268 
-5.757206360 21.575895724 -14.262545058 
-15.124370996 22.465627631 -2.998499196 
-14.007929601 24.092728374 -3.164349711 
-2.622159950 27.428863882 3.103551410 
-4.568924039 27.949092053 3.094762536 
-11.505066466 13.757611409 -3.515892409 
-11.261629474 14.328478181 -2.893804320 
1.306811364 18.776181709 2.602318824 
-0.149147561 18.836313705 3.368068939 
-5.609163175 2.788458621 0.074252206 
-6.059666940 3.238426009 -2.264626446 
2.916152545 4.678307903 3.189257795 
3.144070577 5.454203117 2.586786257 
-1.945088878 -3.618796891 5.948546596 
-2.663292090 -4.302896067 6.606655709 
3.445148592 -2.723283686 -4.779396097 
3.428407638 -2.910797248 -4.666770471 
-11.665977392 9.058908513 -3.665562165 
-11.782162605 8.425491217 -4.002531871 
4.720096632 14.313124201 0.323137945 
4.950897674 14.412303093 -0.369972785 
-9.524597827 7.784877707 -1.753813194 
-9.901004240 8.604607390 -2.185806492 
3.540015503 12.378218520 0.429856144 
3.293265204 12.732447575 0.464303401 
-7.660591707 1.476880317 0.909671100 
-12.113643284 16.631891257 -2.523254087 
2.771338332 13.007439617 -0.782480734 
2.842956450 12.359394715 -1.251140422 
0.334526151 -4.069493452 -8.230383964 
-4.632351555 -2.684782538 -5.110835193 
4.599195965 0.554947320 3.427867957 
4.402419052 -0.625390580 4.187446174 
4.324633583 0.466802103 -3.892008478 
4.064640105 0.696733442 -4.356223706 
-4.717246860 -2.777900835 1.997500096 
-5.125023012 -2.347657108 2.220803663 
7.519335479 6.921000287 0.310125232 
5.228157692 11.158306629 -1.102223910 
-6.129251982 -0.947397445 0.946449885 
-10.231138699 8.074706342 -1.601149437 
-4.759070820 34.245656147 11.150480980 
-6.178282577 35.487556848 7.127835325 
-18.252831691 24.131808096 -16.239925555 
-18.311045719 24.630009129 -15.122182285 
-9.089021471 11.819614800 13.148983911 
-6.068381087 17.349448505 14.178234252 
-10.738254567 14.643387038 -16.576182427 
-9.910903469 15.186969915 -15.154995573 
11.546976441 22.028063364 9.408450334 
11.587042664 20.199558818 6.877689408 
-22.251115362 7.389103299 -8.366865027 
-21.061441219 7.066814201 -7.086376861 
11.586209120 31.568700028 4.293407151 
11.861790295 31.365188581 0.734634932 
-28.015775803 14.589365538 -6.081629260 
-27.579715312 14.842982617 -5.971227533 
2.906604501 -0.189776631 4.916913582 
15.239850291 10.141748654 13.423419620 
-19.266885645 -2.452333395 -12.824868053 
-19.656093434 -0.931933128 -13.004791201 
2.524246184 -0.140438387 5.542073309 
4.868164314 2.315631918 5.317977862 
-7.232041536 -1.846005280 -1.680434544 
-6.432395678 -2.589304052 -2.625157415 
13.083379145 16.942559360 -9.275519692 
11.967431968 16.946389286 -8.306467455 
-23.237004413 3.810344754 0.602663453 
-20.139885464 3.660128647 4.730420665 
18.081147696 21.867744763 -3.641685247 
17.021974581 24.400754881 -0.953648202 
-27.260269368 4.726997182 -3.705799315 
-26.842450439 4.846841579 -3.356439834 
19.682263330 13.934533883 0.115925718 
19.144443894 11.538767107 6.824227875 
-21.081597929 -2.700243940 -10.371398148 
-20.616930523 -2.542147764 -9.165600165 
4.368520654 19.580075304 -9.842225895 
3.801747732 18.386789105 -8.353580435 
-21.845381753 6.116455992 1.552012803 
-19.699404993 7.465380604 3.064211883 
6.013763835 28.411193320 9.191082292 
4.296059310 27.820732497 7.215452185 
-21.633625588 16.851904599 -10.526530508 
-19.837313932 17.385396758 -8.947721212 
11.755797964 24.327565980 15.527134358 
8.601740328 21.454209856 19.730592103 
-21.595858502 10.460083020 -17.222580567 
-21.279280900 9.413863005 -16.859999338 
-17.015352083 18.555937979 -20.250755133 
-16.585157534 17.493035030 -20.146093191 
-3.776365324 25.221729992 21.079787905 
-1.989731893 23.283602594 21.504868514 
-17.282869136 23.200832792 -7.523609031 
-15.459200665 22.522189630 -4.487915736 
-5.193122168 28.525387336 2.752875315 
-4.481654702 27.458989992 3.108738274 
-2.377263261 29.571469349 -13.134328703 
-1.403027571 29.005988910 -10.233601752 
-20.249837134 22.012178274 8.719635206 
-19.967820143 21.021570035 5.686526014 
-3.396446108 26.103884789 -21.320576279 
-3.169491250 25.133442462 -21.318699904 
-20.690278925 18.498979129 17.515282534 
-19.091539820 17.454939601 18.662171894 
-11.703409770 11.492245285 1.780530813 
-10.402144055 10.606139002 3.450206822 
1.905354197 16.962346554 -3.292634361 
-0.011295896 15.037448311 -6.559731721 
-15.250686656 21.826905312 -8.942620900 
-14.784790244 22.888869159 -8.977336098 
-0.895320425 29.740182952 -4.132803288 
-5.544248196 26.739668410 9.563583311 
-5.619948246 5.013171970 -2.525708909 
-7.347950687 6.369874745 -0.652451166 
2.823687256 10.152981240 -0.326996523 
1.126937861 13.907137115 5.098217817 
-7.636419636 5.935909914 0.113060202 
-5.622653674 5.131494947 -2.487484365 
2.647684957 9.091981823 -1.006123664 
2.800388027 9.325628965 -0.825181966 
3.662985127 -0.311836004 3.814529533 
-1.244868138 5.383117493 5.059044961 
-4.449874657 -3.056035768 -1.024607430 
-5.260099034 -1.918566465 -0.700839169 
-5.650219916 2.322449973 13.782833792 
-3.907575938 5.022176848 15.134423613 
0.573893964 2.855807722 -13.476487955 
-0.748345152 4.111967825 -14.508615192 
-9.189282487 6.089388447 0.907655718 
-9.683266267 7.585563977 1.655821639 
2.699657665 12.917061544 -1.769164234 
2.550792363 13.071833742 -2.325002622 
-6.920929950 8.055131828 3.175443036 
-4.466159490 4.298463221 3.941675678 
0.640411737 11.412493436 -3.181528350 
-0.395355940 9.906185073 -3.604004445 
4.905818133 2.758187398 2.234933387 
6.478769589 8.910010589 -1.667369990 
-5.678470822 -1.094020237 -1.981170444 
-7.447464994 -2.145417173 4.525236493 
4.417327042 -2.309544805 4.950765182 
4.589824618 -2.325007232 4.706275777 
-4.671602828 -2.953462708 -2.092961422 
-3.694089612 -4.883675150 -4.249405832 
3.290386648 0.191070385 4.270756596 
1.769498766 -3.493744671 4.497425377 
-1.440223592 -5.844866651 -6.737877335 
5.978482912 6.955244180 -5.002020277 
-5.053907740 2.948482428 -3.123625733 
-8.165504157 7.470309342 1.098420174 
-1.917252598 9.610322131 5.090364420 
0.248809356 4.741583709 4.136798113 
-9.091735951 6.166408593 1.948519211 
-10.036019404 8.581665261 2.115288166 
4.057790932 11.371655464 -1.864991497 
2.973381671 13.533860083 -2.067869909 
-5.655180119 -3.989734589 -3.944001023 
-3.809424135 -4.265071899 -6.286803079 
4.511227232 0.577906212 3.605703384 
4.428454278 -0.543359395 4.172978443 
-4.805373435 4.146137199 -5.400085228 
-5.976057680 4.547748382 -3.671257898 
1.819749699 8.746608928 -3.717340634 
2.269402112 7.190327129 3.133002597 
-5.815562810 6.458603003 2.436499250 
-6.333102621 6.281861576 1.650669507 
1.777282497 9.461003148 -2.594040548 
2.035049214 9.503140663 -2.167113688 
-4.633601025 3.080469625 -14.272595830 
-4.766753754 4.687411662 -14.987768819 
0.127480042 2.605572568 13.474071314 
-1.482053249 3.786043072 14.524282807 
0.440464833 5.638064660 -4.651074412 
-1.529368363 5.656488473 -4.649328325 
-4.930827954 -3.010921107 0.035449938 
-5.161793846 -2.044179435 0.565768442 
-6.767734246 8.067946624 -3.365956838 
-4.586312933 4.254964686 -3.856502387 
0.649478560 11.543082686 3.078645599 
-0.747100914 9.799115055 3.862927253 
-8.546360625 4.934252513 -0.829314815 
-9.741350072 7.573683504 -1.310672225 
2.631133221 12.903370801 2.060756350 
2.370590242 13.091924257 2.740093898 
-15.342052448 21.879160027 8.934105876 
-14.293019966 23.192654697 9.190148233 
-0.559442346 29.864928720 1.397530067 
-12.015937409 15.166642787 -15.243800464 
-11.420039027 11.596906351 -2.640637469 
-10.420517010 10.679345076 -3.403914552 
2.105592346 17.128572318 2.478958397 
1.534743160 15.526475128 4.410197471 
-7.539138150 6.033617564 -0.887339288 
-5.650259572 5.128854634 2.398989529 
2.719407610 9.081042740 0.670463044 
2.833981354 9.314616238 0.403961152 
-7.460588377 6.432622145 1.891871020 
-7.275276299 6.400554865 0.994921031 
2.811742560 10.153296661 -0.163777483 
2.510403145 9.304925106 0.187135908 
-16.195679044 3.622829663 10.744453135 
-4.194848934 -4.292436541 6.067788249 
5.494758401 -1.058991853 -4.468730521 
5.066707132 -1.623660289 -4.871162295 
-9.460349551 6.477707292 -1.406448258 
-9.984299425 8.501836744 -2.363418052 
4.048552904 11.469247142 1.173626930 
2.755316165 13.589360611 2.702720827 
-5.975178964 6.390145720 -2.278892202 
-6.291742949 6.224205358 -1.766523171 
1.775326783 9.340905824 2.625147359 
1.718079952 10.050979273 2.392290491 
-5.523014552 4.649432643 4.899637963 
-5.987308006 4.535247110 3.660834536 
0.693479637 6.174379822 -5.575972498 
2.225518832 7.167865310 -3.213666059 
4.405895022 -2.301326437 -4.968185954 
4.634565653 -2.277060169 -4.697231406 
-4.684169293 -2.964300554 2.060019299 
-3.637466239 -4.862385911 4.306038324 
4.961676722 2.701456265 -2.247405812 
6.524541371 8.960440402 1.330836787 
-5.698631691 -1.153113403 1.880056636 
-7.261556989 -2.198732877 -4.690626540 
-4.465836668 3.049875227 3.569029814 
-8.175471972 7.447790774 -0.927634817 
-1.815119924 9.648541635 -5.042204329 
0.394481645 4.767979598 -4.019530566 
3.179628500 0.104628424 -4.354539868 
1.797154395 -3.444693351 -4.559689404 
-1.459629274 -5.789076133 6.765957707 
5.899353150 7.126206646 4.809456245 
3.978639008 -2.669204227 -2.758116548 
4.806106090 2.276554660 -5.439087234 
-4.968878100 -4.475196417 -0.406259682 
-6.406664659 -2.628257374 2.624804414 
13.535089555 9.797747169 -17.185456449 
13.314123966 10.716569871 -16.488889530 
-20.837639307 -4.523689906 7.166226148 
-18.848269720 -5.385390522 4.931744376 
18.821162572 21.415682351 -2.468359568 
17.390584749 23.572674014 -4.190214138 
-27.163344678 3.944500087 -0.972226785 
-27.191774567 5.585802395 0.363270780 
15.750337397 17.407501455 2.931718803 
13.198296182 16.414223976 5.608284279 
-21.219670436 4.062402059 -7.621668907 
-20.421337087 4.622697425 -5.987134873 
-5.510206351 16.716270323 -16.106269814 
-4.968603999 14.192117571 -13.927679265 
-15.970503142 20.681416548 14.846743286 
-12.337809114 19.082058144 14.644903030 
-3.751584479 32.234802796 -13.688341801 
-4.618690730 33.782325458 -10.431955950 
-22.462387530 27.770060686 9.618117286 
-22.566381250 28.706399529 6.515007860 
10.323902925 29.763936505 -10.128836003 
9.119941305 30.833220378 -9.024311973 
-28.959121937 14.326359753 -0.205805080 
-28.305905310 15.624304506 0.285786100 
9.167625115 20.087021345 -13.032608067 
9.835066035 19.072123955 -10.289398970 
-23.323998179 8.080244244 7.054976520 
-21.173134517 7.194827932 6.646021566 
-16.224695557 23.004516276 3.026642854 
-15.650341551 22.475277762 3.747039389 
-4.290040033 29.327978426 -10.459350049 
-5.166053138 28.380522285 -5.569489945 
-16.564610479 17.887287787 20.921441846 
-17.261537006 17.566686649 19.139395017 
-5.849847128 21.663412555 -24.003068383 
-5.054281955 21.653584753 -23.130342911 
-2.386650920 28.087531169 19.405684873 
-1.238294039 25.693624221 20.702468770 
-20.047310935 18.295835601 -18.257856707 
-17.630329043 17.410007850 -19.739185524 
-1.454593669 30.330280684 10.765684997 
-0.402245825 29.425589316 8.584685548 
-18.928984504 22.667327517 -10.980885449 
-18.957285764 21.417780103 -9.004888221 
13.787806942 18.733835030 -0.058628629 
9.227649132 19.371407188 3.106716032 
-20.448352682 5.888513274 -5.111479438 
-18.830769461 8.239102961 -5.889311365 
18.358457863 11.150570566 -12.912327805 
18.027670315 10.449942752 -11.530131243 
-22.438693705 -3.118881394 6.716055809 
-21.469338781 -3.608526855 5.478542470 
9.633515381 22.168398900 -19.284308148 
8.453114225 21.054139902 -20.081058772 
-23.770195410 10.010347346 14.779911041 
-21.539573706 10.148587894 16.707517256 
5.526205806 27.175920029 -12.343766937 
4.121622958 27.016838772 -9.891829775 
-23.222506337 16.026866678 6.531835807 
-21.055446489 16.696739211 7.471022237 
