0.963847460 36.373756324 -4.421072723 
2.390708114 35.931317533 -0.526422923 
-26.120238463 24.247752064 -3.208585881 
-25.163380155 24.295370219 -3.221751232 
0.871766686 29.300890594 -11.759362248 
0.674219072 27.112205530 -12.162592159 
-24.426965515 19.194947905 5.968260333 
-23.322145828 17.544465511 6.034571089 
-10.117334431 25.715583406 -5.749784201 
-9.281447052 23.703421463 -5.692139772 
-12.519937387 26.249761699 5.523073836 
-10.514477346 24.136550516 5.768316648 
-9.519222093 30.673929431 -0.713207050 
-9.477035284 29.709829371 1.652291340 
-13.449385083 29.232302169 -0.111402631 
-12.832127272 28.501289242 -2.165366228 
15.729674275 26.375500317 6.914358965 
15.037647946 25.223628016 8.242483810 
-25.434731026 8.327574976 -11.904009771 
-24.658202897 7.660306501 -11.594071221 
3.403369883 29.713288215 11.570057800 
1.960175621 29.590838611 9.294707461 
-22.364219391 18.073210427 -11.173159592 
-20.583826031 18.687330125 -11.013334815 
-1.932943044 16.763618712 15.375013200 
-2.387268371 16.957550650 13.455990680 
-11.381228836 13.860484646 -14.754936849 
-12.140093263 14.660187048 -13.092656586 
4.142578378 13.731657239 16.596810053 
6.151572923 12.685601344 14.573190479 
-13.637236238 7.799182219 -15.562894311 
-13.204008789 6.028758078 -13.982752222 
15.576092086 9.860729571 14.867224874 
15.264610731 11.280952315 14.435421199 
-16.219739521 -1.193168076 -16.675255313 
-16.585247628 -0.514466739 -15.824226095 
5.110493600 5.146525616 17.646427962 
3.243091004 5.923631575 17.215375618 
-7.394565171 2.313118936 -18.922132050 
-7.123051250 2.339333739 -17.153452917 
5.766545617 4.069321629 7.376147644 
3.290740015 0.360084888 7.699073328 
-8.554132666 -1.017281175 -5.011053111 
-0.711968016 2.146757301 -6.854400090 
12.068977476 4.924727475 3.462339296 
12.434130417 6.647584739 3.315843059 
-2.487543501 8.922411738 5.449125396 
-10.487025509 -3.146774705 -4.757878785 
-8.355217755 14.154729026 -24.633896573 
-7.053233827 15.242895823 -24.127917186 
-9.406690303 11.738015196 24.171195853 
-9.439119199 15.187485361 23.279758118 
-0.426972666 7.184095970 -21.495247036 
-0.320961439 7.384208896 -20.231461204 
-10.516352366 1.347834417 17.085384239 
-9.388609224 3.473955072 17.563593788 
-6.945696711 5.165743057 -15.494776779 
-3.979223193 6.720532931 -7.233817867 
2.469092434 8.356548702 13.954329442 
1.086285384 10.971278832 1.941618578 
-14.578875990 8.356856125 -15.124358066 
-13.916823732 10.265426875 -15.151279107 
1.606604954 13.647970302 18.075541619 
1.947808387 17.134103798 16.153160757 
13.015217520 17.272394126 -6.577301732 
10.882174056 17.038545959 -7.288289892 
-19.828541283 2.908399779 2.261965374 
-18.375880571 3.621974164 2.572240991 
15.431251569 26.031969965 2.830581629 
13.653623252 27.282369201 4.280750593 
-26.874020285 8.184247464 -5.871385728 
-26.964527219 9.920856309 -4.560055626 
10.259064342 17.041644278 11.900939590 
8.953291898 18.807237326 12.277375040 
-18.247828380 5.884308809 -11.624977331 
-18.472654729 7.522587572 -11.804750376 
9.032365663 11.686268493 7.528342307 
-1.675633925 9.025884759 4.388661266 
-12.523781089 2.773880025 -7.896021231 
-4.834710572 7.610463650 -4.089884628 
1.248809918 27.145644068 -9.627658049 
-0.034759040 26.574915832 -8.028100986 
-20.952184136 19.141466785 4.881473533 
-19.200694426 19.594363181 4.580764460 
12.239406574 27.492115575 -8.457022277 
13.394335869 27.393573290 -4.373689624 
-27.833813896 12.395511639 -1.987583185 
-27.248627159 11.690138659 -2.277949632 
13.433364391 16.401733916 -6.600735687 
12.344374720 16.591973548 -8.524375163 
-9.101443459 -0.410878834 -2.549293640 
-9.480938114 0.958054116 -0.308218245 
4.288684270 16.425822277 -12.010646592 
-0.742951603 8.831138653 -3.200529705 
-16.596013733 7.812073001 7.751007343 
-13.606872792 8.615629685 8.247504985 
-8.303611438 22.224330558 15.428484300 
-7.692737704 20.667036987 14.631513577 
-10.718095104 19.145052856 -16.480717144 
-8.814330452 19.264447277 -14.970692888 
4.209904978 27.103671919 17.215303675 
6.208567689 25.688262576 16.776809572 
-20.342093449 14.367297132 -17.702961848 
-20.895880602 13.520933883 -16.430717451 
2.030478686 30.255763363 3.942314044 
3.812833215 29.384270712 3.437677249 
-21.178442174 19.889262681 -6.023320364 
-21.338246405 18.126488033 -6.574625186 
-3.293275441 27.162323792 3.852445691 
-4.362839337 25.286070274 3.686808343 
-15.081491824 22.389578087 -4.573126377 
-12.801430970 21.766875847 -4.195095978 
10.578617558 18.547827164 -10.975031337 
10.077757253 17.257696457 -9.253186002 
-20.923243982 6.378682308 5.831764435 
-18.936464797 6.001729712 5.998581408 
6.009035537 26.101816522 -17.186865757 
2.457696756 22.602148943 -20.885521350 
-22.940242301 14.050526905 14.290542323 
-21.885750007 13.796244158 15.083347476 
0.442596435 29.344212865 -9.215974950 
-1.609156223 28.616728613 -10.856308299 
-20.390319888 20.821996458 6.532101048 
-18.781898822 22.120329294 7.344847006 
3.281259891 25.759229813 -3.824697957 
2.347417654 23.787215724 -1.691158469 
-19.057856449 16.730534517 0.766082091 
-17.060215957 15.961155453 0.421142715 
4.006093991 11.903345756 -17.785065639 
1.605904453 10.675332709 -17.028281480 
-7.785534274 7.962307725 17.861273931 
-9.153494403 5.301844361 15.117826852 
2.429285574 22.793436388 -16.526638611 
2.730068889 23.720102012 -14.092693442 
-17.573055723 14.881566874 14.846812877 
-18.243273423 15.706144158 12.300186471 
10.988420711 19.869343237 -14.922704309 
11.704724251 21.057923847 -11.489440790 
-23.904227833 5.230513830 5.645115135 
-23.141755335 7.088874700 6.430538381 
13.611789581 13.489023361 -12.752107037 
13.149450003 12.714409009 -10.872966186 
-20.303101789 -0.268273662 5.464431371 
-17.824512649 0.138016028 7.752289915 
-12.135711460 29.500959025 -2.470587695 
-11.531639312 28.128818104 -3.221419597 
-11.689612995 30.586703596 0.708063835 
-9.458929577 29.477815434 2.916114761 
-7.401560014 31.115553370 7.134257837 
-4.744285991 30.084124330 7.820427580 
-18.482269843 25.758594869 -6.111189584 
-17.356411765 24.503298579 -6.965348992 
2.775018124 33.085340512 -2.325054490 
3.965601704 31.828370361 1.115621449 
-23.395886040 22.339546581 3.187759916 
-23.190213472 20.543859353 2.819161012 
-1.590057482 31.565451979 -8.894106426 
-2.238451616 29.985319273 -9.293977754 
-19.696077082 24.587668329 8.520031648 
-17.738959250 24.016906743 9.444655036 
-14.616181027 9.009601631 15.677883854 
-15.137675403 9.321771828 13.927594460 
2.907348565 16.294317762 -17.856730513 
4.286080080 17.260188351 -15.183251726 
-5.240770851 7.270414516 19.928856992 
-3.543245005 2.568501480 9.149678112 
-3.969864291 8.558580616 -20.400270965 
1.896043655 2.726650032 -7.548703714 
-6.939493305 19.693691686 20.849377578 
-4.055753555 19.860025000 19.906503480 
-10.561766432 17.718403068 -20.217349720 
-10.247660633 17.103967180 -19.306099833 
-11.067961011 21.152307443 18.449658567 
-12.048391323 21.499416594 16.210984753 
-5.926616657 23.023223529 -18.397462136 
-5.228987684 23.967608974 -16.265808158 
10.625435598 2.067397068 -7.936187396 
3.950308978 0.076956299 -2.862381894 
-4.433093389 -1.336866346 1.399799392 
-4.883764715 -0.893123010 1.031954293 
4.335168153 2.778512746 -16.359892187 
3.836000883 4.226196649 -15.884541794 
-6.130778139 -1.920985767 13.715271442 
-6.166707234 -0.943926916 12.937543076 
8.818295794 13.317407702 -18.663093161 
7.273638294 14.421908625 -18.185926683 
-19.342643285 2.981496194 12.300478331 
-18.655553623 4.901096940 12.598504505 
13.884299158 13.680222605 -12.694164524 
13.843640848 14.535143738 -10.063228773 
-20.947101153 1.097416208 6.007266740 
-20.060324542 1.591814279 5.162665571 
-9.867846467 7.898751975 1.680319764 
-11.042887178 8.986515777 -1.234968287 
2.099445185 11.056165492 0.997257199 
3.543388791 14.954414883 -0.353870437 
-2.086992226 1.621554279 -10.735546254 
-1.782963306 2.453430856 -11.529330805 
-1.794837288 1.970835084 10.208027693 
-3.316952640 1.661763046 9.916007327 
2.958750199 2.457411193 -3.097302240 
2.684423788 5.637224627 1.553022379 
-5.042898699 0.784581488 2.880800328 
-5.276984964 0.741378361 2.871496706 
-0.678032334 6.095154822 3.141390380 
-2.479809443 5.770005918 3.734504221 
-5.838442356 6.126096056 -1.439021222 
-6.047749369 6.745043866 -1.574820914 
-7.981420673 11.145744594 6.124427774 
-5.673272299 10.679746708 7.121027263 
-1.721113988 13.241316345 -7.141671268 
-3.497668082 11.441619018 -7.048100053 
-13.809979099 25.345726922 -2.270718062 
-12.312311256 26.590591524 -1.732399840 
-6.506336105 28.473713251 2.225712287 
-8.485319009 28.230423859 1.852239358 
-4.999849962 7.983630520 -5.468391271 
-3.183215669 8.575413893 -5.172211013 
-6.098669791 6.561679536 5.077225696 
-5.003749376 7.440297607 4.987482621 
-4.464991225 13.850732543 -6.921866462 
-3.217768183 13.095687733 -6.014393195 
-3.847302824 14.186415384 7.228625713 
-5.562200078 12.083789152 6.190478686 
-5.364694687 6.257154971 3.462636754 
-6.071091939 7.509531172 3.965350077 
2.497255265 6.663852696 0.854753466 
2.072300698 8.855791832 0.250626295 
-2.451898426 -0.394355308 5.558086955 
-2.907614090 4.395856284 12.086849374 
3.011268813 1.643198718 -3.235632993 
1.856784566 5.948293831 -11.462318789 
-5.888949587 1.524806542 10.901166173 
-1.511899503 3.073520186 12.242911993 
-5.959881449 14.346118904 5.782621403 
-6.126804973 14.615946079 4.999178614 
-3.700442757 16.443433237 -4.590387582 
-2.462660265 16.673275427 -2.962310950 
-7.952311840 14.707564476 4.593977391 
-7.657822367 15.366920372 1.622156268 
-3.272266524 3.820264397 3.225780685 
-3.508304691 1.341968579 3.091062421 
-0.672034199 4.630393699 -3.957443439 
1.616935108 2.568194448 -3.550658193 
7.437204247 6.277314772 7.413582038 
8.659940944 7.118406671 5.890296510 
-7.967393714 -0.212756908 -7.578322073 
-8.734983340 -0.434822881 -6.476718303 
5.702865968 8.014281449 10.078014506 
9.008684559 8.705973535 5.884212659 
-10.089354506 2.333481347 -9.350964704 
-9.242339978 14.602405314 -6.650240310 
-4.386849818 18.181969587 2.400345073 
-6.130511105 17.445605481 1.060661498 
-8.800433354 9.584730282 -10.685611130 
-8.370085845 15.704414879 -2.588288859 
-7.592227113 7.086771250 4.009145195 
-9.515573806 9.187172159 5.140774861 
1.664660148 11.550756080 -6.780718132 
0.485744678 13.453736020 -7.993518308 
1.151179363 8.730050618 2.644350672 
-0.218239544 9.200269577 3.608246253 
-3.789075927 7.051666214 -4.648864432 
-6.270460931 5.952165574 0.827495830 
5.510847120 8.925583127 8.605478413 
7.180937213 10.604440479 6.185366636 
-8.089644019 3.799238048 -9.752071579 
-10.568623016 3.777859023 -7.582704198 
0.366098788 6.956478665 11.988155363 
0.663502861 9.288831479 12.479177339 
-5.330278966 5.647157420 -12.858840773 
-7.128985024 7.056791022 -13.166491939 
3.066154698 2.666445936 -2.985488361 
2.766876416 2.776192390 3.258347763 
-5.143848909 -0.697928903 -0.054844092 
-3.987572307 -0.514574060 4.610243116 
-5.648764791 7.581984980 -3.597452712 
-5.975044724 8.888491653 -3.533011521 
-0.883759030 9.595299790 4.539191085 
-0.518070811 10.353882399 3.939938230 
2.904298765 11.921078424 -11.133389080 
0.957507973 13.112293848 -11.594834580 
-11.454848434 6.722752644 9.969051125 
-10.595550816 8.914341809 10.753207144 
3.895147211 6.589650179 -10.636295235 
5.497116154 6.748184539 -9.317753159 
-8.700837450 1.758978437 9.687215714 
-9.681605732 0.888742620 8.152709980 
-2.252025523 14.101874855 -7.664247082 
1.318744038 14.410900278 -6.155273474 
-7.043072537 12.224070524 8.077949150 
-9.197678671 10.256631669 7.065881415 
-7.712341765 16.409581810 -2.017128956 
-7.500918733 16.864973363 -0.188588748 
-4.366547692 17.802247733 2.567856627 
-4.485110974 18.082448899 0.442334587 
-3.105653181 25.809016240 2.587465804 
-3.819322974 24.604367002 5.230867584 
-13.136659886 21.696124970 -3.304240254 
-11.079557244 22.061276041 -4.336000071 
0.590731466 25.961853984 -0.933722660 
2.660189369 25.142896249 -0.194100686 
-16.942508970 18.651249248 0.515242410 
-17.539693527 16.902950746 0.885194537 
-10.209124451 13.889720155 3.826588913 
-11.076605266 14.550639311 2.769762936 
-0.909599423 17.812063028 -4.525868299 
-0.346441621 18.937575227 -3.190784755 
-2.144330651 15.503708574 4.797323799 
-0.254205309 15.478632374 3.133054744 
-8.061730303 13.159084286 -4.900903288 
-8.842115507 11.850028545 -3.613194627 
-0.617632911 25.484747948 0.147888711 
0.591410303 24.623964888 -0.782665167 
-15.989420371 18.812524296 -0.609385848 
-16.105477628 17.473204888 0.519250533 
-6.422886132 26.372984473 0.988369211 
-7.366586039 26.122218908 -0.659132946 
-12.602291052 23.739730830 -1.149731587 
-11.380211239 24.436363534 0.566451948 
-5.741650452 11.681189505 -7.637520065 
-2.830520592 12.758374324 -7.393055228 
-6.097670062 27.604774897 4.064065061 
-7.974507858 24.477511909 6.740894808 
-9.051139153 8.242914414 0.401213213 
-15.163243678 22.013536543 4.015149494 
-5.966478960 27.860892939 -8.292686444 
-5.913123329 26.321342243 -8.889824950 
-12.286759084 23.424619244 -4.173721474 
-4.096834862 31.377580998 6.518499284 
-18.011317090 26.677887987 -6.905387484 
-17.472830229 25.603975076 -7.485517452 
-4.494159089 32.574399262 -1.088899332 
-3.837749798 31.097677427 -3.385440876 
-18.661468983 26.455958557 0.038571816 
-18.651394589 24.844265920 1.029913031 
-4.281502503 17.066665655 6.188484350 
-7.600825562 16.596957022 2.644427324 
-9.103960465 11.630668072 -15.031902959 
-10.142839664 14.039536499 -13.097168964 
-4.303734296 6.735211449 4.089813148 
-3.541144287 6.549178436 3.855513311 
1.344420164 9.152208320 -2.342034513 
-3.605764116 -0.765713787 -4.059690468 
6.614145384 5.521532892 7.628306003 
13.217442962 13.757522637 9.920706858 
-18.595268360 2.071952180 -10.444594861 
-17.649517923 2.031604541 -9.992399544 
6.851370878 10.972519011 10.377812585 
7.696891719 13.448606812 8.920866775 
-20.423472331 7.898562623 -10.967783809 
-19.235777243 9.856232256 -11.432994323 
-3.099196501 4.710732403 -3.266697587 
-2.460218378 4.631309665 -3.195986913 
-2.419224931 2.907922528 3.685341046 
-3.016549167 3.136745552 3.204725083 
5.534477433 1.901618816 -0.578866151 
5.214918534 3.450238396 -1.074029424 
-4.875263243 -2.634573060 -0.003233177 
-5.627890264 -1.464392837 1.130510707 
6.865128899 -0.190849230 10.421304557 
7.370678570 1.625962587 10.795499648 
-9.551050807 -5.182825127 -7.303806016 
-10.839791046 -4.034038835 -7.248949959 
-5.364138848 -2.753753708 8.429427458 
-6.676064976 -1.597379557 9.386620602 
-11.241152675 -4.343537434 -4.844888666 
-11.782440484 -2.782862193 -6.007018916 
-6.883272729 4.601902796 1.611009079 
-7.066857211 4.460790368 -0.097237328 
2.827080421 7.313235636 -2.739495693 
2.269857545 8.374413108 -1.154546170 
-9.833568223 7.021820431 0.538809223 
-15.712777097 10.534696538 -10.037579735 
7.089182033 17.259814560 10.374508887 
6.395037445 18.571926163 8.356898174 
-5.893507937 4.121245974 -11.669594321 
-12.015884726 17.403584755 -17.416267511 
3.751359346 8.369887067 11.552115480 
0.678762584 9.251494737 13.248002463 
-6.386010325 12.916072651 -20.422069445 
-1.621579979 4.666723798 -11.551304191 
-4.496076624 13.543515782 20.094058562 
-6.747158816 12.269763414 19.051121022 
1.283250921 4.225947738 10.459398505 
2.839226980 4.561635359 9.735286214 
-3.935502554 -2.159852334 2.112336426 
-4.119615203 -1.453841503 2.459636705 
-2.585354627 6.799168105 12.250161604 
-1.781986534 11.187385791 12.443946212 
-5.477251116 8.641350924 -12.742013257 
-6.761746431 9.802707587 -12.315110289 
-2.821600711 6.459186844 -3.299415246 
-7.608365774 7.328441424 -1.094389274 
-1.784285543 5.765438149 3.290093686 
-2.863729584 18.040781959 0.746095727 
-2.417588381 4.574860727 -3.518942608 
-2.453774237 4.976989542 -3.999465904 
-0.866088334 4.893146940 3.377163845 
-5.911411321 0.498636496 -0.686636844 
-1.342394468 5.398410600 -11.931830202 
-1.972653684 7.037519399 -12.736532696 
-4.329188056 4.087970859 11.851920372 
-6.447697250 5.197496671 12.266837802 
0.246807474 8.755436715 -4.057395356 
-3.800376619 7.989052863 -4.818585659 
-5.630061263 1.899670770 0.706412451 
-5.478093092 1.289757354 -1.123013376 
-8.553216069 16.594667940 -3.954325721 
-7.766984403 14.346473097 4.361322184 
-3.798082021 18.444397053 4.663990741 
-3.452049475 16.225503084 -4.305995067 
-3.472541774 4.529238423 -3.535365094 
-7.360859879 6.050267544 -2.394096740 
1.575325511 9.681069066 3.404884888 
1.724815421 12.153839689 4.554349405 
-8.683383832 25.315304668 -3.259867884 
-8.755983697 25.572935416 -1.287051590 
-11.719501575 24.138775588 2.404454129 
-10.729258158 24.787057911 0.879236716 
-0.994529793 24.877470546 -3.592862786 
0.449653780 24.525957836 -1.187319091 
-15.895847809 18.548602436 1.340921153 
-15.971256034 17.442762931 -0.099977338 
-9.168036307 11.015371377 5.189630477 
-4.553397135 9.083294137 4.537134078 
1.171141399 15.626246493 -3.792396231 
-1.228987686 9.420170523 -3.870362227 
-10.125569035 11.600940361 -2.939914913 
-10.890135919 12.520788960 -1.856498295 
-0.077971878 16.127166800 4.230018346 
0.445534810 17.436823326 2.488899154 
-0.354537464 24.974704197 5.551407355 
2.708683337 24.526635072 3.230305231 
-16.448483182 17.714068857 -5.349208417 
-16.957701940 16.439373709 -4.821862656 
-5.295174522 25.584373436 -0.690316355 
-5.008316625 24.769931880 -3.374815437 
-13.210534677 22.121881948 0.115221746 
-13.342397779 21.156306945 2.075068748 
1.118587765 8.056110459 3.000310281 
-6.928097232 17.032068270 0.086030076 
-1.063360655 4.764770422 -3.980547615 
-1.712400662 6.457539588 -3.923833257 
-2.616142029 5.825997569 3.604326946 
0.184415372 8.507393915 2.573493135 
-2.031952977 5.676020269 -4.066837575 
-4.770698459 6.351357184 -3.314494412 
-5.928798312 6.892557042 3.847923101 
-7.431995378 13.971726917 6.486850054 
-3.456395196 14.645348800 -8.379740880 
-4.749653594 15.424804770 -7.202177443 
3.085580103 2.483463870 -2.931140229 
2.716392521 3.243360665 -3.553609751 
-5.125902679 -0.612296214 0.119263003 
-5.011056194 -0.541364291 0.689110828 
6.355346927 6.479958023 8.857051873 
7.260746995 6.481684658 7.558206143 
-7.074989038 0.881784646 -9.553160974 
-5.238678851 -0.990337863 -1.816993913 
1.069407877 10.298210279 11.904339810 
1.378446076 12.507886864 10.937575971 
-6.555297470 8.054180723 -12.371923983 
-7.214185683 9.651726651 -11.772489108 
1.483983840 8.939244333 -3.007195712 
-0.353317156 8.939908030 -4.016526897 
-6.045150419 6.973715508 4.166164248 
-5.167788835 7.026115764 5.497506619 
-8.096309846 6.617909200 -3.528539422 
-10.078670767 8.801532986 -4.518021798 
2.677998802 11.783690163 5.960405668 
1.124388454 13.448359519 7.756585306 
-0.203692194 7.978315389 -12.587136318 
-2.122393544 9.322935047 -13.221043638 
-9.076657435 5.469530950 12.038174620 
-8.687848597 7.372178252 12.879489868 
4.918827220 8.803237494 -9.647280483 
4.925372853 9.749513110 -9.133011176 
-11.141794818 2.948758796 7.413527776 
-10.852163333 3.872286094 7.679477214 
-1.545720094 14.743441824 -6.559455982 
-1.666753444 15.677053666 -4.575546927 
-8.480048081 11.898684820 6.432588816 
-8.020542235 13.107848569 4.970718087 
-10.485531314 12.483882497 -4.153518326 
-11.451599573 12.999276388 -3.127281380 
-0.097549111 16.533822527 5.289815849 
0.822869488 18.023854292 3.614873186 
-8.730432952 25.735597157 -1.103525229 
-9.441256919 25.226616465 0.620092122 
-10.638135781 24.961277742 1.066800003 
-9.249097936 25.327236679 -0.377663735 
-2.502188330 26.034880820 -1.074745153 
-0.633519656 25.271396674 0.551415840 
-14.883088627 20.853962964 0.753750338 
-15.127991464 19.580894168 -0.002124353 
-9.154161416 16.269091400 2.749367099 
-9.368233973 16.188305084 1.046290390 
-3.678884038 18.592177850 -3.833352071 
-3.153107145 18.852724755 -1.445566297 
-1.831067871 13.579460556 7.990091814 
0.011897845 13.057742212 7.493979483 
-6.807684636 11.728478456 -8.732302314 
-7.174847217 10.295239873 -8.379925250 
1.967052472 24.876857333 3.645520009 
4.089737966 23.788968926 2.416495431 
-17.184753700 16.677798192 -4.471359703 
-17.240942876 15.121121038 -4.600928131 
-1.434768409 25.948338927 -1.502996792 
-2.397168834 25.229326663 -2.975045278 
-15.275617570 20.374581855 -0.031719495 
-14.338257534 20.291118509 2.002401582 
-11.708239758 16.763323573 12.245989097 
-8.595265947 18.284102383 13.094225118 
-6.573716059 18.082609347 -14.301127079 
-7.476957214 17.864724369 -14.145513807 
-12.552873902 21.207764745 -7.190619351 
-11.380531489 21.740812461 -7.350980803 
-3.495706545 24.818243176 6.212768037 
-6.484851527 23.641512691 7.273436808 
-6.819267482 6.929159158 0.451299069 
-6.819528796 7.046812838 -1.197828673 
-0.770446587 13.146923689 -5.712341251 
1.790052502 10.521512409 -1.760459807 
-8.475798101 9.165959112 1.048483615 
-5.959377333 8.888343896 4.383699095 
1.416195538 12.102119888 -2.680238825 
-1.285521992 10.151756745 -5.440866570 
-2.477704702 -0.071614034 5.641054182 
2.221841417 2.330019885 4.009132110 
-3.176568951 -2.456355041 -4.051861460 
-4.850478007 -0.474266342 -1.091101051 
-6.548396597 3.255921411 11.066909222 
-6.367500393 5.007509177 12.095616649 
-0.631666577 9.104108825 -12.352999742 
-1.085611718 10.035512713 -12.360178088 
-3.887269260 6.721024709 2.980392946 
-6.747166121 8.619297755 3.244127579 
0.587376453 10.269049177 -2.292085523 
0.201361796 10.559357255 -2.574717579 
1.267428196 5.034808097 -2.008740719 
1.293475033 6.036054087 -2.725104430 
-4.453303687 3.570034359 2.653693775 
-5.026755587 3.613700477 3.035288086 
3.961350182 9.427999844 -10.746653945 
5.366652465 11.504529486 -9.651937031 
-9.819569212 4.328784436 10.076124308 
-11.602303429 5.625405707 9.333584542 
3.394078910 2.351055629 -3.628792413 
3.496459426 2.669220152 2.308306010 
-5.511047453 -0.933742664 0.048696016 
-5.221475672 -0.222759368 -0.050699071 
-2.126433936 10.103353646 -4.121033677 
-2.595224564 7.246832328 -3.749942033 
-4.201211030 9.475907766 4.610589081 
-3.608918149 9.559934538 4.225612678 
-4.298326367 8.187363480 -4.268123907 
-3.984272129 9.333914994 -4.639925930 
-0.912283353 9.852785249 4.591689929 
-1.489650231 9.959315829 4.983225392 
-18.131408377 15.425314143 -4.988859795 
-17.369108548 16.907190064 -6.033093949 
3.908520898 24.084013908 5.551959835 
2.101442756 25.203232380 5.212364191 
-16.710081502 9.463633152 -8.391479723 
-16.348090645 10.392058814 -7.973984708 
6.445836663 19.711485174 8.108038178 
4.214371774 18.148903044 10.921968185 
-6.188098380 7.250473280 2.538407620 
-6.174064851 7.079325141 2.130009244 
2.056457944 9.124497872 -1.902462528 
2.091712565 8.913493581 -1.339858684 
-7.123045460 5.410173095 0.659843692 
-8.678657293 9.967538706 3.338406786 
1.756601784 13.003000339 -2.683594105 
0.723738540 13.414927872 -2.524144556 
-7.530137994 11.018641416 -6.978224499 
-5.399455052 11.801134024 -7.454500782 
-7.655771614 28.942514338 1.516156640 
-6.677992541 26.590580344 3.685405405 
-8.922347873 8.365615719 1.015247574 
-12.079040786 24.108017256 8.463701248 
-8.024722608 27.511852450 -10.668580146 
-7.289489256 25.945812572 -10.987837532 
-3.882879421 33.004060645 4.125441504 
-2.870965084 31.368770625 7.239610406 
-19.623537391 25.272755918 -7.552000663 
-19.343485182 23.873401411 -7.994455995 
-3.828703236 32.825316927 -0.298633270 
-1.469242615 31.638516921 -2.357070226 
-19.529330468 26.046010014 -1.771045951 
-19.584025649 24.384739182 -0.583946642 
-9.225372935 15.327396198 4.087695544 
-2.964354987 14.747472621 14.223115494 
-9.884483048 9.887842210 -15.431521621 
-8.325111635 11.642699654 -14.383809626 
8.751108362 5.781480895 11.275193119 
8.205323258 5.304211412 9.676923207 
-9.847848660 -2.048909162 -9.994205141 
-3.430636474 -0.604243571 -4.351084143 
14.564582545 15.668452446 9.967121808 
15.733506508 14.771796921 5.113055408 
-19.763004399 1.969252378 -9.380795198 
-18.708249131 1.295179564 -8.265725627 
10.652041205 20.633564580 11.678766292 
9.093773490 21.723032129 10.714583272 
-21.208175045 7.338160962 -9.925684236 
-20.534420817 8.987722626 -9.540882532 
2.232805572 2.332602716 3.477776374 
4.947862997 0.198357560 3.582716326 
2.136960818 3.817337513 -2.594098522 
-5.639182597 -2.983135663 -1.687165886 
2.464605624 2.206618621 -3.536244185 
-0.020725205 5.233561400 -3.347496431 
-4.759539874 -2.723605789 -0.063125041 
-6.009486199 -1.037870935 2.653145362 
7.287156934 0.326296430 10.102167603 
8.701401820 2.442941098 9.598489104 
-8.753474025 -4.577701373 -8.504575934 
-11.097745752 -3.694958410 -7.257786331 
2.117943487 0.020357919 10.224315698 
-0.581354633 0.806791083 11.773358090 
-9.933652591 -3.603257784 -8.157911198 
-10.123061534 -1.960402860 -9.164283447 
-10.906056924 5.352286402 -13.600910945 
-9.394668225 5.393221279 -12.606460049 
3.259242173 7.709691362 0.212550632 
1.576156681 8.434854430 2.810010567 
-17.425322600 15.124686472 -12.589664727 
-16.440687209 15.244359678 -11.660921851 
3.103762867 22.582753097 13.346388064 
2.046329210 23.823931170 11.330398742 
-9.799833472 18.510926217 -19.975908441 
-9.453058577 20.321576634 -18.488171745 
-12.760935128 17.837369427 18.911478365 
-10.486761039 20.333172751 17.923280496 
-6.397850555 13.826391785 -20.665468069 
-4.612838148 13.425748290 -19.644739804 
-8.708452312 13.468401458 20.032497447 
-8.558582781 12.184920910 18.850311190 
3.014341088 1.478910621 -3.478272243 
3.068753109 1.466829785 -3.541177243 
-4.060111591 -1.850822950 2.177887435 
-4.118641140 -1.392524713 2.503190052 
1.470937168 10.454719916 11.667060839 
1.480247873 12.330779286 11.380002899 
-7.142844313 7.886371088 -12.335186363 
-9.047819790 8.822136900 -11.533581873 
-5.255445323 7.913389635 3.919182526 
-4.121960591 10.093917414 4.687215431 
-0.415316715 9.766563429 -3.907745640 
-2.257197467 11.173213468 -5.181006774 
-2.207556349 4.882190495 3.496088758 
-4.208311111 5.211993044 2.820796173 
-1.959105869 4.609562025 -3.965270153 
-1.378490945 11.496835048 -4.833813168 
-1.088964498 5.397106230 -11.850548746 
-1.371609782 7.330717167 -12.699042218 
-8.273464254 2.565319234 9.923803392 
-4.066602063 6.007036285 12.817154150 
4.415428127 6.829112789 -8.462303542 
5.376830306 8.589483165 -7.621125715 
-8.809861110 1.183524794 4.679067051 
-10.169752087 2.444580488 4.967843234 
-2.564809418 8.061263849 -5.908193872 
1.164300078 9.479783824 -1.252831865 
-4.281992858 7.127930970 6.254045968 
-6.765745044 7.255539668 1.054306646 
-2.376155077 8.698229062 -5.968166598 
-1.057357299 9.563947329 -4.967219941 
-5.282274357 7.529863613 5.564920810 
-4.551289010 8.804772662 5.564546912 
-8.106869536 25.585718818 -2.813431438 
-9.590656067 25.201053732 -1.184275035 
-10.920450093 24.544117549 2.618103576 
-10.257610093 24.959919320 1.022953505 
-0.792065772 25.073172412 -2.455218774 
0.452670873 24.582907117 0.085060413 
-16.052012249 18.345566125 1.117966287 
-15.871615121 17.452154160 -1.255343639 
-2.385073708 15.558743133 -4.691968580 
-0.726966119 16.034625186 -2.642963388 
-7.976493917 13.244486539 4.909756796 
-9.104180430 12.309372619 2.981697845 
-9.800056474 11.800686998 -3.474709367 
-8.366401206 9.624507038 -1.660367662 
-0.749534080 15.746038658 5.386771335 
0.995718727 12.516354864 2.380663288 
-0.325201889 25.048784129 5.352147289 
2.502110946 24.505939473 3.448445232 
-15.677308318 18.057870851 -6.572740399 
-16.860425597 16.294281434 -5.223330483 
-4.554924498 25.640872531 -2.078781142 
-4.381051740 24.849594636 -3.849956938 
-13.547381802 21.895809052 0.038586053 
-13.284400370 21.221974046 2.092780215 
-7.179145630 16.607870732 2.028324680 
-7.286487679 16.896490165 0.078491605 
-4.472399281 17.718958579 -2.665125665 
-4.955148178 17.853875528 -0.625246350 
-5.807197668 16.176387605 2.782591479 
-2.673401412 7.374675414 3.829711923 
-5.450461003 16.374860069 -3.355735962 
-2.125668034 7.219257695 -3.992114266 
14.749102564 9.381682091 -4.281763090 
13.238960613 10.390778289 1.227249051 
-11.795636228 -2.196396778 -6.632553650 
-12.924858538 -0.539232239 -6.218860643 
3.017154175 2.200379177 -3.184915266 
2.697536063 3.210100209 -3.561892743 
-3.857221552 -2.317285497 2.069295860 
-5.007738588 -0.504133645 0.698507160 
11.776934630 11.005056750 -14.280145562 
11.191815916 11.020535885 -13.091720228 
-17.383831959 -2.438300557 4.632111163 
-16.028857391 -0.212079538 8.635603388 
12.031104737 15.579558711 -14.244670634 
12.355621284 17.013376815 -11.538666441 
-20.105041686 -0.338103213 2.747746213 
-20.397219886 1.751069835 3.144323079 
3.401341511 19.371113787 -15.675140977 
5.112048776 18.320313995 -13.508524857 
-19.505068850 10.112344385 11.675139612 
-19.065192008 9.146600451 9.424018706 
-7.536901136 21.008400641 -15.687593421 
-6.952543736 21.820165960 -14.138825176 
-12.346940224 21.373484801 15.411145796 
-9.698101946 18.947489387 14.991181620 
-3.013413985 31.258989187 -8.698421240 
-4.542068401 30.547392178 -7.494102432 
-18.818018228 24.651258299 8.842056234 
-18.255412206 24.955593544 6.633093408 
3.260266763 29.506826482 -10.025869001 
4.873790037 30.420055688 -3.347321001 
-20.612666271 23.623313607 -5.976714095 
-22.591311760 19.105734434 4.855252905 
-9.662066976 29.218447285 7.927082556 
-6.947344101 28.796075649 5.325355243 
-15.856925548 26.274483906 -8.079006638 
-15.449330654 24.786427194 -6.885384277 
-19.032052213 21.692332751 6.220322287 
-18.036442966 20.667478773 5.733296650 
-2.797683940 27.160091129 -14.679529826 
-1.580742554 28.038313344 -7.147394735 
-5.790204219 6.444230963 5.850403943 
-6.127722882 1.686182007 8.004351293 
-5.049287368 23.249072233 -17.721711587 
2.520303520 12.063621138 -1.571622292 
-10.901101973 22.478146138 17.833992721 
-8.517516558 20.613632058 18.600165589 
-10.785177736 22.394830704 -17.242309777 
-10.610932580 20.149138610 -17.391045642 
7.280985356 25.811442513 -9.419353246 
5.176174642 25.649357452 -8.520596173 
-22.932385846 13.712367206 -0.911398973 
-21.355368216 15.261419389 -0.066806031 
14.520361338 5.472634646 -9.066895783 
13.903143955 6.165699375 -7.036276302 
-3.986025698 -3.358395870 0.691018369 
-4.331259725 -2.132988889 1.212065636 
-3.341169526 2.897959536 -3.050838010 
-3.314484327 3.690181630 -2.874234242 
2.648191362 6.753469868 0.813034584 
0.949524792 7.745648830 2.348513674 
10.815813100 16.591776389 -15.804633577 
9.573877000 18.119204048 -14.775471920 
-9.796772900 -0.536147956 14.177171037 
-8.911719662 1.963792662 14.942873294 
-8.055779068 6.586668953 3.564911712 
-10.014162574 8.509113515 4.376062552 
2.210655635 11.688193437 -6.619373510 
0.122883719 13.382670029 -8.813815184 
1.219249152 8.614278519 2.968035144 
-0.408330070 8.862342905 4.079809756 
-3.104547235 7.087817022 -4.939397510 
-5.326123573 6.980755121 -5.420977437 
5.014523353 8.660493519 9.389805121 
5.957190910 10.045654871 8.065951318 
-9.336778192 3.599999643 -9.436477255 
-9.987712987 4.056871123 -8.619950721 
0.129631693 7.877261048 12.424101638 
-0.721292525 9.878335335 12.950807658 
-6.732013628 6.424104615 -13.126939969 
-4.953164657 8.738848204 -13.886716511 
3.078053993 2.468400808 2.944945297 
2.650461655 3.175958589 3.614734176 
-5.012469060 -0.796851596 -0.273433456 
-5.008371590 -0.512493642 -0.684457477 
-5.815292216 6.894695730 -3.928865816 
-6.442025110 8.282611988 -3.481650358 
-0.226594132 9.415128178 4.863230575 
-2.449172502 8.393366152 5.455989957 
1.480129122 10.522583780 -11.704782079 
0.472961116 12.128502380 -11.380625213 
-9.285692609 7.036126151 11.190879964 
-8.166687884 9.365733866 11.402310757 
4.027643724 5.649235974 -10.614549532 
6.162483505 6.131844656 -8.761648802 
-6.593606497 1.554660985 10.286503878 
-7.140494370 0.881645794 9.086125836 
-1.875270351 13.571826339 -8.067377522 
-0.594024093 12.888789494 -7.881311292 
-6.397815699 11.830193741 8.794489683 
-8.100936629 9.923325302 7.955765858 
-8.737589000 16.333518560 -3.192598826 
-9.099003334 16.389883366 -1.120131976 
-3.789838113 18.504049146 4.094829412 
-2.908822585 18.910253617 1.040990370 
-2.365861085 26.013329873 -0.089613147 
-2.447618055 25.259537615 2.762203676 
-14.998607080 20.410321933 -1.772476628 
-13.893815394 20.492636851 -2.735277680 
1.931199002 24.795565231 -4.057731667 
3.289926623 24.083427569 -2.692332804 
-17.252549899 16.877460417 3.774126062 
-17.625407425 15.234274453 2.631572098 
-10.061896644 12.476958917 4.361469361 
-11.810207052 12.986887995 1.919652117 
-0.155889867 16.737448629 -5.293220161 
0.295057742 18.073036227 -4.199585006 
-1.574617974 14.703346290 6.615109662 
-1.684606086 15.648668467 4.591932502 
-8.054915593 12.080890463 -6.683196800 
-7.928698628 13.184958292 -5.021318502 
-2.740453491 25.990639709 1.630977044 
-1.155599232 25.314366865 -1.851479340 
-14.612396700 21.113786764 -0.953938530 
-15.446862955 19.230479722 -0.124910720 
-8.229716931 25.931227678 0.794867344 
-9.597460361 25.168629801 -0.606328179 
-10.420203408 25.050216542 -1.278474544 
-8.989908670 25.423852578 0.196960327 
-5.053570826 11.311709346 -7.817232393 
-3.217732529 9.166451384 -5.179453663 
-2.637674678 12.116412226 7.372178989 
-3.233940013 9.134691612 4.534829386 
-11.360372755 11.345200652 -1.397826271 
-11.166321648 12.045835403 -0.295572761 
2.057453266 16.836093385 0.197799972 
1.270708259 17.016976952 -2.080191001 
-11.023681566 24.061313697 -4.945117264 
-10.743764326 24.534844318 -3.092013809 
-6.768627671 25.791139571 4.145480592 
-7.670485609 25.799104502 2.451906272 
-5.668555324 23.395031106 -8.796904673 
-4.880909943 22.688004198 -9.150896483 
-11.785226509 20.962234050 7.668840010 
-13.029182662 19.300381228 7.103537340 
-10.112510283 15.057933189 0.068194205 
-9.018759164 16.182886447 -0.621410735 
-1.472338212 18.562543696 0.024998686 
-3.286802532 18.594775331 1.022182079 
-7.737037991 9.190291825 7.457133379 
2.226969124 11.024311907 5.518493845 
-4.173312501 -1.028983649 -2.350487595 
0.160316386 7.750168831 -3.105224666 
-4.619102808 21.218399348 12.041192480 
-1.637433427 20.627144182 12.053944492 
-12.141408502 17.505329749 -11.150245967 
-11.706372421 16.005449735 -11.776991108 
-4.958619607 24.457412529 7.152643748 
-2.692554948 25.034886470 4.144879200 
-13.313514810 20.560426643 -6.438875287 
-13.272494950 20.585497701 -4.972944662 
-4.247403878 2.389759142 -2.398115240 
-2.990097108 4.045628689 -3.401299769 
-1.330591882 9.369007288 4.368625927 
-2.605065071 8.403169825 4.039640426 
-1.374706092 14.733387403 -10.065125162 
-1.043399173 16.141480703 -9.138350425 
-8.717302017 2.680418768 10.192049725 
-10.542577798 2.984019969 9.143886117 
6.918966414 5.776716348 -7.180791730 
8.162745904 7.645434824 -6.290932702 
-3.987765688 -2.149413281 -1.824887413 
-4.508615529 -0.710653790 -2.510741228 
2.738888069 3.440303183 3.028871140 
-3.150001515 5.228599006 3.659979676 
-11.041133045 -4.280422206 -6.897180647 
-0.481700298 5.664996608 -3.423435471 
-4.815111298 3.955250709 -1.888848184 
-4.217479913 5.251518310 -2.557025257 
2.092683367 6.147953332 -0.029839062 
2.378207037 8.311636525 -1.168537550 
-5.410072767 3.336218389 -1.047934148 
-8.983920402 6.025947074 1.053668724 
3.254777021 8.959600191 -0.548124752 
3.688792855 12.476517052 -1.711737284 
-7.655799751 2.043934420 -9.704077932 
-8.433421901 3.678848049 -10.670958293 
4.434310044 7.136438635 10.371741676 
4.049764883 8.971807223 11.199532006 
0.373083288 4.859500109 -3.296699153 
0.157618214 5.397793524 -3.431681616 
-4.818211659 0.433122006 1.837655911 
-5.196413194 1.468112221 2.164403029 
12.299789309 18.136638849 11.581600636 
15.742874292 20.952547145 2.718104393 
-5.443246982 2.036070156 -10.346118796 
-21.799975502 5.178559145 -9.962796778 
0.518038803 18.622717575 12.635690128 
0.124260098 19.314422850 10.855212598 
-13.359878988 12.424143128 -12.582626959 
-6.362214448 16.643292341 -6.418907609 
-2.745946272 4.445891549 -3.377312522 
-0.269648914 6.307505677 -3.179024128 
-2.647472053 4.702708137 3.194071790 
-4.062073750 5.143643501 2.679043170 
2.848418267 4.876548574 -2.773942232 
3.169030258 5.336718610 -3.088166337 
-6.052056445 1.443789006 0.325486638 
-5.813557669 0.505902283 -0.685348306 
8.062505483 19.572530411 -16.658216783 
7.760940170 20.666630670 -16.037109896 
-22.429180684 4.927581229 8.737587144 
-24.035341506 8.207040101 7.695658617 
8.013307250 10.389228552 -9.202400847 
3.212734126 6.299532250 3.290807263 
-6.316796579 5.076141749 5.715782449 
-7.459391350 7.067266856 2.367275920 
-0.109601614 10.358897136 -4.146796877 
-0.225323067 10.596778407 -4.113259193 
-5.997283360 7.914601580 3.907935271 
-6.437209865 8.071671925 3.856405432 
-0.266187042 15.284550270 -15.265863633 
-1.019016243 16.042692721 -15.233313715 
-10.925859250 8.255084320 13.865560651 
-12.150855279 10.554173865 13.964633546 
3.532636377 31.813256790 6.108279021 
3.027280194 31.009133177 8.661298744 
-20.458131732 21.043427837 -11.536197647 
-19.532029286 20.900093927 -12.647264940 
5.140976455 24.566010237 -2.420790540 
5.814910179 22.192482599 -1.830576108 
-19.700853544 12.213094161 -0.557844844 
-18.116275234 11.403147748 0.022031565 
-7.283854534 17.206754042 -2.003006161 
-6.658248275 17.629241306 -1.416651630 
-4.921851820 18.030544668 2.472298970 
-6.087230873 17.800194618 1.771454178 
-7.582235361 27.716965003 1.896123107 
-10.923625874 14.105839612 -1.863790995 
-12.388084835 25.218138628 -1.226645624 
-11.861415868 25.711776420 -4.734962765 
4.615520340 29.899177155 -10.591344864 
4.598311340 27.682630249 -13.888228819 
-24.961543162 16.955935618 5.419354612 
-24.929153993 15.985071770 5.448602545 
-7.877378618 25.276020421 -8.460262855 
-8.987885246 15.210999246 -3.114810824 
-14.715230802 22.920992131 4.181629452 
-12.133677080 22.267825217 5.888732955 
-7.656741137 13.942284192 2.984634577 
-4.609754385 17.510006301 2.318468438 
-2.867139652 16.082323118 -3.424501267 
-6.411748136 16.589076347 -2.990870872 
2.280257358 27.089747339 2.023098474 
8.575135641 24.047855778 -1.451927207 
-20.382948233 11.768899745 -4.379615737 
-20.846729101 10.570055472 -3.060551287 
-5.464852093 7.647482832 3.709401841 
-6.825281501 15.376889222 5.383517646 
-4.513625928 14.925603356 -7.280873812 
-5.956423174 15.612984384 -6.110624431 
2.824118518 2.282889851 3.817158453 
3.644867213 1.896629027 2.802145172 
-5.176275807 -0.631034604 0.118036811 
-5.434048515 -0.696938993 -0.693919334 
6.154090790 7.519764696 9.002277019 
6.534275965 7.163815142 8.301412498 
-8.632763595 1.799653342 -9.746583310 
-9.488345173 0.959616737 -8.375692599 
3.346250577 12.144174946 10.824987755 
4.827082332 14.583788969 8.620780823 
-9.333499893 7.499669611 -11.502180244 
-10.621162288 8.896856094 -10.735798666 
0.646300779 8.626359492 -3.283857961 
-0.305106154 8.971348126 -3.829083297 
-4.677249105 6.958727032 4.211142138 
-6.758471736 6.646713300 2.084081123 
-7.997350896 7.076293920 -3.651448714 
-9.636981489 9.394571703 -5.028129508 
1.697122114 11.620284731 6.703189014 
1.025546684 13.558995037 7.595209559 
0.816467290 7.597077482 -12.076435053 
-2.037977599 8.040346716 -12.992631745 
-6.415943769 5.135048890 12.481106476 
-8.582748904 6.454096695 12.560140462 
4.544751544 8.615612057 -9.543439658 
5.994558160 10.296180464 -7.859689773 
-11.248266349 2.679631925 6.316249792 
-10.377761909 3.800593672 7.743919258 
-2.122733021 15.509723072 -4.812530001 
0.140726644 15.349025279 -2.941484064 
-8.418514478 13.015018402 4.653012567 
-5.941398965 8.222673252 3.459405677 
-10.213292533 13.999336188 -3.844082908 
-11.099398542 14.649313666 -2.684002173 
-1.667810465 17.368577701 5.626748945 
-0.485101402 18.900355749 3.375844339 
-6.196962007 26.388888453 -1.292949291 
-7.427457611 26.083011956 0.966241894 
-12.848362173 23.612155972 0.544283431 
-11.733620573 24.238978691 -0.729726779 
-0.226706593 25.411453363 -0.560843937 
0.879806987 24.533226852 1.031113580 
-15.952826481 18.879146072 0.002393489 
-16.224201112 17.266313631 -0.792522141 
-7.605233561 16.496337255 1.931606113 
-7.693034920 16.775697146 -0.029428375 
-4.541646891 17.681994939 -2.970633341 
-4.627613976 18.039848742 -0.625461995 
-2.044848479 14.190736899 7.586168523 
0.932418430 14.292884793 6.545905259 
-6.937420877 12.330372086 -8.172925618 
-7.832633490 10.896980751 -7.870813284 
0.385147022 25.974186145 1.225121402 
2.699828072 25.108906305 -0.597585619 
-16.662103273 18.739075168 -2.977092442 
-17.285380553 16.978555524 -3.160338377 
-3.459067815 25.686161879 -3.238441293 
-3.971123347 24.675455892 -4.883815055 
-14.262780068 21.211586144 1.677796061 
-13.045894238 21.033049232 3.555438357 
-13.786511558 25.445723075 1.586867736 
-12.290594333 26.628623737 1.448855096 
-6.341164423 28.471771354 -2.545517692 
-4.541870190 26.356697559 3.376468460 
-8.687455007 13.553096944 -4.443253239 
-5.640353542 10.902929919 -7.171306384 
-1.596929445 16.457906548 4.182404207 
-3.151643256 11.655266626 7.018583448 
-6.645225161 13.087377468 6.605662767 
-3.923331565 12.779942727 6.104975526 
-5.754087096 13.306754194 -7.266593436 
-6.496663656 11.653329329 -5.872886193 
-11.565387514 22.548958163 0.371974013 
-10.344747452 24.098008004 0.484002441 
-6.072181579 24.820527754 -1.744098981 
-8.055228623 25.097453526 -1.219592982 
-1.961262846 1.646197261 10.680975827 
-1.233079506 2.594423814 11.456507442 
-2.873971751 1.661986435 -10.115867732 
-4.021621592 1.210549405 -9.454279592 
-9.990176405 7.911194713 -0.860778188 
-11.015019952 9.137542067 -1.302478121 
2.868530308 8.548228255 -1.352665636 
-0.220896422 10.278218494 -3.700465779 
-2.201612086 5.253379334 -3.493073460 
-2.413033400 5.811401677 -3.746489715 
-5.830667292 6.106379733 1.496889654 
-6.072199446 6.708708685 1.585946847 
2.828574064 2.977599210 3.073133074 
2.559430594 5.558480267 -1.986225313 
-5.246736666 0.644892226 -1.887187882 
-5.264064184 0.769513303 -2.904475258 
6.921105518 6.238867500 -8.131750309 
8.148792915 6.934226605 -6.711940115 
-8.298714659 -0.571814041 6.797665707 
-9.229973131 -0.604357279 5.759171231 
-3.322679255 3.794345383 -3.202859356 
-3.531267274 1.307515743 -3.073254944 
-2.117577620 0.868438174 5.080311452 
0.886794960 2.047934889 4.054304690 
-5.518993825 17.683856493 -3.321913930 
1.421719005 13.973916907 -0.212245415 
-3.288774071 12.367551566 5.877523730 
-5.933446621 17.535180533 1.514236319 
5.721988756 7.917008786 -10.075061050 
6.978677672 8.203907051 -8.773529803 
-12.688639772 2.332384918 6.583990970 
-11.455254313 13.422149452 5.659677037 
-17.635949373 15.919415772 -6.475264513 
-16.702700214 17.242833053 -7.064805797 
2.632932638 24.282381926 6.986709581 
0.434309660 24.472722561 7.842525574 
-4.938971512 6.453993862 -3.868684137 
-6.426166131 7.339800040 -3.535106525 
2.517178842 6.644126557 -0.799216766 
2.136972638 8.780844605 -1.057998819 
-4.393448631 16.207125675 4.833605185 
-2.073953181 16.859949086 2.347546340 
-7.610508062 14.782021744 -4.826162615 
-8.378181849 14.230444917 -3.120697023 
-5.756470056 1.576020212 -10.991602936 
-3.473159979 2.340712146 -12.033555465 
-6.573225506 14.104479331 -5.702490743 
-7.276694712 14.062005799 -4.798077682 
-5.979763778 31.131635228 -7.796273699 
-4.553123632 29.770451550 -8.762846094 
-18.278440322 26.331652888 5.687083150 
-17.624465072 24.565336445 6.561434889 
-11.756075078 29.901283820 1.549919636 
-11.724411180 28.308202880 2.345963160 
-11.283387009 30.649180173 -1.885414805 
-9.460259595 29.377546777 -3.255411858 
-0.419352644 32.427717780 6.479291870 
-0.721966858 30.343616391 8.224976240 
-19.140618233 24.357795097 -9.578496013 
-17.885001091 23.775590119 -9.522155117 
3.086277778 33.291299470 -0.279964806 
4.113389244 31.784768815 -1.229813966 
-23.635815035 21.729044020 -3.917767846 
-23.196472202 20.395004165 -3.061662247 
2.525818647 23.364943506 16.140508464 
1.022865173 23.579433236 14.838788227 
-17.860007530 13.967583700 -14.782558685 
-18.593390111 15.237365166 -12.271568878 
1.743973406 10.986096650 18.512704572 
1.324162675 10.395023459 17.077148881 
-10.246008414 6.064639740 -16.783992016 
-9.355251533 5.401244136 -15.211220310 
15.006559707 14.206548147 10.045862906 
14.684694710 12.964503545 7.701456344 
-20.070145765 -0.074106240 -6.411776670 
-17.873556953 -0.071680525 -7.222830834 
13.553928880 20.822928554 10.700840772 
12.653597654 22.066691400 8.582390509 
-22.698033476 6.032714367 -9.250971475 
-22.340254719 7.479407458 -8.558272503 
5.604251038 2.992502469 15.477154213 
3.600046093 3.592427868 15.422815024 
-5.137726914 -1.430381083 -14.284109774 
-6.154181545 0.008466449 -14.156501321 
11.169457389 2.368186080 5.943051816 
3.980165906 0.098686919 2.813203702 
-4.429759262 -1.295485859 -1.468823315 
-4.811705528 -1.166006437 -1.014592245 
15.882987025 15.404467689 7.792533445 
15.197174371 16.157759329 4.657752406 
-19.595136472 1.353829418 -9.067647497 
-18.659302538 2.284158023 -8.830457341 
12.162761909 15.242955064 15.139714671 
9.768807746 15.794634218 15.871229907 
-17.404567151 3.847101412 -14.666718372 
-16.647879473 5.054846983 -14.601787977 
-4.351419132 8.163638880 -20.382154718 
-5.418445142 1.663509190 -8.052405938 
-3.401653636 7.845139629 19.748002127 
1.805662630 2.711998365 7.614482439 
-14.405815973 9.385839585 -16.478384208 
-13.634273757 9.811631869 -15.554698182 
3.938996825 16.295585110 16.974872353 
5.626545625 17.788196212 13.830986119 
-11.856120409 20.365031758 -18.623783060 
-12.988406194 20.724498151 -16.332984977 
-6.892252103 22.772081164 18.342434769 
-5.762367851 24.000348661 16.100437903 
-7.116585624 19.052021810 -21.130554523 
-4.633552226 19.151369818 -20.231589609 
-11.446810050 18.371868781 19.623625118 
-12.736916726 16.570283811 18.465986524 
13.440672762 28.595073202 2.567572135 
13.492580559 27.803713939 -3.837515494 
-27.611601353 11.232676353 -3.580648581 
-27.324226971 11.016736011 -1.379405921 
2.515667443 28.534122354 6.635549360 
1.257328277 27.702044663 5.174883213 
-20.024195669 18.716198305 -7.725119774 
-18.365103673 19.349849537 -6.549763349 
6.439947943 16.275453831 9.805131012 
4.955157945 15.555614791 8.365134436 
-15.224528555 8.498097179 -9.978263975 
-13.668237798 8.817627788 -8.477610002 
13.410388814 17.566605980 6.429452484 
14.319141031 16.965752152 3.025677724 
-9.229057862 -1.346079406 0.219325656 
-9.484292681 0.962582457 0.312275308 
14.492742696 24.857633326 -8.634716827 
12.731130076 26.847763117 -7.690427209 
-27.704464143 8.640829980 0.984567850 
-27.348049231 10.028155937 2.005728023 
14.149784060 17.101773494 1.041817334 
12.070840090 16.481292956 3.673457977 
-19.417692049 3.632818639 -5.515823491 
-18.193251423 4.370376148 -4.926157885 
6.998256138 10.993620519 -9.968744150 
-1.689494200 9.031004091 -4.369930151 
-14.179436875 2.311265137 5.463103471 
-5.241658905 7.786618552 4.034567432 
9.940050460 17.503552565 -12.229769385 
8.498152156 18.793437484 -12.851273560 
-18.749302318 5.472113238 10.755062537 
-19.815008915 7.256296221 9.854805556 
7.454472956 26.204092086 16.146837665 
3.417691810 24.402805212 19.279734148 
-21.749793870 13.631200426 -15.949524711 
-20.514652571 14.501094050 -16.335190932 
11.408022345 19.350265400 8.481514710 
10.479583816 17.498378580 8.302831415 
-19.827904888 6.769940893 -8.372301005 
-18.114723354 6.476390916 -7.719645862 
2.475462889 25.905402954 1.726609232 
2.219991918 24.009953164 1.056541335 
-19.433628344 15.845030137 -3.263400610 
-17.044759060 15.833076540 -1.969820449 
0.592311639 30.247854618 5.633871780 
-0.683341295 29.654684963 7.813285391 
-19.404664835 20.436180524 -9.684466289 
-18.268864339 21.760718354 -8.852351135 
1.195164958 22.947658678 -21.690682672 
0.559856899 22.246780599 -21.581867747 
-23.539690037 15.133728879 13.779003962 
-23.708927528 13.521992679 12.858688924 
-8.054568559 20.340242856 -17.094480304 
-7.988794599 19.941191564 -15.211419436 
-12.653161952 20.419857196 14.552388047 
-9.819157865 19.446636850 14.371303339 
-4.362310481 27.091089348 -5.703643491 
-4.735677605 25.256560735 -4.290137288 
-15.387329485 22.214462440 3.542795375 
-13.336228456 21.505309953 3.434599835 
1.441941917 29.836380613 -7.053223976 
3.317253634 28.690163704 -7.643930547 
-21.797734957 19.605458983 3.876284870 
-22.095977593 17.950770805 3.730492134 
3.568483968 28.505714552 -13.963166913 
2.452233984 28.212670018 -11.593889986 
-23.480091787 18.706778583 8.597276008 
-21.714915791 19.969155706 7.932777261 
10.620315503 22.451914721 -17.645024655 
12.430367356 22.069445896 -15.214538114 
-27.592840187 7.030730787 6.944069633 
-25.562601484 8.295296854 10.446193126 
3.809260791 13.206748539 -16.869459429 
4.606589692 12.429205791 -15.632978665 
-13.749482665 7.671416758 15.178717145 
-13.825359537 5.753683849 13.583440157 
-2.326099149 17.002692800 -16.090493626 
-2.443673773 16.884542313 -13.475530011 
-12.039862080 13.386446258 14.393334004 
-9.472422643 15.261083654 13.164226342 
5.117554735 30.712721535 8.597864390 
3.256554514 28.758335118 9.554357182 
-22.608423202 19.586402137 -9.061566112 
-21.538430844 18.601902209 -8.678504230 
1.064441821 36.830909185 -1.498230358 
1.579098878 35.729498250 -3.875346090 
-25.741629573 24.969977270 -1.004026968 
-24.875492698 24.951008956 -0.573253828 
-10.378523559 29.607090485 -0.937366700 
-9.612907589 29.573303842 -2.076177908 
-13.207550740 29.235217249 -0.695328073 
-13.240917559 28.542426915 1.477825310 
-10.614267826 25.473653388 5.195296272 
-8.905308500 24.219540033 5.562098074 
-13.205036773 25.417198272 -6.454450939 
-9.989586154 24.201928307 -5.713234592 
3.129497850 7.754963211 20.378549664 
4.030148244 7.250370858 17.611361716 
-5.616236113 4.536025069 -20.179933957 
-6.149276992 5.019509988 -19.063627273 
-2.800601237 14.378966498 24.951916931 
-3.871751996 16.571549009 23.997331896 
-5.460650437 15.386736349 -24.483364640 
-5.723334664 15.959192180 -23.578498798 
-12.175753600 8.830661121 16.552145242 
-12.645283049 10.367051348 16.183294626 
4.038234024 15.234118089 -16.961140364 
2.059987514 16.553557822 -16.602903571 
-9.542732197 4.072585185 11.506397834 
-3.669188090 6.792246103 7.229595678 
1.952279952 8.497021946 -15.437867931 
-0.147462614 7.175297544 -6.758714521 
1.073645893 6.798145962 -20.687472712 
0.643678265 6.876478067 -19.136486794 
-9.695179371 -1.129655119 15.497440583 
-7.589526603 0.889874689 15.550904443 
11.895485759 10.086459592 -19.415421259 
12.395593138 11.805340840 -18.359807070 
-20.344088422 -2.580313939 11.029691400 
-19.587467469 -2.192213133 10.643257355 
11.578135891 4.271667100 -6.803514517 
11.914518303 6.156834973 -6.238393054 
-3.488340725 -3.398356355 -0.487359022 
-4.371040980 -2.702766929 0.700403037 
3.010917071 -0.711533108 -7.937237041 
-0.157291791 5.589724945 -8.556348873 
-8.745400418 -1.067010685 4.665220382 
0.371671973 1.056633387 5.991507185 
-7.682781698 23.423168982 15.007411600 
-8.425920001 20.806562233 13.991745375 
-13.120918791 19.267412551 -15.459544503 
-10.249895157 19.942220270 -15.012123505 
5.687850369 20.695353170 14.263335897 
6.347703509 18.336570591 12.449664153 
-19.149992461 9.922337555 -11.725740399 
-18.313904907 9.835246170 -10.992877810 
-0.978950383 32.055810501 -6.387862966 
4.832290608 30.556168277 2.646101183 
-21.935844693 19.251686474 -9.360422854 
-21.280340349 18.539875135 -8.680071906 
-2.966447848 32.140619946 6.776792078 
-4.014055583 30.863951705 6.940597712 
-18.202323457 24.757102165 -9.563719670 
-16.623121779 25.483848122 -8.310980900 
3.036444824 2.251958632 3.129710503 
2.692676105 3.226595212 3.564820490 
-3.854661778 -2.265607572 -2.138305122 
-4.059940635 -1.646819407 -2.816258766 
13.339395452 9.315389689 -4.609313659 
10.314490599 9.014649158 -7.780930388 
-16.794980098 -1.640560698 -0.671643530 
-14.856892785 -0.639936909 2.431153258 
15.252893760 14.784729372 9.264675719 
13.362849898 17.733314504 8.998962571 
-20.077068514 1.647656668 -7.313412859 
-19.663749353 3.140118919 -7.205311160 
15.049763748 11.872102458 8.698407696 
13.358892379 12.309859258 9.718107603 
-16.825504865 -0.919418095 -8.913725342 
-15.281811015 -0.368825451 -9.245590654 
15.858425559 6.485294161 2.447560648 
14.924224382 7.501238718 2.744619952 
-4.023390973 -3.310232244 -0.716241958 
-4.368674064 -2.054536375 -1.210751942 
6.593081180 27.164800622 -0.989953872 
4.519834584 26.921856449 -0.353715297 
-22.544919069 13.895616665 -3.705828742 
-17.779280770 1.367218322 -13.279090975 
5.443704440 5.963188075 16.982626660 
10.759525959 18.809836417 13.078512187 
-13.520609047 1.846187436 -15.993845744 
-9.568208480 2.228302871 -15.609504060 
-3.305811578 2.915750458 3.082401415 
-3.454165940 3.584193835 2.762831884 
2.709801304 6.722677150 -0.513448208 
1.679116451 4.647607342 -1.887330464 
-18.540839515 21.084782584 -11.520359094 
-17.652940648 20.821478306 -7.310340587 
-1.595893984 29.320980378 9.420682813 
-0.916541587 28.520864966 4.822310865 
-9.874490459 29.163939353 -8.167216359 
-6.830481222 29.032970053 -8.485431636 
-14.650828815 26.811878126 5.283278466 
-15.185902804 24.968221225 6.016499487 
-11.227840869 20.085760520 -19.230534718 
-8.324098960 22.408095503 -17.530015923 
-11.805574106 21.631718575 17.365129837 
-12.661101686 21.393985108 15.574152079 
-6.046094910 6.336278059 -5.714971709 
-6.452326184 1.632397812 -7.782373710 
-7.033565014 23.561714233 17.266014780 
0.463799565 8.385184552 2.091569952 
4.632530806 6.804748288 8.202569966 
5.368085584 8.525234721 7.584124212 
-7.740493891 1.237662897 -5.672354128 
-9.870361142 2.500495011 -5.513145486 
-0.874934477 5.480990314 11.839077248 
-1.269580600 7.328019986 12.666405610 
-3.546208718 4.431726195 -12.036846364 
-4.785291379 5.783371289 -12.711430162 
-2.130526786 8.784030115 5.902373834 
-1.140553842 9.540964230 5.009234402 
-5.569926767 7.391719103 -5.450407410 
-4.882231226 8.472100739 -5.308190301 
0.943939199 8.824482806 1.748906688 
1.298709460 9.504859899 0.851828042 
-4.489057042 7.035389113 -6.232179136 
-3.866095604 7.870551752 -4.516367464 
1.139292380 10.572585317 -11.769757639 
0.491461941 11.999940873 -11.815791527 
-10.262443858 6.666218841 10.720082408 
-8.560343289 9.004919401 11.752968717 
3.025459020 1.476981808 3.465748870 
3.060964623 1.502290871 3.521940624 
-4.059309079 -1.835633170 -2.200492845 
-4.139304841 -1.402121569 -2.484305858 
-2.972441404 4.370314767 -3.329872597 
0.655284709 5.863860639 -2.313444182 
-2.324994238 4.491281145 3.881797193 
-2.823447071 11.152641435 5.418619403 
-4.727247347 8.200271644 -4.094135189 
-4.729000271 9.846570435 -4.654016080 
-1.159488782 9.294481347 4.522216189 
-2.687676424 11.059168500 5.346844105 
-4.846545360 25.714454673 0.267922030 
-4.554568634 25.075601813 2.484686852 
-13.491554843 21.777549201 -1.533095541 
-12.598475032 21.392617314 -3.239576668 
-1.876848354 24.443657099 -7.285365659 
0.992456649 23.958626495 -6.334202370 
-17.432497305 17.275027818 2.773595955 
-17.524145073 16.106920280 2.982421115 
-6.424376370 15.879400790 -2.860587435 
-3.118631729 7.150385321 -3.843061344 
-5.559589812 16.368592229 3.377909358 
-2.105401500 7.218767832 3.984703519 
-7.505544774 16.439509357 -2.053875015 
-7.078706782 16.990588876 -0.138916583 
-4.750538011 17.627666949 2.866357065 
-5.072133650 17.820451648 0.633512522 
-0.172642435 25.156849242 1.163165323 
0.656247958 24.488043185 -1.570082239 
-15.556450779 18.927587566 -1.555514287 
-16.027181789 17.412270164 -0.085775113 
-7.720683592 25.789808623 2.459956226 
-8.849728487 25.518371675 0.718353534 
-10.782357183 24.500893887 -3.099461667 
-10.000007010 25.058680031 -1.313437395 
-9.169702342 12.046018264 4.188223592 
-8.079534648 9.812381266 2.118743345 
-0.131670053 15.889119833 -4.782546712 
1.351758566 16.942750148 -2.242498693 
-2.326793670 15.564683159 4.651690705 
-0.599161488 15.984721500 2.629696295 
-8.154969795 13.167458463 -4.811817818 
-9.126899795 12.248929114 -3.003997078 
5.725350060 5.655447732 -13.419647428 
6.134616619 5.640622628 -11.032064012 
-10.133325025 -3.031334173 8.203362128 
-3.582733191 -0.715627534 4.127260207 
-0.802828749 14.785262101 -16.022783881 
-2.451869170 14.964865936 -14.577467919 
-11.840531083 7.179003366 14.181737122 
-9.758265243 10.676203439 13.708987621 
4.017323050 10.241017142 -12.551290680 
8.365790158 21.675945308 -11.516501719 
-21.979628342 6.592410527 8.148171543 
-21.140196186 8.389691235 8.446232367 
11.782343111 15.219774111 -13.824991248 
13.635324774 14.680089385 -9.933661827 
-20.908538489 0.687188643 5.489652628 
-19.847970649 0.513537763 5.014054129 
-11.621775270 25.948564688 -10.178478400 
-12.128239849 24.125458443 -9.274040126 
-9.434193400 27.470123281 10.471443794 
-7.275764931 26.185388360 10.430779537 
-13.755011908 24.557819122 3.221338360 
-5.403482366 11.753949103 7.440766807 
-7.107261429 28.132756756 -3.464301294 
-8.715279977 26.347693378 -4.453310650 
-3.463241437 32.907423414 -0.555745098 
-2.617548735 31.633268905 1.273279385 
-20.321563802 25.388553736 0.389278068 
-19.034104169 24.765047716 -1.205824885 
-3.289586810 32.858569389 -5.515198093 
-1.869183775 31.394353095 -7.281977895 
-21.804046461 23.750714110 6.206812343 
-19.858218552 23.693545493 7.322246965 
-18.156338968 14.915027130 11.673503421 
-17.606867486 15.202244307 10.410566104 
-0.599962452 22.656361857 -15.652623225 
-0.364556241 23.706420829 -13.213416625 
-7.133041112 3.711200013 1.507513531 
-6.414390717 6.033160966 2.705175204 
1.969219036 10.855410937 -15.944617713 
1.911857875 9.287974672 -13.635625438 
-5.587496135 14.693889225 20.679632873 
-1.773982202 14.555376733 19.280971734 
-7.505404944 12.942499155 -20.173936655 
-5.884887536 12.471703218 -19.128580257 
-8.578558731 18.623219624 19.973671056 
-8.589174498 20.554450983 18.653140309 
-7.982336314 20.418399138 -19.427443503 
-9.390585705 21.031059918 -17.923002525 
1.310144373 4.513581193 2.788829212 
0.582221702 5.200696367 3.042534578 
-4.821684084 -2.699620435 -0.022866657 
-6.015563676 -0.991317023 -2.795195876 
2.257031458 2.308155078 -3.483639307 
4.831315736 0.048654276 -3.974974297 
-4.169218033 -0.494891879 -1.965681746 
-5.221284907 -2.927428200 1.829465058 
0.260921374 -0.545022675 -10.538951274 
-0.739580404 0.694523348 -11.764312611 
-10.333824820 -3.842392792 7.454526458 
-10.582551025 -2.213090413 8.556693762 
6.841297190 0.163895966 -10.468131018 
7.774590212 1.787507169 -10.476864886 
-9.634881188 -4.984015211 7.306687018 
-11.190857065 -4.028571600 6.791513752 
-5.664601507 3.594572167 -11.483029892 
-5.912677133 5.008886490 -12.215930682 
1.411774008 9.261504444 11.760312849 
-0.968370574 10.306557591 12.261459841 
3.264919732 1.845896771 -2.845163602 
2.194584301 2.148049909 -4.175264494 
-3.303713667 -2.519649057 3.828974331 
-4.639052741 -0.028966694 8.859677130 
1.191518993 5.354033688 2.237605316 
1.706508147 6.045180853 2.367296132 
-4.559559350 3.471988914 -2.635200820 
-4.830253630 3.719264051 -3.220858592 
-3.950903523 6.714305792 -2.974466541 
-6.789904528 8.588736646 -3.212474176 
0.597784742 10.344005540 2.256920613 
-0.046538532 10.499243298 2.855235599 
-13.173256931 21.054237815 6.642720431 
-11.735828468 21.732981319 7.045062206 
-4.839776059 24.228404355 -7.221474889 
-6.821553500 23.434451360 -7.459140443 
-10.219663510 16.605397591 -13.100981083 
-9.421237059 17.799438868 -13.019343461 
-5.349555233 19.445715780 13.790961218 
-7.032124741 18.608895026 13.935297563 
-5.370661529 8.512000903 -5.304939815 
-5.784907248 8.944809127 -4.483208973 
1.608371769 12.224269579 1.974358422 
-0.938312223 10.302205193 5.207662448 
-7.566273054 10.127256010 -4.679264682 
-6.785302070 7.042919648 1.270684836 
1.326296634 12.002510749 1.530761538 
1.932115981 10.563957704 0.873755087 
-16.900751845 10.690572433 7.873844492 
-15.239756962 8.110237353 6.566987799 
6.014480140 19.230941334 -9.091721405 
4.585283675 18.678278386 -10.189441364 
-18.202163443 15.432388383 4.795450119 
-17.829435956 16.757694120 5.119947208 
3.853178151 24.354227893 -4.871008768 
1.893526033 24.729219001 -6.521861122 
-9.578159496 8.784782039 -1.921977259 
-8.438706124 9.885501690 -3.834144701 
1.970539351 12.838229495 1.786232007 
0.569617181 13.463692022 2.759404582 
-6.230339142 7.234808545 -2.495587386 
-6.198824246 7.052736997 -2.172986590 
1.901996280 9.008448322 2.469091175 
2.081609586 8.870145695 1.506250530 
2.882806907 1.840788126 3.952961199 
3.464047296 2.612193564 -2.431389712 
-5.505615191 -0.906679067 -0.126456609 
-4.721126364 -0.697774056 1.264422889 
4.791667698 9.403082749 10.151558515 
5.994661982 11.615328088 9.019867952 
-7.205072121 5.581486117 -11.785710978 
-9.207306227 6.648848623 -11.277244893 
-4.482323109 7.984426669 4.212287139 
-3.744017120 9.511370331 4.678580402 
-1.367635415 9.688428707 -4.902305594 
-1.161661066 10.176230593 -4.793612852 
-1.691341406 10.280808415 3.897268791 
-2.463466290 7.300859790 3.728158042 
-3.453718598 9.726576121 -4.593690142 
-3.367709844 9.677542877 -4.202961070 
-12.485059502 17.477085748 -10.564017144 
-11.123013263 18.585407216 -11.307674401 
-1.744210875 21.901574072 10.139991948 
-5.273701973 21.186702521 11.368682245 
-3.526852298 7.805455263 -5.347876019 
-5.758162316 8.571826295 -5.010669813 
-5.084594431 6.736293772 4.700446745 
-2.248464458 8.625225713 4.150708666 
-10.421066612 14.171216247 0.616203584 
-9.218300209 15.098789366 0.976621975 
-0.496693362 18.140496086 -1.386749676 
-1.822082014 18.008337306 -1.229793611 
-13.615969779 20.876559289 0.695140403 
-12.519860523 22.692385562 0.678374070 
-3.353494704 25.038983151 -2.627702961 
-5.362745473 25.672424737 -1.946834516 
-10.995776214 20.508864181 10.315752253 
-8.105093231 21.450855340 11.324525002 
-6.281685346 22.152853411 -10.560100315 
-7.415192523 21.369784066 -11.202648898 
-9.776312237 13.677050482 -0.779551851 
-8.880785192 15.408872271 0.061983324 
-0.781402987 17.316520477 0.812571608 
-2.792832553 17.972858209 0.613908904 
-0.925181470 8.270968422 5.100221231 
0.195642535 8.942755186 4.345004605 
-1.223073723 8.087731976 -4.429638119 
-6.378931740 6.573996922 -3.304039892 
-3.744888059 17.587740342 12.023824030 
-3.048428866 19.548237168 11.788188196 
-7.899235229 16.241082402 -11.764703139 
-9.509655667 16.929198220 -11.664300125 
0.692227798 -1.556312391 7.071943410 
-3.900117257 -0.206645544 5.114967467 
2.238941954 2.089297183 -3.588338218 
4.910362331 1.115086808 -6.180456193 
-5.557088394 2.402942098 0.734142896 
-9.925595308 14.960305070 3.707383372 
1.389952704 10.916908564 -1.208266435 
1.249047915 10.695867151 -0.615411436 
5.281975540 5.949725617 0.727851473 
3.105527084 9.671945314 2.216631143 
-4.902431379 1.305195391 -2.014350407 
-8.078918079 7.305090893 -0.217962518 
1.993879143 2.074756468 3.887539830 
1.895390388 2.309680921 4.844659768 
-3.962106689 -0.106917886 -2.657143891 
-4.553601882 0.187397217 -3.422194080 
-2.887442022 -1.288887122 -6.069808999 
-3.049100069 -1.542319080 -6.370891222 
2.617179393 -0.029517518 4.505082992 
2.582716033 -0.224496520 4.867263812 
-4.394115225 4.242896941 -2.276110663 
-3.987345283 5.192193070 -2.717666924 
2.484173523 6.261196911 -0.951898048 
2.018348930 6.885249580 -0.414335493 
-7.421804164 7.056075778 -0.453365796 
-7.916745127 8.260039824 0.008120621 
1.825476020 10.750875970 0.927714778 
1.306103745 11.292686150 1.037558381 
-8.911360403 6.332667953 1.483905215 
-10.177527720 7.927484508 1.515929935 
2.721603681 13.571470347 -1.085151590 
2.863074715 13.117412406 1.315366906 
-3.870734662 7.772173632 -5.040584461 
-2.879301076 9.090829158 -4.999186179 
-3.361460673 8.461068876 4.883987436 
-3.365957906 9.084678366 4.527700122 
-11.184476431 11.549589576 -1.687490238 
-11.158288887 11.958357190 -0.384104228 
1.272986515 16.726841089 2.724661291 
1.262986707 17.195697908 0.014082333 
-9.925192650 24.511834994 -5.204285047 
-10.075247121 24.810797050 -3.243998917 
-10.128610013 24.469564389 4.809838203 
-9.244177628 25.174864074 2.914875988 
-5.128139121 23.695012425 -8.415708130 
-2.841502540 23.625230218 -7.656352090 
-13.071096109 20.319732792 6.999395560 
-13.883500756 19.027139556 6.233638451 
-10.028552131 15.147924075 -0.122973850 
-8.914563324 16.238810021 -0.723312570 
-1.648458916 18.595195649 0.238177991 
-3.274588571 18.522753943 1.629489938 
-7.291902804 9.519488098 7.757793400 
-5.619261871 8.017524467 7.447812635 
-1.261646726 11.992575515 -8.240848135 
-0.256596212 10.653231775 -7.508892584 
-3.931320997 21.264774592 12.073592822 
-1.740354031 20.424725504 12.226964659 
-10.309576558 18.381974596 -11.759384429 
-8.014751904 17.686683819 -12.704354686 
-5.343125779 24.307785819 7.380518151 
-3.479163715 24.835975604 4.881710086 
-11.992272866 21.264034051 -7.056267573 
-12.619598601 20.998032599 -5.257484702 
-7.505988147 6.633106768 1.411257116 
-8.086968511 8.423065135 -0.366592378 
2.037882873 11.172031004 -0.503647048 
1.563119807 12.327107862 -0.222125373 
-3.549989725 -0.351924313 4.916819567 
-2.016299165 -0.125033111 5.818581178 
2.842922206 3.431397823 -3.673168983 
2.767385736 1.607002934 -3.146078063 
-3.490440253 2.387179625 11.822720376 
-0.243822672 3.195687055 11.806469033 
-0.673459008 3.848698619 -11.919655549 
-1.705286942 2.836965390 -11.372878141 
-6.830834639 7.042070432 12.225510938 
-6.504391452 9.189128550 12.099581398 
-1.069394421 10.257175692 -12.371464216 
-1.433786767 11.999284223 -11.613609109 
-2.101676482 4.601911654 3.488734571 
-2.952025421 4.737888957 3.689739923 
-4.022887689 3.851638995 -2.869335431 
-8.555237785 9.222830074 -2.059650730 
2.415312637 -0.698293500 -3.623294645 
2.349049367 -0.414369099 -3.961695239 
-4.122210765 -2.405561411 0.917571086 
-3.601932388 -2.820777530 2.025603850 
-7.796272772 1.976986076 -9.605013045 
-9.323177334 3.204561418 -9.973686591 
1.304366407 -0.006695268 6.820670252 
2.876047142 8.238965463 11.807772422 
2.132962808 2.974792147 -12.204929734 
0.820824111 4.720564936 -12.694392645 
-4.810396343 1.292393445 2.470771562 
-5.098535038 1.527883332 2.409312015 
16.597095410 21.103002562 -1.563283963 
15.991788602 21.465481501 2.084895767 
-23.639221687 4.670349527 -6.940217172 
-23.629148911 4.860347548 -6.601465319 
6.244014294 19.100064680 9.504844474 
3.532458819 18.824596795 9.574343377 
-14.881925540 9.998506036 -11.222048741 
-15.156029162 10.546997910 -8.420495792 
0.210835814 8.810877183 2.967322839 
-2.721513454 4.618858247 -3.454757551 
-9.287297052 2.622876009 3.311990123 
-10.019713417 3.529927172 -0.260223128 
4.058705436 4.731706522 -1.447327973 
13.142985852 9.981536108 -2.400346999 
-15.520040031 -1.130857236 -0.119793806 
-15.631038015 -0.710028665 1.647751172 
8.768656593 20.166517212 -15.687417016 
11.534012274 23.822844630 -11.015648502 
-25.243945446 7.200612401 4.960179881 
-25.483474561 9.019701821 5.089078453 
9.043644547 11.994988874 -8.288117321 
9.464749246 12.190172381 -2.262036242 
-15.550764312 2.031630328 1.088163539 
-5.349823174 8.187335560 4.154611754 
-2.045535801 8.081409654 -4.253140482 
-0.653758859 10.528111233 -4.419015752 
-2.162469140 5.852979301 3.514521373 
-5.867512833 8.627271051 4.268060832 
2.411317401 21.525049611 -14.072322533 
2.158347374 24.017797670 -12.762499758 
-18.436963520 12.239243301 11.157467666 
-17.913121798 15.299191229 11.862325185 
1.893497993 30.686254551 11.615472553 
1.556666143 29.441155856 13.359965453 
-20.435162763 20.168744318 -13.056954441 
-20.552745409 19.415284947 -13.103234053 
5.081179582 25.260053329 1.841091380 
4.815945470 23.304004722 2.235179754 
-19.644397487 14.654546692 -1.835330724 
-6.447205227 7.420704484 2.377290133 
-6.522838153 17.415289370 -2.089172823 
-5.125748840 18.178449655 -0.954481399 
-5.736680811 17.799411608 2.572881773 
-6.264393352 17.717395150 1.864926014 
-9.808360786 27.302520006 8.554567054 
-10.105453194 26.488529196 9.637781067 
-12.860812852 26.142952936 -8.893354599 
-10.782333419 25.825722048 -10.796906336 
2.497719233 28.136241216 -15.542360837 
3.069321794 26.560361212 -16.557954972 
-25.579903161 15.823171576 6.408974282 
-24.647117850 15.962091881 6.890930510 
-6.962794013 25.952347817 -8.150230294 
-6.921150583 24.333479721 -7.320841053 
-15.912735526 22.142468491 4.848801612 
-12.803697396 22.053189193 5.228957923 
-5.033871540 15.197194516 3.169311704 
-4.304926432 17.973909594 1.852654644 
-2.927686532 16.126447351 -3.415994873 
-7.535099509 16.574697634 -2.670823168 
8.764196159 24.895564147 -3.922683269 
10.064806456 23.249174175 -5.959560102 
-22.841684443 8.709059607 1.640574572 
-22.312734634 9.333836926 1.075749466 
4.666709714 14.888615388 9.577400754 
-1.890626221 7.686237856 3.082590825 
-11.084718575 9.653524280 -11.483332660 
-3.244108358 7.618479717 -3.334539992 
15.859524540 19.516806090 2.446715018 
15.979078916 17.759433774 0.623304182 
-20.895894674 2.897250118 -7.753521411 
-20.668997288 2.292547610 -6.422912231 
-1.262787473 32.305971463 -4.490051904 
4.368246893 31.921652345 -3.999614600 
-25.516454241 13.496550489 -2.822477051 
-25.238526085 12.124038502 -3.876659647 
3.815915505 28.348322851 3.775694101 
-6.435066339 24.735245138 1.700485763 
-21.160849782 17.051401442 -3.398138338 
-14.958829366 22.497325847 -2.345119453 
9.308462574 10.917583795 -2.183568665 
-1.299837182 10.042925657 -4.272502835 
-5.500878038 6.849851620 3.636926990 
-9.523606284 4.437643675 0.450079542 
9.999729331 19.563352638 -13.218114030 
9.321831908 20.083896097 -13.009515557 
-24.299689183 6.648328929 3.657498540 
-24.900515665 9.513343162 1.010762248 
14.837380692 23.211864246 2.767038800 
13.403611998 25.200668319 -1.460633051 
-24.490055974 8.915845200 -5.938298586 
-24.792476136 9.912310428 -4.428224955 
11.132700920 17.826839121 8.182490511 
-2.452837848 10.378142220 5.253272843 
-17.498119418 7.513441541 -10.278883037 
-4.792750235 8.781340192 -4.539610439 
3.086434102 24.305638961 -0.799107482 
3.105340530 22.520412199 0.059484015 
-18.790398629 14.853321689 -1.184769140 
-16.534234683 13.937781477 0.136458001 
1.078594711 30.837086440 9.862362305 
-1.810631118 29.626240896 12.129265543 
-21.652582014 20.272298331 -10.272146715 
-16.844485348 11.079999298 -20.293618621 
3.163312189 0.270840106 3.869719463 
5.417450752 5.951952366 6.061720672 
-0.500694479 0.304577520 -6.358341946 
0.704065997 4.928458530 -2.746532123 
0.790177982 5.912251394 -2.255013984 
-0.888755748 8.399576217 -2.785207221 
-4.436605624 3.989152193 1.782910431 
-3.949950574 7.468250024 3.312466224 
-7.834200362 25.192146384 -6.086045045 
-6.705659716 23.431928538 -5.439357435 
-13.278285070 22.083619620 1.381872926 
-11.942429882 20.889561594 2.312162863 
-1.612479015 18.756994277 -24.244027063 
-0.426529763 17.406394630 -24.034385768 
-23.112651121 17.773076148 7.831656510 
-23.872368869 16.156972778 4.589946447 
-4.215318339 21.012166759 -20.908416215 
-2.391599622 21.162834944 -20.514968320 
-15.240295025 17.962966468 17.585419205 
-12.844086644 13.958614774 19.868621597 
-7.791034872 20.546199426 -16.311142384 
-6.832179415 19.281134996 -15.342350989 
-8.190960569 20.834975420 15.098178592 
-7.695958520 20.420036829 13.115128851 
10.790474693 27.108686818 -13.797700574 
11.269975476 29.195429504 -8.766354368 
-21.766741501 6.851740905 -9.855095562 
-23.590834265 8.234950869 -5.548565926 
0.149191830 8.571877388 3.753556748 
-0.683035738 10.293978622 3.980398164 
-5.104899902 6.957569571 -3.945877413 
-6.891720032 6.591123954 -1.479180388 
9.374381141 17.766568796 -11.372707642 
-2.516969930 10.340168275 -5.298606976 
-20.442672882 4.754372234 2.002467918 
-4.996884356 8.674861637 4.475195927 
13.101972759 23.696529582 -8.420091330 
12.146008445 25.180419903 -7.673248822 
-25.107187172 7.271984223 -0.078806131 
-25.330431064 9.347355535 1.455867600 
13.581543248 17.908822186 -9.646625694 
14.984359494 16.797836749 -5.904981513 
-22.420871115 2.889624398 2.499131351 
-22.558746447 3.527347515 1.107383967 
1.830027241 15.113241307 -11.867740073 
-2.199384130 7.543867988 -3.159956690 
-15.987561426 8.390155542 6.815654851 
-13.348317067 9.536257417 7.047320966 
2.792806185 27.978994095 -5.703903468 
1.710991071 26.491014691 -5.370705488 
-21.072693909 17.389212124 2.250929701 
-18.271055839 19.505429052 2.145761443 
9.889222602 28.281612254 -4.606644624 
10.855120446 27.716798785 -2.394246417 
-25.610638599 14.286348631 0.515235705 
-25.535103424 12.681059949 0.653624620 
1.573979529 28.863273796 13.992862090 
5.243521027 28.699973203 9.453564627 
-21.985837698 18.149654278 -10.606568009 
-21.816796235 16.993790066 -10.278189327 
-6.796322662 25.296821649 4.043878039 
-6.233630463 23.505509577 3.630299072 
-13.530190059 22.046897290 -3.499036109 
-10.386471619 21.121900536 -1.879170784 
-11.876857826 12.905153606 14.161597496 
-10.390146543 12.951798451 12.318423522 
-9.587490307 19.649926346 -15.566134577 
-7.394230720 19.698603653 -13.993997354 
-3.101003158 22.403795682 19.947325778 
-0.081609419 22.857273292 19.106244575 
-13.843863320 17.589379014 -18.639928979 
-14.504621557 16.142712549 -18.377472213 
-0.489210365 27.284590303 -17.324673759 
0.663494259 19.699630882 -23.244475592 
-22.458731845 20.300018838 8.388250698 
-21.203661209 20.955492689 9.073260068 
3.135014848 24.168390471 -1.619006710 
2.370571083 22.676321753 -1.142880198 
-19.524475894 14.347021091 -0.123153085 
-16.099411326 14.048931266 -1.127661526 
0.611276976 5.895255544 2.426737459 
-0.842942742 8.422059703 2.733934277 
-4.432674342 3.993300411 -1.814326997 
-4.273719105 7.326230307 -3.169294867 
3.093983096 0.294356517 -3.998160214 
4.714016681 6.227067048 -16.901349319 
-8.817098851 -1.282679922 3.195365226 
-0.964059632 1.569197784 6.816883670 
11.015809011 12.054058968 3.777830945 
9.548050856 11.996138487 1.718908518 
-14.791445732 2.006296987 -4.339823576 
-7.160473972 7.202898124 -2.995045812 
13.695853946 23.100663795 8.329638013 
13.928687693 25.100901514 4.125956617 
-24.238505257 8.048090680 -8.972288010 
-24.161689052 9.785966401 -9.135187472 
6.281895854 20.671023918 11.163180541 
3.175833370 25.152476722 11.513517752 
-15.782542761 13.184530678 -13.795949310 
-17.564538505 14.812928733 -12.108829819 
-1.449034319 8.422156996 4.093081339 
-0.595863634 10.575670391 4.332986271 
-2.207671251 5.797437712 -3.520945540 
-6.030719642 8.528109939 -4.151143710 
4.686095494 18.511062734 -11.251011624 
3.616158958 18.498135390 -9.770640337 
-17.684476273 9.416737979 7.557810002 
-16.869944593 10.911857154 5.564566588 
13.884021191 19.520259633 -10.657154979 
14.432530088 21.189245684 -8.305410502 
-24.901665537 4.771649900 1.600609775 
-25.011600304 5.696451132 0.719632040 
3.798073732 5.479000755 -0.059004134 
3.470355145 5.024195994 3.083117164 
-15.298510807 -1.140631117 -2.268325006 
-15.741373978 -0.189180800 -4.673337860 
-2.380057978 6.631788030 -3.348172110 
-2.837410735 7.584335094 -3.178416618 
-9.198365327 2.940894430 -3.223157468 
-10.053502913 3.431396338 0.477437368 
-5.846302182 26.644054450 6.566490200 
-5.932481008 24.852563336 6.490289333 
-14.333590781 22.730935574 -6.998352133 
-11.726985041 22.433997450 -6.016353178 
5.141472497 30.242237179 10.076354115 
5.376395950 28.008267247 13.453266046 
-23.553623112 16.072825132 -11.335762828 
-21.548599370 16.206914887 -13.341929574 
8.177709685 24.273087410 -2.746015582 
9.832980394 23.530333655 0.727288798 
-22.520655924 11.279402663 -4.097788872 
-21.685672350 10.078220287 -5.298304681 
-7.580392557 14.055449557 -3.117856370 
-4.703610116 17.769231988 -2.265636014 
-17.284802199 14.047596010 1.324347942 
-7.616323037 16.622879258 2.561217332 
4.824482842 25.047378331 -4.694573668 
4.770182240 22.943838083 -4.094955763 
-19.778773452 14.645623497 -0.344808023 
-18.043464071 14.098298490 -0.180338882 
0.428206361 29.203243174 -14.804055279 
-0.455298188 26.825888303 -17.512909883 
-22.704371247 18.589714772 11.348257078 
-22.640672430 18.704655093 10.611935960 
-10.465930552 26.855933417 -9.861529335 
-9.729022473 26.237722236 -11.274397554 
-12.568482513 26.295943709 8.624747923 
-11.669616959 25.867884165 8.651799747 
-6.248464463 17.535467805 1.997025574 
-5.190194670 18.114117233 0.857771883 
-5.886522450 17.685751646 -2.913253392 
-6.189284634 17.703174817 -2.001647755 
-7.327822026 9.496636985 -7.770917521 
-5.694447569 8.193595347 -7.591368072 
0.118608359 12.508537714 7.528515513 
-0.501771256 10.516904925 7.602439182 
-9.984207859 15.216616805 -0.289525478 
-8.906247171 16.272878693 0.547061746 
-1.542190662 18.528700837 -1.252785517 
-3.334903347 18.511000580 -1.710914967 
-5.198422731 24.265822618 -7.552208774 
-3.337246931 24.793468218 -5.148080779 
-12.054134264 21.506661680 6.537482007 
-13.454932586 20.508397238 4.753634703 
-5.506006483 20.641330130 -12.490427902 
-3.797998153 19.422113856 -13.187416879 
-5.828470208 20.436592610 11.782627782 
-12.109809864 16.067052789 11.460581885 
-11.309908731 11.606668875 0.289543438 
-11.103731432 12.109904135 -0.163878819 
1.015676985 16.608334286 -3.441115414 
1.304928353 17.178931498 -0.520532739 
-3.824655150 7.791764595 5.042896094 
-3.040319348 9.056145279 5.055112178 
-3.701851570 8.296171749 -4.855458473 
-2.763160600 9.325575386 -4.457779273 
-5.093765197 23.902739691 8.060275837 
-2.941861120 23.686767388 7.475170526 
-12.971811619 20.181213942 -7.313400578 
-13.689051773 19.045054320 -6.559306570 
-9.998854552 24.541966638 5.008563967 
-9.483535827 25.055470009 3.204453227 
-9.417014034 24.692691169 -5.038888753 
-8.716199918 25.373021864 -3.002324149 
2.427365653 -0.702231745 3.614811740 
2.446380601 -0.397616982 3.895986741 
-4.086987290 -2.454148854 -0.895071020 
-3.575916567 -2.822566786 -2.088775223 
0.524027512 5.646804763 -2.541159877 
-1.122027371 5.888634601 -3.685982750 
-3.953586889 3.872875699 2.931045237 
-5.264338868 5.251133219 0.771903913 
3.532310661 3.670006054 11.690899439 
4.542719765 6.436681059 11.171389565 
-4.917804640 1.147474907 -2.256377001 
-5.125127682 1.491431064 -2.360789414 
-7.998910315 1.853495384 9.381523466 
-9.584821361 3.234602910 9.846545488 
1.633371466 0.062215679 -6.728990866 
-1.165536253 -0.527871303 -10.146081588 
-3.535146356 -0.378152665 -4.943397676 
-2.097699794 -0.111216260 -5.782723412 
2.810721264 3.387861849 3.745384869 
2.737422981 1.632444175 3.151020015 
-7.490017351 6.585449428 -1.474598773 
-7.998980562 8.153424348 -1.055311299 
2.027054586 11.215822458 0.070108140 
1.563048944 12.372600473 -0.065375974 
-6.127349106 7.305339434 -12.463005137 
-6.224777705 9.269719454 -12.193288562 
-0.107106700 10.628678134 12.100313565 
-1.924708296 11.859301414 11.699100630 
-2.881811979 2.684647947 -11.990089698 
-0.819600809 2.975615825 -11.854862687 
-0.651833988 4.079033196 12.022494744 
-1.992319750 2.568564301 11.253519631 
-9.958808727 13.507361033 0.131131699 
-8.813588018 15.504190021 -0.247027812 
-1.550476533 17.114769791 -2.869497327 
-2.742237094 17.998131370 -0.387636339 
-10.245851482 20.711277702 -10.609703768 
-8.809026715 20.947425757 -11.471944957 
-5.880450233 22.518630801 10.250491712 
-8.363027247 20.892540440 11.282215515 
-5.170810024 17.256089560 -12.202426520 
-5.886462081 17.506803164 -12.730603897 
-7.306859288 8.539242942 13.614041731 
-10.269316567 16.566618170 11.371951702 
-0.577786717 8.363177292 -4.873259174 
0.155876765 8.928958661 -4.386729367 
-0.723854432 8.218436937 4.272945881 
-6.212701936 7.457091159 2.857611313 
-3.204644632 7.482572418 5.759552517 
-5.948599350 8.526034014 4.907133169 
-5.020754444 6.755870330 -4.744446750 
-2.639416365 8.460456167 -4.196108061 
-13.389282881 17.314114687 9.845618066 
-11.740540276 18.566140665 10.974550780 
-3.337939757 21.170590733 -11.046710760 
-6.086139992 20.799823619 -11.570616439 
-13.308294533 21.107849334 -1.320728317 
-12.316078661 22.723971745 -1.369559246 
-3.093371956 25.161543084 1.492669183 
-4.971517224 25.711444412 1.425552900 
-10.258597482 14.323368578 -1.050103491 
-9.429431028 14.918622028 -0.833980407 
-0.451744385 18.164575125 0.484033657 
-1.854795807 17.987358770 1.290169858 
-4.486317042 4.285331822 2.184786920 
-6.034283681 4.930631071 -0.006083779 
2.455880385 6.306059716 0.929811442 
2.030718751 6.876674866 0.418444874 
-2.441811536 -0.854426845 5.713318632 
-3.066698377 -1.520508078 6.367914883 
2.658755699 -0.028784406 -4.500145312 
2.610346904 -0.217411594 -4.865183441 
-9.769754468 8.691347803 -1.610486139 
-10.096818476 8.292935018 -1.744801318 
2.790294122 12.593277413 -0.804424665 
2.905059988 12.915633339 -1.606850035 
-7.471004164 7.246753435 0.102359112 
-7.927412724 8.285117613 -0.198661513 
1.867844726 10.608570376 -0.993070508 
1.342832084 11.282743204 -0.962697063 
-5.580698170 2.389335476 -0.757787225 
-10.178861830 14.790114422 -3.427042698 
1.513200837 10.967125616 0.703936915 
1.297583925 10.719413812 0.440378177 
0.862229640 -1.556065976 -7.065652165 
-3.557847888 -0.087925597 -5.347961341 
2.259756788 2.120067475 3.540058088 
2.320665831 1.211271968 4.682133293 
2.005064576 2.068358245 -3.881497212 
1.811091931 2.312120001 -4.872784831 
-3.992157756 -0.122683771 2.612340594 
-4.578406110 0.161049503 3.389851002 
5.258262688 5.975971803 -1.085464411 
3.217233711 9.481093175 -2.144624613 
-4.885022491 1.301554950 2.101690339 
-8.097452946 7.298033335 0.066276855 
-3.215228095 32.036404992 10.317984644 
-4.587138093 33.203952570 6.669877374 
-17.733232848 21.848345965 -14.667359254 
-17.737061122 22.410032269 -13.479383596 
-7.838501512 14.301466681 12.664104556 
-4.665465368 19.106601375 12.474949395 
-12.531708637 15.262809271 -14.488865086 
-11.625503772 15.739442844 -12.984330326 
9.099913372 23.280469914 8.775433882 
9.216917952 21.623294694 6.318963819 
-21.469959585 10.076265894 -8.012820295 
-20.103938884 9.710087151 -6.854212886 
9.155190002 30.275177168 4.905000189 
9.366134498 30.312513943 1.521828271 
-25.340924481 15.300823141 -6.625391020 
-24.881023854 15.573303096 -6.347425126 
3.027923839 2.061650780 3.222225268 
13.974537424 11.122908169 11.101220498 
-18.640714239 -1.135524738 -10.410201774 
-18.927063695 0.444524260 -10.653005556 
2.824135479 1.887630010 3.606247538 
5.746611069 4.992868021 5.451264340 
-9.510050907 -0.295663913 -2.278350851 
-8.532510262 -0.762269683 -3.078642766 
12.921824282 16.322206138 -6.528398802 
11.640667733 16.477374170 -5.544191640 
-21.714816366 4.222134200 -1.736153534 
-19.166679760 4.035561339 2.109611271 
16.472660286 19.784722517 -2.626591248 
15.527006404 22.199398924 -0.017977272 
-24.482895190 4.354093543 -4.028447411 
-24.068758347 4.679402258 -3.842192074 
17.234458582 15.211357721 0.694739109 
16.666437133 12.886314828 6.851936724 
-20.171495761 -0.097356029 -9.776473068 
-19.504859663 0.025783813 -8.809390202 
5.667896382 19.431126498 -7.342869173 
4.834285350 18.284196687 -5.730804880 
-20.755007742 6.255879458 -1.045657639 
-18.758361129 7.499997527 0.405287371 
7.115942967 25.857785396 8.718959435 
5.446183474 25.248016749 7.092742098 
-20.648679108 14.290083528 -9.875920684 
-18.718126284 14.796044422 -8.943491377 
11.353386456 22.715317278 13.247760806 
8.662850357 20.077964856 17.269283506 
-20.521379497 9.540672376 -14.781889932 
-20.075344391 8.652040602 -14.425329956 
-15.016543212 19.282901163 -18.397688564 
-14.474137392 18.113055672 -18.381126090 
-5.232720119 24.327278270 18.835626241 
-3.583740546 22.436792271 19.337247896 
-15.156021276 22.589456854 -9.272901230 
-13.446405178 22.015089632 -6.397989307 
-6.047871791 26.966944912 4.943227115 
-5.344839423 25.717349602 5.152845695 
-3.928061315 27.269418714 -13.635559224 
-3.044535834 26.803491979 -10.875179911 
-17.734493938 21.731980886 9.965654547 
-17.498131312 20.826667433 7.035481060 
-4.851334014 24.911257241 -19.218709135 
-4.503286340 23.888980054 -19.167217642 
-18.282018200 19.140452089 16.193345871 
-16.667398295 17.949336200 17.307451051 
-10.174782894 12.784514774 -0.205374081 
-9.345508647 12.330637243 1.487571789 
0.178873006 16.942998416 -1.063415000 
-1.110607741 15.799134185 -4.078730094 
-13.180134870 20.526029574 -7.536482666 
-12.585666043 21.632346488 -7.735539410 
-1.764292104 27.059842197 -4.000467810 
-5.944075665 24.373517233 8.081155538 
-6.793394495 6.739302326 -0.626697287 
-7.819117927 8.907364413 0.482996538 
1.373463699 12.121559770 -1.730896996 
-0.094885279 15.260749321 2.949272557 
-8.206023471 8.691672935 -0.053998525 
-6.777848495 7.054875624 -0.776041976 
1.601558965 11.711532683 -1.053406163 
1.553530134 11.759488388 -1.523034074 
2.030201131 1.888309757 4.488796565 
-1.788540131 8.150794856 5.159194929 
-4.280056348 -0.539931219 -2.293880342 
-5.002980692 0.663111926 -1.810498511 
-4.593650600 3.490926949 11.442698413 
-3.104282367 6.010795705 12.617423510 
-0.518237265 3.697887731 -11.015481922 
-1.845435558 4.895793542 -12.030740074 
-6.560983379 6.424274498 1.868520792 
-7.028240372 7.892008108 2.554534230 
0.783275215 10.913033442 -2.275078089 
0.422371658 11.313308862 -2.895022683 
-4.614163934 8.985429727 4.501087977 
-3.126649087 6.777139812 4.036596018 
-1.708197835 10.108224875 -4.037038447 
-3.092693052 9.981088213 -4.418687217 
2.405058344 3.808805006 3.002767663 
4.555700725 7.905972064 0.134189665 
-4.502328916 1.317480934 -2.848262763 
-6.672886667 -0.671406465 2.248766483 
3.290437251 0.223851184 4.425514779 
3.533709302 0.289668108 4.801297862 
-3.968456271 -0.280308921 -2.655730503 
-3.897964295 -2.089587396 -4.581718188 
3.259447997 2.555282846 2.726517169 
2.362665004 -0.736460001 4.526782073 
-2.433444935 -3.451199031 -5.622477079 
3.295783445 6.089089930 -5.102608429 
-3.097169852 4.973689750 -3.281147677 
-5.622480251 6.774299959 2.093268918 
-3.094748310 7.411121314 3.779616023 
-2.252408348 5.762324377 3.333126848 
-7.049835396 6.197727304 0.004879524 
-8.022970568 8.192699924 0.181945255 
2.346290832 9.964448228 -0.121520260 
1.582110697 11.946700685 -0.200811643 
-4.716064418 -1.330083953 -3.940869253 
-3.378858724 -1.478651388 -6.195032788 
2.154059238 2.119026087 3.667864450 
2.315946895 1.253909879 4.680937037 
-5.691987444 6.824193842 -5.461802722 
-6.966630372 7.184605381 -3.809329732 
1.471833486 11.083839254 -2.172782053 
1.277147829 9.785723813 3.614745889 
-6.622883466 6.707995240 -0.252871001 
-6.615994371 7.235074127 -0.986550463 
1.885316013 10.154734619 0.135498366 
1.333226651 10.303106793 0.445263739 
-3.756625986 4.101447488 -11.793490212 
-3.831601164 5.737831290 -12.542272737 
-0.890401065 3.503754414 11.001122362 
-2.465288136 4.617705172 12.014581799 
0.221713817 8.444330661 -4.524049489 
-0.812972671 8.357940544 -4.295172373 
-4.671334252 -0.615248052 1.506834585 
-5.019056014 0.540434745 1.690331364 
-4.407235628 9.059696473 -4.543867084 
-3.265450861 6.739131190 -4.031831589 
-1.638985186 10.173484211 3.993092673 
-3.499750126 9.818607316 4.468150539 
-6.019925448 5.673131728 -1.834177708 
-7.133655101 7.855915405 -2.345701425 
0.697525830 10.893019067 2.466130340 
0.229921727 11.306761714 3.162311787 
-13.281076870 20.573801929 7.518150908 
-12.160147773 21.877842669 7.894248109 
-1.421505339 27.200185030 1.733797569 
-11.021464256 14.881290856 -12.619668794 
-10.134440133 12.801261388 -0.439003395 
-9.326523247 12.395086892 -1.453862164 
0.182496185 16.999432119 0.420886823 
-0.287751496 16.058286444 2.327262793 
-8.124909917 8.777721633 -0.616257624 
-6.745885724 7.084684762 0.684872912 
1.690349498 11.706592834 0.739861038 
1.646859523 11.748358624 1.199589270 
-7.931094961 8.527143259 0.064097811 
-7.821232222 8.894943912 -0.201017360 
1.473505280 12.166010051 1.288218176 
1.431797863 11.730556328 1.141536547 
-14.526653019 5.380813260 9.301734196 
-3.681552550 -1.518548993 6.030206342 
3.349915934 0.764595050 -4.293842073 
3.163379154 0.438649403 -5.153031975 
-7.235903251 6.407706124 0.324606137 
-8.039055939 8.114972524 -0.361516472 
2.224343695 9.988456854 -0.384703481 
1.536097654 12.037608481 0.691285498 
-6.606125649 6.664273908 0.454767533 
-6.720219724 7.208570103 0.839710390 
1.944238581 10.197851573 -0.054799697 
1.419249049 10.821809826 -0.305676858 
-6.767011088 7.148196939 4.467931808 
-6.985293252 7.169487459 3.797509070 
-0.176800871 8.858513361 -5.594090827 
1.208021143 9.750905637 -3.709624752 
3.264329425 0.227568143 -4.452306229 
3.486163911 0.296726667 -4.825189850 
-3.985978622 -0.292178058 2.633027537 
-3.827602255 -2.067656912 4.642343529 
2.464949340 3.761089522 -3.015582284 
4.544689497 7.924390939 -0.389170418 
-4.550760269 1.258980556 2.783290121 
-6.565756354 -0.723014482 -2.390003033 
-2.474660858 5.042259770 3.412612296 
-5.663522776 6.743873831 -1.994259651 
-3.019628585 7.436721447 -3.778279814 
-2.137030400 5.789965373 -3.319088328 
3.207240877 2.489310839 -2.841927513 
2.385578870 -0.686396717 -4.548273826 
-2.471748664 -3.433771726 5.587672294 
3.226919644 6.235134535 4.956341476 
5.172195018 -0.200749556 -3.419354917 
5.645425687 4.959954445 -5.667488872 
-7.314611204 -3.021550129 0.175526691 
-8.509758159 -0.806699121 3.086259752 
12.806461679 10.537151154 -14.562561906 
12.395129196 11.618144809 -13.978901402 
-19.806811396 -2.787944214 5.196049646 
-18.008531379 -3.214544634 3.338395547 
16.920879538 19.435524991 -3.120296827 
15.619694843 21.427019461 -4.655229409 
-24.433430055 3.577496532 -0.364828281 
-24.498784142 5.206047161 1.111895079 
14.639476975 16.723889594 0.430559996 
12.436117996 16.073105554 2.914207136 
-20.337624042 3.815883687 -4.953694348 
-19.316550579 4.604310916 -3.391573442 
-4.120247661 18.642070085 -14.584469986 
-3.879471188 16.386380567 -12.529272571 
-17.079908455 20.236182104 12.291949274 
-13.702208031 18.988317808 12.177817662 
-2.308970358 30.164730564 -12.427269412 
-3.141260065 31.636424952 -9.350625102 
-21.517473366 25.198958718 8.944235409 
-21.532054808 26.119159132 6.076503022 
7.802919188 28.512402615 -9.942709382 
6.680605244 29.441080649 -8.762181835 
-26.617134401 15.075271175 1.176991230 
-25.809559993 16.377355055 1.361722647 
6.902052223 21.491682038 -12.110453513 
7.558305446 20.537618636 -9.498453057 
-22.311506315 10.704119659 6.838214712 
-20.176711182 9.827855757 6.468052738 
-14.598331079 22.605391194 5.296604355 
-13.874140373 21.832607443 5.842064480 
-5.321844406 27.003024183 -11.678149387 
-6.021844096 26.291393209 -7.260698536 
-14.682590334 18.707884604 18.987105826 
-15.015664539 18.179896233 17.546954294 
-6.943909096 21.354995090 -21.421326851 
-6.248283699 21.020236498 -20.654571836 
-3.932786740 26.585186695 17.586316177 
-2.868563249 24.370230456 18.819008205 
-17.723712616 18.993790679 -16.818593918 
-15.329155305 17.969605108 -18.206983302 
-3.131265421 28.181387084 11.492765862 
-2.044307618 27.336084859 9.530336883 
-16.290482253 22.213585943 -11.869069042 
-16.270390484 21.125083134 -9.812228926 
12.734676784 18.288243903 -2.637281792 
8.894473203 18.740483965 0.377765950 
-19.939549459 5.883674282 -2.337023887 
-18.350614517 7.901814832 -3.130103791 
16.095693248 12.653092027 -12.151419198 
15.671139978 11.889500784 -10.954298993 
-21.447671074 -0.486081158 6.508218103 
-20.417093523 -0.991428595 5.511142318 
9.518691586 21.048803576 -16.697741742 
8.493106308 19.798654296 -17.555343029 
-22.389307578 9.113798192 12.489444848 
-20.327125937 9.135433766 14.370845063 
6.495303214 24.539544995 -12.083880701 
5.145655879 24.398546613 -9.662318972 
-22.053383516 13.462837051 6.406342223 
-19.878940495 14.137728283 7.315545885 
