-2.082744680 14.587915445 -1.353595553 
-2.054205526 14.611325632 -1.160770216 
-6.831393917 12.716978837 0.064151377 
-6.795467235 12.728738119 -0.015582026 
-2.167313326 14.512752935 -1.929304544 
-2.044514023 14.577519289 -1.497290771 
-6.857053387 12.683956080 -0.133459960 
-6.830850767 12.706137502 -0.093958770 
-2.146380196 14.610026005 -1.158316765 
-2.146705312 14.609151553 -1.116780140 
-6.691244297 12.807343285 0.356522699 
-6.730577780 12.785775981 0.212323687 
-1.933281704 14.622970382 1.046246603 
-1.977558606 14.643692121 0.533919608 
-6.416719875 12.932329311 -0.658022866 
-6.377693198 12.965294039 -0.796833026 
-2.144405373 14.652809211 0.341653314 
-2.172022737 14.656272203 0.056821029 
-6.420181100 12.921363096 -0.681696416 
-6.367927981 12.950396689 -0.624641507 
-2.080688581 14.621844026 0.983892554 
-1.959539772 14.595812896 1.266554304 
-6.462906008 12.913895737 -0.497126018 
-6.431168632 12.924665335 -0.506592888 
-2.067923679 12.914473900 1.749969209 
-2.076999939 12.911192852 1.738478098 
-4.570953339 12.040445666 -2.934898449 
-4.780467656 11.949835118 -2.931544013 
-2.558510309 12.735878433 1.744644490 
-1.934818128 12.969431410 1.597174324 
-5.406889468 11.693200545 -2.400169944 
-4.906420745 11.901359274 -2.839432762 
-1.377919610 13.180725878 1.171604248 
-1.259969161 13.188795090 0.989789995 
-3.228097522 12.571707362 -2.907781782 
-3.663036166 12.777226781 -3.063810735 
-2.171040435 14.499259027 -2.014608902 
-2.187147473 14.538236294 -1.775959293 
-6.834772011 12.718136462 0.093590133 
-6.772978544 12.772428292 0.297290710 
-1.975829727 14.628660559 -0.941087139 
-2.132610686 14.567488275 -1.529920564 
-6.714896511 12.785443082 0.404018326 
-6.812120999 12.732180413 0.351587596 
-2.067801655 14.621948381 -0.985794118 
-2.105341553 14.606406998 -1.165879854 
-6.683597429 12.829596720 0.487213213 
-6.648104937 12.838596757 0.522361626 
-2.131067016 14.639446558 0.168844635 
-2.161047087 14.632208973 0.874051009 
-5.912356361 13.169860412 -1.068167850 
-5.779570493 13.219863928 -1.095785645 
-2.096069865 14.647085812 0.064715401 
-2.149927409 14.651723194 0.293634566 
-6.392040631 12.945116906 -0.811038098 
-6.087591722 13.097440438 -0.949248612 
-2.242133336 14.635362866 0.704718616 
-1.988682731 14.627362414 0.914706678 
-5.892480919 13.188030057 -1.003376184 
-5.929062722 13.172086529 -0.922504470 
-3.180205892 12.526500490 2.181041890 
-3.186875203 12.535395071 2.130700461 
-5.709486469 11.589460679 -2.191065225 
-5.539980490 11.653781174 -2.303513672 
-3.510457693 12.432100334 2.271373221 
-3.023487436 12.589056893 2.059350972 
-5.544830150 11.646123142 -2.316882333 
-5.236891872 11.771953164 -2.479570475 
-2.237637906 12.885031597 1.783864036 
-1.727702792 13.062004574 1.333021360 
-4.937281006 11.894238723 -2.762027239 
-4.990983871 11.853165501 -2.563728173 
-2.143279923 14.512728709 -1.840123284 
-2.105506875 14.530722043 -1.714521185 
-6.598311313 12.812477122 0.363826433 
-6.188680040 13.029737130 0.708064295 
-2.126092567 14.507538245 -1.860783936 
-2.213347063 14.536450791 -1.639815855 
-6.630479860 12.788996843 0.331592399 
-6.835282267 12.675413035 0.093221457 
-2.013943137 14.546909390 -1.594482445 
-2.157169150 14.454282836 -2.163981565 
-6.510150419 12.872809791 0.474403762 
-6.345178035 12.914585922 0.772106996 
-2.435846178 14.464295065 2.159540515 
-2.287138619 14.528562636 1.813394540 
-6.335542176 12.953254915 -0.777412794 
-6.072365596 13.091238517 -0.917870365 
-2.325871343 14.490535518 2.043396979 
-2.443737985 14.405964934 2.427484832 
-6.382215592 12.922470815 -0.717349870 
-6.401395008 12.930274338 -0.654105097 
-1.954306710 14.600202336 1.230841615 
-2.051060647 14.577827982 1.478817200 
-6.095830626 13.075153876 -1.052792177 
-6.193212927 13.037209726 -0.823357379 
-2.029097727 12.903580152 1.723259485 
-1.839687894 12.974137857 1.541828280 
-5.892435703 11.532276660 -1.984295551 
-5.839344372 11.553324048 -2.035323026 
-1.683688798 13.006409554 1.451050884 
-1.239724852 13.162611695 0.859731341 
-5.811497163 11.555133001 -2.086654246 
-5.649278872 11.606501997 -2.247133732 
-2.719164518 12.700409848 2.130766836 
-1.813213599 12.994234618 1.515608923 
-5.980121004 11.496839557 -1.882068406 
-5.734616401 11.569839351 -2.177033138 
-2.502568836 14.390132495 -2.107112542 
-2.569711987 14.418579059 -2.024814995 
-6.780229507 12.647938568 0.571167812 
-6.919140580 12.540902060 0.350591775 
-2.160466487 14.507297958 -1.658788469 
-2.614997069 14.256343887 -2.804620017 
-6.787231047 12.692059738 0.350517462 
-6.811596717 12.680691106 0.366364387 
-4.267559078 13.802572586 -2.312147791 
-5.403363497 13.355643983 -2.497129421 
-6.098419375 13.124248283 -2.039991784 
-5.295169642 13.391970500 -2.412621313 
-2.125221858 14.484159192 2.026245162 
-1.938736176 14.490641899 1.954524103 
-6.731063919 12.674367129 0.874717380 
-6.868067331 12.620310848 0.599906599 
-2.760818780 14.209185302 3.057150876 
-2.487038018 14.369212940 2.602469243 
-6.690975774 12.813444923 -0.365892578 
-6.180824548 13.039922921 -0.786175234 
-3.423376241 14.579998325 1.595923617 
-2.918649606 14.670575455 1.292050252 
-6.139275494 13.427612214 -0.486504493 
-6.098173348 13.370459631 -0.764871524 
-4.976191988 11.736098724 2.407037604 
-3.710559672 12.230423656 2.349920993 
-4.869491419 11.761615127 -3.402698985 
-3.801399544 12.117096956 -3.502138568 
-2.275679979 12.954284165 2.491061435 
-1.538887777 13.161230333 1.236017468 
-5.430879052 11.797145140 -2.419733131 
-4.753924950 12.059977041 -2.651582850 
-1.541807734 13.854021075 0.766448103 
-3.961661422 12.090751008 2.403931191 
-6.037660730 11.440621214 -1.910056469 
-5.822818031 11.567498676 2.001747531 
-1.813498317 14.575639696 -1.004331108 
-1.793286692 14.596147263 -0.453549332 
-5.584271793 13.245672604 0.856572394 
-5.420843077 13.325834466 0.931998129 
-2.623749825 14.434705452 -1.544262192 
-1.614888546 14.630040085 -1.508059827 
-5.789519821 13.048404985 1.356082624 
-6.650918482 12.924373762 -0.637873941 
-1.969628824 14.541759092 -1.443187056 
-2.057210683 14.472178249 -1.955644660 
-6.326720672 12.927014154 0.706512860 
-6.344018192 12.910515485 0.729958752 
-2.471885138 13.756534749 3.897831035 
-4.059040686 14.579334156 0.185619356 
-3.149549575 13.807370795 -1.273412796 
-3.100665550 13.800331162 -1.731442231 
-1.576800799 14.508996751 0.849465764 
-1.770501868 14.522428189 0.110679384 
-6.337141006 12.831836682 -0.460227023 
-6.361407821 12.801720329 -0.352902329 
-1.729087293 14.489777160 0.927241561 
-1.640504889 14.470601253 1.094524445 
-6.288795502 12.789829565 -0.573406405 
-5.664736354 13.066528997 -0.960412360 
-2.413138888 12.765822444 1.636027112 
-2.221567130 12.835188126 1.452019034 
-3.327699488 12.533998423 -3.007051186 
-3.325752718 12.530805952 -2.963782912 
-2.405894774 12.767663681 1.620087200 
-2.858424487 12.622405459 1.986523759 
-4.685832953 11.953657658 -2.724456612 
-4.818443721 11.920251123 -2.882342390 
-3.383830361 12.458915942 2.260130382 
-3.167676581 12.526947156 2.279350626 
-4.401484842 12.079781249 -2.990061308 
-4.493595980 12.053132961 -2.979911762 
-2.033810871 14.508874725 -1.953295767 
-2.694058551 14.304887654 -2.780459862 
-6.618509672 12.827867055 0.145749425 
-6.821456541 12.469258769 0.412397229 
-2.138597407 14.671809800 -1.030440068 
-2.012344688 14.648637993 -0.447410715 
-6.059940443 13.175940671 0.771403088 
-6.228543667 13.035294688 0.744420518 
-2.070470975 14.557809394 -1.637676934 
-2.080772988 14.580915853 -1.471951999 
-6.343610422 12.959453524 0.784007930 
-6.439462395 12.937186443 0.574409673 
-2.149616784 14.508736204 1.443933331 
-2.185878475 14.555611768 1.208325442 
-6.372026200 12.738475346 -1.180652758 
-6.356815819 12.860364431 -1.101754458 
-1.624968527 14.513296480 1.173027711 
-3.206404497 14.569440296 1.332995702 
-6.214697558 13.040941623 -0.342813782 
-2.723811732 14.576193517 0.771075487 
-2.564445929 14.384482206 2.146922892 
-2.695230099 14.371706220 2.099539327 
-6.017682109 13.079297022 -1.249012597 
-5.969515689 13.095434616 -1.272484992 
-0.869834101 13.137240192 -0.649670969 
-0.942801223 13.062935826 -0.534522873 
-4.814178359 11.795405610 -2.390803956 
-4.815705990 11.811016624 -2.480026528 
-1.123259870 13.254396513 0.592975531 
-1.090997882 13.264726363 0.498673899 
-5.854359411 11.407602356 -2.010959556 
-5.605349839 11.491363418 -2.188558308 
-2.593838192 12.926000964 1.330345891 
-2.531770671 12.951851444 1.142332198 
-6.544330578 11.045302762 -1.965974976 
-6.232623521 11.354055768 -1.952971867 
-2.759222290 14.500725760 0.897501062 
-2.904597869 14.459171307 1.424625904 
-5.187521337 13.569356414 0.376373294 
-5.346816139 13.557814938 -0.061091665 
-1.689806977 14.510852214 -1.222513987 
-1.647438451 14.509834735 -1.209015152 
-6.522826883 12.721812378 0.177390944 
-6.638243153 12.647114437 0.104745771 
-1.885374693 14.441325466 -1.803469573 
-2.278226069 14.459971097 0.561966258 
-3.219725619 14.342835546 2.438866683 
-6.051987375 13.295409657 -2.205063912 
-2.090089617 14.619727169 0.257299903 
-2.101544844 14.619304121 -0.052378732 
-5.473675072 13.329760287 -1.233326868 
-6.035355536 13.032338454 -1.375438578 
-2.270104065 14.393061650 -1.097276867 
-2.276563473 14.268166336 -1.660917929 
-6.343407877 12.729076595 -1.145519236 
-6.263442370 12.902353217 0.698862816 
-3.171330537 14.397323565 1.922716349 
-3.386880271 14.311580149 2.004096681 
-3.737059944 14.045408241 -1.581507960 
-4.554491495 13.740085966 -2.041341417 
-2.991665621 12.566462607 2.024694432 
-2.780790004 12.645327663 1.867346583 
-5.206291136 11.760747317 -2.705422280 
-6.017690198 11.474334928 -1.830132558 
-2.431718570 12.765985438 1.560363852 
-2.316106402 12.803973502 1.473537776 
-3.788591855 12.297140228 -3.242071074 
-3.584783791 12.405726800 -3.107586666 
-4.444039265 11.898328160 2.618974776 
-2.200805280 12.692008305 1.541929471 
-6.205284316 11.498216296 -1.291445229 
-4.947904051 11.721528747 -3.243992419 
-1.801517062 14.599916457 -0.955711826 
-1.711417517 14.575778582 -0.702717892 
-6.025738152 13.112963147 0.523688869 
-6.337143593 12.957353403 0.305432352 
-4.821262815 14.254842370 -1.896730717 
-4.609777704 14.282202645 -2.092420679 
-3.701853693 13.748311243 1.256609807 
-4.427930335 14.047624699 0.445726494 
-1.590966985 14.464276834 -1.737957869 
-1.574808720 14.499902830 -1.442520730 
-6.188977115 12.893926564 0.523186579 
-6.640438962 12.669250090 0.146014156 
-2.717281620 14.713946785 -0.305106662 
-1.910935285 14.676216558 1.009556604 
-5.962455088 13.429710877 -0.033648450 
-6.342857688 13.160612615 0.792021350 
-1.698326136 14.562843829 1.261357359 
-1.851891572 14.463845025 1.965791120 
-5.393584434 13.369001139 -0.966499511 
-5.512878698 13.292347527 -0.899613642 
-1.946736869 14.569347571 1.186208114 
-1.965111443 14.606819869 0.333771092 
-5.694868799 13.248842317 -0.989694740 
-5.647174897 13.225486054 -0.960773307 
-1.699128839 12.978248384 1.319203475 
-1.308939575 13.112571513 0.710621780 
-5.189153452 11.728014089 -2.624656139 
-5.232799794 11.704949040 -2.603307598 
-1.674573833 13.028237501 1.372192710 
-1.621679307 13.042246157 1.248447312 
-5.683316101 11.560717667 -2.180697960 
-5.767274767 11.542946156 -2.087484707 
-1.032087439 13.148704266 -0.062227716 
-3.181417237 12.473239605 2.183355572 
-5.715122525 11.523218016 -2.239434965 
-5.902132145 11.475168950 -2.004294035 
-2.039881727 14.597677514 -1.354233140 
-2.087285430 14.550214411 -1.756854973 
-6.558073479 12.889330734 0.486884043 
-6.271862707 13.021308546 0.726935512 
-2.068820944 14.606180940 -1.261241663 
-2.260361455 14.483172155 -2.140037527 
-5.732761509 13.234935782 0.987410173 
-6.783808924 12.757676796 0.305782809 
-1.997694937 14.732127685 -0.611789481 
-2.650781321 14.655354569 -1.745949929 
-6.012118292 13.021711616 -2.009755991 
-5.785474896 13.447898760 1.196562197 
-3.249545503 14.525924184 1.440860942 
-3.112612928 14.505385098 1.788509121 
-5.020641075 13.703701533 0.330238642 
-5.392814512 13.750897183 -0.524056716 
-2.420643525 14.325176500 2.351376149 
-2.393552599 14.334914629 2.311500129 
-6.417122089 12.788094284 -0.951173646 
-6.455706023 12.761861408 -0.963885363 
-2.729723107 14.346616735 -1.471064312 
-1.544799708 14.537277477 0.229383887 
-5.884848297 13.206168966 2.503316532 
-5.235998183 13.429534262 -2.610073862 
-1.115254399 13.332938293 0.531092257 
-0.958062274 13.356975154 0.037474773 
-3.747033869 12.537556259 -3.363787928 
-2.888010101 12.825190912 -3.459956373 
-2.984653031 12.315120862 2.261535261 
-2.782818063 12.291018064 2.250543813 
-5.523996682 11.708915888 -2.258460210 
-5.715842248 11.544836411 -2.237777627 
-2.889825231 12.817147636 2.328700216 
-2.067607580 13.051544565 1.640852484 
-5.917970257 11.383510774 -1.934053971 
-5.441088033 11.778855572 -2.198777145 
-2.077402949 14.513778428 -1.931601192 
-2.118046267 14.538444442 -1.781853940 
-6.895672907 12.658392845 0.470071138 
-6.628439567 12.839263634 0.466189849 
-2.073391783 14.591489496 -1.325798203 
-2.312473415 14.527069311 -1.814155674 
-6.436307339 12.929478237 0.748598201 
-6.498489744 12.900181724 0.670923367 
-2.137745029 14.519861155 -1.877331404 
-2.093349764 14.560688046 -1.612632847 
-6.777368329 12.745933948 -0.132804228 
-6.834317346 12.726812068 0.321982418 
-2.049198512 14.522820973 1.634534927 
-1.950353504 14.578789210 1.045239246 
-6.640438740 12.783393968 -0.427021172 
-6.630390991 12.780028847 -0.282380775 
-1.806990274 14.596949474 0.572280912 
-1.867671517 14.593882171 0.043512929 
-6.554015253 12.794086641 -0.343359422 
-4.537615426 13.570308458 1.403117246 
-1.995893726 14.596174379 0.916332409 
-2.023570324 14.608452427 0.192440168 
-6.721014267 12.719834211 -0.238790190 
-6.673693723 12.776191952 -0.089862169 
-2.296022794 12.916791576 2.191207718 
-3.472787119 12.724612940 2.723503150 
-3.362002237 12.760843522 -2.989819549 
-4.009059549 12.134346852 -2.635107649 
-3.882966186 12.264510405 2.482841265 
-3.187175021 12.517955678 2.272807056 
-3.158040286 12.616572690 -2.833365302 
-2.992138143 12.694801452 -2.709679339 
-5.257826493 11.896862930 2.389836421 
-3.901130295 12.269710428 2.460911620 
-3.404694637 12.498334171 -2.979810288 
-3.188448946 12.585069742 -2.923134200 
-3.755160209 14.197536361 -2.489572384 
-3.951019093 14.044502832 -2.741834117 
-5.148492119 13.596387739 0.318316004 
-5.341847424 13.572021841 -0.134331190 
-1.493517671 14.383495057 -1.866432975 
-1.450204839 14.419666338 -1.604150871 
-6.472413202 12.655321597 0.450855841 
-6.536633127 12.617024274 0.439352142 
-3.037672077 14.443439424 -1.904706381 
-1.598728056 14.375930665 -1.647227568 
-6.329911277 12.691726096 1.023516549 
-6.572000564 12.562500296 0.611453320 
-2.043362757 14.551160002 1.482742116 
-2.044134777 14.568043173 1.361878087 
-5.556728006 13.307367328 -1.118980922 
-5.966490123 13.127313924 -0.947136177 
-2.419238024 14.360991361 -1.242556159 
-1.508477923 14.454994767 -0.224457253 
-6.193097614 12.985275581 0.684334344 
-6.512933047 12.694950962 0.877527216 
-1.615017026 14.520190870 1.324144608 
-1.636427371 14.718177169 0.879758908 
-4.118695220 13.824610510 -2.241813283 
-6.277955805 13.188366348 0.244563615 
-3.380915922 12.434025287 2.231942262 
-3.490835462 12.384212266 2.313086920 
-4.605962390 11.920278724 -3.491714379 
-4.514289176 11.982721956 -3.497788607 
-3.073040571 12.542531571 2.054593235 
-3.751860005 12.294988849 2.412220617 
-4.667395525 11.981060313 -3.014418738 
-4.381469221 12.053507753 -3.463694796 
-3.024403290 12.629285077 1.941464146 
-3.167849619 12.560122763 2.059268961 
-4.212966160 12.180907761 -3.649422717 
-3.573185663 12.428140432 -3.362932558 
-3.200681977 13.985765998 -3.442988373 
-2.944524572 14.128002605 -3.151247577 
-6.055779312 12.959554846 0.851511258 
-6.224905717 12.930790598 0.732515725 
-4.775367827 14.284616741 -1.848011958 
-4.482589752 14.329476803 -2.085619348 
-4.297978734 14.031108589 0.528670095 
-4.610324284 14.126121031 0.084758357 
-2.548639749 14.151498861 -3.152087900 
-2.703300965 14.128800615 -3.195377947 
-6.339834722 12.859193715 0.581986385 
-6.542368426 12.738364436 0.377032898 
-1.986644610 14.567681797 1.544827311 
-2.018514826 14.561264674 1.601012010 
-5.371079437 13.370413217 -1.141214427 
-5.589616492 13.293880310 -1.134579188 
-2.225202440 14.553348120 1.629971103 
-2.115555696 14.561553018 1.597687743 
-4.791896537 13.596424560 -1.340635428 
-5.953742166 13.153670267 -0.920187500 
-2.152539192 14.509274161 1.927510794 
-2.205600356 14.511373534 1.922512481 
-6.010816506 13.130290521 -0.839885679 
-5.950837492 13.145663127 -0.977762369 
-3.770915734 12.290698668 2.410547580 
-3.581338616 12.359356852 2.352534339 
-6.063981491 11.466730560 -1.756594600 
-5.930716341 11.504006752 -1.949876657 
-4.368341099 12.062632908 2.571362379 
-4.010808873 12.194720611 2.494837430 
-6.104850735 11.452637005 -1.705615549 
-5.958482783 11.508174759 -1.859166804 
-3.339070228 12.459160353 2.239352515 
-2.874866821 12.789887038 2.041904428 
-6.000116914 11.498206970 -1.841631811 
-3.812602376 12.411837004 -3.788975342 
-1.782684243 14.558623555 -1.445972689 
-1.921780025 14.535362657 -1.506544856 
-5.854492815 13.166657274 0.603168505 
-5.836519111 13.201439786 0.892583824 
-2.700718224 14.713972903 0.334044053 
-2.511257856 14.588388766 1.053800201 
-3.358032284 13.900932153 1.769364871 
-5.905934899 13.171939654 -2.016160527 
-2.228148234 14.528666217 -1.578416218 
-2.211529824 14.351572416 -2.570351515 
-6.028937263 13.089477520 0.902605414 
-6.061187444 13.065992530 0.902018912 
-4.831230895 14.249190918 1.898910505 
-4.591113160 14.292510447 2.070261088 
-3.801451606 13.734046216 -1.166087888 
-4.366975349 14.051589504 -0.473797698 
-1.867609207 14.594342198 0.961477431 
-1.782369070 14.535686698 1.250952677 
-6.148425245 13.047957609 -0.475106122 
-6.088740080 13.064761843 -0.521793227 
-1.638076344 14.562380491 0.548645982 
-1.611911111 14.550693808 0.777336499 
-6.549843479 12.718247998 -0.255446762 
-6.173035281 12.931730959 -0.469598067 
-2.421787178 12.749629626 1.970934595 
-2.416762405 12.738318680 1.968493995 
-3.556382066 12.395706646 -2.888792834 
-3.794546816 12.281668373 -3.031088079 
-2.932094519 12.605157230 2.543991078 
-3.035588729 12.555117646 2.551555804 
-5.167096323 11.734059361 -2.437624250 
-5.628582180 11.545649429 -2.224748735 
-1.730009341 13.061869542 1.519536712 
-2.861032357 12.610749251 2.202886204 
-4.600450465 11.943539516 -2.625157945 
-4.910491189 11.815896113 -2.539408318 
-1.937359279 14.467979328 -1.992816263 
-1.992747092 14.455525706 -1.933629972 
-5.481594783 13.231904585 1.032792471 
-6.295106123 12.855810850 1.102266836 
-2.027725933 14.633056129 -0.808342976 
-1.987553417 14.649865267 -0.496378272 
-6.381188214 12.963368294 0.686656720 
-6.706126324 12.801101016 0.535691680 
-2.344498673 14.395344981 -2.512980525 
-2.157692943 14.449747119 -2.290238254 
-6.638360138 12.814986328 0.463537950 
-6.719961967 12.795228625 0.207535244 
-1.697640923 14.539860151 1.160825176 
-1.803758050 14.573109260 0.289209004 
-6.822893492 12.604216026 0.280786447 
-6.514767119 12.760016267 -0.227783528 
-1.782368517 14.481749719 1.731334947 
-2.985945428 14.609709545 1.157073971 
-6.443572503 12.974863659 0.502211758 
-6.467452601 12.880519778 0.573927260 
-2.211441421 14.548846357 1.244002326 
-2.211994539 14.558107981 1.107776479 
-6.491272384 12.820398113 -0.697628594 
-6.373003358 12.876919712 -0.760640500 
-0.839385600 13.166497155 -0.257013275 
-1.158366340 13.261946427 0.643258544 
-3.991026119 12.070229544 -2.480671064 
-5.767064321 11.654736659 -1.877594724 
-3.703516942 12.639813194 2.227450962 
-2.913394833 12.983237727 1.672608878 
-3.156442611 13.083469547 -2.820879350 
-3.603498630 12.884050104 -3.073978323 
-1.504490467 13.231597591 1.137018702 
-3.193752937 12.538795253 2.441528118 
-4.789275717 12.118196095 -2.803938045 
-4.033648400 12.396385641 -2.852206321 
-1.832048966 14.521340691 -1.158839467 
-1.851553951 14.553075582 -0.328180202 
-6.214519675 12.866139218 0.728440985 
-5.476590800 13.245039297 0.527157892 
-1.891735492 14.477595321 0.769639029 
-2.026006518 14.409968272 1.089470098 
-5.957620038 12.985053134 0.858530356 
-6.172990001 12.987827820 0.269703755 
-5.768375906 13.410692607 -2.720004118 
-5.626337288 13.453668678 -2.764686736 
-4.773281752 13.848008839 2.372217120 
-5.300659116 13.633683048 2.430679820 
-2.230860966 14.421043501 -1.091525245 
-1.983525616 14.533632999 -0.348101002 
-6.240751876 12.940961974 -0.739312842 
-5.888219689 13.081019637 -0.903404074 
-2.129019500 14.478688332 -0.694900547 
-1.787494153 14.454403732 -0.613569984 
-6.422807069 12.713762682 -1.087925987 
-6.234266856 12.796259554 -1.040694462 
-2.415150264 14.658879588 0.855157792 
-2.417878194 14.621276134 1.081767643 
-5.704346780 13.262339499 -1.360825121 
-5.909301189 13.155409468 -1.429111092 
-2.653694337 12.726402156 2.040170569 
-2.793664533 12.657911764 1.905335588 
-5.215430951 11.738726982 -2.462572739 
-5.514530922 11.632391278 -2.314105448 
-2.486962161 12.735661729 1.697365541 
-2.557771687 12.744600758 1.733519990 
-3.920593210 12.240832894 -3.435162211 
-3.534189576 12.426669290 -3.159216872 
-1.804325750 12.973358825 1.021949778 
-3.983992929 11.980708443 2.547477172 
-3.025905970 12.653554576 -2.669510182 
-2.673606090 12.817819664 -3.728433896 
-1.557696695 14.487004915 -1.173036775 
-1.712701689 14.514197131 -0.762999647 
-6.177627685 12.910182473 0.470830455 
-6.299271866 12.836450869 0.351011457 
-2.780806933 13.581430995 -4.063575053 
-2.135466598 13.804084534 -3.744034615 
-6.458362328 12.642993078 0.845398788 
-6.869391061 12.426513090 0.901420571 
-1.692418107 14.422279418 -1.665060590 
-1.723951852 14.425139752 -1.599603011 
-6.092532577 12.872633520 0.718630277 
-6.404899104 12.721180874 0.571289648 
-2.756453406 14.306380223 2.215260947 
-1.696263042 14.684154103 0.887081822 
-5.078746177 13.492470446 -1.183119226 
-6.499504851 13.007909760 0.352358713 
-1.728856558 14.586488135 0.809192509 
-1.898627825 14.593736352 0.388194812 
-5.250209677 13.371152598 -1.128333312 
-5.429512121 13.315012770 -0.961377586 
-2.121134432 14.585675084 0.830904191 
-1.965039180 14.589542955 0.784706635 
-5.730964718 13.178152142 -1.030319210 
-5.449718945 13.271155096 -1.214828734 
-1.957280932 13.021183405 1.809493799 
-1.695186859 13.077477514 1.614452419 
-4.319404942 12.132083103 -2.939352163 
-4.563822748 11.993048604 -2.625976413 
-1.811375736 13.134867157 1.622440342 
-2.668427044 12.806720131 2.426707440 
-5.627291060 11.599334589 -2.302406171 
-5.881852132 11.547997056 -2.021428901 
-1.613239297 13.113957897 1.443830781 
-3.425955804 12.430188162 2.287302290 
-5.319020690 11.706593134 -2.444211452 
-5.433394441 11.673875587 -2.428885480 
-2.490046743 14.318782197 -2.778013954 
-2.125401694 14.531669086 -1.824095155 
-6.442189462 12.938199847 0.608394144 
-6.502607634 12.898070480 0.733851090 
-1.876403309 14.538386424 -1.704384536 
-2.159720181 14.391278971 -2.478718903 
-6.831578205 12.692030252 -0.073768984 
-6.802985169 12.653243595 -0.615907321 
-2.821722795 14.703116316 -1.101454786 
-3.894628024 14.443528107 -1.815948956 
-5.974034274 13.513754823 0.414542616 
-6.310324302 13.249737547 0.777383509 
-2.591747225 14.217810196 2.943109747 
-2.892387334 14.168996466 3.012916755 
-6.800503250 12.687540285 -0.183386357 
-6.821731660 12.673145206 -0.206324305 
-2.321294292 14.448887157 1.806037394 
-2.296704138 14.432595902 2.114312948 
-6.848534545 12.610840476 -0.238009502 
-6.769993745 12.647299359 -0.569877602 
-5.284103756 13.401603889 2.444857463 
-1.861999471 14.557463300 -0.127129765 
-4.413402305 13.758485746 -2.745438223 
-5.134267498 13.461733969 2.426887175 
-2.664602966 12.776251843 2.069399041 
-3.103667459 12.693140041 2.452829296 
-4.205775400 12.179907643 -3.581464027 
-3.671211598 12.435003945 -2.980277396 
-1.578912783 13.054392250 1.205648253 
-2.217809291 12.845661375 2.125365201 
-5.052670203 11.701290137 -2.408095456 
-4.931391360 11.728302255 -2.450895186 
-2.448054543 12.764400358 1.523586983 
-5.878626344 11.959931554 0.762572225 
-3.064216780 12.695540041 -2.909673875 
-2.485345301 12.887614487 -2.442314815 
-2.304308082 14.470472600 -2.133524264 
-2.304448171 14.409929374 -2.424028914 
-6.828071550 12.714662052 0.350260429 
-6.833140715 12.715004281 0.059079271 
-2.368915016 14.456454352 -2.206614333 
-2.167146953 14.520031585 -1.869333945 
-6.356058604 12.954529617 0.728246471 
-6.083988784 13.098383394 0.884986982 
-2.467577174 14.309334387 -2.800672155 
-2.186348377 14.411374628 -2.410595673 
-6.439265156 12.922882142 0.566098346 
-6.487878883 12.881507578 0.727816869 
-2.099989943 14.509684377 1.851545220 
-2.273380430 14.528768052 1.677805779 
-6.273395294 12.962293661 -0.721154047 
-6.374232417 12.910203208 -0.664584162 
-2.138545057 14.525494270 1.735869822 
-2.105659490 14.514437679 1.790437881 
-5.817295649 13.191854365 -0.824798124 
-6.125816551 13.055366438 -0.693504551 
-2.035424135 14.506385445 1.866200226 
-2.094341367 14.579836243 1.235827600 
-6.204678941 12.991564379 -0.787351149 
-6.566039139 12.831326110 -0.489773943 
-2.941013017 12.581984235 2.058495917 
-3.172480354 12.510965264 2.184503993 
-4.404521567 12.076623662 -3.019501200 
-4.427796805 12.076459373 -2.983725924 
-2.507105163 12.740186641 2.004161005 
-2.427917292 12.767024222 1.965269696 
-3.903769277 12.287335965 -3.033494978 
-3.230401887 12.573060038 -2.876293977 
-3.558579842 12.381408723 2.346475098 
-2.356286548 12.792572382 1.613621485 
-4.030863328 12.248482465 -2.931452991 
-3.334541696 12.523702265 -2.941067855 
-2.310960342 14.466574875 -2.177093000 
-2.427657652 14.400923250 -2.459616038 
-6.611268133 12.867599887 0.620880571 
-6.601316452 12.858653477 0.384715155 
-2.290086526 14.506537796 -1.949504641 
-2.273158069 14.513827135 -1.907611545 
-6.556995946 12.868680254 0.585154417 
-6.402041662 12.957063558 0.676376743 
-2.055510538 14.544320424 -1.724821910 
-2.042781322 14.583121858 -1.430576482 
-6.502140372 12.915388613 0.645929037 
-6.340961148 12.984942753 0.870797884 
-1.928006879 14.645834860 0.348779124 
-2.072612661 14.649664194 0.231998275 
-6.548240517 12.868991135 -0.550785440 
-6.258154309 13.003052991 -0.850603616 
-1.985492746 14.631340594 0.870427353 
-1.924791850 14.622084524 0.986778842 
-6.421449591 12.932303830 -0.806605496 
-6.414770538 12.936524037 -0.716272886 
-2.019111116 14.644577619 0.471815243 
-2.078135138 14.642778543 0.614195539 
-6.042725666 13.105919029 -1.067274996 
-5.729148784 13.258007593 -1.070576631 
-2.881055636 12.647040610 2.264345899 
-3.665145402 12.349191433 2.465434303 
-5.459933990 11.661238192 -2.379410200 
-5.367686465 11.689857920 -2.429922811 
-2.625930746 12.760286512 2.133836212 
-1.922449126 13.066060840 1.804495497 
-5.427889606 11.682957417 -2.396001677 
-5.052073020 11.831831611 -2.542999424 
-2.570264264 12.768295046 2.050913511 
-2.616815327 12.762371315 2.119951640 
-5.814244692 11.549597405 -2.116627671 
-5.296765846 11.721393303 -2.464270094 
-2.165996547 14.564221270 -1.584594748 
-2.074732973 14.605486913 -1.134854327 
-6.670814976 12.809810848 0.331968369 
-6.803257783 12.745160277 0.035382260 
-2.189095467 14.517448633 -1.920800360 
-2.041355544 14.563246383 -1.564052658 
-6.765432990 12.771767960 -0.109871152 
-6.679131823 12.796614227 0.372342245 
-2.051326963 14.569273175 -1.538286989 
-2.179255824 14.530011924 -1.858900130 
-6.851396191 12.709271129 0.054185481 
-6.674032923 12.829938195 0.466779941 
-2.116119019 14.641812310 0.629930381 
-2.150254373 14.647786962 0.511926334 
-6.672303960 12.808496637 -0.474069837 
-6.615251971 12.836587735 -0.387845004 
-2.053507783 14.640434967 0.239895976 
-2.125531648 14.637012777 0.253665725 
-6.697218953 12.793312928 -0.417227944 
-6.781943322 12.754129712 -0.316049524 
-2.055059956 14.634332995 0.833897442 
-2.253758227 14.641950248 0.526470905 
-6.781361530 12.769569114 -0.223427110 
-6.701369207 12.818897258 -0.228234408 
-1.737315776 13.058873903 1.427980109 
-1.688507273 13.106464946 1.547554181 
-5.131675873 11.812931037 -2.760314819 
-4.503263786 12.054961143 -2.998728948 
-2.500377979 12.776565470 2.037416748 
-3.556757793 12.386142748 2.386872710 
-5.671245032 11.603707789 -2.224311532 
-5.315936243 11.728515812 -2.418557040 
-2.888044418 12.553450830 2.030919744 
-2.755090633 12.638537193 2.004071538 
-5.256556991 11.760082793 -2.453592645 
-5.138291628 11.794878609 -2.482699680 
-2.167744974 14.546295830 -1.679072554 
-1.994766247 14.565368111 -1.551031847 
-6.072088677 13.105769150 0.855673819 
-5.894903490 13.180039313 0.993460208 
-2.358884379 14.394601097 -2.512391453 
-2.145425262 14.530728493 -1.810785392 
-6.128763389 13.079965873 0.834561678 
-5.900117051 13.176841220 0.907687173 
-2.300354298 14.449683869 -2.253723167 
-2.512223457 14.332987799 -2.702023328 
-6.178084478 13.048974673 0.781154632 
-6.428492531 12.948875211 0.670617758 
-4.772186334 14.268460413 1.918987176 
-4.472468284 14.322614141 2.147037260 
-3.222683784 14.425024064 -0.328822591 
-4.874470567 13.822740771 -2.210044192 
-1.667746324 14.558961640 1.055045448 
-2.248818512 14.391142505 2.319409049 
-5.454912613 13.243275316 -1.049374886 
-4.986647442 13.442461444 -1.297501236 
-2.189913960 14.337357485 2.584237477 
-1.829617400 14.544678819 1.268874265 
-6.023931643 13.024470307 -0.687084225 
-5.873869476 13.078335585 -0.783348680 
-1.661528159 13.119276397 1.518636063 
-1.270808685 13.208486381 0.799439632 
-5.119495419 11.754793181 -2.550782667 
-4.513145639 11.997179743 -2.621397497 
-2.060827266 12.919989191 1.770656473 
-2.467410956 12.803381113 2.012765820 
-4.966235460 11.821450780 -2.584673028 
-5.173792067 11.711459939 -2.563422820 
-3.312266532 12.601365715 2.210598592 
-2.433417054 12.801490564 2.041915840 
-5.191768034 11.660938913 -2.518456167 
-4.666630405 11.942488481 -2.612518215 
-1.861763266 14.479087413 -1.295138543 
-1.305817932 14.413940870 -1.236286568 
-6.254568860 12.943879781 -0.696141852 
-6.676020455 12.583238528 -0.989077749 
-2.238522115 14.475959302 -1.988791780 
-2.122469371 14.621496096 -0.495474223 
-6.326730198 12.955614175 0.934156412 
-6.383234101 12.949758273 0.926729966 
-1.727403644 14.667796040 -1.463779801 
-1.899375635 14.715051252 -1.334874215 
-5.402203706 13.475635499 1.906774027 
-6.094314004 13.041076373 0.429311673 
-1.403260842 14.454624565 1.268129561 
-1.415433118 14.359989198 2.001051600 
-6.122681140 12.835030855 -0.629623948 
-5.900913123 12.909268082 -0.935378037 
-3.426963989 14.246025538 2.626534952 
-4.097351836 14.013040453 2.694821818 
-5.146413039 13.549391594 -0.587370441 
-5.321176032 13.576784370 0.161832595 
-1.493773406 14.363988717 1.605467081 
-2.962403991 14.540192342 1.165869588 
-6.122355426 12.770060300 -0.924732881 
-6.230143601 12.731977733 -1.080668038 
-1.916207169 13.060691596 1.755083610 
-1.271949885 13.222443279 0.632805247 
-4.906310214 11.850321574 -2.565101255 
-5.415414420 11.662544164 -2.367362840 
-1.392374502 13.143320866 1.114276863 
-1.261590052 13.229295271 0.648932973 
-4.376186538 12.083232240 -2.872041466 
-4.217226945 12.137670898 -2.811070077 
-2.085575974 13.089409195 1.969609775 
-2.028726363 13.116607380 1.878373559 
-5.894501865 11.504886911 -2.082741654 
-5.612500002 11.608863219 -2.299041155 
-1.917884011 14.575478766 -1.096896481 
-1.902973219 14.495775003 -1.786584495 
-6.782630248 12.614501383 -0.547183741 
-4.821958994 13.599926901 -0.967134055 
-2.075098364 14.489144601 -1.892705498 
-2.021556664 14.550177532 -1.423278972 
-6.652164625 12.733516530 -0.563002227 
-6.840959901 12.620543720 -0.270467943 
-1.991378262 14.559465525 -1.331395965 
-1.997788502 14.584957321 -1.088350265 
-6.802478876 12.659788347 -0.114933774 
-6.802545370 12.654239229 -0.270321936 
-2.202511699 14.642914237 0.135450752 
-2.117196634 14.624433948 0.924793808 
-6.267112191 13.012963953 -0.822023722 
-6.097660520 13.087622441 -0.922148928 
-2.077762888 14.491287581 2.074391379 
-2.211925465 14.597366292 1.257578158 
-6.801197924 12.727860846 -0.171022452 
-6.745858664 12.777986067 -0.400094436 
-1.943817010 14.644265830 0.447458622 
-2.080736784 14.628599233 0.834807417 
-5.969866518 13.137741659 -0.930217913 
-6.118865859 13.059173278 -0.944052017 
-1.968341633 12.957062078 1.668624268 
-2.065663056 12.948920880 1.702513149 
-6.199993461 11.491490075 -1.203043278 
-6.169326618 11.494807997 -1.331938505 
-2.762385502 12.944138924 2.523676114 
-1.878231155 13.178674806 1.799105273 
-5.982024273 11.542993140 -1.761479678 
-6.005059043 11.432975623 -1.859511945 
-2.311723373 12.867274577 1.918108777 
-1.719565063 13.123112891 1.556011848 
-6.139523944 11.476998747 -1.514004613 
-6.188411539 11.476529029 -1.349488207 
-2.305982129 14.327701922 -2.373818023 
-2.061730336 14.520407059 -1.161423510 
-6.417103495 12.790228440 0.945670824 
-6.542926700 12.718953484 0.871829981 
-3.324228454 14.512133513 -1.519202283 
-3.058380359 14.523958807 -1.641020437 
-5.067990040 13.713823355 -0.197726041 
-5.250460051 13.725730466 0.198408547 
-2.294420662 14.418628788 0.870545096 
-2.583506801 14.371507543 1.335985060 
-5.956573473 13.149252984 2.491643198 
-5.265763922 13.414096381 -2.708733504 
-2.269801682 14.466843771 2.211275787 
-2.142302650 14.526651329 1.882734496 
-6.626799143 12.829703507 -0.487361719 
-6.812266957 12.736816637 -0.390001863 
-2.080584828 14.594649146 1.384148731 
-2.070198908 14.599147526 1.323558845 
-5.962111864 13.150884078 -0.903506965 
-5.862196833 13.192401861 -0.926260986 
-2.423217685 14.583590295 2.154230034 
-1.690737272 14.704496234 0.236057347 
-5.703411126 13.646536719 -0.503985809 
-5.738388802 13.470557058 -0.921409549 
-4.992692291 11.923202565 2.300075452 
-5.180995744 11.763656051 2.330086598 
-6.332133994 11.224703945 -1.201710578 
-3.959859704 12.255979061 -3.862659977 
-3.419282934 12.434613533 2.069211194 
-4.251500258 12.128861381 2.312606183 
-3.119711662 12.553567372 -3.481586615 
-6.512113751 11.691423458 -1.124674203 
-2.843710415 12.720374722 1.840630679 
-3.554655846 12.271645429 2.271147670 
-3.797100281 12.370900416 -3.196287991 
-4.235765451 12.192901975 -3.246692015 
-2.021840734 14.544985455 -1.723974660 
-2.099448140 14.488305940 -2.074882373 
-6.728064504 12.802041447 0.412516654 
-6.744111737 12.774492650 0.348065730 
-1.702016886 14.547832066 -1.059812788 
-2.344926980 14.423781612 -2.156098681 
-6.413360644 12.777540253 0.329444563 
-6.629919646 12.677510529 0.303334492 
-1.958422125 14.581872086 -1.323796390 
-2.038888545 14.626720874 -0.866824665 
-6.478473799 12.888219024 0.620562576 
-6.622071441 12.814985063 0.520752415 
-2.058597871 14.454082767 1.958388376 
-1.951564523 14.560264863 1.081869666 
-6.915536432 12.514566248 0.084117352 
-6.740172707 12.643495602 -0.329640245 
-1.956847354 14.586544322 1.219607286 
-1.918598766 14.621329668 0.755562248 
-6.728072253 12.770182279 -0.081060918 
-6.396281639 12.927154603 -0.581520307 
-3.095574515 14.635412386 1.187765997 
-2.136024646 14.649861894 0.048572840 
-3.957772954 14.205832661 -1.146458254 
-6.247347949 13.050594363 -0.665166024 
-2.609754139 12.756114537 1.594620368 
-6.140598102 11.455591883 -1.114157114 
-4.451157103 12.327232503 -2.911233137 
-4.471838648 12.194619942 -3.296995096 
-1.679065501 13.054041444 1.394310533 
-2.571270598 12.769450873 2.355665626 
-3.325007093 12.756947703 -2.616937399 
-4.589989580 11.993433206 -2.492135274 
-2.021545033 13.272446511 1.442031457 
-3.171256310 12.674166522 2.020789970 
-4.477422789 12.511420653 -3.311816764 
-4.239563695 12.528881518 -3.252755204 
-1.520966565 14.495712936 -0.329841570 
-1.746444277 14.566373357 -0.998581099 
-6.796058202 12.562297973 -0.138568447 
-6.674337469 12.625221776 0.572678467 
-2.024208728 14.623672730 0.320840621 
-2.046478409 14.650504009 0.108790642 
-6.802372363 12.719223376 -0.324833200 
-6.886747188 12.664069662 -0.226951333 
-1.728202102 14.586081116 -1.390066119 
-2.032194275 14.606246164 -1.213976857 
-6.588918279 12.870986673 0.400936443 
-6.875724499 12.679475798 -0.159196745 
-1.681506728 14.566398908 0.778167307 
-1.820162543 14.567459171 1.078155663 
-6.798578707 12.603550656 0.277896512 
-6.317719811 12.922752377 -0.607356730 
-1.899416534 14.526463512 1.301759766 
-1.642416613 14.552700146 0.227944561 
-6.543727974 12.913383952 -0.359129468 
-6.814331590 12.676843910 0.505083288 
-1.774814212 14.564687615 0.867603754 
-1.862939718 14.565525642 0.827779331 
-6.628862660 12.677252045 -0.279207661 
-6.573063364 12.727623911 -0.213684073 
-1.739988238 13.172743548 1.386537887 
-1.422822228 13.209841089 1.056335587 
-6.117534198 11.588533275 -1.752758643 
-6.060868494 11.471485845 -1.880564361 
-2.656508083 12.753462368 1.469271786 
-5.220499295 12.114985183 2.236740017 
-6.513976355 11.208615076 -1.025346435 
-6.575924193 11.029098389 -1.324274505 
-2.867458570 12.709110920 2.331202586 
-2.091394106 12.952400214 1.823907239 
-4.684651354 12.071974935 -3.088099592 
-4.672922626 12.067360962 -3.091350528 
-2.395389024 14.430701714 -2.327216077 
-2.602925652 14.252161796 -2.990392339 
-6.568793048 12.862490680 0.604124051 
-6.785254409 12.758369408 0.312868247 
-2.308204183 14.502054804 -1.960525258 
-2.154728511 14.529320597 -1.853486347 
-6.012930193 13.136985976 1.023725554 
-6.136232831 13.081787851 0.930154337 
-5.593591013 13.402362929 -2.735740753 
-3.051435521 14.256124385 -1.902446973 
-5.352217733 13.673134499 0.925137479 
-3.740087209 13.928845096 1.564680212 
-2.131598928 14.648845939 0.295385328 
-2.314707739 14.578549026 1.381599074 
-5.562251122 13.329551331 -1.095223540 
-5.860954221 13.165189264 -1.036495017 
-2.086742798 14.640267238 0.460842202 
-1.902442273 14.618948542 0.093272280 
-5.408099033 13.373517730 -1.124816878 
-5.114255739 13.356350812 -1.815660341 
-2.222258748 14.645702574 -0.095295447 
-2.060886012 14.613974629 1.149974443 
-5.977515674 13.128874452 -1.026871184 
-5.770032473 13.222191293 -1.030067796 
-1.909985452 13.026232284 1.590071401 
-2.023004064 12.951774601 1.715413568 
-5.668636699 11.580520072 -2.267029923 
-5.641349724 11.587577467 -2.290244302 
-1.995984669 12.972504916 1.707644804 
-1.860137183 13.054228482 1.787000275 
-5.588463905 11.601213770 -2.331189301 
-5.511247736 11.638143122 -2.390849674 
-2.808222196 12.660741645 1.944144547 
-2.434330738 12.820786823 1.999322394 
-5.934886355 11.533480891 -1.929727290 
-5.867065643 11.523394954 -2.112785413 
-2.581990924 14.502702269 -1.894962004 
-2.376110237 14.494207970 -2.004189637 
-6.558011795 12.898363628 0.641339949 
-5.287229471 13.460132106 1.177548303 
-2.616040501 14.369581658 -2.537093246 
-2.931328291 14.181001690 -3.128487256 
-6.723839278 12.797780008 0.393093921 
-6.538517332 12.898091029 0.574381240 
-2.381372984 14.498755691 -1.986638821 
-2.369533588 14.487914047 -2.053640066 
-6.033771450 13.110833110 0.917228552 
-6.676672639 12.819177722 0.497291409 
-2.778842708 14.311451950 2.153731827 
-3.076574225 14.122963562 3.144644183 
-4.015914670 13.672551541 -1.646505183 
-5.114793168 13.350784300 -1.579448026 
-2.073647518 14.520556772 1.879685511 
-2.241650895 14.434097824 2.336156924 
-5.113486495 13.482948466 -1.212387120 
-5.090395476 13.505400718 -1.207678673 
-2.500903826 14.256268208 2.966254414 
-2.447472810 14.274396797 2.942405341 
-5.332687500 13.411232595 -1.089200583 
-5.463367220 13.338408946 -1.036255875 
-1.041839745 13.268002712 0.347629772 
-1.327668987 13.185571297 1.035241973 
-5.907138731 11.452973532 -2.145065316 
-5.798293657 11.538629657 -2.174520997 
-1.117349641 13.232434140 0.766179713 
-2.168067148 12.983004704 2.051042006 
-5.739970087 11.528530154 -2.235698964 
-6.004611981 11.460173486 -1.961154824 
-1.814136685 13.097637609 1.664224596 
-1.290113508 13.191459825 1.051639564 
-5.853415653 11.817783837 -1.645297899 
-5.081471561 11.706704415 -2.323396839 
-3.743089656 13.880219755 -3.564158017 
-3.753565248 13.853950670 -3.589967163 
-6.212020452 13.031802254 0.790499198 
-5.895747061 13.163857357 0.886799798 
-5.023188405 13.358194279 -3.553780823 
-2.416827519 14.327729819 -2.841395619 
-4.485058848 13.564061289 1.490980609 
-4.996465215 13.351332598 2.338267710 
-2.920001064 14.196826761 -3.068764429 
-2.999256394 14.104766638 -3.312304400 
-6.149464436 13.035892769 0.667131889 
-6.752513905 12.771294006 0.309522587 
-2.055260468 14.642732615 0.067374846 
-2.048561088 14.649241315 0.351820310 
-5.154538151 13.486143480 -1.133824428 
-5.514878851 13.360618533 -1.030308587 
-2.051610382 14.618426754 1.005035965 
-2.228055886 14.633207508 0.783940754 
-5.292801392 13.446108001 -1.074988366 
-4.952174678 13.557678957 -1.227316566 
-2.147197402 14.642775801 -0.052666625 
-2.206121161 14.633580158 0.741631628 
-5.497868807 13.347937406 -1.081199422 
-5.196244724 13.442187868 -1.167957312 
-4.642405654 11.968076623 2.571607379 
-4.819792712 11.900294905 2.566432677 
-5.259622524 11.712630576 -2.487093464 
-4.147180087 12.144065906 -3.427903714 
-3.631965411 12.370701894 2.359296080 
-3.745614823 12.323350448 2.443336813 
-4.853810858 11.889481731 -2.606158181 
-3.594676775 12.419929954 -3.194834256 
-4.498174593 11.949300370 2.404150168 
-3.153811343 12.786347953 1.628854063 
-3.854012633 12.312911876 -3.335720947 
-5.290743313 11.761083948 -2.586850278 
-2.115889066 14.479789925 -2.123833359 
-3.361237413 13.903123668 -2.699316649 
-6.303931236 12.975596229 0.724341844 
-5.791710911 13.176443490 0.785848736 
-2.233331861 14.446605472 -2.299329099 
-2.441094068 14.263447745 -2.954752765 
-6.647980072 12.832656164 0.361042083 
-6.644180611 12.813136279 0.519121210 
-2.006984579 14.532894360 -1.823020494 
-2.064613523 14.594813573 -1.289158246 
-6.178696285 13.063256516 0.899416638 
-6.219954369 13.029332718 0.864734752 
-2.027049655 14.641424444 0.409313194 
-2.168609583 14.612749415 1.124638556 
-5.125895623 13.486651069 -1.206097887 
-5.006536543 13.551327043 -1.212562303 
-1.966211484 14.639231756 0.541769548 
-1.949307012 14.624629213 0.989903427 
-5.285974612 13.425592116 -1.206051845 
-5.668807956 13.268946089 -1.181784759 
-3.831973835 14.094243794 2.313964173 
-3.220555749 14.281208314 2.049839850 
-3.570451437 14.005994774 -1.349161070 
-3.633837219 13.934544327 -1.316703375 
-4.399152039 12.063576103 2.627021092 
-2.864183633 12.643773890 1.949888249 
-5.497455319 11.645986016 -2.370523127 
-3.053529095 12.649668224 -2.860274215 
-3.306275539 12.490708348 2.223177091 
-2.675057741 12.699009751 1.852482857 
-5.283819171 11.710779829 -2.469241463 
-5.505846656 11.629258456 -2.395184137 
-2.796779042 12.749958182 1.799827165 
-2.169636814 12.931952687 1.731080920 
-3.503350300 12.445845877 -3.014075834 
-3.501124080 12.473197278 -2.940775120 
-1.853341072 14.495117478 -1.777284733 
-1.702537447 14.414206179 -1.910382270 
-6.691612422 12.851710093 -0.003644793 
-6.829777235 12.671090544 -0.481608085 
-1.711003495 14.548853997 -1.046432828 
-1.912105764 14.593618633 -0.152305724 
-6.756791304 12.645036311 -0.083083480 
-6.449913756 12.864144210 0.383869244 
-1.885929068 14.444536888 -1.942380749 
-1.931257630 14.516274676 -1.481783076 
-6.777227912 12.576660299 -0.717708445 
-6.835140250 12.550232967 -0.546039464 
-2.011040270 14.654822794 0.441047934 
-1.960928494 14.638130969 0.721747361 
-6.662752778 12.768807080 0.695328612 
-6.621340439 12.774777244 0.841614073 
-1.452951456 14.474757876 0.836493064 
-1.839372701 14.591872521 0.642565538 
-6.695430904 12.610971517 0.421016851 
-6.535981297 12.700118655 -0.720897221 
-2.034497700 14.645571735 0.247250489 
-2.081443363 14.622282974 -0.357631019 
-6.849122396 12.697256885 0.114496667 
-6.801447262 12.748760522 -0.100357888 
-2.150981995 12.703952235 1.563075981 
-1.098410554 13.537847461 -1.403847927 
-5.109413836 12.059201049 -2.258678747 
-4.756311291 12.139687398 -2.206990472 
-2.763640319 12.829631670 1.800664188 
-3.744112140 12.377055147 2.237246120 
-4.035617613 12.393380015 -2.959581298 
-3.353980641 12.470957201 -3.288913277 
-2.115287069 12.981482406 1.917372108 
-2.139885577 13.015780431 1.828050137 
-4.613081231 12.075520141 -2.916137004 
-4.377845270 12.133912405 -2.800642756 
-1.989127027 14.602347892 -1.076435911 
-1.985567150 14.578354470 -1.314567710 
-6.383709400 12.929988671 0.630522624 
-6.392774402 12.935381179 0.557777568 
-1.851478246 14.534575311 -1.296069356 
-2.077534120 14.575276244 -0.770765693 
-6.872797266 12.561768353 0.107615554 
-6.880419793 12.549890102 -0.227201787 
-2.154008940 14.649069134 -0.133750705 
-2.814797028 14.722654953 -0.570959290 
-6.614546278 12.861366508 0.270794276 
-6.503853351 12.950350990 0.404517827 
-1.547077355 14.457625673 1.115702827 
-1.963837180 14.532977394 1.368963431 
-6.317679988 12.828676996 -0.410339488 
-6.627186834 12.621085215 -0.486340051 
-2.283752504 14.398342851 2.496892137 
-2.147610227 14.501370769 1.989662176 
-6.797960192 12.722274094 -0.145139006 
-6.688134902 12.809443140 -0.261550547 
-1.850968411 14.590181405 1.273229122 
-1.983204571 14.585985502 1.333324245 
-6.466629828 12.901470369 -0.576016736 
-6.732824082 12.769416070 -0.238964021 
-2.764779942 12.589236717 1.820472154 
-2.289595209 12.786792097 1.433775832 
-5.168747358 11.748802424 -3.181030979 
-3.088129793 12.585486567 -2.729421793 
-2.985394503 12.791482425 2.618059266 
-2.349974229 13.002384838 2.191405639 
-6.698962780 11.348741232 -0.718398533 
-5.183963169 11.987133151 -2.796380415 
-2.413269790 13.248317324 2.036070151 
-1.762613127 13.477146277 1.318487099 
-6.093473607 11.566457114 -1.906229829 
-4.402671699 12.464975655 -2.925656931 
-1.959987431 14.533552620 -1.799837992 
-2.076640180 14.534843236 -1.753178906 
-6.712041047 12.805613931 0.544940508 
-6.482135444 12.877126767 0.669431262 
-2.086225293 14.654531436 -0.252604703 
-1.991556900 14.624108569 -0.987036430 
-6.240170176 13.019285864 0.837256072 
-6.116547606 13.074080334 0.857736463 
-2.211774186 14.444099627 -2.288304682 
-1.985743654 14.463652981 -2.223703039 
-6.642513854 12.824348135 0.540421137 
-6.484487466 12.906366010 0.650642736 
-1.957330142 14.609041881 1.110204190 
-1.896182205 14.598739988 1.227416278 
-6.382243553 12.956156712 -0.704971096 
-6.280894936 13.012805046 -0.719127243 
-2.273363208 14.465691383 2.311926113 
-1.826251336 14.535907341 -0.107126004 
-4.251252185 13.676525508 -1.770751833 
-4.550450835 13.495169092 -1.834557905 
-2.060965403 14.638314526 0.472600550 
-1.970296060 14.641884970 0.673105115 
-6.182545687 13.043307308 -0.879257845 
-6.151197062 13.069686520 -0.817786383 
-2.007972384 12.949844762 1.673921256 
-2.758975333 12.674653962 1.885299700 
-3.784916826 12.351456349 -3.057456329 
-3.614423752 12.410666536 -3.085856488 
-1.764859660 13.045495684 1.342818858 
-2.414581777 12.788696798 1.617911303 
-3.399762188 12.513364567 -2.959331174 
-3.652074336 12.414191074 -3.064417162 
-2.760354585 12.682891292 1.895565756 
-2.952320012 12.624124385 2.019350853 
-3.465583753 12.462788791 -3.002672196 
-3.514936916 12.451985772 -3.096968552 
-2.094733550 14.641959730 -0.331160755 
-1.879408342 14.557375199 -1.504829342 
-6.156949019 13.060434190 0.839056556 
-6.614225519 12.839737415 0.502699278 
-2.242461468 14.645011764 -0.568404268 
-2.109343309 14.647383236 -0.369312926 
-6.721265013 12.797534505 0.303444029 
-6.791170118 12.726403856 0.203543924 
-2.826841089 14.834500370 -0.541666250 
-2.174152394 14.490339787 -2.170410924 
-6.364442971 13.337843485 -0.054746035 
-6.788013936 12.712490449 0.214852890 
-3.054882884 14.497952319 1.970297727 
-2.003674633 14.505537876 -0.579894067 
-3.900013754 14.187451285 -0.510550082 
-5.927438807 13.462577515 -0.587282123 
-2.193755703 14.448017511 1.825744289 
-2.101365521 14.496984460 1.485718517 
-6.785749487 12.614781479 -0.078641311 
-6.798520068 12.603721272 -0.275572753 
-1.744534052 14.531381672 0.399174403 
-1.816864446 14.524061676 1.098529584 
-6.683353569 12.594222725 -0.232058420 
-6.672615071 12.591727035 -0.232568707 
-3.130753106 12.833210028 1.797455339 
-3.067980732 12.800706045 1.792357686 
-2.775748956 12.829368984 -2.737504756 
-3.040864868 12.673503296 -2.795726623 
-5.081743276 12.046395395 2.692635224 
-1.692285633 13.243777999 1.055619646 
-4.328601719 12.265544889 -3.719652750 
-3.708367088 12.600323782 -3.240802986 
-4.073438416 12.276084357 2.491966874 
-0.784083916 13.180054391 -0.864788128 
-7.513680630 10.990875439 0.050349531 
-7.546688394 11.077519531 -0.031360952 
-2.018279264 14.512968589 -1.398900367 
-2.107215543 14.495526886 -1.504342848 
-6.794281281 12.611641550 0.228314033 
-6.756141705 12.627383453 -0.179593569 
-3.034338778 14.429139715 -2.289870802 
-2.136592764 14.452991778 1.063086859 
-5.806787181 13.498575128 0.483622748 
-5.264777046 13.624313967 -0.213905127 
-1.751018560 14.430395449 -1.564986779 
-1.788874803 14.530035373 -0.510922641 
-6.805804731 12.516904288 -0.124042836 
-6.665478385 12.592366865 0.253041174 
-2.189998127 14.647993623 0.393654174 
-2.218423378 14.642989330 0.518362498 
-5.958490187 13.174100975 -1.029976597 
-6.249411654 13.044065756 -0.945538300 
-2.188012517 14.624736620 0.665184370 
-2.089622242 14.638971389 0.419987857 
-5.892748608 13.143817250 -0.844930313 
-5.910875419 13.148053407 -0.979108389 
-2.310547058 14.613428708 0.441204172 
-2.742157266 14.841193110 0.467532698 
-6.550850332 12.817534165 0.651741146 
-6.301018388 13.383637109 -0.092410083 
-3.891086567 12.516462324 1.984703086 
-4.022549790 12.384584850 2.157018327 
-5.359844882 11.709848540 -2.375810275 
-6.176102493 11.745940531 -1.887498945 
-1.696132326 13.393551840 1.340199336 
-1.727973160 13.230443654 1.423308794 
-6.042883551 11.662777537 -1.696883138 
-6.210106999 11.623447016 -1.643439060 
-3.966619892 12.160750478 2.337089931 
-2.395530684 12.769707414 1.448100627 
-6.263731780 11.590291821 -1.205486590 
-4.017113835 12.389516149 -3.434755880 
-2.462958506 14.530445753 -2.022615535 
-1.591687646 14.444928245 -1.628540673 
-5.240615180 13.430204206 1.152284108 
-5.700330471 13.065469079 0.984868552 
-2.020386435 14.535728019 -1.812816859 
-2.042665397 14.506551270 -1.993038110 
-6.704255937 12.816626193 0.201294093 
-6.696037967 12.814891710 0.138517448 
-2.022296200 14.535187879 -1.796581045 
-2.037055713 14.534822619 -1.785420357 
-6.723707318 12.790239893 0.335970398 
-6.574774490 12.879398535 0.462494024 
-2.000365226 14.614093667 1.029695890 
-1.977713826 14.616635084 1.062166247 
-5.533048935 13.293602047 -1.138322288 
-5.841562133 13.201101445 -1.053261285 
-1.985404180 14.618538865 0.938890974 
-2.033086204 14.584590910 1.356296161 
-5.673047099 13.235468208 -1.121271077 
-6.176605106 13.018718145 -0.923541887 
-1.917143979 14.639025419 0.762943411 
-2.095619676 14.653898706 0.029758326 
-6.105544627 13.073500356 -0.940784756 
-5.990822355 13.117096472 -0.945688468 
-2.974486611 12.636588615 2.261403593 
-2.694821198 12.731320042 2.112720934 
-6.095450043 11.476717599 -1.674086260 
-6.004593326 11.513718144 -1.792979920 
-3.216794380 12.502869761 2.220265210 
-3.188358839 12.536199107 2.385797493 
-6.102576741 11.467827963 -1.688794692 
-5.935089718 11.539123581 -1.902120893 
-2.116950833 12.942298323 1.737927736 
-2.519959938 12.797494141 2.049767122 
-5.849648018 11.527652265 -2.093988813 
-5.993920301 11.518423937 -1.818942513 
