-1.567509779 6.814563504 -0.426692736 
-1.556948566 6.821498355 -0.344988384 
-1.629489653 6.817617579 -0.074430391 
-1.611390037 6.820716368 -0.101275246 
-1.548238214 6.806402046 -0.560844415 
-1.536084601 6.819452826 -0.433648389 
-1.634411899 6.816866056 -0.068295731 
-1.625258263 6.818282911 -0.080351037 
-1.579484009 6.818253184 -0.332751136 
-1.592837266 6.814315972 -0.364924361 
-1.598730310 6.821705314 -0.173590052 
-1.602318393 6.821276036 -0.135738886 
-1.527971910 6.828250925 0.334437404 
-1.562040871 6.827235944 0.177963491 
-1.572150938 6.816612195 0.403919225 
-1.569926963 6.820164836 0.350454416 
-1.601974111 6.821740158 0.057792859 
-1.615100545 6.820364260 -0.010461796 
-1.581110492 6.814090403 0.428805506 
-1.566961799 6.813056753 0.462221983 
-1.565019549 6.824572412 0.252251879 
-1.547664408 6.817618227 0.433641969 
-1.562387318 6.819102447 0.385186698 
-1.558366710 6.817980207 0.415816543 
-1.511033481 6.811833669 -0.580071629 
-1.515164423 6.809642555 -0.596816828 
-1.581473200 6.819793531 -0.308597928 
-1.593425533 6.812751109 -0.398418285 
-1.605136929 6.758193111 -0.868408782 
-1.539371511 6.805071612 -0.602349905 
-1.610236961 6.820473185 -0.119431442 
-1.566161597 6.818592515 -0.384147217 
-1.508194840 6.821192466 -0.467070565 
-1.498988585 6.817452800 -0.532705789 
-1.598384425 6.820703991 -0.200003911 
-1.572073692 6.824960625 -0.334370630 
-1.530445175 6.809696348 -0.560845647 
-1.542935828 6.815153508 -0.480427593 
-1.630488291 6.817535041 -0.060470220 
-1.619578168 6.819463076 -0.077034539 
-1.542277307 6.827519624 -0.275164268 
-1.561523538 6.814195873 -0.445751975 
-1.612119953 6.818808029 -0.190260092 
-1.637324910 6.815905968 -0.121041094 
-1.562405648 6.824587979 -0.268198826 
-1.561220202 6.822975020 -0.305465233 
-1.606116629 6.821027589 -0.128076778 
-1.602601721 6.820188618 -0.187832167 
-1.614139468 6.820128205 0.114169015 
-1.583339866 6.823728544 0.210354842 
-1.573272862 6.798663563 0.608534356 
-1.584312484 6.787114535 0.689666697 
-1.602846579 6.822028374 0.039697230 
-1.606901817 6.821111825 0.067997623 
-1.585502162 6.815371702 0.383713977 
-1.559764331 6.809395982 0.521891277 
-1.616967923 6.818398210 0.158040014 
-1.553005383 6.825011802 0.283947810 
-1.550388535 6.801970870 0.611095500 
-1.545112973 6.801825490 0.618384694 
-1.550967690 6.800883905 -0.626163678 
-1.590588544 6.786526778 -0.687947740 
-1.574745602 6.820774366 -0.315538271 
-1.586308696 6.823380622 -0.186783823 
-1.568108008 6.801208920 -0.589093172 
-1.581267811 6.784705987 -0.711365246 
-1.591819041 6.822065406 -0.205671705 
-1.545142733 6.829893587 -0.200245169 
-1.565757467 6.799824045 -0.613275274 
-1.559508882 6.794344853 -0.660165343 
-1.593931751 6.819584344 -0.268889630 
-1.596588592 6.823983782 -0.027094731 
-1.554416138 6.807611279 -0.552342322 
-1.556701945 6.809372714 -0.519383234 
-1.568621144 6.823836115 -0.282784944 
-1.525395759 6.817494252 -0.503474000 
-1.552271494 6.806901798 -0.554554342 
-1.586405725 6.806889086 -0.482595087 
-1.577685662 6.822016961 -0.289536355 
-1.623376640 6.819047270 -0.108472386 
-1.546616391 6.812219263 -0.516272635 
-1.553314730 6.795804667 -0.656652337 
-1.559985858 6.823165205 -0.327693688 
-1.583152298 6.808915320 -0.495206110 
-1.596211309 6.792774510 0.628812737 
-1.580958672 6.805086070 0.532977112 
-1.583236316 6.809926544 0.483196545 
-1.558926794 6.806103889 0.565361163 
-1.577005436 6.799100897 0.600618589 
-1.591819637 6.782209171 0.719300532 
-1.593188707 6.806825428 0.495212566 
-1.573928972 6.814371505 0.439755526 
-1.537081790 6.822291975 0.399743885 
-1.541067589 6.818963976 0.445493453 
-1.597025214 6.801029871 0.550178366 
-1.563253908 6.809290302 0.522056818 
-1.524499902 6.813073905 -0.563959866 
-1.530004125 6.809380143 -0.590804639 
-1.557342452 6.813531071 -0.477605377 
-1.544890416 6.816389975 -0.479729547 
-1.500772509 6.814700537 -0.585723124 
-1.509617046 6.807871625 -0.634061950 
-1.585933940 6.820372291 -0.288288363 
-1.592274328 6.820437239 -0.249040574 
-1.576585910 6.808661461 -0.499997742 
-1.533703710 6.808277587 -0.584008546 
-1.567546640 6.804670528 -0.554702577 
-1.601342132 6.819689000 -0.240390469 
-1.571152894 6.812464515 -0.454314728 
-1.589184209 6.811515939 -0.431811795 
-1.612708039 6.822270708 -0.018818272 
-1.646323069 6.815955848 0.018832244 
-1.533195171 6.823865594 -0.363255630 
-1.579029692 6.776095687 -0.768260843 
-1.611028699 6.821305723 -0.028397335 
-1.620685906 6.819466436 -0.019766400 
-1.587450525 6.817388996 0.209769405 
-1.473506509 6.817664215 -0.487210768 
-1.607172242 6.752443392 -0.876581679 
-1.536917767 6.820906822 -0.233492513 
-1.548844743 6.801846997 0.608297456 
-1.546261416 6.795739182 0.664199630 
-1.636131344 6.816216674 -0.052083819 
-1.660304204 6.812290316 -0.054977484 
-1.699754921 6.723942237 0.947762913 
-1.590633426 6.774994950 0.775515479 
-1.598021632 6.822254737 0.153493848 
-1.555004988 6.808927647 0.542897422 
-1.587802880 6.831316112 0.082023117 
-1.588648492 6.826057295 0.033900599 
-1.552435523 6.818193698 0.205224723 
-1.536984976 6.825583362 0.273118315 
-1.522750346 6.830930718 0.022310728 
-1.480781205 6.824788609 -0.446363416 
-1.674719952 6.717158826 -0.985542763 
-1.476833877 6.795874042 -0.722123112 
-1.476019949 6.840703156 -0.033115035 
-1.533749028 6.802490371 -0.706504372 
-1.582169118 6.829188818 -0.142726598 
-1.604133859 6.820532806 0.048799685 
-1.580475927 6.824321002 -0.040443389 
-1.579366150 6.808117345 -0.543493769 
-1.605258951 6.819449360 -0.178142349 
-1.635186350 6.812862385 -0.051925961 
-1.575596626 6.802829519 -0.559889735 
-1.558312658 6.816740233 -0.426443932 
-1.719975364 6.705374500 -1.017780002 
-1.692200091 6.712142290 -1.010418300 
-1.620377738 6.821784079 -0.065582780 
-1.561660194 6.768211092 -0.825639008 
-1.493440757 6.821696553 -0.543725663 
-1.623833681 6.787775651 -0.642915039 
-1.547765600 6.816047035 -0.466809861 
-1.540132983 6.805782942 -0.592886972 
-1.546410404 6.819035459 -0.420822810 
-1.550120356 6.819574597 -0.417574357 
-1.584674281 6.708210543 1.010337260 
-1.836295012 6.824192992 0.124317603 
-2.974367506 6.316263124 0.656627621 
-2.531925939 6.491470178 0.818914820 
-1.531474974 6.811858705 0.507237617 
-1.568967900 6.818259234 0.321654775 
-1.571562297 6.794531043 0.673471723 
-1.567776347 6.794997765 0.655548048 
-1.561205688 6.814848179 0.428266021 
-1.543661684 6.812911968 0.486892847 
-1.541997027 6.804104883 0.607195817 
-1.615078172 6.747053406 0.916055643 
-1.661791598 6.741933115 -0.904658587 
-1.675800342 6.728814686 -0.952978563 
-1.565087891 6.825279221 -0.259911377 
-1.583793779 6.822577291 -0.227956921 
-1.630199795 6.747180658 -0.899646245 
-1.559962753 6.785461565 -0.735773089 
-1.569468304 6.827588178 -0.119189985 
-1.585946359 6.815624143 -0.375729379 
-1.562673214 6.803698992 -0.577096188 
-1.553920935 6.811741638 -0.505863832 
-1.557506198 6.822160670 -0.334459484 
-1.584295823 6.817430169 -0.343598701 
-1.531242380 6.805713594 -0.609438835 
-1.663239300 6.749050230 -0.861973327 
-1.556414370 6.826611462 -0.240988736 
-1.588014026 6.816702581 -0.398170358 
-1.552616666 6.824878522 -0.299485761 
-1.578462435 6.823162822 -0.229347553 
-1.546456334 6.805590344 -0.587797692 
-1.552696156 6.812401578 -0.510372297 
-1.553610722 6.809798287 -0.512432211 
-1.560634465 6.812644679 -0.466118799 
-1.584808348 6.810156176 -0.469137581 
-1.562947802 6.819635437 -0.372402102 
-1.558870147 6.819160826 0.212934879 
-1.556555804 6.827791105 0.128243334 
-1.603697301 6.809845945 0.463496983 
-1.612954761 6.809998367 0.397898711 
-1.551009635 6.795007524 0.555381998 
-1.631747933 6.835883367 0.349635843 
-1.568120034 6.781942102 0.685938520 
-1.609504703 6.840077781 0.073131137 
-1.538628129 6.821172928 0.400714923 
-1.581649400 6.814510635 0.366397541 
-1.536386339 6.824623894 0.358431274 
-1.536450249 6.823008376 0.396804175 
-1.602264478 6.746784259 -0.873305516 
-1.632347644 6.739237604 -0.878126196 
-1.562098570 6.821611906 0.136659566 
-1.566733439 6.819485326 0.053248725 
-1.528952876 6.817793117 -0.461173978 
-1.531114661 6.815129321 -0.485756454 
-1.633075030 6.818819128 -0.094876960 
-1.642285617 6.817154527 0.027892403 
-1.563998643 6.716273408 -1.032485276 
-1.711458761 6.668397321 -1.096168757 
-1.858463310 6.797028642 -0.141009548 
-1.687167544 6.811911498 -0.573984839 
-1.724285812 6.814977063 0.061251475 
-1.651617276 6.830714607 0.241753388 
-1.674527012 6.678103218 -1.119458930 
-1.474099464 6.737011030 -0.968179617 
-1.550748502 6.804472472 -0.590044217 
-1.544659618 6.804111035 -0.583999524 
-1.538249347 6.816515641 -0.492695197 
-1.559623300 6.817653495 -0.423640982 
-1.457806765 6.831625659 -0.167415233 
-1.694569962 6.707773207 -1.011354396 
-1.570115494 6.814589429 0.534465430 
-1.644628245 6.745647592 -0.843571327 
-1.608866885 6.820299456 0.108713555 
-1.612231324 6.820759240 0.036572415 
-1.518118015 6.799769490 0.682691702 
-1.558771005 6.821147079 0.366907258 
-1.606555936 6.819373018 0.189246686 
-1.572775066 6.819293688 0.039433320 
-1.526585651 6.834840175 0.392236348 
-1.482935814 6.831947261 -0.395223994 
-1.600225265 6.824641558 0.140783190 
-1.630000871 6.822300836 0.143107038 
-1.530688665 6.779985928 0.713360505 
-1.504451176 6.819326578 0.313186348 
-1.609837190 6.776497183 -0.730493089 
-1.600675053 6.765423306 -0.818606928 
-1.557601408 6.812009881 -0.496322024 
-1.576077490 6.795670671 -0.627550029 
-1.690991068 6.724881838 -0.946537948 
-1.695687158 6.720033256 -0.966808365 
-1.566825509 6.812878737 -0.461354635 
-1.611988475 6.812177738 -0.348364143 
-1.623727004 6.815905055 -0.148291933 
-1.576046304 6.753222401 -0.881453145 
-1.591504017 6.770238722 -0.804135316 
-1.597012337 6.743153436 -0.919172280 
-1.535399124 6.812394042 -0.500434234 
-1.522209048 6.818353370 -0.459465196 
-1.554456671 6.780727983 -0.765607129 
-1.548332138 6.803141563 -0.594245912 
-2.306545045 6.604038320 -0.869497304 
-2.189670971 6.632274313 -0.911447337 
-3.252133390 6.184934145 -0.476618271 
-1.575271872 6.699297998 -1.057993804 
-1.534720102 6.785304682 -0.752534116 
-1.524348405 6.797580209 -0.674734921 
-1.635321757 6.754377300 -0.838675877 
-1.604355414 6.799474970 -0.528044891 
-1.645741561 6.825230116 0.151559421 
-1.581839770 6.787855310 0.716203672 
-1.768969339 6.683077906 1.030114383 
-1.731385931 6.693007247 1.007709848 
-1.572705563 6.782052837 0.736764125 
-1.669993571 6.734060078 0.930940291 
-1.748022527 6.698056834 1.023631112 
-1.739676047 6.700200717 1.025287219 
-1.555668272 6.817132805 0.424481241 
-1.578157728 6.823272199 0.228755591 
-1.523165286 6.797664351 0.687115115 
-1.614723897 6.756944318 0.858190255 
-1.550730042 6.797680948 -0.647061946 
-1.580124561 6.784022708 -0.722401610 
-1.551151935 6.820287160 -0.409124630 
-1.569691299 6.817957517 -0.387216543 
-1.551783263 6.812950824 -0.512652184 
-1.563899711 6.804598360 -0.574063154 
-1.553389769 6.817530867 -0.424043240 
-1.542577709 6.813553774 -0.501730076 
-1.649017682 6.734173178 -0.946772348 
-1.553590648 6.801663265 -0.611488618 
-1.597105668 6.810086246 -0.434740448 
-1.581271872 6.796951439 -0.603193935 
-1.554962121 6.815833681 -0.449057415 
-1.547891562 6.807819459 -0.556568477 
-1.581910964 6.820135885 -0.295969423 
-1.566959391 6.809851970 -0.486887684 
-1.545844945 6.824111693 -0.336569702 
-1.549367639 6.801739812 -0.627229360 
-1.600453741 6.769414116 -0.791872818 
-1.623713120 6.817935044 -0.129472751 
-1.508217867 6.830604649 -0.339438764 
-1.583917958 6.803226475 -0.543850512 
-1.596584335 6.823066454 -0.206789789 
-1.550924531 6.818921721 -0.401513444 
-1.666781482 6.830211232 0.355923238 
-1.564857705 6.837458683 0.468592571 
-1.708860132 6.657430686 -1.147315973 
-1.413146724 6.815822615 0.213997096 
-1.560929612 6.802775983 0.548403252 
-1.556797245 6.804850803 0.535768963 
-1.558949434 6.823722452 0.318438274 
-1.570870876 6.822597725 0.310556622 
-1.497788004 6.815066428 0.574541809 
-1.540790664 6.792813214 0.616324596 
-1.630193581 6.728203239 0.945589597 
-1.637596368 6.813543559 -0.259253318 
-1.537942515 6.816972249 -0.445561659 
-1.538631520 6.805251833 -0.580809945 
-1.542947377 6.810687625 -0.553361418 
-1.481068858 6.808463557 -0.647279138 
-1.700119272 6.770500459 -0.836853496 
-1.713413240 6.776648281 -0.819537893 
-1.682016256 6.804978775 0.160429510 
-1.726619340 6.795657743 0.075097436 
-1.682352729 6.814408800 -0.050756887 
-1.628311573 6.813371796 -0.303614249 
-1.570399735 6.823403305 -0.301321221 
-1.492738503 6.817849088 -0.295177823 
-1.530315743 6.809036382 -0.575163210 
-1.542764320 6.810907225 -0.524313710 
-1.679374078 6.807690218 -0.175458320 
-1.592126298 6.821569066 -0.236263167 
-1.567090862 6.814765884 -0.439103887 
-1.585282892 6.804589242 -0.526723424 
-1.583707220 6.817432342 -0.356559745 
-1.583949076 6.819306732 -0.314000144 
-1.549962342 6.806271048 -0.554960853 
-1.547513080 6.814198580 -0.478543513 
-1.607661658 6.821512323 -0.034546163 
-1.646365416 6.814394654 -0.117005754 
-1.552334099 6.812571026 0.490579902 
-1.561178839 6.820236550 0.344967376 
-1.582271648 6.823634592 0.209344325 
-1.564038395 6.826530626 0.217858204 
-1.543679649 6.827742810 0.232000645 
-1.569819312 6.825961729 0.121063024 
-1.547558232 6.826072359 0.319614640 
-1.954013263 6.626858900 -1.079289090 
-1.562792300 6.824370975 0.245150887 
-1.599854000 6.821811628 0.119786740 
-1.591895602 6.822601466 0.185928567 
-1.576022253 6.820448904 -0.321798833 
-1.578241636 6.823625558 -0.027362138 
-1.542631992 6.829122900 -0.130393382 
-1.500802506 6.830986821 -0.125926043 
-1.611710079 6.811357846 0.147508542 
-1.560786856 6.820898704 -0.367155031 
-1.552518175 6.810698881 -0.522097882 
-1.620192421 6.818333500 -0.164897699 
-1.630143881 6.817563214 -0.102005298 
-1.600548690 6.818673492 -0.081416712 
-1.540635710 6.823216543 -0.378328037 
-1.606982016 6.817597320 -0.246858319 
-1.587188093 6.822407917 -0.214530554 
-2.146238608 6.641980701 -0.912003054 
-2.246685414 6.595072752 -0.941758832 
-1.629459029 6.688512595 -1.113762977 
-1.450649510 6.743276345 -0.950164519 
-1.520239183 6.788433952 -0.747767294 
-1.507658764 6.799352394 -0.671799866 
-1.560511285 6.802929656 -0.594478898 
-1.574612656 6.802862126 -0.571709083 
-1.569438183 6.826231840 -0.321173765 
-1.540201420 6.799098923 -0.592331734 
-1.541085874 6.817811045 -0.501639390 
-1.552471197 6.818554070 -0.440192016 
-1.560704216 6.812719645 0.468108989 
-1.569702641 6.812499828 0.449882850 
-1.518028738 6.797821066 0.694855271 
-1.521545618 6.813561312 0.551596930 
-1.632169559 6.815828549 0.151290157 
-1.507008152 6.816292087 0.446892734 
-1.536904494 6.755704713 0.876690949 
-1.534655798 6.808183793 0.475132184 
-1.697773264 6.706769503 1.027059945 
-1.462067746 6.818166062 0.534894759 
-1.543423594 6.820725640 0.251507388 
-1.556992473 6.782799712 0.718562241 
-1.610647458 6.790693977 -0.613618117 
-1.564167095 6.807704391 -0.535824070 
-1.614673412 6.752066905 -0.875143151 
-1.616622137 6.757794157 -0.844643096 
-1.604938526 6.777947373 -0.731376394 
-1.570571988 6.813910899 -0.441706881 
-1.582040178 6.810904160 -0.468264618 
-1.626257757 6.767572311 -0.768812388 
-1.612572941 6.762369103 -0.824445211 
-1.585233300 6.779330047 -0.746936080 
-1.614627713 6.755989823 -0.857205160 
-1.546586908 6.808520686 -0.553496685 
-1.762957065 6.695466910 -1.023783323 
-1.721638410 6.719571713 -0.948782875 
-1.572372465 6.788261221 -0.709241789 
-1.540528907 6.811322253 -0.539001528 
-2.301397263 6.608379248 -0.862623004 
-2.154229044 6.642611302 -0.917490471 
-1.804114601 6.628192176 -1.168802751 
-1.426621644 6.746484135 -0.896108043 
-1.671183807 6.724031544 -0.973675777 
-1.686842799 6.721609640 -0.969901846 
-1.536220401 6.815443767 -0.510575999 
-1.554830474 6.819059475 -0.422924602 
-1.536095773 6.815311682 0.504748166 
-1.539192862 6.813961781 0.515939263 
-1.673638257 6.734210538 0.928851734 
-1.594855847 6.774037412 0.780132772 
-1.584048187 6.807723923 0.494482999 
-1.553049464 6.814096998 0.475325313 
-1.827861238 6.679542426 1.027787683 
-1.553878667 6.800139942 0.625483480 
-1.560924041 6.801558874 0.595372470 
-1.565338826 6.802693809 0.578824388 
-1.549218501 6.801689672 0.618332033 
-1.561601088 6.799981503 0.623882526 
-1.606433344 6.805506945 -0.484779351 
-1.588275667 6.805173356 -0.527230905 
-1.584021102 6.784908675 -0.695284684 
-1.565031644 6.807021865 -0.533417107 
-1.615871529 6.817275073 -0.244065085 
-1.591329411 6.815903244 -0.376948013 
-1.600542053 6.777521797 -0.715204281 
-1.552057939 6.794523385 -0.643975786 
-1.560472303 6.802032049 -0.599078995 
-1.367253437 6.811748522 -0.636352826 
-1.562426136 6.802694515 -0.590304165 
-1.628656934 6.747611946 -0.859166932 
-1.548105086 6.796444102 -0.670415866 
-1.644648917 6.763410662 -0.782038666 
-1.607792181 6.751809617 -0.900752572 
-1.510293448 6.807126525 -0.632881770 
-1.637396449 6.827372091 -0.131411787 
-1.588043148 6.829233038 -0.093152703 
-1.503227719 6.794848775 -0.691559489 
-1.590776482 6.834310047 -0.058045663 
-1.600803531 6.804405928 -0.500382075 
-1.544744055 6.782230162 -0.772044462 
-1.546306212 6.806727120 -0.561149614 
-1.538809748 6.811305545 -0.541985933 
-2.311243226 6.602316008 0.868745506 
-2.186453767 6.634564780 0.905981832 
-3.314828015 6.149333420 0.461745821 
-1.636805419 6.679753998 1.098097484 
-1.558603942 6.808096186 0.501947444 
-1.559958852 6.797171116 0.620684212 
-1.561137384 6.786545780 0.713361311 
-1.595373797 6.768920439 0.795117867 
-1.524463077 6.821394143 0.415106362 
-1.521706445 6.817444844 0.485575751 
-1.603728114 6.792975692 0.602304604 
-1.621500335 6.757830840 0.831063681 
-1.543919245 6.810908241 -0.532740675 
-1.535793347 6.811957046 -0.540750618 
-1.623923302 6.817707229 -0.157215296 
-1.582673656 6.820923309 -0.283357972 
-1.637010767 6.816233660 -0.049848365 
-1.599524759 6.821921214 -0.119701011 
-1.533187453 6.833062623 -0.147345003 
-1.578222259 6.821327516 -0.290130724 
-1.563330753 6.820821580 -0.361732377 
-1.601981592 6.808178799 -0.463351204 
-1.588444080 6.824986532 0.050039601 
-1.609107095 6.821343336 0.033584479 
-1.498747039 6.804961441 -0.599876872 
-1.476643617 6.819484487 -0.444538375 
-1.493836400 6.784615465 -0.810638474 
-1.524374720 6.830878610 -0.297291093 
-1.565217060 6.824491304 -0.247517516 
-1.561757245 6.827571265 -0.161176685 
-1.560717677 6.819460174 -0.384891072 
-1.628357300 6.815289851 -0.194831086 
-1.567911757 6.781785826 -0.757160623 
-1.534483663 6.795463719 -0.683867905 
-1.597362685 6.818522868 -0.281908644 
-1.594554628 6.823316235 -0.110955022 
-1.534631673 6.813385996 0.522397192 
-1.561342577 6.824102041 0.283366549 
-1.611019885 6.820834933 0.099024939 
-1.561704169 6.810490751 0.508964044 
-1.515055494 6.802783117 0.537270875 
-1.600739421 6.840243789 0.184792656 
-1.542954538 6.821268898 -0.189666864 
-1.531318558 6.829526054 -0.253274127 
-1.591123109 6.818807783 0.265604832 
-1.602583056 6.818263890 0.210523341 
-1.550394134 6.826965400 0.285885957 
-1.537893187 6.824537174 0.371645182 
-1.554056805 6.769968660 -0.771814700 
-1.516888591 6.804633131 -0.597772354 
-1.557040568 6.819747115 0.325522147 
-1.543853110 6.824072880 -0.186433972 
-1.488328216 6.804520438 -0.535058194 
-1.498626986 6.757488481 -0.871575612 
-1.627861105 6.819491739 -0.329285611 
-1.643165890 6.806128945 -0.481569076 
-1.500125021 6.789910768 -0.719459136 
-1.538038110 6.821004859 -0.368600801 
-1.651643032 6.811973955 -0.104599660 
-1.560493951 6.831327595 -0.056974917 
-1.548577535 6.818145310 -0.427444645 
-1.571148011 6.825080983 -0.180694712 
-1.513362796 6.817292694 -0.525329626 
-1.465792971 6.769746285 -0.869112693 
-1.590487581 6.816932971 0.000208406 
-1.604279089 6.815083327 -0.014684314 
-1.638148657 6.754453271 -0.857310066 
-1.566226084 6.771762621 -0.817047036 
-1.718757127 6.702488687 -0.998438861 
-1.669107362 6.724761467 -0.941392800 
-1.556504265 6.825314957 0.075460316 
-1.573281679 6.815042298 0.343218920 
-1.579137030 6.826849464 0.165687308 
-1.602318146 6.821337435 0.100199585 
-1.521573928 6.820539620 0.450452206 
-1.523840776 6.799321064 0.675164232 
-1.591959845 6.798953218 0.557949046 
-1.499354787 6.804504039 0.603843964 
-1.524570416 6.839333298 0.319141088 
-1.506424153 6.830380083 0.548429119 
-1.600794682 6.822605813 0.072457024 
-1.574261420 6.827613798 0.060757199 
-1.556809534 6.807231082 0.548498483 
-1.563201214 6.818531654 0.397741919 
-1.591985102 6.800301784 -0.548873086 
-1.549520667 6.780146929 -0.775404550 
-1.609228121 6.820505951 -0.070515377 
-1.608170437 6.819963966 -0.155150608 
-1.624390580 6.752616826 -0.875686365 
-1.614116070 6.755016514 -0.866289986 
-1.551281535 6.799051191 -0.640009193 
-1.576319851 6.816820813 -0.380375331 
-1.683843458 6.710942467 -1.007438993 
-1.578939156 6.824580899 -0.437207319 
-1.678796670 6.814315241 -0.038810720 
-1.499143065 6.779227908 -0.797173654 
-1.529557321 6.804369450 -0.590512421 
-1.569588032 6.807235125 -0.488723267 
-1.595300062 6.770681795 -0.802559463 
-1.550357717 6.795762698 -0.671307098 
-1.781895106 6.649906379 -1.089603300 
-1.599177485 6.704452286 -1.016961096 
-1.482776536 6.842535788 -0.336535846 
-1.597676437 6.834725530 -0.134616535 
-1.544326170 6.798600394 -0.646937525 
-1.556036479 6.798820706 -0.622697437 
-1.556627625 6.786611133 -0.728020683 
-1.567638140 6.803824186 -0.562780582 
-1.555311000 6.825971929 0.307388202 
-1.549005224 6.794260868 0.655640674 
-1.681327510 6.721928725 0.995712720 
-1.654219653 6.752629127 0.856991938 
-1.546944339 6.812903340 0.497318715 
-1.587956645 6.814514303 0.377071590 
-1.771195200 6.691475087 1.035173483 
-1.700441418 6.712302633 1.008954724 
-1.609110720 6.816642516 0.268399989 
-1.573044877 6.822269779 0.284147043 
-1.568930406 6.781816221 0.749071550 
-1.636562467 6.752874247 0.868610649 
-1.575854648 6.822646522 -0.262150484 
-1.520214892 6.828396602 -0.337538850 
-1.647048794 6.811811727 -0.232235956 
-1.628357036 6.817041463 0.124261058 
-1.579693291 6.820947842 -0.282555715 
-1.627445611 6.818117214 -0.051543707 
-1.641622934 6.814675846 -0.148937785 
-1.579043978 6.818641442 -0.346963805 
-1.529511844 6.823384957 -0.403134510 
-1.582371961 6.802146771 -0.566919166 
-1.639897998 6.816135241 -0.043394824 
-1.595988815 6.820402810 -0.240684019 
-1.602107011 6.761977993 -0.835887687 
-1.552836269 6.806401958 -0.555481359 
-1.556428188 6.823610592 -0.324353634 
-1.594661297 6.817440548 -0.314069220 
-1.514060391 6.812787371 -0.551531568 
-1.562059643 6.777983490 -0.776126155 
-1.623815494 6.818668231 -0.056306830 
-1.623464754 6.818509783 -0.097674043 
-1.595806488 6.824128303 -0.000740824 
-1.647025794 6.821591610 -0.132919535 
-1.525721354 6.815589961 -0.362109063 
-1.577142258 6.823529950 -0.177277922 
-1.570769515 6.770541988 0.808244161 
-1.644837929 6.751859060 0.857510615 
-1.605794632 6.822071646 -0.061713451 
-1.615523392 6.820045672 -0.052494585 
-1.567625486 6.817627249 0.382905852 
-1.511132410 6.821813894 0.464064320 
-1.618974794 6.819982824 -0.080046791 
-1.613289288 6.821044807 0.061371185 
-1.513047508 6.823862379 0.268387500 
-1.591165948 6.755706872 0.890194781 
-1.576775928 6.811744243 -0.281655238 
-1.567955328 6.823847864 0.108208337 
-1.497860024 6.806172365 -0.589724272 
-1.501290805 6.827109466 -0.353052827 
-1.506325971 6.787803357 -0.775297925 
-1.591396040 6.820289277 -0.200024808 
-1.581338405 6.809089751 -0.421009706 
-1.587367879 6.821083652 -0.103739317 
-1.544507383 6.827786817 -0.022473507 
-1.563997154 6.825733322 0.075005266 
-1.778961716 6.681151999 -1.053658197 
-2.057135282 6.585942136 -1.075867302 
-1.634219739 6.806408188 -0.275839315 
-1.619316329 6.812945226 -0.048639668 
-1.576765944 6.794851399 -0.625334314 
-1.579975053 6.779828943 -0.741472808 
-1.645666947 6.813975034 -0.157435128 
-1.629308161 6.817835096 -0.069935902 
-1.585062617 6.790987812 -0.644332528 
-1.564204667 6.802848648 -0.577190644 
-1.572656397 6.813547032 -0.442760147 
-1.552714565 6.808412547 -0.544954858 
-1.611174981 6.756567979 -0.849900077 
-1.577299457 6.776064125 -0.757378423 
-1.564017879 6.818691104 -0.393802475 
-1.602095246 6.812684966 -0.386633691 
-1.549300584 6.807289814 0.555571495 
-1.596515238 6.805437390 0.487938369 
-1.563749038 6.808571486 0.526316227 
-1.572312666 6.811397282 0.477738667 
-1.562081736 6.808857911 0.516337913 
-1.559101544 6.806357048 0.539265325 
-1.526081022 6.793128438 0.726429985 
-1.521635096 6.812808629 0.559219861 
-1.543365959 6.805910139 0.584983722 
-1.583449801 6.814306240 0.397441162 
-1.572577311 6.803026680 0.572086836 
-1.579482696 6.820091963 0.322154246 
-1.540176961 6.794925096 -0.704644087 
-1.536740956 6.804153729 -0.622538835 
-1.569114473 6.819123056 -0.362572821 
-1.560617507 6.822166253 -0.330423388 
-1.531500998 6.810813967 -0.563409689 
-1.510334175 6.813054537 -0.577767636 
-1.601675526 6.817685973 -0.282739649 
-1.609399864 6.819764523 -0.180045744 
-1.548778024 6.812991651 -0.510954407 
-1.584194282 6.757421272 -0.884944552 
-1.655699345 6.811379161 -0.185341483 
-1.606842592 6.819276406 -0.222267590 
-1.558345078 6.799354892 -0.618644817 
-1.571880164 6.786788810 -0.704410137 
-1.597265309 6.821898106 -0.159051403 
-1.574069384 6.824277736 -0.228758743 
-1.575413937 6.802273760 -0.568948562 
-1.572839415 6.803768693 -0.554392865 
-1.588836146 6.819210866 -0.283453929 
-1.562292249 6.820437032 -0.353975299 
-1.537583534 6.812407616 -0.527133109 
-1.542544403 6.819483701 -0.435571626 
-1.576803674 6.822137013 -0.269854575 
-1.577099049 6.817658549 -0.365697521 
-1.555754033 6.828709738 0.150184012 
-1.592056252 6.823844050 0.078172470 
-1.585445468 6.818788825 0.322675610 
-1.577337339 6.809842142 0.487204481 
-1.548261553 6.827358190 0.243255506 
-1.534666427 6.827221135 0.302054072 
-1.587085092 6.816927777 0.358895373 
-1.569462931 6.819429785 0.362422912 
-1.574473956 6.825528883 0.154333984 
-1.579481666 6.824998617 0.152580903 
-1.576626982 6.805705087 0.537200405 
-1.549883004 6.795343453 0.674143746 
-1.563422010 6.817183100 -0.430450797 
-1.584824974 6.815079456 -0.391978767 
-1.642314679 6.815208179 -0.072275845 
-1.609197028 6.820162091 -0.140156062 
-1.574179375 6.813506478 -0.444290478 
-1.571510841 6.823122321 -0.245704251 
-1.623103418 6.818439913 -0.103194877 
-1.635152271 6.816936320 0.028661701 
-1.547886581 6.810400040 -0.535384690 
-1.555628900 6.814245398 -0.472594064 
-1.592924180 6.816796712 -0.324595927 
-1.650560330 6.814818870 -0.019537094 
-1.558158632 6.815049270 -0.446762802 
-1.575211012 6.817401962 -0.363379327 
-1.590130035 6.822463797 -0.207314614 
-1.617588900 6.820577948 -0.000128180 
-1.527023454 6.815317555 -0.503672876 
-1.542040739 6.815943188 -0.476511575 
-1.608690648 6.821241563 0.031378972 
-1.600909949 6.819204579 -0.241060231 
-1.548260650 6.814523495 -0.471201775 
-1.527107558 6.817215410 -0.500329163 
-1.637660680 6.816310947 -0.051404740 
-1.600508218 6.822031677 -0.145213262 
-1.590296176 6.822343785 0.165623269 
-1.601003020 6.821439817 0.113541625 
-1.607522445 6.818562542 0.231020786 
-1.582875326 6.821536414 0.271092282 
-1.595384602 6.822190206 0.153045340 
-1.615160303 6.818982669 0.144611244 
-1.608602476 6.818737254 0.213783749 
-1.625770046 6.817874075 0.133619876 
-1.566978114 6.824738331 0.238545792 
-1.627123086 6.817057106 0.075468733 
-1.621072643 6.818908490 0.071026385 
-1.590355712 6.824645863 0.081958912 
-1.551943894 6.808817456 -0.553727060 
-1.541623810 6.824947530 -0.343440491 
-1.560943912 6.813915607 -0.464124048 
-1.574272107 6.818136455 -0.365400941 
-1.551323991 6.813012788 -0.509404599 
-1.570704000 6.812401599 -0.473746653 
-1.591857438 6.821981901 -0.227118493 
-1.619006526 6.819047849 -0.042539653 
-1.784032299 6.726932420 -0.906445037 
-1.565589036 6.791846249 -0.691554809 
-1.587438494 6.824384853 -0.100186681 
-1.594088972 6.823577772 -0.035510501 
-1.568339288 6.808699395 -0.496059196 
-1.541678086 6.813278219 -0.507842482 
-1.534980368 6.812627078 -0.538683093 
-1.559273760 6.798014900 -0.634662715 
-1.560708472 6.784452970 -0.735849091 
-1.556419095 6.806922247 -0.547100298 
-1.548936831 6.810675869 -0.529878713 
-1.540997969 6.800149965 -0.645144129 
-1.574406879 6.789336478 -0.675464500 
-1.622327795 6.759644097 -0.817520408 
-1.551908938 6.810358519 -0.522274877 
-1.562742837 6.822596811 -0.318008462 
-2.284375309 6.609739830 0.878476584 
-2.148537295 6.639651757 0.934464288 
-2.276286423 6.538412864 0.996883559 
-1.528886558 6.830435837 0.073398203 
-1.508308046 6.824519409 0.422640813 
-1.603867466 6.777707755 0.736967266 
-1.651293132 6.733094692 0.957581403 
-1.782966398 6.689617639 1.029668778 
-1.563452488 6.776732712 0.791812489 
-1.545905875 6.814814761 0.471885601 
-1.517939061 6.800633011 0.679396922 
-1.545875963 6.782127716 0.782233440 
-1.542995234 6.824186483 -0.344574145 
-1.547884642 6.803091527 -0.595973438 
-1.660368557 6.812686555 -0.001468164 
-1.635067734 6.816149031 0.161902106 
-1.520488900 6.814100057 -0.536603020 
-1.566126502 6.810164680 -0.497102796 
-1.649210033 6.814456701 0.023973649 
-1.708546259 6.804379836 0.020230764 
-1.529084637 6.797025334 -0.649295255 
-1.511753375 6.820054811 -0.492039140 
-1.620545850 6.817073932 0.086104307 
-1.623303208 6.819232141 0.108148602 
-1.729928342 6.736471858 -0.859755823 
-1.543828732 6.771653713 -0.795752735 
-1.519684410 6.775496732 -0.780619630 
-1.599514643 6.808973331 -0.310561200 
-1.575775675 6.799560591 -0.588328507 
-1.605074701 6.821056395 -0.117196307 
-1.562223719 6.823051717 -0.332278970 
-1.554130998 6.828979750 -0.204302121 
-1.508093631 6.792631530 -0.712563693 
-1.480741391 6.818963165 -0.564738144 
-1.502299574 6.822157871 -0.003704709 
-1.717000241 6.711541467 -0.973338714 
-1.496930064 6.810101914 0.582011320 
-1.502203149 6.785274420 0.777771196 
-1.557294837 6.778773234 0.787078907 
-1.684832360 6.729062720 0.935142652 
-2.018218091 6.665646253 0.971546578 
-2.291281453 6.585955091 0.913014398 
-1.775915759 6.653576499 1.133016496 
-1.460540266 6.734727725 0.982508642 
-1.521161370 6.801900374 0.601838511 
-1.664862743 6.815116213 0.039502775 
-1.571935395 6.785193946 0.722117762 
-1.558940934 6.806227917 0.580023960 
-1.582730572 6.822015401 -0.251340093 
-1.584099220 6.794466958 -0.627292660 
-1.626967916 6.817674472 0.046073507 
-1.618496464 6.819465413 -0.080767129 
-1.524350487 6.813996456 -0.515590361 
-1.577208157 6.797414353 -0.603964903 
-1.632698054 6.816075567 -0.163313520 
-1.627899325 6.818085281 -0.054352069 
-1.596525731 6.823155167 -0.129907632 
-1.608754592 6.819583108 -0.149242917 
-1.639428966 6.813758495 -0.215509005 
-1.666568650 6.811311261 -0.043369635 
-1.547537539 6.822679747 -0.358546646 
-1.522123526 6.810973390 -0.563180062 
-1.603416042 6.824122581 0.010596737 
-1.752215416 6.668142770 1.090844597 
-1.545714919 6.807234122 -0.571257405 
-1.553730700 6.817238800 -0.436703095 
-1.575698307 6.827227260 0.078494431 
-1.619547796 6.820194454 -0.037453392 
-1.547068579 6.820911369 -0.399367260 
-1.553598448 6.824374098 -0.303605058 
-1.605443845 6.822054437 -0.054871131 
-1.608628739 6.821869279 -0.008658776 
-1.630958858 6.817066695 0.070680933 
-1.587212887 6.819068629 0.299009711 
-1.563983869 6.814866859 0.444330162 
-1.568511776 6.805547593 0.547767985 
-1.509927104 6.810695446 0.594375352 
-1.587039212 6.816672494 0.337225668 
-1.621069930 6.818996833 0.133941126 
-1.622195166 6.817949899 0.152864301 
-1.558150794 6.827509373 0.181525155 
-1.580043117 6.821807107 0.270551278 
-1.556512297 6.800558849 0.629479903 
-1.573613426 6.805272793 0.559362308 
-1.544599963 6.811703512 -0.534429504 
-1.565185631 6.806082957 -0.553291672 
-1.625284168 6.746321126 -0.912905489 
-1.594906210 6.760755435 -0.857331335 
-1.511603443 6.829081580 -0.189409841 
-1.507974461 6.815097871 -0.439548867 
-1.526135847 6.810391766 -0.580637387 
-1.585855496 6.784091224 -0.727904920 
-1.583297647 6.810198389 -0.478598008 
-1.557840606 6.823546671 -0.314836277 
-1.592222744 6.767966876 -0.809586146 
-1.618186395 6.752874304 -0.880337842 
-1.533391102 6.805898065 -0.561101685 
-1.566110477 6.823193860 -0.160588545 
-1.555927087 6.824461174 -0.311435459 
-1.577184453 6.823022830 -0.268776620 
-1.670678935 6.828676734 -0.387800597 
-1.572506576 6.840183688 -0.415120007 
-1.654370983 6.671943014 1.131586107 
-1.453937534 6.744633965 0.916317052 
-1.604433850 6.770060673 -0.825642993 
-1.496217319 6.808934328 -0.636867347 
-1.665263451 6.746423209 0.864826388 
-1.497413009 6.800524367 -0.601334024 
-1.537055489 6.803565903 0.619586610 
-1.535652111 6.811965252 0.535495647 
-1.594989521 6.819314131 0.275302036 
-1.637600383 6.815913527 0.118080312 
-1.558649728 6.815884627 0.442036896 
-1.563836030 6.815336437 0.442311557 
-1.569167961 6.793562961 0.660294988 
-1.576495159 6.785063350 0.715617112 
-1.559347550 6.788370422 0.689621386 
-1.450332524 6.842244547 0.260852841 
-1.521856442 6.800346646 0.567119022 
-1.534171572 6.808179892 0.557745609 
-1.603602897 6.810072201 -0.303381560 
-1.654765316 6.801944315 -0.233037931 
-1.537643392 6.836050757 -0.531209552 
-1.642102112 6.724581622 -0.983506336 
-1.589642620 6.769900215 -0.823105981 
-1.572064129 6.805489520 -0.571736171 
-1.527797446 6.801157285 -0.640432702 
-1.609424719 6.817577690 -0.175184366 
-1.496862143 6.775537302 -0.741122647 
-1.546773825 6.802062732 -0.631465727 
-1.548384882 6.814520907 -0.527187141 
-1.558467000 6.802527089 -0.670577328 
-1.539446228 6.810038800 -0.539032487 
-1.541354817 6.800094987 -0.625295785 
-1.606122942 6.821860834 -0.079729302 
-1.611140938 6.820089411 -0.142500965 
-1.503677740 6.825177121 -0.420097768 
-1.505443549 6.820395656 -0.432941958 
-1.481973760 6.832040623 -0.383669508 
-1.524888840 6.835110902 -0.124786653 
-1.559884597 6.813931297 -0.442179458 
-1.577433498 6.821678999 -0.282851519 
-1.568865884 6.819254521 -0.367338125 
-1.592708043 6.818984205 -0.293191823 
-1.545000732 6.807760823 0.565428621 
-1.564799246 6.821610064 0.333422072 
-1.625936240 6.819004595 0.094403392 
-1.586896130 6.823237093 0.207125003 
-1.559123758 6.815269724 0.437684967 
-1.551668983 6.825437621 0.291064928 
-1.592593112 6.823455354 0.118941295 
-1.560433674 6.816263890 0.430828170 
-1.634241108 6.834774070 0.071547242 
-1.594097839 6.829859073 -0.011213490 
-1.503784273 6.775742457 0.793164175 
-1.518233477 6.823123724 0.363439107 
-1.966357418 6.645249075 -1.041719603 
-1.491832479 6.796269603 -0.719030121 
-1.625711072 6.826373962 -0.097793377 
-1.572738400 6.799392243 -0.559362172 
-1.563845866 6.816256866 -0.362136662 
-1.607503833 6.819791948 -0.032612701 
-1.590158500 6.823500977 0.228887639 
-1.568403975 6.814153164 0.134474542 
-1.525698186 6.759242189 -0.844220416 
-1.584177714 6.755675258 -0.861782983 
-1.617233517 6.792320841 -0.639013037 
-1.587722132 6.806664203 -0.534291741 
-1.532372901 6.822437318 -0.227125496 
-1.481818106 6.831663852 -0.174567132 
-1.576075974 6.825739915 -0.085643140 
-1.548665582 6.832156383 -0.171989140 
-1.585084471 6.825222524 -0.033509115 
-1.586854315 6.824888243 0.000809267 
-1.620441447 6.819574804 -0.017805854 
-1.647580980 6.814420197 -0.042335115 
-1.480846727 6.825590797 -0.472899312 
-1.548524532 6.822647280 -0.361684187 
-1.568461921 6.825822089 -0.213629002 
-1.643482996 6.815180033 0.003597571 
-1.527557418 6.823536461 0.392075153 
-1.555764489 6.813615605 0.478519886 
-1.601968249 6.819867834 0.229390848 
-1.562387684 6.808326455 0.530984138 
-1.565717012 6.805050984 0.409235957 
-1.547597293 6.819990887 0.144444134 
-1.574783372 6.815723568 0.257959154 
-1.639618456 6.812187839 -0.088478231 
-1.546390033 6.821494719 0.376625447 
-1.577216894 6.815784187 0.387121116 
-1.583979919 6.812674795 0.447726689 
-1.552347023 6.819650120 0.420365663 
-1.541874298 6.808389636 -0.593922928 
-1.582380731 6.807757453 -0.413040012 
-1.566210715 6.819827593 -0.311117200 
-1.604197133 6.816383699 -0.246853659 
-1.717245635 6.692135758 -1.050177354 
-1.399960022 6.833665893 0.205495419 
-1.585244331 6.831772105 -0.432303067 
-1.673013477 6.823840163 -0.329711340 
-1.577238957 6.811492006 -0.375271418 
-1.506908762 6.807558858 -0.565158961 
-1.530498468 6.816019007 -0.497383358 
-1.562461385 6.811754821 -0.478027498 
-1.563963994 6.794735534 -0.648491039 
-1.597978056 6.755697672 -0.876603285 
-1.591088189 6.819887854 -0.274876435 
-1.626327764 6.818015954 -0.097663866 
-1.562909172 6.807085950 -0.530766145 
-1.527159153 6.816271738 -0.510752388 
-1.554366473 6.810153841 -0.522629976 
-1.553361062 6.814535995 -0.475311718 
-1.630371421 6.746649987 -0.875710253 
-1.603366471 6.822430081 0.014868803 
-1.459133111 6.811773522 -0.467955819 
-1.551450860 6.767429660 -0.778375695 
-1.608202877 6.820374579 0.092696612 
-1.617689701 6.807893077 0.410951704 
-1.565465535 6.781331839 0.755796025 
-1.612390500 6.777492921 0.730610683 
-1.596510050 6.821612886 0.149897528 
-1.571388407 6.825659938 0.131874719 
-1.597148322 6.762194574 0.850322161 
-2.438513596 6.504497756 0.932553780 
-1.633723503 6.817122654 0.008608531 
-1.548979515 6.825161531 0.311351551 
-1.579702151 6.797531098 0.610346375 
-1.584752935 6.781815065 0.730009792 
-1.572706831 6.808378000 -0.507659478 
-1.537737264 6.811374669 -0.544866565 
-1.632691484 6.815879611 -0.176706609 
-1.632323327 6.815924151 -0.179916951 
-1.536817041 6.812311954 -0.527520845 
-1.541411043 6.829228689 -0.269137561 
-1.658172172 6.812061204 -0.106650051 
-1.657590712 6.813566266 -0.091508626 
-1.567759632 6.780242868 -0.760827058 
-1.535464063 6.813215037 -0.521415194 
-1.557046101 6.816223830 -0.452303808 
-1.623664361 6.814658712 -0.273686575 
-1.605647029 6.806788970 -0.469273877 
-1.573089836 6.804845221 -0.544932352 
-1.582713390 6.824235455 -0.183846110 
-1.512098871 6.791411359 -0.764700009 
-1.618714719 6.774434427 -0.732510785 
-1.671788789 6.733201305 -0.926720476 
-1.610989683 6.820486651 -0.129712462 
-1.574132834 6.823996474 -0.240560122 
-1.555221104 6.811453428 -0.498950882 
-1.551725494 6.809969114 -0.532471678 
-1.559092983 6.802836989 -0.583485118 
-1.609164093 6.819191740 -0.175475773 
-1.570542750 6.824450612 0.279107508 
-2.139581170 6.578938526 1.049207522 
-2.161355163 6.582748434 1.036727356 
-2.182051949 6.573769604 1.046873919 
-1.543911864 6.805382229 0.586508360 
-1.556162901 6.790080761 0.700168537 
-1.720169626 6.713401080 0.979671555 
-1.655434304 6.734413202 0.942888542 
-1.627333285 6.744437760 0.909526850 
-1.600204565 6.752520943 0.898538588 
-1.604627815 6.753492865 0.895208146 
-1.655890520 6.737060751 0.924929109 
-1.540432585 6.794175482 -0.689839625 
-1.515268276 6.815396269 -0.531734819 
-1.679799530 6.805188193 -0.236356927 
-1.630476078 6.814560881 -0.235879505 
-1.486771664 6.815701090 -0.577599087 
-1.589989697 6.822994953 -0.167300214 
-1.660439957 6.810596683 -0.167710745 
-1.618320515 6.810724528 -0.380113259 
-1.565360292 6.823632612 -0.288884677 
-1.498049621 6.822412928 -0.491983381 
-1.535842698 6.826815641 0.109024449 
-1.579531182 6.822602335 0.195556750 
-1.824498861 6.673706230 -1.048488086 
-1.888531472 6.653457409 -1.065767387 
-1.552686222 6.812706748 -0.495779186 
-1.569270781 6.786711294 -0.711168864 
-1.908648354 6.647695861 -1.064497871 
-1.875274328 6.654352312 -1.064893823 
-1.682220275 6.717109277 -1.010039393 
-1.580033557 6.816842367 -0.077945188 
-1.669678826 6.737794304 -0.901439464 
-1.694520243 6.717114997 -0.982292491 
-1.577984357 6.789851933 -0.673842419 
-1.613748738 6.819832243 -0.136552656 
-1.594106292 6.823326889 0.100238764 
-1.583374526 6.824794583 0.108280565 
-1.635914154 6.737975033 0.939986874 
-1.547474797 6.781059706 0.780130801 
-1.569330975 6.820891654 0.329429962 
-1.607109973 6.819779445 0.160024478 
-1.583376658 6.759197670 0.880979449 
-1.711214310 6.712514664 0.991577174 
-1.617821988 6.819479095 0.028083253 
-1.606832399 6.819762406 0.177148728 
-1.582664075 6.770174878 0.815580180 
-1.709123574 6.716020477 0.980706168 
-1.638683098 6.814607963 -0.195270462 
-1.648039277 6.814145191 -0.144824523 
-1.657360953 6.812164661 -0.035978517 
-1.568953176 6.790251366 -0.670681421 
-1.596791166 6.803290281 -0.523275265 
-1.588330241 6.812439546 -0.427833616 
-1.581265473 6.826135905 -0.036491507 
-1.554786701 6.819389547 -0.411033280 
-1.574235090 6.814346180 -0.403922004 
-1.616421207 6.717466905 -0.990466603 
-1.566722745 6.805980348 -0.549743017 
-1.540910254 6.820889057 -0.415137430 
-1.522990499 6.805296004 -0.619924944 
-2.645419800 6.427066527 -0.817211060 
-1.560916688 6.813279107 -0.479216266 
-1.743239899 6.701109827 -1.021355683 
-1.535465959 6.798067943 -0.665623891 
-1.631822475 6.740226620 -0.925517749 
-1.585218068 6.823383071 -0.203524748 
-1.607241902 6.817067582 -0.273714806 
-1.521886222 6.811448733 -0.563786539 
-1.561129662 6.817850605 -0.402278612 
-1.560512933 6.813350730 -0.465006062 
-1.567777845 6.811242928 -0.480967117 
-1.582370750 6.824059343 0.178667863 
-1.574551615 6.822080990 0.287210024 
-1.665789822 6.732199915 0.945359351 
-1.626803968 6.742045646 0.930953715 
-1.562896851 6.826591310 0.207116498 
-1.534211776 6.828360160 0.288826605 
-1.620765752 6.754385002 0.869644907 
-1.581435818 6.787359955 0.697422677 
-1.593034904 6.820353647 -0.004375437 
-2.730059694 6.393345037 0.795570930 
-1.592952789 6.740482367 0.889007377 
-1.653725006 6.711155435 0.993877949 
-1.645996203 6.812670011 -0.184263103 
-1.550577767 6.780832626 -0.784152233 
-1.655449043 6.813143345 -0.069597082 
-1.591523396 6.822366218 -0.188304734 
-1.578844866 6.797107369 -0.613819544 
-1.575270360 6.772657324 -0.807630729 
-1.647370580 6.814586656 -0.035143395 
-1.661027761 6.811764610 -0.102551643 
-1.626710741 6.749175037 -0.893103574 
-1.583961091 6.798413938 -0.587657954 
-1.588160473 6.820655653 -0.259747775 
-1.619738433 6.817103983 -0.203138227 
-1.521324169 6.802437823 -0.533180200 
-1.530830801 6.793660000 -0.608899423 
-1.604295128 6.813519823 -0.079680868 
-1.645123006 6.811432704 0.098084085 
-1.543196486 6.812735436 -0.504305906 
-1.578862395 6.823643742 -0.206356482 
-1.590504925 6.821545188 -0.232177012 
-1.544670956 6.819883439 -0.419338593 
-1.577348489 6.785190413 -0.705414604 
-1.573940030 6.804949325 -0.547346932 
-1.615576082 6.820715358 -0.007847464 
-1.616535186 6.820249029 -0.111737413 
-1.566310721 6.827498354 0.105995531 
-1.552757718 6.826911669 0.232459138 
-1.598464494 6.822765459 -0.069571038 
-1.599055954 6.822778035 -0.076511849 
-1.515375539 6.818621338 0.367994016 
-1.521813520 6.827714228 0.060140729 
-1.549803020 6.830391303 -0.014040181 
-1.522324640 6.834713321 0.239222595 
-1.585568442 6.824677810 0.113950574 
-1.602464762 6.821940496 0.010289843 
-1.631090348 6.817539016 0.040035294 
-1.619532214 6.819328255 0.068980271 
-2.183244453 6.606169556 -0.976010975 
-1.669648881 6.737093070 -0.932832603 
-1.587708382 6.807267019 0.091867405 
-1.565135099 6.810102649 0.313387789 
-1.612041043 6.747132356 -0.899844366 
-1.524670336 6.801359074 -0.635738871 
-1.620254666 6.819337518 -0.189656101 
-1.569954960 6.804656504 -0.493336720 
-1.518836454 6.822670147 -0.440710480 
-1.553118231 6.811069595 -0.516299786 
-1.535837572 6.824527499 -0.296129702 
-1.591425579 6.818230735 -0.055102342 
-1.562960445 6.818720109 -0.380542672 
-1.560943173 6.813576703 -0.457474603 
-1.568545710 6.813795409 -0.443516277 
-1.552432036 6.818637431 -0.415137690 
-1.543199286 6.819182192 -0.427466746 
-1.612487335 6.817112171 -0.266254761 
-1.616792899 6.820388612 -0.104420770 
-1.619776293 6.819988808 0.003871305 
-1.596790974 6.829648030 -0.008425289 
-1.608237737 6.846145582 -0.248180221 
-1.558653597 6.828231035 -0.070053060 
-1.533009044 6.835804630 -0.188634863 
-1.541270232 6.812899484 0.482395416 
-1.518829351 6.826311609 0.280283312 
-1.470787468 6.829755949 0.442723901 
-1.533551419 6.832803249 0.265318786 
-1.558722512 6.784011878 0.745568960 
-1.551521171 6.802980769 0.592595234 
-1.614300197 6.819883847 0.148532565 
-1.583903196 6.824885833 0.146141780 
-1.533799182 6.818520840 0.444005037 
-1.551781737 6.817885693 0.416800420 
-1.565944950 6.818267468 0.381454323 
-1.596256777 6.821906081 0.144342562 
-1.749952159 6.706676603 -1.008858600 
-1.599270985 6.734830326 -0.923668538 
-1.709806586 6.706150361 -1.031018380 
-1.608581446 6.818837276 -0.155586290 
-1.566857459 6.830695783 -0.144569733 
-1.537736178 6.826309102 -0.371070118 
-1.590738627 6.837721381 -0.291363252 
-1.560899307 6.816981882 -0.365285134 
-1.626608640 6.817668208 -0.162055628 
-1.575550684 6.816044113 -0.417731365 
-1.589446096 6.816046988 -0.218362482 
-1.454858641 6.829079290 -0.199590955 
-1.527987944 6.807977945 -0.575793199 
-1.565832978 6.802181291 -0.567565595 
-1.622780332 6.817720351 -0.134759916 
-1.597957624 6.811144156 -0.416397421 
-1.591049212 6.824101476 -0.070827434 
-1.550673666 6.824248605 -0.305458500 
-1.561906646 6.813688001 -0.474362026 
-1.552539991 6.808801735 -0.547677896 
-1.552105996 6.792139159 -0.680915815 
-1.510470372 6.798151697 -0.693244083 
-1.606925684 6.818078199 -0.242696363 
-1.586743616 6.816590534 -0.350809422 
-1.534533995 6.826599471 0.319104541 
-1.521502477 6.825098671 0.383423139 
-1.572639806 6.815684725 0.405459190 
-1.547509657 6.818051097 0.432305650 
-1.519583323 6.787865893 0.732999887 
-1.584984176 6.815468544 0.217919919 
-2.660897242 6.430000233 0.819134407 
-2.443386891 6.500535202 0.919132364 
-1.589247569 6.822850624 0.162801902 
-1.549155873 6.829420826 0.177863667 
-1.563025959 6.811207199 0.500325445 
-1.540883296 6.814755237 0.495303368 
-1.523447455 6.807120795 -0.599622610 
-1.566331101 6.774134028 -0.810253136 
-1.614052821 6.814725061 -0.306076238 
-1.590904357 6.817622027 -0.325638760 
-1.560969423 6.789135410 -0.692279891 
-1.599731793 6.751200247 -0.904545394 
-1.616755025 6.816807900 -0.236312162 
-1.614392170 6.814458529 -0.317602082 
-1.562943941 6.776674438 -0.791104083 
-1.548369221 6.788128443 -0.723538197 
-1.585517379 6.821178034 -0.250319710 
-1.578843226 6.819531122 -0.334673843 
-1.600817779 6.821744637 -0.106468195 
-1.532961865 6.812844635 -0.528151208 
-1.538193049 6.816115796 -0.485221997 
-1.585047929 6.822949848 -0.207697522 
-1.625004546 6.817585174 -0.121717053 
-1.603664771 6.821094027 -0.134203842 
-1.599362362 6.822236849 -0.117149381 
-1.622825591 6.816419928 -0.204206534 
-1.604113770 6.820575644 -0.349795877 
-1.568515946 6.788936341 -0.689952423 
-2.024047113 6.614081891 -1.056761250 
-1.595738356 6.827212008 -0.062510279 
-1.555404929 6.829078371 0.507933590 
-1.583270301 6.819475014 0.241662390 
-1.816717621 6.632049465 1.129770963 
-1.496067713 6.787379370 -0.645346159 
-1.563624103 6.812068009 0.436173223 
-1.562114053 6.818792910 0.332496107 
-1.581367734 6.826575007 -0.022035119 
-1.595399162 6.823778708 0.069444388 
-1.572470286 6.819615529 0.130003804 
-1.566859850 6.809056392 0.439245229 
-1.556415275 6.823284483 0.350457534 
-1.562840578 6.818460494 0.408743910 
-1.659258493 6.720373357 -0.992694294 
-1.639993838 6.726778616 -0.968467156 
-1.598044338 6.817657914 -0.191331279 
-1.607529336 6.817751731 -0.159821077 
-1.654777861 6.820205307 -0.050118980 
-1.685916606 6.717423253 -1.004599676 
-1.482967485 6.779008045 -0.839037563 
-1.542103896 6.821251251 -0.394507026 
-1.574716269 6.811193223 -0.457388438 
-1.590504361 6.748509209 -0.857966675 
-2.941004741 6.306036808 -0.709591880 
-2.947922854 6.310165281 -0.706713640 
-1.544063520 6.823156473 -0.310056203 
-1.564154201 6.817695617 -0.347015666 
-1.591734315 6.824638323 -0.050727538 
-1.576844747 6.826540928 0.136446960 
-1.526782512 6.822302361 -0.569384990 
-1.570727356 6.824932160 -0.122137192 
-1.514692402 6.756131526 0.837281264 
-1.463917773 6.754787726 0.873074902 
-1.567109066 6.796877883 -0.547576302 
-1.579528316 6.817943513 -0.158661964 
-1.575730396 6.824761352 -0.227283362 
-1.546630108 6.825389097 -0.352382968 
-1.621547447 6.818480884 0.119232778 
-1.623682121 6.818190996 0.132000119 
-1.569133049 6.801674420 0.585219905 
-1.573997081 6.815901634 0.413356794 
-1.620054042 6.816858690 0.215712537 
-1.595386492 6.822814842 0.120401182 
-1.585577133 6.776104782 0.768531070 
-1.574146167 6.791196729 0.668250854 
-1.641648980 6.829155500 0.204133996 
-1.591425195 6.822304252 0.342894238 
-1.561934556 6.816289733 0.068273167 
-2.040442665 6.610486951 1.047858784 
-1.469050133 6.791330374 -0.644419732 
-1.510112246 6.795135933 -0.562031193 
-1.684185222 6.810536267 0.173714655 
-1.593123534 6.763789681 -0.820938885 
-1.610434549 6.813489488 -0.232066088 
-1.613300860 6.810783580 -0.302890193 
-1.513947739 6.814159820 -0.389950187 
-1.572418223 6.819376018 -0.246222576 
-1.535692295 6.810745890 -0.498419791 
-1.736632697 6.695490888 -1.009753131 
-1.580657799 6.756209800 -0.826667259 
-1.572769756 6.773625414 -0.838776291 
-1.572641833 6.804626641 -0.680067763 
-1.553777686 6.782040307 -0.756241804 
-1.998386555 6.616735381 -1.082227082 
-1.695149303 6.721473374 -0.980764191 
-1.505325972 6.818930175 -0.519977253 
-1.506564297 6.812615512 -0.582461346 
-1.590184056 6.824564858 -0.064663502 
-1.584371495 6.825186888 -0.081520513 
-1.519660318 6.814620340 -0.541947698 
-1.515567109 6.817384895 -0.509126708 
-1.605958884 6.821103549 -0.125107104 
-1.566709719 6.826904033 -0.184802912 
-1.561620937 6.820722846 0.348590991 
-1.546874326 6.823771910 0.343195075 
-1.643077451 6.752367111 0.864345807 
-1.555778978 6.799471522 0.638577749 
-1.562697436 6.821450649 0.336881639 
-1.559328839 6.815277824 0.442675996 
-1.626129864 6.765385901 0.803211117 
-1.594980153 6.799578291 0.572930352 
-1.535029094 6.830259514 0.234671202 
-1.596846935 6.823482180 0.007772080 
-1.570630593 6.805517291 0.557505905 
-1.572868702 6.796005220 0.638285683 
-1.608237609 6.806738181 -0.450802124 
-1.592510187 6.805952275 -0.500498916 
-1.576198493 6.790233097 -0.665930520 
-1.552532096 6.798928913 -0.626201444 
-1.581586982 6.798787286 -0.602481742 
-1.567756913 6.818120456 -0.392051100 
-1.585536476 6.786604593 -0.683649594 
-1.546986245 6.812985366 -0.505209136 
-1.575458126 6.805086030 -0.542468837 
-1.570184813 6.811125135 -0.486714979 
-1.609700373 6.815942081 -0.288838477 
-1.549229225 6.810685406 -0.530539434 
