-3.116807887 10.801062614 -0.389919644 
-3.117155799 10.803762225 -0.311730999 
-3.304086286 10.753541295 -0.070509965 
-3.269921190 10.763524705 -0.095499415 
-3.036171981 10.816362926 -0.538862912 
-3.054175474 10.818049752 -0.406585708 
-3.315431100 10.750100830 -0.065719690 
-3.296427743 10.755607365 -0.076740060 
-3.164546290 10.790882203 -0.295389240 
-3.185498064 10.783882745 -0.319966310 
-3.236761588 10.772871454 -0.157250054 
-3.243559446 10.771162726 -0.125579706 
-3.069783654 10.817856061 0.302889224 
-3.152018677 10.797800911 0.153060632 
-3.146790204 10.793566395 0.375391598 
-3.154279027 10.793251421 0.321772062 
-3.243703933 10.771478161 0.043231135 
-3.271649192 10.763860548 -0.016987038 
-3.161626107 10.788714713 0.393692848 
-3.118268597 10.799123364 0.435817493 
-3.148943318 10.797666572 0.222666402 
-3.075625187 10.812483609 0.400717462 
-3.129364170 10.798787684 0.361650607 
-3.114850775 10.802096575 0.392371408 
-2.973852140 10.832894908 -0.585812259 
-2.978023644 10.830915699 -0.601200193 
-3.177670374 10.789970324 -0.262645160 
-3.179104213 10.787165951 -0.346105688 
-2.999920690 10.803250642 -0.877334151 
-3.021803756 10.819035978 -0.596792831 
-3.261321726 10.767668371 -0.096397168 
-3.131397743 10.800916882 -0.339093282 
-2.992894589 10.833442633 -0.463783776 
-2.957458532 10.839384642 -0.535477278 
-3.226075209 10.777582373 -0.165201989 
-3.268996689 10.753443094 -0.281980537 
-3.003588383 10.825080451 -0.544907403 
-3.056506132 10.815490019 -0.452001743 
-3.308750722 10.752016136 -0.058545606 
-3.285020072 10.759286437 -0.071401315 
-3.101463815 10.810118519 -0.247646647 
-3.100769284 10.804617458 -0.411130413 
-3.262776113 10.764815072 -0.169065718 
-3.321209406 10.748068195 -0.105993470 
-3.143580395 10.798573997 -0.237349701 
-3.134740611 10.800134963 -0.272854638 
-3.253857150 10.768175360 -0.115654843 
-3.240758646 10.771358940 -0.168769394 
-3.268845193 10.764539155 0.087455617 
-3.199241529 10.784068073 0.178143484 
-3.078632352 10.802398392 0.585016447 
-3.062825062 10.801215702 0.672619157 
-3.242759062 10.772550697 0.025564734 
-3.254059723 10.768672157 0.050549088 
-3.176751476 10.785744676 0.349397102 
-3.084653205 10.805673480 0.497669603 
-3.269186146 10.763705859 0.128717096 
-3.119639370 10.804791771 0.253283035 
-3.034421339 10.813597192 0.598491092 
-3.020648087 10.816581402 0.611374026 
-3.033917130 10.814279285 -0.612267813 
-3.075582612 10.799247273 -0.663699094 
-3.165388285 10.792725172 -0.278714522 
-3.208904442 10.782297138 -0.158351415 
-3.073817619 10.806193031 -0.563325210 
-3.048560262 10.803873336 -0.700923987 
-3.216429544 10.780211821 -0.174777396 
-3.120790722 10.807668016 -0.177235927 
-3.069757366 10.806256273 -0.598763576 
-3.031061067 10.812637300 -0.657833395 
-3.211137782 10.781277927 -0.224941864 
-3.238853941 10.774920942 -0.017753191 
-3.058436174 10.811322727 -0.519408285 
-3.069604535 10.809646278 -0.487441554 
-3.168973752 10.790040909 -0.259409996 
-3.031509277 10.820281618 -0.487404585 
-3.048713088 10.813325886 -0.527279008 
-3.136430790 10.793091401 -0.442418088 
-3.186441466 10.784831822 -0.263512510 
-3.299694473 10.754071664 -0.098300947 
-3.056021303 10.813729900 -0.482485227 
-3.009117788 10.817137852 -0.640817047 
-3.140722277 10.797051468 -0.303878220 
-3.149747764 10.788836800 -0.454388597 
-3.104814759 10.795152249 0.585291993 
-3.115965828 10.797284801 0.487337334 
-3.150971441 10.789458430 0.443226619 
-3.073469805 10.806246102 0.539578859 
-3.082127136 10.802601057 0.560638495 
-3.052019444 10.802338756 0.692610548 
-3.164232118 10.784922121 0.454338450 
-3.142678993 10.793473482 0.406720770 
-3.067418632 10.815977353 0.368043798 
-3.066210560 10.814753424 0.412403226 
-3.149052659 10.786777558 0.507781382 
-3.094741930 10.802879205 0.494654347 
-3.016002906 10.823444811 -0.552615028 
-3.014435777 10.822388694 -0.579717947 
-3.090996762 10.807557487 -0.438555741 
-3.070607411 10.813524418 -0.442450194 
-2.958846797 10.837037424 -0.585309994 
-2.955572868 10.834453308 -0.632085061 
-3.194031611 10.785224393 -0.246883103 
-3.211128852 10.780625205 -0.211364342 
-3.133601818 10.794424631 -0.476566231 
-3.018229136 10.821281137 -0.576606524 
-3.081720990 10.806178155 -0.519959038 
-3.234147621 10.774331804 -0.200071326 
-3.118299296 10.799389054 -0.409834885 
-3.166235561 10.787119770 -0.384818867 
-3.297801018 10.752859661 -0.031573758 
-3.365987045 10.732060799 -0.001986786 
-3.065199502 10.816060020 -0.335883871 
-3.000637222 10.809052119 -0.762281969 
-3.283168099 10.756843922 -0.041273305 
-3.304000451 10.750579213 -0.033081244 
-3.195989848 10.780432964 0.164556037 
-2.931899980 10.837593384 -0.508256388 
-2.996085423 10.797934319 -0.880708368 
-3.091092580 10.804901834 -0.214271550 
-3.019140956 10.818596638 0.586876211 
-2.988836464 10.822464265 0.653948743 
-3.315736809 10.750313310 -0.034004349 
-3.368189481 10.734263461 -0.035213456 
-3.081070566 10.772021522 0.950485559 
-3.021657332 10.805894624 0.757564936 
-3.235954568 10.773283853 0.138722392 
-3.073637242 10.807133157 0.519127754 
-3.341769645 10.732771984 0.091918376 
-3.264587540 10.759890340 0.054688205 
-3.041471147 10.825082830 0.221632385 
-3.059949830 10.820601121 0.270174062 
-3.096897611 10.806004593 -0.008671780 
-2.978478465 10.830026236 -0.449537067 
-3.005460015 10.780583651 -0.989975917 
-2.833718566 10.849472228 -0.722149992 
-2.975039621 10.848840055 0.002462559 
-2.984190375 10.828810566 -0.618284123 
-3.211724034 10.786094718 -0.145185735 
-3.212592881 10.785800015 0.014850339 
-3.201861650 10.785742341 -0.008807551 
-3.200907252 10.762881740 -0.456596219 
-3.306312419 10.742137029 -0.150122329 
-3.356919853 10.726047748 -0.086443635 
-3.105154003 10.796105026 -0.531300966 
-3.113532681 10.800002946 -0.403546031 
-3.050664212 10.769063341 -1.052403826 
-3.017956561 10.777296835 -1.058032576 
-3.297968001 10.757742346 -0.070741237 
-2.905772072 10.827320220 -0.844601250 
-3.009304359 10.820879577 -0.488551710 
-3.195796826 10.765254869 -0.614265804 
-3.077545762 10.809719919 -0.437779620 
-3.018521516 10.818832963 -0.575193590 
-3.088488786 10.807841647 -0.391796633 
-3.103297762 10.804470493 -0.382842149 
-2.832499170 10.785709134 1.285310845 
-4.071579233 10.479159471 0.002723052 
-4.225744862 10.403727542 0.499562384 
-3.720921783 10.592950704 0.563908240 
-3.014831303 10.818284388 0.488748346 
-3.139514379 10.792002433 0.290429971 
-3.073097540 10.795158849 0.624830833 
-3.060147347 10.799685121 0.625984519 
-3.108565550 10.799987337 0.401803734 
-3.053262832 10.812538329 0.471675220 
-3.032596999 10.810752979 0.568276195 
-2.988335387 10.795551601 0.916372120 
-3.069994806 10.782329493 -0.893104740 
-3.052933282 10.779637153 -0.968204694 
-3.157673212 10.796307873 -0.222473138 
-3.195270783 10.785828589 -0.190864984 
-3.020128155 10.793552181 -0.914204267 
-2.997708228 10.814803362 -0.734253621 
-3.177824944 10.792450579 -0.096561190 
-3.170289312 10.790109245 -0.323917644 
-3.072848083 10.807010737 -0.554712326 
-3.084932595 10.807015599 -0.489414672 
-3.119316105 10.805693237 -0.293869277 
-3.174750903 10.789677782 -0.294094116 
-2.990212529 10.826075613 -0.587911035 
-3.092105114 10.780709522 -0.824419475 
-3.143503671 10.798198091 -0.228329114 
-3.266554037 10.748233939 -0.329714709 
-3.124350315 10.801418211 -0.265089357 
-3.184363791 10.786937855 -0.194765278 
-3.039761179 10.812609757 -0.573179405 
-3.080863509 10.807200482 -0.484119896 
-3.060705441 10.812566591 -0.483606725 
-3.091318310 10.806536190 -0.430421063 
-3.158760507 10.787464143 -0.431331534 
-3.135235995 10.797506725 -0.349125646 
-3.110051291 10.799094598 0.214973205 
-3.137122002 10.801318623 0.104571898 
-3.252907919 10.751599452 0.361586305 
-3.253297369 10.759982126 0.361090071 
-3.013651944 10.810021371 0.536497679 
-3.469887745 10.694962897 0.136121329 
-3.020853920 10.802633165 0.698737415 
-3.452231237 10.701132639 -0.001187435 
-3.065742687 10.815480985 0.359558663 
-3.154048355 10.791178191 0.323786694 
-3.107259433 10.801474364 0.347579652 
-3.104246785 10.801091218 0.381391692 
-3.007933551 10.784503027 -0.930767416 
-3.059351510 10.768838341 -0.941335483 
-3.178184495 10.781769971 0.151186813 
-3.170174066 10.783081013 0.071042076 
-3.034783948 10.822856166 -0.461090218 
-3.030444858 10.822587486 -0.487114794 
-3.344804885 10.740411318 -0.060583192 
-3.367958921 10.732753737 0.033790596 
-2.800138902 10.806143400 -1.245624504 
-2.962043525 10.751778897 -1.337465211 
-3.912442120 10.552687004 -0.060720037 
-3.463307144 10.702462533 -0.360594114 
-3.592204137 10.667317219 0.028087480 
-3.490175935 10.696209953 0.130841061 
-2.856657493 10.780689858 -1.378387480 
-2.594731744 10.853138511 -1.257111856 
-3.045047240 10.811315315 -0.565273718 
-3.027437838 10.815117822 -0.574087035 
-3.071183120 10.808679063 -0.436682773 
-3.133872276 10.793823507 -0.362254571 
-2.859415107 10.872141269 -0.216582055 
-2.997699598 10.780296959 -1.005331491 
-3.173888388 10.782232453 0.451788355 
-3.106447715 10.767821115 -0.883697572 
-3.255112475 10.767257130 0.094246081 
-3.266665252 10.764538153 0.031108368 
-2.939605611 10.832993831 0.674131747 
-3.134933452 10.796355540 0.309126478 
-3.277801433 10.755730767 0.151714405 
-3.146812629 10.793661123 0.032371004 
-3.150118413 10.791849350 0.283607257 
-3.004447390 10.828898201 -0.401008829 
-3.304453278 10.745121694 0.126714315 
-3.401315066 10.713524121 0.116187085 
-2.898893710 10.827251299 0.761345489 
-2.973076259 10.833178866 0.312508021 
-3.090069931 10.790491698 -0.713121802 
-3.021522841 10.800744110 -0.824087076 
-3.082619015 10.809732316 -0.452292236 
-3.071024839 10.804826699 -0.594726891 
-3.083632119 10.770285467 -0.969461844 
-3.074209993 10.770120847 -0.996733541 
-3.109600340 10.803435751 -0.417583958 
-3.226050988 10.774365259 -0.295636480 
-3.335362285 10.736020566 -0.147534148 
-2.983937067 10.789628288 -0.919921053 
-3.013979723 10.805886426 -0.802494465 
-2.910525181 10.811864081 -0.943426687 
-3.038101498 10.809842934 -0.452518362 
-3.036758649 10.810716219 -0.402567063 
-2.987793220 10.805080572 -0.775509860 
-3.052546026 10.802235327 -0.575177340 
-3.612239234 10.643012439 -0.290490796 
-3.571880196 10.655411562 -0.407904440 
-4.615123125 10.237453527 -0.447567769 
-2.713623510 10.805246283 -1.361968980 
-2.932209382 10.824802855 -0.764981798 
-2.952386602 10.826493626 -0.672276546 
-3.072419752 10.780736380 -0.819057617 
-3.174090089 10.775695348 -0.469708514 
-3.439338350 10.710249753 0.083428778 
-3.063780036 10.799691571 0.639462074 
-3.112091226 10.740379397 1.167080139 
-3.082878752 10.747744683 1.131504079 
-3.020160134 10.805424275 0.736958150 
-3.065542141 10.776064755 0.934843355 
-3.081752322 10.760230159 1.054368816 
-3.070044820 10.763756680 1.050880752 
-3.101567563 10.804132523 0.398863226 
-3.187271808 10.785157902 0.206263545 
-2.945217421 10.830553845 0.687453223 
-3.014897153 10.797600339 0.861887037 
-3.025601655 10.814068434 -0.648178270 
-3.045297382 10.804048035 -0.715284274 
-3.097923554 10.809331362 -0.362394003 
-3.138916306 10.798306015 -0.338395201 
-3.085943296 10.807022308 -0.487246676 
-3.083834512 10.803881834 -0.550413884 
-3.093162246 10.809363652 -0.386544609 
-3.050762953 10.817412842 -0.470069284 
-3.021797736 10.786448842 -0.987165987 
-3.043255636 10.811906894 -0.595639781 
-3.182177622 10.784372879 -0.380135918 
-3.086156530 10.802433929 -0.566922827 
-3.090021107 10.807818562 -0.411207175 
-3.040958812 10.815795213 -0.527603573 
-3.185526670 10.785489227 -0.271664978 
-3.107610663 10.800132220 -0.465154064 
-3.097890234 10.809586082 -0.305523222 
-3.023433833 10.816982879 -0.596908612 
-3.041573624 10.796750283 -0.794978108 
-3.291218748 10.756944121 -0.116578716 
-3.054138025 10.816896126 -0.306661396 
-3.123208261 10.791331868 -0.457152873 
-3.253892500 10.767190838 -0.166502763 
-3.087845423 10.808986797 -0.385015604 
-3.511251479 10.689035235 0.156717832 
-3.288836719 10.750387229 0.269994171 
-2.869489507 10.761161082 -1.427789641 
-2.565794300 10.928265063 0.319102498 
-3.051719616 10.810734901 0.529069183 
-3.047817050 10.812519468 0.514760914 
-3.182867902 10.779716329 0.290778110 
-3.210792413 10.772124193 0.277953069 
-3.004339626 10.818847204 0.529066099 
-2.969823637 10.818948543 0.590770860 
-2.950152123 10.794942154 1.041199895 
-3.389012553 10.716592944 -0.230955830 
-3.046705429 10.821440527 -0.434166607 
-3.006576823 10.824845164 -0.575814464 
-3.094135742 10.798029801 -0.527065797 
-2.915551884 10.840062468 -0.669723754 
-3.315144315 10.726974881 -0.543363315 
-3.362135784 10.713837343 -0.458851356 
-3.394770950 10.724820206 0.115038047 
-3.487231202 10.694271558 0.044021562 
-3.538976533 10.666626616 -0.056999592 
-3.363145684 10.721503021 -0.244895270 
-3.225634557 10.763149063 -0.228905084 
-2.920149987 10.845853290 -0.287679400 
-3.001512918 10.825135026 -0.551123313 
-3.040394263 10.817019776 -0.499803265 
-3.406047982 10.721423019 -0.143204555 
-3.218242434 10.777447437 -0.212385988 
-3.118919176 10.800232328 -0.397279387 
-3.126968980 10.794186532 -0.480895868 
-3.180432834 10.785439204 -0.323917328 
-3.189062112 10.783974855 -0.285046687 
-3.039929344 10.815359630 -0.534453633 
-3.064342800 10.813124408 -0.450076963 
-3.259115087 10.766944650 -0.038448177 
-3.337799639 10.743090508 -0.102259378 
-3.070929737 10.810605216 0.458855130 
-3.122545127 10.801881708 0.312198494 
-3.201971445 10.781986628 0.189905486 
-3.166627337 10.791559497 0.201195446 
-3.099163876 10.811419849 0.209941689 
-3.163148021 10.794499260 0.102220953 
-3.124398596 10.801354218 0.297636710 
-3.195514489 10.717946673 -1.079675096 
-3.141562949 10.798908277 0.219101936 
-3.234620222 10.773829102 0.096801163 
-3.225357709 10.775260571 0.168028591 
-3.186288976 10.781291094 -0.250339010 
-3.241482385 10.763546653 -0.050348836 
-3.142110774 10.796635517 -0.103931186 
-3.006580029 10.835193656 -0.137285060 
-3.229199490 10.771190189 0.150453416 
-3.135698570 10.798903962 -0.344082636 
-3.077313058 10.808293016 -0.506889800 
-3.280082631 10.761742792 -0.131552499 
-3.306034699 10.754344712 -0.078843071 
-3.219622920 10.777811369 -0.050054178 
-3.088834023 10.811488376 -0.359976088 
-3.237741369 10.773009353 -0.204985611 
-3.202614298 10.783989519 -0.180849082 
-3.426302446 10.707051254 -0.478642281 
-3.585757559 10.648543534 -0.599455015 
-2.790890856 10.795979898 -1.385922189 
-2.556817922 10.862636583 -1.247864812 
-2.901408767 10.834703317 -0.764082550 
-2.909887043 10.838286428 -0.686292182 
-3.094032878 10.794453824 -0.523115517 
-3.131565292 10.785187774 -0.494536254 
-3.259201616 10.752352839 -0.243874218 
-2.980932730 10.820025508 -0.588409036 
-3.146737689 10.778458581 -0.421542437 
-3.168320597 10.774234220 -0.374797590 
-3.095945328 10.804107974 0.439027595 
-3.118154042 10.798892591 0.417273693 
-2.934484392 10.832876290 0.696466782 
-3.001495708 10.825876778 0.531859898 
-3.334390561 10.738987868 0.116261813 
-2.967406982 10.833357575 0.437084925 
-2.849604493 10.823701134 0.985862160 
-3.046291990 10.806477990 0.470403216 
-3.022874480 10.773663404 1.035600163 
-2.866649949 10.854542096 0.519229422 
-3.101289762 10.801105968 0.233419272 
-3.000650345 10.806589168 0.758223862 
-3.146216461 10.783740106 -0.579051630 
-3.093341909 10.803228008 -0.509102108 
-2.997510816 10.800379650 -0.900702593 
-3.025469545 10.797412540 -0.851228806 
-3.079874488 10.794036869 -0.708103733 
-3.133043361 10.796546674 -0.414699012 
-3.141533578 10.795087297 -0.408321056 
-3.088032988 10.788506113 -0.750641763 
-3.030163242 10.798880377 -0.818665780 
-3.030697195 10.805844740 -0.732036394 
-3.027466208 10.793882792 -0.875134991 
-3.048630222 10.814549811 -0.531838260 
-3.103380606 10.756697643 -1.040013727 
-3.116798437 10.762549106 -0.941387887 
-3.048684285 10.802538012 -0.683286357 
-3.052283497 10.811959170 -0.516572539 
-3.607235253 10.645371268 -0.267571283 
-3.543328861 10.664338274 -0.419621860 
-3.002970033 10.718087018 -1.466226812 
-2.471719569 10.873035410 -1.251870357 
-3.016026927 10.783400662 -1.009863109 
-3.044625025 10.776814059 -0.998173400 
-3.060809231 10.811032298 -0.483583651 
-3.124237383 10.797415929 -0.387266729 
-3.038801513 10.819538194 0.472303865 
-3.043367599 10.817767129 0.482237594 
-3.069100825 10.777361356 0.933122523 
-3.038091048 10.800388969 0.767835539 
-3.133689505 10.794090582 0.446994395 
-3.078489156 10.809762843 0.441174458 
-3.193478521 10.732641342 1.027385449 
-3.036041059 10.812194447 0.612278235 
-3.048792057 10.811519731 0.566271072 
-3.065231576 10.808311812 0.545735779 
-3.030664151 10.813999438 0.606782506 
-3.055261829 10.807847393 0.600849898 
-3.196357233 10.777346425 -0.436239014 
-3.147560853 10.789172442 -0.485311891 
-3.049577358 10.804470493 -0.679894228 
-3.084548573 10.806373564 -0.499304972 
-3.269122016 10.763183779 -0.217146704 
-3.199875397 10.780101096 -0.337507698 
-3.061013101 10.798889546 -0.711449046 
-3.004428025 10.818626986 -0.646515235 
-3.062599532 10.807874417 -0.576988450 
-2.608055987 10.901458615 -0.727136777 
-3.062463318 10.809735005 -0.558213012 
-3.070086288 10.776451369 -0.912504635 
-3.013190076 10.813151166 -0.657878214 
-3.128377991 10.773937541 -0.754128056 
-2.974564576 10.803476751 -0.914853908 
-2.945769830 10.835178098 -0.622802102 
-3.427063975 10.714062851 -0.070253936 
-3.279793924 10.757710105 -0.051993363 
-2.918158866 10.829198938 -0.719455149 
-3.291817380 10.762162698 -0.052241287 
-3.172833604 10.781425838 -0.455700392 
-2.945501904 10.822557538 -0.790465108 
-3.038513938 10.814370306 -0.540627984 
-3.040317431 10.815556024 -0.513440270 
-3.618787068 10.640600399 0.289483124 
-3.569008407 10.656808552 0.394615749 
-4.725389085 10.185542366 0.451906692 
-2.787547493 10.782651906 1.401709509 
-3.080952600 10.797941935 0.446359398 
-3.046380431 10.800373994 0.560023943 
-3.024075350 10.800035731 0.711210058 
-3.040488000 10.789453497 0.792602842 
-3.038096082 10.818666589 0.394084477 
-3.018370548 10.821351084 0.463423221 
-3.144346832 10.780574643 0.543831394 
-3.049087359 10.787203573 0.821238462 
-3.053834615 10.814140336 -0.521929623 
-3.038303278 10.817840225 -0.530841697 
-3.287710760 10.759541651 -0.119663782 
-3.186287171 10.787361145 -0.238927355 
-3.316972297 10.750875022 -0.047506626 
-3.239882172 10.773364375 -0.112965738 
-3.100289317 10.813408730 -0.130049016 
-3.177721424 10.789022386 -0.252327293 
-3.138688510 10.798187124 -0.332922400 
-3.198145350 10.778433624 -0.423504722 
-3.219672393 10.779726787 0.048064312 
-3.262192715 10.766948754 0.033298304 
-2.930706692 10.832255168 -0.587311197 
-2.925241504 10.840561417 -0.443038823 
-2.869618881 10.832715352 -0.843914275 
-3.129166755 10.795592136 -0.264630716 
-3.153096116 10.796120571 -0.217199092 
-3.154749934 10.796901994 -0.138631474 
-3.127861396 10.799358220 -0.358818333 
-3.290586591 10.756169515 -0.171275298 
-2.992306246 10.814835342 -0.744410156 
-2.962228547 10.827100064 -0.682074755 
-3.223588626 10.774667312 -0.252499740 
-3.230918185 10.775101744 -0.103139444 
-3.027499162 10.820750638 0.494602589 
-3.139656569 10.798365712 0.249700129 
-3.269746124 10.762585400 0.091986694 
-3.098502083 10.800982513 0.480708555 
-2.945901080 10.828269885 0.523533174 
-3.418133254 10.713286463 0.075081379 
-3.084432125 10.806412456 -0.150791612 
-3.095158335 10.808187505 -0.199676121 
-3.199422469 10.780053355 0.233716500 
-3.224965418 10.774052968 0.180624896 
-3.153360366 10.790440290 0.259188391 
-3.111408443 10.799633361 0.344491251 
-2.948185735 10.810997666 -0.848082012 
-2.990046336 10.821494359 -0.596873746 
-3.154182340 10.786471124 0.308571699 
-3.077060202 10.815809024 -0.150056499 
-2.848793658 10.858812404 -0.562640822 
-2.723263586 10.853124197 -1.019807854 
-3.381717706 10.724999063 -0.269588867 
-3.367917912 10.723965666 -0.376800540 
-2.904019067 10.830445494 -0.762645984 
-3.080367492 10.810331282 -0.335468982 
-3.373077143 10.729820397 -0.071949768 
-3.225722923 10.773702793 -0.022972008 
-3.089415509 10.806583984 -0.392835332 
-3.173124910 10.789306390 -0.157808496 
-3.013371586 10.821356243 -0.495760124 
-2.700018614 10.862842259 -1.027545330 
-3.183542943 10.779768691 0.015730821 
-3.208962493 10.773671243 -0.002822852 
-3.078574766 10.780747712 -0.834485967 
-2.984981145 10.803059093 -0.822243257 
-3.104517767 10.749905173 -1.041052545 
-3.073773533 10.765435340 -0.971760032 
-3.162995126 10.791659665 0.097696035 
-3.177787610 10.781548823 0.330981183 
-3.234424489 10.769756648 0.144635132 
-3.247366459 10.768017720 0.095773332 
-3.029612166 10.821530967 0.418340166 
-2.955982596 10.828206006 0.659420467 
-3.136457073 10.788054693 0.507579159 
-2.922154550 10.836467400 0.608495874 
-3.168752476 10.788407728 0.226109625 
-3.077866604 10.807874592 0.425966476 
-3.261787764 10.760234585 0.066178987 
-3.215878917 10.773792737 0.061244676 
-3.075446926 10.802123543 0.502181086 
-3.139963070 10.791439916 0.341956615 
-3.137490260 10.790297854 -0.528428522 
-2.952676468 10.821651362 -0.798874705 
-3.256074429 10.769653128 -0.052653061 
-3.252676850 10.770141452 -0.125397810 
-3.026730149 10.794711418 -0.883286258 
-3.014273047 10.797673817 -0.884921428 
-3.023141409 10.816563127 -0.621316685 
-3.151368829 10.794762211 -0.340043419 
-2.988041667 10.783959043 -1.113066078 
-3.261515812 10.757628334 -0.319086636 
-3.394335140 10.735189180 -0.038068137 
-2.850418857 10.840438085 -0.923379349 
-2.984027254 10.821721868 -0.582053419 
-3.098301504 10.797392719 -0.456180830 
-3.037650502 10.793437507 -0.789783032 
-3.021550342 10.808387224 -0.653164690 
-3.089227132 10.708987323 -1.363188899 
-2.849476171 10.781187912 -1.291644700 
-3.097989872 10.802130613 -0.246315057 
-3.391833861 10.720273881 -0.065326146 
-3.004791631 10.816383408 -0.633331775 
-3.036670704 10.809321771 -0.607672996 
-3.004493728 10.809279593 -0.702538954 
-3.098021776 10.795405965 -0.511667720 
-3.138327449 10.800414809 0.292375915 
-2.971878742 10.826318775 0.628996578 
-3.020786674 10.784537490 1.011372789 
-3.136696193 10.764405214 0.842717142 
-3.065478184 10.810056448 0.478080983 
-3.180199923 10.783247370 0.347236625 
-3.093994201 10.757800771 1.051251622 
-3.024382795 10.778232194 1.039331127 
-3.242445599 10.769193006 0.232199908 
-3.165827899 10.791228391 0.255048176 
-3.004702977 10.810240737 0.741897602 
-3.051482001 10.789093878 0.849892143 
-3.176210770 10.790517850 -0.240900541 
-3.051085552 10.823047508 -0.325580966 
-3.325930190 10.747828905 -0.174877845 
-3.299606388 10.755544896 0.109680853 
-3.182189082 10.788228008 -0.259333940 
-3.301135718 10.755816138 -0.049078318 
-3.326733216 10.747695618 -0.115917864 
-3.168848244 10.790924951 -0.303900417 
-3.057712690 10.819450932 -0.386806005 
-3.119187495 10.795258398 -0.531881106 
-3.329808870 10.747170447 -0.029880233 
-3.223540507 10.777383141 -0.203451925 
-3.003567015 10.802871361 -0.844045446 
-3.049878666 10.813016675 -0.529061695 
-3.131495525 10.800094421 -0.302138374 
-3.210144541 10.777942228 -0.281507392 
-2.972055426 10.833869790 -0.540658673 
-2.964901496 10.818765917 -0.785003087 
-3.292551638 10.757304101 -0.056836741 
-3.292767936 10.756793208 -0.090888909 
-3.269922930 10.758737412 -0.022754173 
-3.477342981 10.688719925 -0.124168759 
-2.960202928 10.842564387 -0.396478274 
-3.170976060 10.791525040 -0.165571451 
-2.956827610 10.815756714 0.825338512 
-3.059534841 10.787391738 0.833984789 
-3.273282111 10.759862410 -0.033782110 
-3.291801004 10.753997766 -0.025780088 
-3.128336395 10.798987934 0.339760693 
-2.998982029 10.832057699 0.443118852 
-3.302674270 10.751047046 -0.045706852 
-3.295039852 10.753165510 0.068347583 
-3.047775526 10.815321222 0.274251539 
-2.983663713 10.799811640 0.874299145 
-3.158163730 10.786362715 -0.283867842 
-3.188899960 10.781779299 0.098200284 
-2.896096353 10.849672754 -0.609515137 
-2.954926822 10.851638196 -0.333865752 
-2.892185473 10.836412653 -0.834932917 
-3.235006633 10.770291656 -0.169578589 
-3.173304180 10.776985592 -0.393026985 
-3.222213790 10.772547899 -0.107081162 
-3.144855807 10.792589240 -0.006968459 
-3.216018926 10.770092803 0.078495292 
-3.090421958 10.750379610 -1.033540891 
-3.372201834 10.653080553 -1.168279662 
-3.307637563 10.740213294 -0.244862434 
-3.284618900 10.749787137 -0.054774832 
-3.063829662 10.805040331 -0.602010719 
-3.016506874 10.808520265 -0.733523270 
-3.335977546 10.743269199 -0.135465615 
-3.305609012 10.752955649 -0.066531837 
-3.072011024 10.801224301 -0.618766551 
-3.063609452 10.808270843 -0.545012805 
-3.138945217 10.793459902 -0.412431206 
-3.064350846 10.809577864 -0.525315997 
-3.006840909 10.799324006 -0.869640146 
-2.995547221 10.810956391 -0.768445610 
-3.133469251 10.797457481 -0.367300278 
-3.212448364 10.775307347 -0.346011088 
-3.040121803 10.815810069 0.529460654 
-3.156150426 10.787778738 0.440550814 
-3.097554736 10.800999850 0.498094700 
-3.129739457 10.794914231 0.444517980 
-3.079803656 10.807183199 0.482549168 
-3.062199075 10.810299106 0.512145280 
-2.945936445 10.827258140 0.737080867 
-3.004171316 10.824335459 0.549701514 
-3.018392189 10.820123692 0.562297737 
-3.157880388 10.790647402 0.353451814 
-3.095697593 10.799662821 0.543852663 
-3.181710405 10.785681100 0.293375987 
-2.983393016 10.822608284 -0.694304597 
-3.009128443 10.821083754 -0.609302487 
-3.139644975 10.798974952 -0.314077222 
-3.130388370 10.802305246 -0.285531173 
-3.024188410 10.820725157 -0.558563670 
-2.979416940 10.831598601 -0.581845429 
-3.223481731 10.776868955 -0.230142008 
-3.255031294 10.769018490 -0.144541039 
-3.074083367 10.810234518 -0.484855202 
-2.955008147 10.809996828 -0.924219909 
-3.347440675 10.741616803 -0.134068738 
-3.242848243 10.772436905 -0.182422868 
-3.036343138 10.813219437 -0.595605983 
-3.022164378 10.810863997 -0.689853228 
-3.232437925 10.774369707 -0.142486794 
-3.180214360 10.788528233 -0.211678892 
-3.090129618 10.802420961 -0.530848957 
-3.090349707 10.802879445 -0.517044644 
-3.199927111 10.781700868 -0.258232755 
-3.133577385 10.798655754 -0.331906023 
-3.032391431 10.819899726 -0.499194468 
-3.073122876 10.813493529 -0.400363733 
-3.178609499 10.788182517 -0.247509904 
-3.162422189 10.790423976 -0.335481974 
-3.140397175 10.801268768 0.128161312 
-3.220858557 10.778753208 0.060122469 
-3.190994417 10.783418961 0.293185825 
-3.133963348 10.793780570 0.452088899 
-3.115243548 10.806880834 0.217627783 
-3.076712591 10.816308136 0.276389176 
-3.188289739 10.783292516 0.323082512 
-3.152830428 10.792936858 0.332998421 
-3.179689246 10.789833756 0.129861343 
-3.191254200 10.786787423 0.128878608 
-3.115063192 10.796947862 0.501450987 
-3.009345498 10.815926225 0.666011835 
-3.130753569 10.799027387 -0.406461200 
-3.177562576 10.786225539 -0.363783424 
-3.329575422 10.747466420 -0.053874981 
-3.257290229 10.768664127 -0.114202962 
-3.142250040 10.795020964 -0.420760676 
-3.166696412 10.793515656 -0.227669913 
-3.290073502 10.759034075 -0.081153524 
-3.317433115 10.751346227 0.028539208 
-3.064566557 10.811776705 -0.522265548 
-3.097504635 10.805988734 -0.455115162 
-3.198485056 10.782790127 -0.282775874 
-3.351535663 10.741220170 -0.009909201 
-3.096480868 10.805989659 -0.411846028 
-3.147822802 10.795032901 -0.324880062 
-3.217278835 10.778113436 -0.188709329 
-3.283162533 10.760363605 -0.008190814 
-3.014823630 10.825381972 -0.486152896 
-3.055784652 10.816340911 -0.446884567 
-3.257373260 10.767933719 0.017856713 
-3.233368259 10.772858435 -0.217425217 
-3.065473686 10.813409770 -0.442313904 
-3.025114839 10.823314553 -0.476190831 
-3.320744485 10.748690758 -0.051552268 
-3.243109361 10.771460220 -0.130918744 
-3.211544177 10.780100943 0.138182046 
-3.236344175 10.773571243 0.092020285 
-3.249845265 10.767961047 0.205457457 
-3.193909785 10.783722930 0.247402234 
-3.223789261 10.777366384 0.124706993 
-3.265512061 10.764926085 0.114888586 
-3.254239783 10.766804777 0.190513757 
-3.295703682 10.755798521 0.118932471 
-3.156970140 10.795321998 0.208106037 
-3.289914715 10.758211825 0.059260784 
-3.284803406 10.759434450 0.067071823 
-3.223523014 10.777907394 0.078518021 
-3.066616501 10.810630222 -0.530499634 
-3.096146394 10.810839971 -0.324728043 
-3.097838467 10.807214481 -0.423288008 
-3.149072453 10.796641039 -0.317751758 
-3.082485336 10.808859955 -0.489683373 
-3.129372489 10.797140780 -0.443258490 
-3.221323014 10.778440579 -0.190366546 
-3.278441449 10.762706392 -0.030945003 
-3.241289745 10.747977658 -0.722201520 
-3.044510962 10.806878347 -0.673826562 
-3.212640048 10.782112950 -0.082195418 
-3.226025609 10.778596974 -0.026454104 
-3.095550776 10.803610773 -0.463619716 
-3.046074455 10.816872616 -0.477932345 
-3.036855195 10.817370619 -0.522175546 
-3.043336073 10.809391193 -0.620364634 
-2.984967521 10.817251849 -0.733117302 
-3.059118439 10.811172398 -0.517719994 
-3.064164689 10.810416802 -0.510768320 
-3.006524396 10.818037786 -0.640560075 
-3.039059264 10.807827213 -0.657633764 
-3.046017768 10.792789905 -0.821405023 
-3.070094835 10.808907344 -0.503451287 
-3.143545714 10.796769555 -0.295212970 
-3.600532151 10.646383696 0.306904532 
-3.549060601 10.660564138 0.463128554 
-3.625586344 10.593563698 1.087276609 
-3.098110047 10.811512330 0.016013578 
-2.998928496 10.832564941 0.405471729 
-3.064648367 10.797266196 0.706376587 
-3.015368988 10.786289792 0.976256197 
-3.137290082 10.746292725 1.041495066 
-2.959999100 10.819069688 0.795345313 
-3.061381769 10.813769819 0.443335692 
-2.956681907 10.827795138 0.679247288 
-2.956915576 10.819147281 0.789125376 
-3.094900454 10.810771928 -0.327147599 
-3.031761760 10.815603887 -0.586933468 
-3.374054185 10.732913584 0.003956827 
-3.316708763 10.750250773 0.138273069 
-3.004948850 10.826851804 -0.535915707 
-3.107484592 10.801865253 -0.479916788 
-3.345595023 10.742359694 0.025362547 
-3.476841293 10.700953226 0.020682499 
-2.983289082 10.820205985 -0.634815542 
-3.004906113 10.829633792 -0.491518466 
-3.363180902 10.721940797 0.032392141 
-3.295881980 10.757206823 0.094635724 
-3.206357743 10.751610995 -0.789684878 
-2.906030192 10.822371122 -0.812573392 
-2.870190910 10.832207897 -0.853881084 
-3.219042428 10.765013351 -0.285303356 
-3.086015576 10.800631391 -0.560191580 
-3.247105264 10.769917958 -0.103042786 
-3.146406547 10.795569054 -0.292658077 
-3.147414080 10.797618640 -0.173968408 
-2.887308479 10.838320393 -0.706942420 
-2.925513236 10.843896171 -0.536201104 
-2.957841694 10.839623091 0.001651041 
-3.110770109 10.753149322 -0.986781103 
-2.918132386 10.842399469 0.591462611 
-2.845753761 10.843620951 0.824979618 
-2.989100687 10.808047286 0.749766221 
-3.094102753 10.766296511 0.894595144 
-3.300665806 10.737295199 0.622416436 
-3.624216020 10.638888783 0.540593350 
-2.987240532 10.750042870 1.352300638 
-2.561721684 10.853671467 1.299166020 
-2.944875776 10.829016102 0.603277458 
-3.478853319 10.686272363 0.026454302 
-3.079530664 10.783489643 0.665599210 
-3.142133908 10.775602702 0.499999268 
-3.193829426 10.785305853 -0.227792732 
-3.090284259 10.798911334 -0.600502254 
-3.296669652 10.756443302 0.042850397 
-3.282378305 10.760867664 -0.063255636 
-3.008767180 10.825944477 -0.511408448 
-3.084059036 10.801587928 -0.582721251 
-3.306730310 10.753884626 -0.123532569 
-3.301003776 10.756298299 -0.034275268 
-3.236401488 10.774394780 -0.110750922 
-3.252504470 10.769472584 -0.126553225 
-3.318398338 10.748965016 -0.177437761 
-3.383542751 10.730401900 -0.035596018 
-3.096844255 10.808736057 -0.325707262 
-2.986652334 10.828685148 -0.547960934 
-3.269213347 10.763354027 0.000705444 
-2.969795090 10.762708827 1.206462850 
-3.032381881 10.817336648 -0.544064263 
-3.093022514 10.807310255 -0.400437723 
-3.194473638 10.785577899 0.060346334 
-3.292666167 10.756369246 -0.038811418 
-3.088422966 10.810188197 -0.365506435 
-3.118769820 10.804443441 -0.273654563 
-3.260361507 10.765673300 -0.053575360 
-3.267204301 10.763940327 -0.014499982 
-3.301955607 10.754239842 0.051058556 
-3.190198352 10.784379359 0.258846788 
-3.118173599 10.799443588 0.417090743 
-3.092429200 10.801829692 0.523467449 
-2.956541616 10.835919055 0.579756437 
-3.177092393 10.787227988 0.298663757 
-3.289315115 10.757674761 0.120434429 
-3.284943966 10.758876920 0.135130729 
-3.142787776 10.799969188 0.157275432 
-3.181758011 10.787580870 0.233235289 
-3.045263235 10.810193844 0.608266847 
-3.107203769 10.798133838 0.521953426 
-3.060919704 10.812758505 -0.516333257 
-3.093127635 10.803134864 -0.530677799 
-2.994477538 10.799769081 -0.926916253 
-2.983343747 10.807675230 -0.868449030 
-3.033709200 10.827051349 -0.159308898 
-2.962815256 10.837183664 -0.416694721 
-2.998284198 10.827491261 -0.557396333 
-3.064105724 10.798998628 -0.673940824 
-3.154554306 10.790269037 -0.445519745 
-3.132818346 10.801441280 -0.295583553 
-3.005285861 10.806434075 -0.815423245 
-3.007596761 10.799666418 -0.889040585 
-2.991054791 10.825878462 -0.552157666 
-3.141424645 10.798421763 -0.143807887 
-3.176588666 10.781746617 -0.283766906 
-3.229725288 10.767153234 -0.242515358 
-3.510797170 10.689004066 -0.172776196 
-3.325569781 10.740326493 -0.222074227 
-2.798948861 10.778768848 1.428779846 
-2.541260105 10.867003719 1.201371065 
-3.082576640 10.783099118 -0.722472481 
-2.974453522 10.822926224 -0.596778066 
-3.169833052 10.750708965 0.803505121 
-2.885813272 10.844957431 -0.644617910 
-2.997472801 10.823798367 0.598947019 
-3.024499261 10.821641877 0.509154274 
-3.220187122 10.775812926 0.247848296 
-3.322655528 10.747494732 0.104046248 
-3.100251202 10.805279130 0.402117239 
-3.111677960 10.802463550 0.399016465 
-3.052141959 10.805487308 0.644560255 
-3.036781028 10.805215581 0.709329998 
-2.983650816 10.819422226 0.655056013 
-2.932331561 10.852081844 0.249217880 
-2.921834663 10.838454620 0.647788912 
-3.004449930 10.823332455 0.567546164 
-3.201208187 10.777631592 -0.257136500 
-3.314046157 10.744320185 -0.183004899 
-3.216460792 10.769946346 -0.330418849 
-3.024257014 10.774453674 -1.026992685 
-3.023297516 10.801865449 -0.778635521 
-3.125113906 10.793131105 -0.496579182 
-2.974401322 10.828748642 -0.657000027 
-3.263165683 10.766179559 -0.170590710 
-2.830180599 10.833546911 -0.868339635 
-3.088276282 10.787990143 -0.581206458 
-3.132842563 10.784596251 -0.406157691 
-3.097508388 10.789180096 -0.524128562 
-3.028798173 10.819423377 -0.515374616 
-2.995116952 10.822378424 -0.617432391 
-3.259474395 10.766641537 -0.072336374 
-3.264706333 10.764910536 -0.128052471 
-3.016970874 10.823902836 -0.379293053 
-2.991625694 10.830595001 -0.421560580 
-2.991759196 10.832340517 -0.378467089 
-3.114442512 10.806263286 -0.121382523 
-3.092822864 10.806535504 -0.409509350 
-3.174563242 10.788894839 -0.244697765 
-3.149512957 10.793498404 -0.340404935 
-3.212019472 10.777673898 -0.264218018 
-3.029797198 10.817786824 0.531863357 
-3.137365902 10.797926013 0.288118818 
-3.317292883 10.746690291 0.094701421 
-3.225928861 10.772664806 0.193319139 
-3.096094998 10.806932350 0.400713061 
-3.117701362 10.805722841 0.258052281 
-3.226592998 10.776389033 0.112985078 
-3.114179600 10.801515629 0.406895524 
-3.442819536 10.713675406 0.038813588 
-3.273837626 10.764852338 -0.005029203 
-2.776108676 10.856958333 0.931412369 
-3.011443852 10.829839868 0.352661859 
-3.350471269 10.697038189 -0.922569097 
-2.928996032 10.827074264 -0.727759696 
-3.336277074 10.750751975 -0.095853634 
-3.084592436 10.801688742 -0.556387837 
-3.172770337 10.777456528 -0.338288395 
-3.311054592 10.739834751 -0.040691070 
-3.266833666 10.759926592 0.156301203 
-3.104841937 10.802629274 0.143013583 
-2.786996933 10.845009497 -0.941683589 
-2.949471215 10.805324995 -0.821538069 
-3.234810257 10.755209505 -0.552146128 
-3.230409704 10.757869073 -0.459946920 
-3.043862640 10.820712630 -0.208841961 
-2.975998140 10.835903968 -0.163119027 
-3.223185141 10.771520886 -0.089982265 
-3.197149052 10.779069445 -0.150644511 
-3.208961914 10.782104834 -0.020282649 
-3.211095068 10.781783156 0.009139363 
-3.285226296 10.759694538 -0.024910487 
-3.342466399 10.741913855 -0.043623079 
-2.934689891 10.847580140 -0.464165133 
-3.100741022 10.807959597 -0.328668600 
-3.170430593 10.791557286 -0.197738287 
-3.333525869 10.744475503 -0.005503922 
-3.044313462 10.821641737 0.366705490 
-3.080782794 10.809078987 0.439849244 
-3.242068685 10.769160106 0.204457016 
-3.089169502 10.803310129 0.508180705 
-3.083349425 10.798738126 0.368818748 
-3.071907617 10.812349925 0.112454620 
-3.155799867 10.785602164 0.259135791 
-3.319017168 10.743596646 -0.041493754 
-3.088294725 10.809895592 0.346911324 
-3.147367917 10.793139029 0.347660287 
-3.167619371 10.784902777 0.404455670 
-3.112308536 10.800723103 0.389313553 
-3.093196962 10.793642277 -0.509843089 
-3.139123186 10.787378488 -0.366929193 
-3.166328004 10.783275207 -0.298286171 
-3.264712568 10.754872127 -0.221453745 
-3.004212185 10.774194459 -1.139979443 
-2.715564094 10.903027859 0.258569035 
-3.311130312 10.750553930 -0.257458085 
-3.536126795 10.678868991 -0.150846862 
-3.130758286 10.796482929 -0.337699100 
-2.929977976 10.840776176 -0.563934581 
-3.053819036 10.814051115 -0.481570599 
-3.119904250 10.796376239 -0.453392253 
-3.031694413 10.812451632 -0.629504698 
-2.969569279 10.806937256 -0.904113242 
-3.211255346 10.778610008 -0.247660263 
-3.296503959 10.755948084 -0.088976268 
-3.077203427 10.807247312 -0.500121065 
-3.021294241 10.824012913 -0.484774587 
-3.074672157 10.808236027 -0.499800477 
-3.088235856 10.806894824 -0.451070977 
-3.075463630 10.773338233 -0.871730903 
-3.308905969 10.743782854 0.022625063 
-2.755271806 10.885147855 -0.554627675 
-2.928563494 10.813184311 -0.845535290 
-3.250589781 10.769596288 0.072013088 
-3.225425936 10.771371882 0.354055410 
-2.994281625 10.812808941 0.761442702 
-3.095399141 10.789566056 0.704774836 
-3.223199099 10.777369568 0.123682236 
-3.165434918 10.794483478 0.112510663 
-2.999292029 10.803166926 0.860964642 
-3.747374876 10.573273430 0.783011849 
-3.311822152 10.751709247 -0.002709517 
-3.110406157 10.806935410 0.280122627 
-3.092190021 10.798730132 0.582711388 
-3.045060167 10.802211554 0.720603402 
-3.117350043 10.798818958 -0.480165992 
-3.039633484 10.818101855 -0.532322426 
-3.307559208 10.753138862 -0.140930450 
-3.306457941 10.753630767 -0.143759865 
-3.039772260 10.818654351 -0.517750521 
-3.111033170 10.809379406 -0.250981851 
-3.362256673 10.736972499 -0.080044271 
-3.369374362 10.735268004 -0.068251932 
-2.997639751 10.812919734 -0.765503867 
-3.041827789 10.818550177 -0.514419395 
-3.102406691 10.806069225 -0.412643946 
-3.276557646 10.761326153 -0.226497087 
-3.193264983 10.778641097 -0.413997677 
-3.095673992 10.801971018 -0.507088945 
-3.203427449 10.782537509 -0.165919223 
-2.901506340 10.836853965 -0.781015286 
-3.091452891 10.790384221 -0.704316674 
-3.057242613 10.780004616 -0.935817253 
-3.264995163 10.765221666 -0.117555936 
-3.179277153 10.788708443 -0.220750392 
-3.077580550 10.808952317 -0.469320914 
-3.060740795 10.812298167 -0.501925518 
-3.061157101 10.807891865 -0.567908870 
-3.253529249 10.767964075 -0.157479605 
-3.172952692 10.791198839 0.262346556 
-3.449438002 10.648695686 1.061274307 
-3.512658806 10.639766490 0.935286624 
-3.546527271 10.626121553 0.959691832 
-3.020594918 10.819497476 0.562430605 
-2.992340186 10.818944647 0.689780362 
-3.095432613 10.763350602 0.997782255 
-3.028205433 10.785339770 0.965431649 
-2.992037416 10.797835653 0.936830686 
-2.956147620 10.808944072 0.926563941 
-2.980698103 10.803121114 0.917422239 
-3.044838464 10.782514678 0.947259642 
-2.979730893 10.823405497 -0.692030072 
-2.991089273 10.831085851 -0.526536963 
-3.392180605 10.726561390 -0.182266390 
-3.294434070 10.756508614 -0.192176033 
-2.922376490 10.845854750 -0.585818786 
-3.214946419 10.780913916 -0.152267125 
-3.361172535 10.737047222 -0.129520863 
-3.244444746 10.768514160 -0.322077360 
-3.153613803 10.796471191 -0.266749845 
-2.973958872 10.838098455 -0.485730338 
-3.149983927 10.789579659 0.162366912 
-3.254115045 10.759003041 0.186927260 
-3.169007655 10.733994056 -1.080851437 
-3.225817448 10.715930438 -1.093918273 
-3.083244482 10.806986831 -0.472707712 
-3.028024704 10.807579924 -0.708443995 
-3.260212177 10.706977386 -1.112918451 
-3.180220163 10.725820698 -1.102687196 
-3.023736099 10.778724356 -1.003112243 
-3.188164457 10.777932140 -0.100707495 
-3.073064984 10.778397093 -0.905586045 
-3.047271309 10.774569375 -1.016923468 
-3.062597421 10.801199493 -0.661979371 
-3.271780196 10.762788019 -0.123054419 
-3.225459643 10.777276807 0.077860880 
-3.200424562 10.784532115 0.087640919 
-2.998094282 10.792419397 0.978051990 
-2.949907390 10.821624120 0.801467664 
-3.149024428 10.795583195 0.289919634 
-3.246110134 10.770631829 0.132960357 
-2.952582931 10.811034271 0.914598229 
-3.074443771 10.766441791 1.022028845 
-3.275137527 10.762755474 0.014546086 
-3.246865484 10.770250371 0.145957363 
-2.993534639 10.808090931 0.826402537 
-3.081335070 10.767344642 1.001111274 
-3.321149837 10.749047732 -0.168178919 
-3.345768172 10.741820313 -0.124053784 
-3.356034838 10.739368104 -0.022854565 
-3.028350265 10.812334085 -0.659717507 
-3.159608257 10.786280907 -0.482867013 
-3.174572702 10.786133012 -0.395081688 
-3.202838905 10.785469283 -0.025722301 
-3.105444871 10.806883507 -0.371137099 
-3.187773307 10.775896415 -0.334195202 
-2.902035807 10.796077333 -1.083836321 
-3.083953190 10.806511435 -0.513078594 
-3.074919778 10.815121728 -0.380840674 
-2.968120689 10.830750392 -0.610350750 
-3.953762583 10.496603550 -0.735849296 
-3.109138702 10.800625432 -0.450493231 
-3.097393306 10.757986111 -1.010933514 
-2.974585891 10.825928981 -0.656243971 
-2.991633686 10.795149264 -0.959799323 
-3.207564851 10.781053010 -0.186985788 
-3.243606381 10.769044701 -0.243515418 
-2.989670859 10.828797351 -0.544494552 
-3.113660657 10.803354974 -0.363934137 
-3.102231924 10.803107256 -0.441384364 
-3.115315281 10.798735761 -0.453494476 
-3.196737982 10.784933506 0.148979524 
-3.168704214 10.791178829 0.250819237 
-3.042223405 10.781918271 0.963704824 
-2.989897934 10.796159362 0.962792729 
-3.153093390 10.797124804 0.178326037 
-3.082426896 10.815357506 0.262083123 
-3.024766260 10.794928398 0.876055042 
-3.056038111 10.802780059 0.678151532 
-3.254330017 10.761755377 0.022483022 
-4.020481782 10.471943747 0.749171538 
-2.931983465 10.797531773 0.994907898 
-2.990998331 10.770603170 1.071432238 
-3.331133255 10.746117165 -0.164939824 
-2.954382206 10.822554662 -0.791022052 
-3.355031653 10.740114237 -0.049981882 
-3.216614992 10.780288658 -0.160524203 
-3.089759759 10.800032076 -0.587678590 
-2.987404793 10.811638789 -0.816564531 
-3.341584958 10.743793264 -0.023646553 
-3.369514581 10.734932764 -0.077084094 
-3.011919795 10.797599086 -0.900956254 
-3.110213248 10.796448445 -0.567806129 
-3.196704246 10.785220547 -0.217297225 
-3.270820455 10.764306150 -0.159862200 
-2.957733181 10.827358255 -0.532974495 
-2.933765415 10.830383015 -0.614815748 
-3.217676307 10.770597649 -0.097144905 
-3.330002364 10.740607533 0.049025688 
-3.048430392 10.815471661 -0.478048222 
-3.184078542 10.787498430 -0.174588601 
-3.216049553 10.776979947 -0.210775099 
-3.087121105 10.808612292 -0.401494140 
-3.029272790 10.807451829 -0.691680831 
-3.099687794 10.799912727 -0.506569132 
-3.283989357 10.757893997 -0.012531651 
-3.286716808 10.756685171 -0.099409791 
-3.164192106 10.794989603 0.089064566 
-3.126437221 10.803946657 0.206117870 
-3.237331165 10.773475450 -0.049708736 
-3.237593240 10.773755430 -0.056593307 
-2.983557059 10.833243582 0.358330448 
-3.068071194 10.812241519 0.046657836 
-3.164838943 10.789172280 0.004971558 
-3.140076998 10.794104412 0.211265912 
-3.207672782 10.782230235 0.092205743 
-3.242613915 10.771963395 -0.000329565 
-3.309747265 10.751760117 0.041594503 
-3.284203509 10.759361602 0.065911989 
-3.509360152 10.668935451 -0.658987565 
-3.075647953 10.778950052 -0.838124459 
-3.059502617 10.824880116 0.104512369 
-3.040445289 10.827462537 0.337309130 
-2.971460461 10.798918595 -0.906455722 
-2.985258559 10.818198784 -0.607839508 
-3.360438975 10.727087998 -0.153734265 
-3.106696231 10.792331656 -0.470697226 
-3.041504488 10.820188134 -0.405296109 
-3.082529193 10.806294410 -0.475645166 
-3.080210700 10.813228222 -0.273186246 
-3.198434436 10.781785178 -0.046326883 
-3.121890051 10.801713882 -0.341639675 
-3.095846293 10.805961023 -0.421237190 
-3.126460879 10.797396468 -0.418409817 
-3.101815112 10.805745713 -0.394940462 
-3.069397533 10.813488401 -0.388145069 
-3.252842838 10.766099027 -0.212378097 
-3.295530621 10.753383174 -0.102169832 
-3.299496253 10.752391800 -0.015080999 
-3.281484449 10.762680885 -0.008880409 
-3.443134346 10.712684268 -0.116244194 
-3.140465832 10.801669565 -0.059939229 
-3.102207345 10.814740277 -0.212683939 
-3.026485652 10.822745838 0.453872348 
-3.049825220 10.818698595 0.260714223 
-2.954432939 10.839918035 0.443661636 
-3.144999594 10.795496971 0.235778740 
-2.977639358 10.818971908 0.740566491 
-3.030529374 10.816120962 0.570017029 
-3.275324875 10.761520423 0.133237308 
-3.209925187 10.780787926 0.135225406 
-3.042263694 10.820223733 0.417412416 
-3.088088660 10.809292979 0.382604781 
-3.136045885 10.796419778 0.357919336 
-3.230113807 10.774556483 0.134430696 
-3.146560911 10.748408746 -0.900195539 
-2.931313805 10.793891462 -1.049299035 
-3.004805792 10.780936600 -0.988557507 
-3.302898306 10.742328999 -0.080368551 
-3.201683673 10.784550710 -0.082126306 
-3.070061355 10.820593875 -0.284302184 
-3.374969933 10.732790598 -0.145707031 
-3.129811257 10.798058320 -0.367211251 
-3.372081938 10.723520169 -0.104491561 
-3.204432552 10.772210694 -0.324015402 
-3.249885057 10.754345959 -0.213345567 
-2.848270132 10.873650492 -0.229097771 
-2.987955779 10.827857906 -0.564672526 
-3.063489735 10.808510580 -0.541902696 
-3.286478266 10.758509499 -0.117815097 
-3.195638124 10.778984241 -0.378898134 
-3.220090715 10.778845434 -0.053854876 
-3.110697750 10.806466404 -0.275536961 
-3.111587495 10.800557270 -0.443466137 
-3.067669812 10.808687814 -0.525533332 
-2.992141548 10.819606170 -0.677286609 
-2.911302855 10.839094664 -0.703371440 
-3.245293754 10.769191099 -0.216064975 
-3.184221899 10.784122355 -0.322749658 
-3.075504510 10.816256578 0.292166335 
-3.035172018 10.825354720 0.359110841 
-3.143408626 10.794111055 0.378305318 
-3.086437746 10.808795963 0.413534709 
-2.945638392 10.817851474 0.689037514 
-3.164476926 10.783866304 0.180284263 
-3.988440393 10.487933313 0.680184023 
-3.783157463 10.553637942 0.783625583 
-3.209298477 10.781273814 0.134848405 
-3.125545805 10.805321995 0.155691632 
-3.101631634 10.802142880 0.471852272 
-3.056978236 10.814140334 0.479046979 
-2.988116154 10.827606112 -0.606260678 
-2.966603559 10.817124777 -0.819423488 
-3.244569584 10.770514492 -0.250617399 
-3.193698413 10.784598416 -0.277742137 
-3.016336348 10.813116369 -0.701850621 
-2.964633965 10.805746724 -0.944825651 
-3.262184227 10.766436580 -0.192718680 
-3.247390612 10.769326823 -0.262813844 
-2.971590263 10.816507524 -0.805308001 
-2.977834548 10.820725646 -0.732764004 
-3.193082652 10.786102080 -0.209193599 
-3.169398691 10.791427594 -0.290939992 
-3.238473350 10.773059201 -0.085061987 
-3.022910841 10.822130876 -0.502654183 
-3.056786960 10.814754051 -0.466580599 
-3.205024880 10.782132718 -0.188526113 
-3.288524626 10.758126986 -0.095354576 
-3.244447382 10.771066906 -0.106291152 
-3.240547820 10.772218212 -0.109560444 
-3.284838389 10.757789659 -0.182840490 
-3.324852377 10.734473842 -0.215355317 
-3.000635009 10.819271058 -0.648678911 
-3.360805618 10.676822929 -1.059897057 
-3.251981403 10.771064751 -0.084403349 
-3.232759599 10.763917283 0.370331376 
-3.200925668 10.777231045 0.212963541 
-3.049824104 10.711467849 1.449221212 
-2.785386467 10.860958889 -0.789190110 
-3.103352730 10.801067692 0.422147605 
-3.123721150 10.799109626 0.318626751 
-3.236382224 10.769383284 -0.016936767 
-3.263086274 10.761174972 0.058784444 
-3.131937362 10.795784561 0.143672273 
-3.105368521 10.793677255 0.431498451 
-3.167870223 10.780110433 0.289480601 
-3.168647817 10.777775671 0.340530622 
-2.960045613 10.792650485 -0.998525308 
-2.953022519 10.795009761 -0.991712128 
-3.244323197 10.761813334 -0.159718481 
-3.273506212 10.753328285 -0.120978481 
-3.385324022 10.735758703 0.011131839 
-2.969119447 10.799122558 -1.013067428 
-2.809469702 10.845645321 -0.970009467 
-3.110566019 10.802483261 -0.383741631 
-3.169979504 10.780015912 -0.387015353 
-2.973609759 10.793981637 -0.946577108 
-4.345157505 10.345064968 -0.686577066 
-4.323063324 10.360560736 -0.639046111 
-3.092594420 10.808553464 -0.300286542 
-3.126085191 10.797872411 -0.331653276 
-3.254779945 10.763680913 -0.041412647 
-3.223771192 10.772531634 0.112276143 
-3.125355496 10.790544702 -0.477665514 
-3.189609603 10.781958701 -0.106888168 
-2.764440508 10.838710961 1.041517115 
-2.617426317 10.862943461 1.105515516 
-3.055134510 10.799718517 -0.561739019 
-3.148769863 10.790429019 -0.168061799 
-3.227406619 10.764874464 -0.175359440 
-3.153485284 10.784320887 -0.289493558 
-3.283128017 10.759964050 0.091678720 
-3.287023058 10.758919848 0.102944400 
-3.080604321 10.803025390 0.559013365 
-3.149295629 10.792236614 0.377040825 
-3.272829137 10.761920595 0.175774737 
-3.228309514 10.776277607 0.097806755 
-3.026495036 10.803218549 0.769047945 
-3.053585096 10.804736251 0.654063954 
-3.387202946 10.736544031 0.101499691 
-3.295117991 10.743851050 0.215926017 
-3.116071462 10.795296555 0.088700115 
-3.383055962 10.670951264 1.050356456 
-2.767144015 10.865253327 -0.734124672 
-2.899309141 10.839554689 -0.605767626 
-3.443772856 10.712148272 0.133983132 
-3.014708950 10.798722201 -0.874450177 
-3.259790405 10.757116657 -0.163776820 
-3.252210456 10.758348756 -0.227197556 
-3.008634526 10.817090484 -0.425251783 
-3.186802669 10.778129422 -0.253356486 
-3.060447863 10.806415626 -0.467731431 
-3.105322023 10.746167980 -1.041075097 
-2.986716315 10.794288850 -0.886538374 
-3.057614535 10.783275341 -0.695015636 
-3.100151820 10.800488334 -0.560958689 
-2.963844130 10.815796270 -0.751278727 
-3.360443577 10.665744436 -1.105389709 
-3.076215886 10.765622852 -0.950341638 
-2.975002575 10.835591808 -0.500730317 
-2.954842804 10.837001394 -0.570134402 
-3.222404150 10.778013979 -0.064190654 
-3.209105926 10.781715465 -0.080156779 
-2.995288542 10.829292628 -0.519537141 
-2.994785413 10.830395558 -0.490099372 
-3.253500721 10.768303346 -0.114175854 
-3.170710477 10.791809658 -0.171527886 
-3.125321787 10.801583888 0.312294740 
-3.099290802 10.809059744 0.310393203 
-3.069686279 10.784840066 0.850969212 
-3.038177392 10.811806220 0.619122924 
-3.132171380 10.800043698 0.299336491 
-3.098414095 10.805878583 0.405684562 
-3.081426742 10.787774627 0.779749196 
-3.140038647 10.788209266 0.531648095 
-3.091975466 10.813649587 0.209599063 
-3.233548816 10.775129678 -0.001406435 
-3.100674327 10.799909024 0.524167688 
-3.069254340 10.803222245 0.615365051 
-3.206811305 10.776129799 -0.417761169 
-3.161242902 10.787346559 -0.470100018 
-3.048875827 10.807476409 -0.647921129 
-3.021761286 10.817258526 -0.612078683 
-3.104488610 10.797395568 -0.571693743 
-3.143732503 10.796337181 -0.372337523 
-3.059214249 10.803532842 -0.663710001 
-3.060596994 10.814716226 -0.474597323 
-3.112328095 10.798743512 -0.518218988 
-3.125185910 10.797853188 -0.461681903 
-3.240758002 10.771454723 -0.242877585 
-3.060328585 10.813628035 -0.498436935 
