-2.124726090 8.163151100 -0.402921200 
-2.118924137 8.168125744 -0.324778068 
-2.230311450 8.147663118 -0.067707978 
-2.206729469 8.153239263 -0.092749990 
-2.083351627 8.163922873 -0.537883117 
-2.083298509 8.172128954 -0.412678132 
-2.237261757 8.146040958 -0.062008176 
-2.224909292 8.148869895 -0.073231537 
-2.149532600 8.161549742 -0.311352606 
-2.164907135 8.156800464 -0.340371525 
-2.186795743 8.157334819 -0.159666965 
-2.192045384 8.156154727 -0.124806109 
-2.083973460 8.177318830 0.315431346 
-2.135626244 8.169017168 0.165982212 
-2.136068598 8.162467174 0.378288217 
-2.138132696 8.164213616 0.327245439 
-2.192690893 8.156269741 0.053247881 
-2.210278205 8.152886761 -0.009642544 
-2.146325181 8.159413802 0.400437866 
-2.122097303 8.162514232 0.435722762 
-2.135958248 8.167504928 0.235577079 
-2.098432275 8.168863032 0.411245384 
-2.124295715 8.165765435 0.361670421 
-2.116160170 8.166342412 0.391403512 
-2.034009470 8.173881920 -0.559418048 
-2.037636779 8.171908446 -0.575369947 
-2.155836814 8.161145788 -0.287296119 
-2.163182842 8.156036804 -0.371962887 
-2.099256696 8.131144858 -0.845436630 
-2.068024472 8.164993394 -0.577841419 
-2.203316741 8.153813691 -0.109439248 
-2.129481986 8.164560757 -0.360321018 
-2.042559479 8.178814554 -0.448741833 
-2.023512751 8.178880989 -0.514586680 
-2.183564177 8.157442829 -0.184405497 
-2.166467750 8.157367478 -0.299468216 
-2.060595631 8.169130113 -0.539430524 
-2.087616632 8.168858702 -0.457245395 
-2.232554896 8.147060958 -0.054964915 
-2.217483506 8.150802938 -0.070181552 
-2.104890040 8.173895295 -0.258780376 
-2.115246937 8.164266375 -0.421700792 
-2.204038952 8.152767199 -0.174239906 
-2.240649099 8.144855295 -0.109615466 
-2.132147767 8.168042476 -0.250624509 
-2.127880228 8.167681510 -0.286011913 
-2.198019778 8.154974903 -0.117478376 
-2.190808524 8.155752636 -0.172810005 
-2.208569232 8.153004312 0.104512867 
-2.164565427 8.162307287 0.194477476 
-2.110524047 8.155286810 0.580005513 
-2.110779488 8.148061139 0.661039249 
-2.192911842 8.156762428 0.036553276 
-2.199020436 8.154956371 0.062367873 
-2.155206174 8.158788855 0.357641254 
-2.105382742 8.162715571 0.495170947 
-2.210272171 8.151719405 0.144682043 
-2.117972634 8.170395290 0.266693679 
-2.080741720 8.161342148 0.585758261 
-2.072420552 8.162370870 0.594399022 
-2.079911596 8.160722500 -0.599932551 
-2.119489023 8.146420661 -0.658329281 
-2.146268722 8.163317508 -0.294367306 
-2.169623121 8.160943976 -0.172611248 
-2.106502708 8.157294462 -0.561721390 
-2.102998959 8.147332569 -0.684553368 
-2.175799859 8.159348459 -0.189924293 
-2.113577570 8.173739969 -0.187590675 
-2.100466581 8.157416704 -0.585194063 
-2.083492730 8.156098893 -0.636047864 
-2.175211391 8.158014747 -0.248722701 
-2.186997847 8.158474007 -0.024918585 
-2.094429403 8.163116685 -0.525968787 
-2.100593161 8.163398078 -0.494336203 
-2.142852585 8.165382372 -0.262765140 
-2.064860354 8.173223912 -0.479272504 
-2.089983202 8.163377608 -0.529723352 
-2.142773003 8.155856049 -0.455831233 
-2.154415119 8.162503416 -0.268435364 
-2.223984579 8.149240747 -0.098567473 
-2.089337281 8.166696355 -0.490881331 
-2.076350198 8.158064570 -0.633230709 
-2.127361466 8.167576892 -0.306016997 
-2.142078285 8.156825482 -0.463553905 
-2.135980769 8.148423759 0.597382866 
-2.131270211 8.156498051 0.503335577 
-2.142943449 8.157507220 0.452034812 
-2.099835112 8.161317591 0.536938050 
-2.116414236 8.154904409 0.571095141 
-2.114191286 8.144729918 0.690758059 
-2.153563099 8.154088208 0.463395975 
-2.135037627 8.161408766 0.411956369 
-2.088805894 8.173106641 0.378384653 
-2.090082335 8.170909178 0.422267574 
-2.150643323 8.151078461 0.517011592 
-2.110800132 8.161830635 0.493908192 
-2.056497234 8.171624502 -0.538268017 
-2.059391986 8.168986986 -0.565082327 
-2.108540066 8.164498811 -0.451266389 
-2.093104121 8.168572428 -0.453873800 
-2.022229270 8.177304067 -0.563865581 
-2.026666112 8.172225590 -0.611695709 
-2.163908321 8.160215443 -0.267172316 
-2.174128210 8.158577345 -0.230397118 
-2.130681958 8.158423491 -0.471166176 
-2.063638005 8.167670439 -0.559711507 
-2.110782647 8.158836853 -0.527470783 
-2.187661595 8.155961915 -0.221305740 
-2.127558816 8.160979207 -0.428072162 
-2.154304385 8.156540369 -0.403772964 
-2.215155982 8.151176050 -0.017007530 
-2.259861534 8.139903307 0.016832616 
-2.086009140 8.173811877 -0.344146146 
-2.088182246 8.143176193 -0.745880152 
-2.210252296 8.151576588 -0.026038082 
-2.223398587 8.148218149 -0.018097414 
-2.167888976 8.155815481 0.194758332 
-1.996218692 8.179194555 -0.471259948 
-2.097312111 8.126507634 -0.850394999 
-2.098447483 8.166905896 -0.219409588 
-2.077472374 8.161877373 0.584693127 
-2.064892495 8.159600638 0.642922038 
-2.238877433 8.145413315 -0.047241470 
-2.272039093 8.137458229 -0.049488631 
-2.189618241 8.098525763 0.922957688 
-2.101904084 8.141764648 0.748728659 
-2.186476729 8.157696608 0.140987610 
-2.097892536 8.163407877 0.515277209 
-2.203117878 8.154662589 0.072031917 
-2.185310941 8.157681160 0.030637536 
-2.100200305 8.169693540 0.197598135 
-2.091205507 8.174920679 0.259402759 
-2.092062445 8.173816512 0.021258376 
-2.016668359 8.181217939 -0.424124643 
-2.152627035 8.095342893 -0.966868012 
-1.970834643 8.168173337 -0.710392202 
-2.017548990 8.195513222 -0.032746550 
-2.055450463 8.165241882 -0.667742395 
-2.169629390 8.164939531 -0.128298743 
-2.187792260 8.157794219 0.046930978 
-2.164429630 8.160899429 -0.037419343 
-2.149155118 8.150810520 -0.497994293 
-2.210433261 8.146862751 -0.159072274 
-2.247366292 8.137078326 -0.046005880 
-2.121416768 8.155857097 -0.530857310 
-2.115144696 8.165286469 -0.402106583 
-2.189403124 8.086836521 -1.000505240 
-2.161268900 8.093718525 -0.997769401 
-2.221850522 8.151199934 -0.057353870 
-2.050523764 8.142736310 -0.814117524 
-2.031588548 8.177851092 -0.512899643 
-2.175367710 8.138179365 -0.603243530 
-2.096914856 8.167800635 -0.441908984 
-2.070034384 8.165177773 -0.568419798 
-2.100602186 8.168686303 -0.397527614 
-2.107833628 8.167841467 -0.392683930 
-2.021914985 8.097623539 1.058586374 
-2.601777153 8.069968231 0.079701186 
-3.390261274 7.713082959 0.580722438 
-2.937755310 7.888763739 0.705686867 
-2.066725772 8.168744517 0.486740566 
-2.134516101 8.163038394 0.302093083 
-2.104769450 8.152420788 0.636665372 
-2.099163694 8.153670828 0.624258821 
-2.116773049 8.163837428 0.404063771 
-2.085962475 8.167219677 0.464512812 
-2.075673346 8.161932597 0.578891417 
-2.102803656 8.122116137 0.892892087 
-2.157640389 8.114252471 -0.873983049 
-2.159920789 8.105343643 -0.929511011 
-2.138415494 8.167098482 -0.241708026 
-2.163658003 8.161611007 -0.211094919 
-2.121340927 8.121203132 -0.877738239 
-2.072134393 8.151740033 -0.712094164 
-2.148885264 8.166785786 -0.110648740 
-2.155655099 8.158922610 -0.350412508 
-2.101881454 8.159494060 -0.549620688 
-2.100157082 8.164701650 -0.479621654 
-2.120811509 8.168127215 -0.314348944 
-2.156445422 8.159715485 -0.320225603 
-2.056367871 8.167107219 -0.586160241 
-2.171058455 8.117059576 -0.827149305 
-2.127124050 8.169615887 -0.224843748 
-2.177277260 8.151198045 -0.357264877 
-2.118784248 8.169818086 -0.280572521 
-2.156757730 8.163011245 -0.212970058 
-2.079665065 8.163850290 -0.561437877 
-2.099190071 8.165390374 -0.482884016 
-2.096275372 8.164310577 -0.489211778 
-2.111618367 8.163830640 -0.442046804 
-2.146721147 8.156876782 -0.438604825 
-2.126749416 8.165574894 -0.349115740 
-2.121010464 8.164855862 0.201293789 
-2.127888508 8.169989279 0.119972514 
-2.187513068 8.146788431 0.420835776 
-2.194590254 8.147853783 0.366399817 
-2.081619909 8.153202114 0.538576224 
-2.277795722 8.144396378 0.282962893 
-2.085891360 8.145340064 0.663450068 
-2.258024757 8.148315287 0.062389040 
-2.090668976 8.171531466 0.378895272 
-2.148132695 8.158949700 0.343497313 
-2.097198696 8.171344776 0.336333918 
-2.095147182 8.170617064 0.372224164 
-2.093406111 8.119910766 -0.860455809 
-2.127968434 8.110838565 -0.864702807 
-2.141358547 8.159958463 0.125923965 
-2.144620973 8.158406928 0.048674021 
-2.069223613 8.172844679 -0.441215441 
-2.068845223 8.171178131 -0.465838829 
-2.243073751 8.144396970 -0.085235581 
-2.256162144 8.141006709 0.024903741 
-1.997452704 8.107425597 -1.063794823 
-2.153228073 8.056721559 -1.138582620 
-2.575430069 8.068856126 -0.101014713 
-2.296030929 8.136159468 -0.476001358 
-2.384877555 8.116892972 0.052067285 
-2.298714384 8.139018634 0.200406849 
-2.104017314 8.070354679 -1.170773611 
-1.891197720 8.131820098 -1.033003248 
-2.085254141 8.161571298 -0.562229146 
-2.075622540 8.162579078 -0.560742892 
-2.088410529 8.167358467 -0.463497759 
-2.123915193 8.162676808 -0.394909292 
-1.970651410 8.196526323 -0.166639835 
-2.165754910 8.087960175 -0.988273542 
-2.134579155 8.160081294 0.493501122 
-2.152226128 8.112950968 -0.819816381 
-2.200469289 8.154290139 0.099892419 
-2.206694474 8.153559225 0.033418914 
-2.029421060 8.166257947 0.661063620 
-2.125307398 8.165543167 0.342372509 
-2.205554684 8.149779095 0.170466403 
-2.144657962 8.161087761 0.037463109 
-2.104092474 8.174983246 0.355113733 
-2.025635020 8.186310785 -0.375229154 
-2.205617560 8.152137052 0.126765888 
-2.257015286 8.139972276 0.125148548 
-2.026113815 8.151417269 0.706877952 
-2.040273740 8.175340647 0.302090576 
-2.135401714 8.137693857 -0.701419040 
-2.105639911 8.134444453 -0.795942354 
-2.106509483 8.163905245 -0.469847693 
-2.111488089 8.152977573 -0.598937847 
-2.181578894 8.099055602 -0.926202954 
-2.180484446 8.096240629 -0.948149200 
-2.121431922 8.162363738 -0.435514214 
-2.191154752 8.151377585 -0.322758618 
-2.231758136 8.141918740 -0.131873557 
-2.064322306 8.127529602 -0.863319262 
-2.096914864 8.139024067 -0.779291243 
-2.074736276 8.121080523 -0.908157485 
-2.077526057 8.166326400 -0.476579979 
-2.068796737 8.170227501 -0.435305591 
-2.062034746 8.148324122 -0.741442260 
-2.084619149 8.159827294 -0.565372877 
-2.754478113 7.980167974 -0.664449875 
-2.662693240 8.003280717 -0.730750499 
-3.698729712 7.573582456 -0.445679555 
-1.993026880 8.093656287 -1.122641057 
-2.036161744 8.155432870 -0.735633437 
-2.037385747 8.163373585 -0.654529810 
-2.145762290 8.121317207 -0.809464916 
-2.165295716 8.146413873 -0.494226886 
-2.279083147 8.140931423 0.131824679 
-2.112233948 8.147165399 0.678456610 
-2.236591416 8.064610532 1.035688996 
-2.205014471 8.072530144 1.012338293 
-2.087638134 8.147193695 0.712957863 
-2.160824207 8.108075100 0.904461913 
-2.217826905 8.079404164 1.004405937 
-2.208884998 8.081775615 1.005219945 
-2.110488469 8.166533368 0.400808855 
-2.156444288 8.162906299 0.212348264 
-2.033804249 8.164408191 0.666652322 
-2.112806590 8.128356087 0.834580704 
-2.075132602 8.159242732 -0.622915146 
-2.099381872 8.147545858 -0.694935309 
-2.108396068 8.168723866 -0.384728384 
-2.134407873 8.163349970 -0.362588438 
-2.098941677 8.165529441 -0.484199028 
-2.105077904 8.159593696 -0.544769487 
-2.107862614 8.167168873 -0.400638845 
-2.085497023 8.167838061 -0.477835933 
-2.130608877 8.111536196 -0.930067127 
-2.085411684 8.160390411 -0.585433552 
-2.165506841 8.153918033 -0.405573335 
-2.120978962 8.152528274 -0.574969219 
-2.107354990 8.166474198 -0.424513086 
-2.084733671 8.164684962 -0.531842943 
-2.157400488 8.161217722 -0.275084494 
-2.118566680 8.160887130 -0.461276153 
-2.105389413 8.171727519 -0.317135815 
-2.078088586 8.161795380 -0.600171482 
-2.110941637 8.136449697 -0.766978436 
-2.221751381 8.149197911 -0.117911343 
-2.062920073 8.180038789 -0.319269438 
-2.138225703 8.152728292 -0.510889084 
-2.190725886 8.155718940 -0.188196287 
-2.105121797 8.168471192 -0.380119263 
-2.314376069 8.137968107 0.289629279 
-2.170497601 8.164562586 0.398599071 
-2.137599773 8.049099455 -1.207667487 
-1.858013738 8.202962542 0.228426046 
-2.098250172 8.158754916 0.525445287 
-2.094710532 8.160610116 0.512835755 
-2.136266256 8.163267327 0.294281890 
-2.153417676 8.159899108 0.285264804 
-2.032969603 8.172079850 0.543064038 
-2.062016837 8.154677020 0.598243602 
-2.097439562 8.109850923 0.943514131 
-2.253880871 8.136304198 -0.230199142 
-2.081237264 8.170652346 -0.425254042 
-2.066447595 8.165086106 -0.559760552 
-2.086484583 8.164655594 -0.522651797 
-1.989450719 8.175822611 -0.629329425 
-2.254643877 8.117431639 -0.722490131 
-2.275277347 8.118739800 -0.681970775 
-2.296894915 8.127429534 0.142168076 
-2.356458071 8.111223456 0.066012437 
-2.334972994 8.119945918 -0.042580129 
-2.239537846 8.138040800 -0.269595436 
-2.159196912 8.157896613 -0.275062995 
-2.018142187 8.177406419 -0.288760648 
-2.059880460 8.168703781 -0.552087314 
-2.081461749 8.166978924 -0.501469708 
-2.295559351 8.130798354 -0.156754810 
-2.175650615 8.159134543 -0.217822745 
-2.124840351 8.163185548 -0.413423847 
-2.137744505 8.155148137 -0.497017603 
-2.155791733 8.159865391 -0.331816175 
-2.159549077 8.160245164 -0.291590642 
-2.085918278 8.163450817 -0.532559629 
-2.093372447 8.167424260 -0.455602870 
-2.201427319 8.154690526 -0.031654811 
-2.252256333 8.142183126 -0.105782392 
-2.098539164 8.165641705 0.466417078 
-2.123599668 8.166707915 0.324780018 
-2.164037621 8.161941719 0.193503810 
-2.140075481 8.167243172 0.202468707 
-2.105940696 8.174163609 0.218828152 
-2.145337192 8.166861810 0.112899814 
-2.113313971 8.171165858 0.299151299 
-2.398707899 8.015597518 -1.051057920 
-2.132180768 8.167894818 0.229672845 
-2.188008433 8.157380864 0.110358999 
-2.178212328 8.158963937 0.171228370 
-2.154638136 8.159690840 -0.296908224 
-2.171953458 8.156244486 -0.024504206 
-2.116085653 8.170357560 -0.121793314 
-2.049083717 8.182402381 -0.120037457 
-2.192905550 8.149553855 0.138533132 
-2.124903238 8.166538658 -0.343743996 
-2.096386239 8.164575966 -0.495896210 
-2.215847469 8.150539336 -0.150585470 
-2.231085713 8.147399030 -0.092833413 
-2.185899858 8.155377087 -0.075360311 
-2.096525766 8.172231804 -0.356884344 
-2.192712399 8.154083231 -0.227561042 
-2.168343161 8.160839565 -0.198460368 
-2.585617349 8.025622069 -0.748081949 
-2.704330862 7.975148590 -0.804810866 
-2.053251846 8.082242122 -1.169915544 
-1.863809671 8.139061580 -1.017734715 
-2.017600020 8.159425971 -0.730380903 
-2.013590325 8.167153716 -0.655054838 
-2.106709541 8.155128265 -0.558566598 
-2.128457833 8.151958110 -0.534042435 
-2.166845568 8.157221948 -0.286621184 
-2.063208951 8.160447228 -0.573635279 
-2.106805960 8.162506428 -0.462098760 
-2.123739290 8.160908966 -0.405933506 
-2.111869024 8.163741055 0.443501457 
-2.125547295 8.161626053 0.425136580 
-2.026728701 8.165348238 0.674916207 
-2.053599091 8.172185255 0.527922286 
-2.241405782 8.141670499 0.135130407 
-2.037865342 8.174714718 0.430014955 
-2.007156902 8.136227028 0.885211970 
-2.076460844 8.162179040 0.456392244 
-2.164160331 8.088755458 1.003963970 
-1.974540458 8.183688904 0.521113906 
-2.106328056 8.166132036 0.235947956 
-2.066334531 8.149820642 0.700429595 
-2.157153011 8.143549413 -0.581477484 
-2.110228310 8.160758060 -0.507701601 
-2.107902701 8.125285626 -0.859339414 
-2.118159029 8.128007800 -0.823131535 
-2.129643154 8.139501856 -0.701440440 
-2.129390680 8.161781454 -0.415422405 
-2.142484487 8.158091922 -0.438423756 
-2.146733892 8.130685381 -0.740873251 
-2.118322415 8.131079976 -0.800130006 
-2.101201229 8.144157958 -0.720581434 
-2.113389070 8.127227308 -0.835785741 
-2.084379994 8.164873836 -0.528019368 
-2.233853877 8.076596984 -1.000281770 
-2.214540559 8.093030059 -0.920182439 
-2.096463378 8.150131631 -0.678602014 
-2.081053245 8.166682273 -0.513049828 
-2.750570352 7.983449463 -0.652673003 
-2.631132474 8.012594691 -0.739385511 
-2.233303129 8.019670782 -1.228483435 
-1.824144043 8.145431516 -0.977645945 
-2.147997441 8.103198435 -0.958418885 
-2.167799229 8.099338671 -0.952222079 
-2.081116161 8.169068677 -0.483897089 
-2.116091969 8.166057250 -0.396061915 
-2.076987267 8.170504498 0.480292068 
-2.080275609 8.169084773 0.490814226 
-2.164347460 8.108455415 0.901625830 
-2.106890608 8.140439786 0.751201417 
-2.140062111 8.156842712 0.465272497 
-2.101726119 8.166194477 0.450701325 
-2.303314482 8.059061745 0.996544958 
-2.083281084 8.159909265 0.599599611 
-2.095536529 8.159280592 0.569451445 
-2.103800637 8.158854956 0.552176165 
-2.078245731 8.161585002 0.592752420 
-2.094383728 8.158367687 0.595013802 
-2.173017111 8.150158223 -0.451484527 
-2.143906358 8.154322622 -0.494814749 
-2.108481256 8.146493978 -0.670539432 
-2.110400105 8.160314940 -0.507031260 
-2.207104715 8.151420474 -0.223148824 
-2.165917576 8.157169499 -0.348915532 
-2.123208752 8.139761244 -0.693344400 
-2.074093851 8.156996451 -0.626190842 
-2.096544011 8.159055353 -0.571453750 
-1.826284105 8.194821553 -0.646910987 
-2.100114658 8.159099509 -0.562566969 
-2.131825462 8.117265249 -0.846375109 
-2.070237739 8.158856866 -0.644116801 
-2.168692542 8.125066474 -0.748121433 
-2.093750599 8.127648025 -0.880276863 
-2.026761264 8.171708186 -0.611005557 
-2.269434185 8.143701168 -0.114506047 
-2.191404059 8.158261108 -0.084585188 
-2.007353157 8.163381748 -0.677557726 
-2.198230467 8.161663875 -0.054076832 
-2.161887010 8.151271492 -0.468649256 
-2.044434095 8.152992913 -0.754159689 
-2.082335212 8.163653446 -0.537499656 
-2.077968115 8.167066111 -0.516333611 
-2.759648859 7.978214411 0.663684436 
-2.659712716 8.005121115 0.722913963 
-3.777029143 7.532932755 0.437164440 
-2.057398264 8.073430300 1.162231371 
-2.107172523 8.159435251 0.475700849 
-2.095240604 8.153523984 0.590900770 
-2.079866809 8.149891663 0.686219476 
-2.106251724 8.135328292 0.767060967 
-2.070238526 8.174378344 0.395123141 
-2.060610880 8.173196841 0.463494345 
-2.153686657 8.144375967 0.566604858 
-2.129019070 8.125800863 0.804375383 
-2.083178446 8.166643123 -0.508114777 
-2.072149574 8.168837521 -0.516289670 
-2.220977567 8.149261639 -0.143295802 
-2.159576559 8.161194949 -0.262870778 
-2.239389423 8.145416844 -0.045409149 
-2.188497009 8.156990508 -0.110253724 
-2.099446999 8.177777084 -0.138227673 
-2.153200892 8.162430809 -0.269781310 
-2.128035274 8.166163884 -0.338419866 
-2.169955683 8.152216859 -0.431111936 
-2.175327276 8.161006533 0.045962535 
-2.203069514 8.154306522 0.030751612 
-2.016616243 8.168661384 -0.584210494 
-2.001875037 8.179976226 -0.432360917 
-1.978439232 8.160746461 -0.793793736 
-2.095095873 8.173666585 -0.274579390 
-2.137658397 8.166840511 -0.230986591 
-2.136214121 8.169004980 -0.150269664 
-2.122773875 8.166098498 -0.361315325 
-2.224142362 8.147532820 -0.177954722 
-2.077502386 8.149170825 -0.732125980 
-2.047583163 8.161486105 -0.664180504 
-2.180262408 8.156436831 -0.260197604 
-2.183049289 8.158787240 -0.102065112 
-2.071926748 8.169934198 0.498959299 
-2.129977916 8.167925421 0.264899724 
-2.206385832 8.153231515 0.090411052 
-2.111139258 8.162242704 0.480996614 
-2.037099328 8.164220833 0.524482022 
-2.240920386 8.152231734 0.154713760 
-2.104800557 8.167127721 -0.178231281 
-2.098317576 8.173800950 -0.235100241 
-2.169805538 8.158059790 0.246381306 
-2.186688621 8.155164966 0.194557455 
-2.123272530 8.168643676 0.265437972 
-2.099692085 8.170837626 0.348224849 
-2.049023833 8.141694267 -0.766516165 
-2.040264471 8.166378496 -0.577318743 
-2.127471971 8.161866539 0.301706630 
-2.104706312 8.170198828 -0.176525775 
-1.989798483 8.173466264 -0.530446368 
-1.949276956 8.143645737 -0.893711010 
-2.242265475 8.143004565 -0.289774402 
-2.244176223 8.135221390 -0.426497420 
-1.998596700 8.160416020 -0.707219501 
-2.092898825 8.170099578 -0.348363749 
-2.266860899 8.134807080 -0.092214016 
-2.156150961 8.163220793 -0.050645643 
-2.102333486 8.167787205 -0.403345635 
-2.148273714 8.164982779 -0.167855324 
-2.050831707 8.173490082 -0.500016371 
-1.915859468 8.156575573 -0.897334785 
-2.167737235 8.156201028 0.000090867 
-2.186019194 8.152547263 -0.013757871 
-2.144563619 8.122603930 -0.823504422 
-2.068146271 8.141735523 -0.792060767 
-2.196643014 8.080602804 -0.980738286 
-2.156602939 8.099235238 -0.920498923 
-2.135013188 8.164165181 0.069228100 
-2.145142277 8.156444894 0.317233189 
-2.169791349 8.161122675 0.151716978 
-2.193256234 8.155405844 0.091972668 
-2.065314399 8.174262986 0.428868732 
-2.038693626 8.164322666 0.652565947 
-2.143736189 8.149362132 0.522847942 
-2.012909663 8.169721244 0.587322914 
-2.108663581 8.176732515 0.287953080 
-2.063661920 8.178925292 0.499860639 
-2.195798707 8.154769198 0.066213301 
-2.162145908 8.162822445 0.055901643 
-2.101410800 8.160479328 0.519778752 
-2.129259167 8.163015348 0.371173993 
-2.141694463 8.151856071 -0.520364990 
-2.050380461 8.150605359 -0.759495211 
-2.201384438 8.154191505 -0.064692603 
-2.199175549 8.154178558 -0.142344603 
-2.120407124 8.124875499 -0.851843641 
-2.110286935 8.127222500 -0.846340919 
-2.078097005 8.159726688 -0.614775713 
-2.142156134 8.161694777 -0.356283475 
-2.151002205 8.093116671 -1.013810882 
-2.171211780 8.158073985 -0.388434970 
-2.296931999 8.136628628 -0.032883082 
-1.971278024 8.159167657 -0.799691232 
-2.053551128 8.165620998 -0.570632484 
-2.118722171 8.158746347 -0.463880092 
-2.105051527 8.137581342 -0.772589363 
-2.074594482 8.157254399 -0.643327459 
-2.230550468 8.035770653 -1.134655630 
-2.039380989 8.092998262 -1.065927258 
-2.057505577 8.183509134 -0.304221104 
-2.229612210 8.150632673 -0.114036657 
-2.067108795 8.160651957 -0.621883772 
-2.085480557 8.158274209 -0.597017336 
-2.073713626 8.150881151 -0.701085725 
-2.115011605 8.156212765 -0.531858436 
-2.122749536 8.169892167 0.284059712 
-2.066834913 8.158070722 0.634979317 
-2.154900364 8.102407807 0.974807649 
-2.168412151 8.117718845 0.819722008 
-2.091191326 8.166486331 0.472987527 
-2.157905546 8.157598565 0.352004464 
-2.236630690 8.074212665 1.011112187 
-2.168421013 8.094228801 0.990605048 
-2.194702565 8.153127095 0.247127613 
-2.145576654 8.164306545 0.264745228 
-2.081216111 8.147945883 0.724473344 
-2.137798594 8.123102573 0.837480773 
-2.150508966 8.163814767 -0.243661718 
-2.071491000 8.179225880 -0.320160955 
-2.248460164 8.141427698 -0.210533729 
-2.227394839 8.147761358 0.113142231 
-2.154678008 8.162033001 -0.262830884 
-2.227718574 8.148286533 -0.046964965 
-2.245207991 8.143406115 -0.134908790 
-2.150089367 8.161424973 -0.323095975 
-2.078665936 8.175120969 -0.382341009 
-2.130039019 8.154598433 -0.535367575 
-2.245462585 8.143992086 -0.039312627 
-2.180416866 8.157510371 -0.222060413 
-2.102378669 8.132839016 -0.815688105 
-2.090874485 8.162795305 -0.531273329 
-2.122455415 8.168563056 -0.303703228 
-2.173649976 8.157008615 -0.290824676 
-2.040269122 8.173694238 -0.532969702 
-2.065087459 8.147705841 -0.758041668 
-2.222744903 8.149521972 -0.051354056 
-2.222203832 8.149463830 -0.089137649 
-2.192796516 8.155625158 -0.000488733 
-2.284867105 8.134394310 -0.113606678 
-2.053891506 8.174773382 -0.353583905 
-2.154196128 8.163558227 -0.164951816 
-2.068495782 8.141797765 0.792597231 
-2.149438754 8.120642930 0.827794766 
-2.203638687 8.152965679 -0.056117775 
-2.216169659 8.149710378 -0.047563494 
-2.129813801 8.163803052 0.359702757 
-2.047931352 8.178342173 0.444343467 
-2.221483179 8.148862525 -0.072373600 
-2.214472649 8.150539896 0.055949245 
-2.065701900 8.173435282 0.253917593 
-2.082740332 8.129242324 0.860740790 
-2.143684789 8.155824622 -0.266441785 
-2.150739632 8.161217240 0.098572874 
-2.006851122 8.173505684 -0.578097541 
-2.033600883 8.185319486 -0.341130126 
-1.995708975 8.162393292 -0.769062484 
-2.177915877 8.156307836 -0.182606940 
-2.147994282 8.153140389 -0.394458288 
-2.173522191 8.157262453 -0.096212413 
-2.121927457 8.167321075 -0.021383524 
-2.155499256 8.159089473 0.067220703 
-2.250798150 8.061209310 -1.025860638 
-2.506679396 7.972337537 -1.067074485 
-2.229970394 8.137608409 -0.251038834 
-2.216400732 8.143568697 -0.043983775 
-2.110090158 8.153087796 -0.599980076 
-2.094363240 8.145362802 -0.718539029 
-2.250670038 8.142151984 -0.142390092 
-2.230769474 8.147605894 -0.063640027 
-2.117875273 8.149417458 -0.617965203 
-2.102625508 8.159106776 -0.550506149 
-2.133008263 8.160880891 -0.415914518 
-2.093464280 8.163660934 -0.518876097 
-2.109841757 8.127939796 -0.833287444 
-2.086198554 8.143635586 -0.740279429 
-2.126473396 8.165122844 -0.369401715 
-2.177690966 8.153629510 -0.358299725 
-2.085722875 8.164274207 0.531605913 
-2.155906246 8.153104401 0.458809989 
-2.111433315 8.161033846 0.497811693 
-2.129026565 8.160253469 0.448865533 
-2.107734519 8.162154576 0.490795092 
-2.099756222 8.161641627 0.515245592 
-2.032119495 8.161765435 0.705378310 
-2.052412511 8.171973814 0.535811527 
-2.074142871 8.165065273 0.561410508 
-2.149341652 8.159331560 0.372023283 
-2.115916549 8.157253356 0.542370698 
-2.153681597 8.161620963 0.299259895 
-2.054432906 8.160365077 -0.678395754 
-2.062884153 8.165070336 -0.597052033 
-2.134981950 8.164023779 -0.339576085 
-2.126447196 8.167068071 -0.309495638 
-2.063746217 8.169262638 -0.538798141 
-2.034702269 8.174589144 -0.555746012 
-2.184808664 8.155293799 -0.260882452 
-2.200476094 8.153931045 -0.165040904 
-2.094457645 8.166194332 -0.483911577 
-2.069577283 8.133460071 -0.870309658 
-2.261864336 8.138872000 -0.167500336 
-2.194426713 8.154916880 -0.204414084 
-2.088694681 8.158757195 -0.593706784 
-2.091277550 8.150437014 -0.679987004 
-2.184834494 8.157726595 -0.146411554 
-2.151319326 8.164533394 -0.212423803 
-2.118513030 8.156625345 -0.540616479 
-2.117196472 8.157637871 -0.526750829 
-2.166814873 8.159131074 -0.263219174 
-2.126454545 8.166214768 -0.332303354 
-2.075622334 8.168768068 -0.503417436 
-2.093478874 8.170659642 -0.411999094 
-2.152187357 8.163179930 -0.250943945 
-2.145513658 8.161642057 -0.341651534 
-2.127887753 8.171122826 0.140308563 
-2.178510876 8.160187580 0.072127974 
-2.160952658 8.159788300 0.299351898 
-2.133759324 8.158810200 0.457726924 
-2.113828724 8.172505001 0.228373992 
-2.091781964 8.175798859 0.285646257 
-2.160574840 8.158772480 0.333225042 
-2.137093744 8.163729784 0.338458855 
-2.152996830 8.165215100 0.143283098 
-2.160022251 8.163849708 0.141356078 
-2.126235534 8.157384010 0.506727339 
-2.070676164 8.158444397 0.648876494 
-2.122754322 8.164818344 -0.403439176 
-2.153629068 8.158784737 -0.365367571 
-2.246982615 8.143425972 -0.065508374 
-2.201226416 8.153967984 -0.128555151 
-2.133785181 8.161026300 -0.417363872 
-2.145085361 8.164798450 -0.229529074 
-2.221305478 8.149529420 -0.094090365 
-2.238363505 8.145811688 0.025932239 
-2.088694727 8.165556429 -0.509508688 
-2.106216941 8.165458196 -0.447056652 
-2.169347342 8.157313904 -0.301524288 
-2.259740614 8.141024875 -0.017508023 
-2.111394228 8.165309565 -0.422812898 
-2.140904759 8.162468092 -0.340912754 
-2.174285511 8.159781735 -0.191269637 
-2.215775418 8.151783744 -0.000114528 
-2.062912096 8.172445962 -0.482966949 
-2.086829071 8.169576836 -0.453274216 
-2.201868805 8.154626927 0.028745244 
-2.186334150 8.155976047 -0.222247154 
-2.094538203 8.167539126 -0.448703091 
-2.065904010 8.173243141 -0.477258925 
-2.241312494 8.145085091 -0.046699967 
-2.190606704 8.156799646 -0.133256410 
-2.174012482 8.159883456 0.153337080 
-2.189299020 8.156958307 0.104650749 
-2.196307909 8.153904565 0.212199206 
-2.160996017 8.161423484 0.251248145 
-2.181352667 8.158744658 0.141258002 
-2.208150235 8.152466811 0.132526019 
-2.198685806 8.153521998 0.196215000 
-2.224561516 8.148807848 0.121634683 
-2.139886131 8.166842776 0.222614822 
-2.224385235 8.148626918 0.068959600 
-2.218684145 8.150354572 0.064743667 
-2.177994301 8.160469817 0.075467424 
-2.092725122 8.163987611 -0.526017728 
-2.100055559 8.172836229 -0.323564916 
-2.113741546 8.164180868 -0.438914750 
-2.141152953 8.162602208 -0.341922706 
-2.097373275 8.166031279 -0.482139165 
-2.127070842 8.161279589 -0.445242135 
-2.176974378 8.158784945 -0.209160575 
-2.215229221 8.150982291 -0.038915199 
-2.300835212 8.090265012 -0.828297218 
-2.089522201 8.153645971 -0.661699632 
-2.172603333 8.161140840 -0.092524803 
-2.181536650 8.159357373 -0.032703888 
-2.117389040 8.160638116 -0.471264065 
-2.083167553 8.168251039 -0.484073225 
-2.072616375 8.169112243 -0.513774630 
-2.088939182 8.157694483 -0.608170412 
-2.071489442 8.151396089 -0.714501500 
-2.096473503 8.162485341 -0.522114660 
-2.091046509 8.165405074 -0.504116637 
-2.064207254 8.162297988 -0.621377941 
-2.099500327 8.150793951 -0.651037160 
-2.130802659 8.127457274 -0.796524720 
-2.095352896 8.164560685 -0.496873762 
-2.130600751 8.166761409 -0.297500787 
-2.736320505 7.984863011 0.676026125 
-2.629483170 8.009229079 0.765121027 
-2.744149337 7.919115382 0.979191540 
-2.097432637 8.173555605 0.069019806 
-2.047028195 8.180457002 0.404786242 
-2.125664878 8.140380334 0.706812807 
-2.131282084 8.111078628 0.935782794 
-2.255215762 8.070217965 1.003114270 
-2.063518093 8.147614644 0.771217994 
-2.091688687 8.168049840 0.449124140 
-2.031477113 8.166428058 0.657046138 
-2.047493800 8.152405491 0.760177030 
-2.101036479 8.172297529 -0.325148567 
-2.078786456 8.162136474 -0.572497534 
-2.273351215 8.137202339 -0.001448603 
-2.236828666 8.145677380 0.146667893 
-2.051896401 8.172901751 -0.515315420 
-2.116080262 8.161572691 -0.470864433 
-2.256882994 8.141346969 0.021586803 
-2.338772344 8.120932985 0.017777183 
-2.049444295 8.159395321 -0.624193931 
-2.046639740 8.177539373 -0.471474915 
-2.239326974 8.138262240 0.078093882 
-2.222700892 8.149819423 0.098178014 
-2.250740284 8.099189724 -0.811005407 
-2.034817547 8.145018069 -0.779219444 
-2.004829896 8.151027282 -0.779788496 
-2.179037716 8.147390588 -0.289139682 
-2.115956800 8.155017187 -0.560650558 
-2.195325543 8.155617857 -0.107730094 
-2.131720148 8.166520465 -0.309453856 
-2.128355875 8.170415572 -0.189950899 
-2.009012920 8.162628749 -0.696016262 
-2.002435992 8.181469578 -0.543115959 
-2.037249224 8.178228958 -0.003487519 
-2.202585299 8.087321663 -0.947849702 
-2.011690458 8.174542234 0.566183294 
-1.987163524 8.160596061 0.769317557 
-2.066650093 8.145328356 0.756918321 
-2.182358121 8.099934877 0.900282454 
-2.461346494 8.050830959 0.835862411 
-2.745011518 7.966263182 0.765886928 
-2.212796424 8.044037942 1.170986174 
-1.870806931 8.131031933 1.055257897 
-2.038818553 8.165291280 0.584759564 
-2.305345356 8.126456108 0.033661862 
-2.102303160 8.144155854 0.684804768 
-2.115808908 8.154470860 0.538593914 
-2.160941712 8.161762347 -0.233184733 
-2.121147530 8.151124183 -0.598218438 
-2.226282259 8.148272485 0.041890574 
-2.215847641 8.150977841 -0.073703564 
-2.057744275 8.172003652 -0.496180068 
-2.115190119 8.153687641 -0.576988323 
-2.232854799 8.146286619 -0.148613547 
-2.228289257 8.148194103 -0.049539498 
-2.185488026 8.158229314 -0.119374294 
-2.199085709 8.154065177 -0.137036675 
-2.239921306 8.143833861 -0.195633744 
-2.280664027 8.135332845 -0.038924839 
-2.105983901 8.170809104 -0.337738380 
-2.049744982 8.171333907 -0.542141653 
-2.200637090 8.155825835 0.009527240 
-2.194337085 8.057326643 1.101527550 
-2.079944545 8.165105022 -0.546391956 
-2.107277694 8.167333880 -0.412397795 
-2.158854746 8.164927033 0.072484558 
-2.219727212 8.150547595 -0.034076848 
-2.101918261 8.170496651 -0.376791233 
-2.117513621 8.170159169 -0.285160426 
-2.199796727 8.154970066 -0.050159570 
-2.204388398 8.154148554 -0.007880230 
-2.230884275 8.147537372 0.064410100 
-2.163332747 8.159804888 0.277935135 
-2.120742922 8.163621261 0.418709869 
-2.113363535 8.159166330 0.520258883 
-2.031276890 8.173494794 0.573685376 
-2.158664612 8.159326505 0.314953870 
-2.219273182 8.150214121 0.122067229 
-2.218650014 8.149901682 0.139478339 
-2.130009712 8.170003131 0.169627920 
-2.156231766 8.162511579 0.251209868 
-2.087327355 8.159748438 0.600838926 
-2.120628892 8.158019184 0.527349078 
-2.085706617 8.166685065 -0.507769888 
-2.109415073 8.159888175 -0.524880020 
-2.111637923 8.122039622 -0.892043629 
-2.089384418 8.133545128 -0.836864964 
-2.066372173 8.177777096 -0.179883173 
-2.039867795 8.172659888 -0.424233959 
-2.055219579 8.170145748 -0.556118180 
-2.112414385 8.144802712 -0.691721091 
-2.143076984 8.157611957 -0.448367977 
-2.123393436 8.168585713 -0.295041305 
-2.096529132 8.137182197 -0.788686796 
-2.112006241 8.125905081 -0.858447858 
-2.060409387 8.165881336 -0.541784241 
-2.136446306 8.165650070 -0.150528026 
-2.132410256 8.164329111 -0.287983307 
-2.164446009 8.158301939 -0.246410357 
-2.316076870 8.137309696 -0.315058450 
-2.189159099 8.162354406 -0.349084487 
-2.078777421 8.064627351 1.197726200 
-1.868221422 8.139862113 0.984335936 
-2.121285083 8.133741057 -0.769813936 
-2.020767303 8.170081851 -0.605154656 
-2.183416045 8.109765322 0.816763250 
-2.000514663 8.169307257 -0.592085656 
-2.061970351 8.165080475 0.595618303 
-2.071576547 8.169149206 0.511988857 
-2.177370857 8.157390825 0.254017890 
-2.241170990 8.144751902 0.106953308 
-2.113252394 8.165593330 0.416879681 
-2.120445718 8.164235273 0.416235619 
-2.097378272 8.153827333 0.632129121 
-2.095961586 8.148670994 0.689305426 
-2.077085302 8.152323610 0.668805031 
-1.986909157 8.198724999 0.249905595 
-2.030021008 8.167175605 0.560390297 
-2.063019848 8.167757443 0.537757432 
-2.179444591 8.149591956 -0.280898421 
-2.250227040 8.133036511 -0.212311948 
-2.126109322 8.170258253 -0.453632611 
-2.120957251 8.102171765 -0.962691880 
-2.098353134 8.137096380 -0.790613518 
-2.124551749 8.155562804 -0.535156356 
-2.044377756 8.165300993 -0.620748160 
-2.201500473 8.150824512 -0.160327955 
-1.973644927 8.152875187 -0.749129315 
-2.087904376 8.156338376 -0.594361325 
-2.114384249 8.158827538 -0.483878321 
-2.107682732 8.153601120 -0.615440900 
-2.075544529 8.167156081 -0.516357458 
-2.064140255 8.162381339 -0.605330428 
-2.200223118 8.154901118 -0.072778418 
-2.204678099 8.153327090 -0.130385164 
-2.049191326 8.178279616 -0.399843644 
-2.042291617 8.176817472 -0.417123969 
-2.023233966 8.186773430 -0.364673436 
-2.095076035 8.178239952 -0.115942297 
-2.112034021 8.164616400 -0.419638544 
-2.152217580 8.163000064 -0.263247626 
-2.135393096 8.164028520 -0.343369937 
-2.172968886 8.157940761 -0.270930142 
-2.079700713 8.165229061 0.540418736 
-2.131115465 8.166247191 0.311978150 
-2.230546399 8.147176904 0.085503321 
-2.173469192 8.159270926 0.190434166 
-2.112642026 8.165335157 0.414105937 
-2.116385129 8.170898472 0.273195645 
-2.179940474 8.159365784 0.109517413 
-2.116975356 8.165105857 0.405906157 
-2.272484188 8.148237810 0.060337435 
-2.194327742 8.160425484 -0.009696160 
-1.968921807 8.157832961 0.810869129 
-2.060995753 8.177125681 0.348497241 
-2.445218750 8.022297191 -0.975340611 
-1.997429688 8.164524959 -0.701191352 
-2.238352334 8.151232629 -0.084083614 
-2.111252403 8.155289212 -0.533997997 
-2.135103058 8.158619271 -0.337794126 
-2.214219364 8.146579896 -0.029712210 
-2.187693407 8.154782261 0.206926765 
-2.128690680 8.160468197 0.127527365 
-1.991370654 8.140858167 -0.855045005 
-2.081699371 8.126780619 -0.837754035 
-2.177952418 8.139049633 -0.585697593 
-2.159697915 8.148457672 -0.487581524 
-2.083021764 8.173012450 -0.217178252 
-2.025038502 8.185010699 -0.167665154 
-2.165390390 8.160582250 -0.078352569 
-2.135252998 8.168319481 -0.156499533 
-2.170068623 8.162181763 -0.031066412 
-2.171877016 8.161824156 0.000730114 
-2.218577596 8.150797871 -0.016356899 
-2.255148336 8.141523068 -0.038312811 
-2.007126514 8.186498190 -0.456762490 
-2.107615532 8.170515811 -0.340596208 
-2.144766976 8.166483345 -0.198492900 
-2.249706449 8.142840306 0.003234201 
-2.075079098 8.175970388 0.373034149 
-2.104979616 8.165468540 0.453343863 
-2.189772584 8.155544506 0.210750938 
-2.107673841 8.161728894 0.503357787 
-2.116812896 8.155095558 0.391390997 
-2.103367336 8.168375011 0.138571329 
-2.144662487 8.158432741 0.241524278 
-2.244613409 8.139966060 -0.079268883 
-2.101804640 8.170760121 0.356006124 
-2.141407761 8.161430916 0.363168497 
-2.149815415 8.157620818 0.417089137 
-2.111162578 8.167519615 0.394428725 
-2.090951833 8.159740842 -0.552685247 
-2.142603353 8.154078162 -0.389509519 
-2.139841024 8.161022447 -0.288654854 
-2.196414037 8.149481100 -0.225378888 
-2.177320265 8.076291374 -1.056270660 
-1.889221454 8.206567167 0.208160706 
-2.192398374 8.158578276 -0.373754814 
-2.323516892 8.130218420 -0.271853901 
-2.136988442 8.158512342 -0.354461094 
-2.022482142 8.171892648 -0.551653371 
-2.074766336 8.169544116 -0.471139171 
-2.118117121 8.160619561 -0.449384910 
-2.090443447 8.155643122 -0.623969573 
-2.087435807 8.130421932 -0.861501504 
-2.171996856 8.158603229 -0.254177338 
-2.225612953 8.148751248 -0.088969577 
-2.106698922 8.161177722 -0.505276260 
-2.064646752 8.172834698 -0.487497429 
-2.098709312 8.164000479 -0.496515697 
-2.103269839 8.166131836 -0.449812892 
-2.132491795 8.116232197 -0.845986306 
-2.211722303 8.148543228 0.013478102 
-1.941184304 8.188163977 -0.479579902 
-2.041405385 8.140982221 -0.771076370 
-2.198936224 8.154832434 0.085210722 
-2.193547894 8.148726059 0.381084144 
-2.074200192 8.148969976 0.733027201 
-2.138339453 8.138560492 0.697963410 
-2.182056702 8.158310578 0.138408153 
-2.147090026 8.166490966 0.123034912 
-2.093853981 8.134314997 0.827253679 
-2.880702167 7.893061692 0.853279285 
-2.235606141 8.146736743 0.007869545 
-2.111739399 8.171471902 0.292510042 
-2.118968852 8.153414311 0.580278334 
-2.103872622 8.145581574 0.702803743 
-2.124178953 8.159211167 -0.479801473 
-2.074300778 8.168181337 -0.520087512 
-2.232657674 8.146194972 -0.160594629 
-2.232128635 8.146329853 -0.163618879 
-2.074566127 8.168676928 -0.504327966 
-2.105999373 8.174677049 -0.252094897 
-2.268020972 8.137949672 -0.096152626 
-2.269765432 8.138456992 -0.082281878 
-2.076404740 8.147853014 -0.738192615 
-2.073752389 8.169332958 -0.498227526 
-2.111845745 8.165744559 -0.425940763 
-2.215574369 8.148509321 -0.250404251 
-2.172947348 8.151214288 -0.437104389 
-2.118984592 8.158081854 -0.516800345 
-2.165339267 8.162193193 -0.169777204 
-2.007953730 8.163781449 -0.745690904 
-2.144483355 8.135638993 -0.703089982 
-2.163331033 8.107210608 -0.904441593 
-2.204771965 8.153652522 -0.118736559 
-2.150939788 8.164435197 -0.223373179 
-2.101443446 8.164511464 -0.474375129 
-2.093407031 8.164900570 -0.506873053 
-2.095751446 8.159764372 -0.557709705 
-2.199449688 8.153833901 -0.161187730 
-2.144836827 8.165508023 0.256346643 
-2.598728041 7.963251142 1.018423543 
-2.625333224 7.965102766 0.976381513 
-2.651313417 7.954600979 0.989826764 
-2.075091721 8.164443617 0.562605972 
-2.071810179 8.155128078 0.677716502 
-2.202252216 8.090641988 0.955920127 
-2.138974960 8.111222187 0.921584092 
-2.113957093 8.120183268 0.893803096 
-2.084490486 8.129064834 0.883721624 
-2.090881576 8.129329999 0.874560454 
-2.145027330 8.111928930 0.903458026 
-2.054445406 8.159691032 -0.668268684 
-2.045208450 8.174752563 -0.511309405 
-2.291219860 8.130321256 -0.212585313 
-2.226444597 8.146623428 -0.215135610 
-2.002964627 8.180330353 -0.560574806 
-2.173832398 8.160271704 -0.154540485 
-2.268877027 8.137127962 -0.151373567 
-2.200058885 8.148956267 -0.350359485 
-2.135547750 8.166704736 -0.269494702 
-2.028796601 8.181445786 -0.472083279 
-2.115363641 8.164816549 0.099620377 
-2.173965048 8.154706294 0.176727872 
-2.294818089 8.055012407 -1.028622078 
-2.354871738 8.036128757 -1.043680782 
-2.100674425 8.165091959 -0.469774010 
-2.088105328 8.150587400 -0.686018597 
-2.372652457 8.030793240 -1.045010238 
-2.340364050 8.037066810 -1.048226725 
-2.152873824 8.098239057 -0.984675858 
-2.158599088 8.155649971 -0.071620739 
-2.167835754 8.109421622 -0.877967979 
-2.173307604 8.095611343 -0.966401317 
-2.105987327 8.150191824 -0.646317497 
-2.208617125 8.152515328 -0.124784672 
-2.181223703 8.159362385 0.092470838 
-2.165956975 8.162762517 0.100265149 
-2.116444954 8.115811072 0.923538614 
-2.046770025 8.152165566 0.761531510 
-2.137778112 8.164857565 0.307921841 
-2.196199322 8.154950471 0.147221516 
-2.068315943 8.135473221 0.864127868 
-2.189369948 8.091118146 0.971871576 
-2.213302286 8.151847470 0.025732673 
-2.196087230 8.154866606 0.162855006 
-2.083185627 8.140854471 0.792949487 
-2.190011778 8.093769835 0.957606498 
-2.240055254 8.144312564 -0.177062867 
-2.254993700 8.141368265 -0.130693056 
-2.266085406 8.138546631 -0.032470815 
-2.092542796 8.152135589 -0.648331173 
-2.154012715 8.151806583 -0.491504773 
-2.154638165 8.157226887 -0.399443870 
-2.165246188 8.163393359 -0.033797950 
-2.112320738 8.167765232 -0.386599544 
-2.149415809 8.154712351 -0.370895175 
-2.081900280 8.098856011 -0.994598590 
-2.110838167 8.159855880 -0.521623936 
-2.093369177 8.171311656 -0.392662620 
-2.043145878 8.168633734 -0.599343844 
-3.073997055 7.820048157 -0.760264014 
-2.114369301 8.163486229 -0.451829887 
-2.220192172 8.080087609 -0.992803311 
-2.052338825 8.162613518 -0.644237969 
-2.116368449 8.116712611 -0.911800205 
-2.167930372 8.161279363 -0.188100365 
-2.193333408 8.153548163 -0.251925020 
-2.050407398 8.171537251 -0.541804267 
-2.119867773 8.165878708 -0.378857611 
-2.113185436 8.163869509 -0.439790240 
-2.121406589 8.161306877 -0.454136905 
-2.163541295 8.162628451 0.165495128 
-2.147953243 8.163984393 0.267373089 
-2.150149792 8.108717897 0.922512104 
-2.108253670 8.119557825 0.913202191 
-2.136222496 8.168479370 0.193063798 
-2.093264589 8.176187477 0.272347663 
-2.117353646 8.126533073 0.844840972 
-2.106326787 8.148890776 0.668433582 
-2.186924905 8.152635964 -0.004285680 
-3.163968055 7.784691839 0.742213563 
-2.067380610 8.119390732 0.891896984 
-2.123131267 8.091773901 0.990864827 
-2.248416592 8.141875002 -0.167132462 
-2.051241604 8.151372751 -0.763238073 
-2.264082806 8.139563245 -0.062585512 
-2.175603696 8.159579557 -0.173824279 
-2.117390641 8.153236775 -0.584410114 
-2.076670076 8.142939061 -0.785441855 
-2.254455280 8.141748226 -0.031813729 
-2.272314468 8.137032432 -0.092317949 
-2.119305614 8.122713506 -0.870868578 
-2.126889592 8.152779070 -0.558679724 
-2.166967978 8.160112012 -0.240692550 
-2.212486875 8.150545218 -0.185900267 
-2.043519259 8.164309127 -0.522810089 
-2.043812285 8.158899832 -0.599038824 
-2.188077797 8.150307148 -0.074464441 
-2.251897693 8.138386488 0.087872746 
-2.084546328 8.167721338 -0.481691888 
-2.156980811 8.163481232 -0.191550314 
-2.173737639 8.159208195 -0.214306560 
-2.097611363 8.170215010 -0.396333229 
-2.097182539 8.148613290 -0.681304474 
-2.120666593 8.157824933 -0.518464076 
-2.214428804 8.151544260 -0.007287061 
-2.215387624 8.151097360 -0.101775452 
-2.142860469 8.168035562 0.098697877 
-2.120635269 8.171093811 0.217840099 
-2.188392197 8.157607784 -0.063760718 
-2.188805711 8.157662715 -0.070229364 
-2.050804660 8.175259670 0.355969106 
-2.082098711 8.174258154 0.056825526 
-2.129852334 8.169231653 -0.013057547 
-2.098091104 8.175463995 0.219799499 
-2.169711016 8.162029247 0.105291938 
-2.192620678 8.156643987 0.009477032 
-2.233359631 8.146958015 0.036400411 
-2.217419148 8.150722190 0.062939682 
-2.647062862 7.985286256 -0.851134957 
-2.161059361 8.110068384 -0.878507199 
-2.127909980 8.161597067 0.090000468 
-2.101065672 8.166417786 0.305649141 
-2.101185469 8.121427816 -0.878374382 
-2.049214448 8.162357412 -0.610765940 
-2.234745818 8.142780419 -0.167804289 
-2.118819485 8.155681296 -0.467636302 
-2.067088472 8.174537664 -0.416627555 
-2.102011400 8.162648451 -0.487584628 
-2.091934722 8.172986237 -0.279780450 
-2.170662027 8.157007731 -0.051071538 
-2.124237225 8.165644144 -0.357851727 
-2.113163480 8.164188688 -0.433278947 
-2.126138076 8.162228252 -0.417661064 
-2.107936793 8.167917967 -0.391800159 
-2.093806201 8.170328139 -0.404914232 
-2.200903320 8.152415195 -0.244132865 
-2.217357210 8.150346053 -0.094774554 
-2.221733643 8.149319585 0.003380742 
-2.198490983 8.159574668 -0.007963651 
-2.251672785 8.157351264 -0.206287316 
-2.131925703 8.169970833 -0.066116527 
-2.099644699 8.180330830 -0.176277570 
-2.080034741 8.168565586 0.461959236 
-2.072496238 8.175860341 0.266786287 
-2.002414431 8.188295451 0.423837393 
-2.108020764 8.174209890 0.244786520 
-2.067304086 8.151696414 0.723546848 
-2.083116877 8.161865933 0.568855513 
-2.209859412 8.152276046 0.135527686 
-2.168577169 8.161982075 0.134804204 
-2.078357409 8.172237071 0.423631388 
-2.105280367 8.167972497 0.394598472 
-2.128825080 8.164505691 0.358167836 
-2.183396916 8.157884354 0.133039413 
-2.237159127 8.080976349 -0.954616981 
-2.067737704 8.115917740 -0.928532568 
-2.171336120 8.089936315 -0.995762851 
-2.213843215 8.146345371 -0.139176859 
-2.156293939 8.165697090 -0.131865962 
-2.095994901 8.174337405 -0.347681495 
-2.218831398 8.154831458 -0.245628957 
-2.119856112 8.164814624 -0.344348111 
-2.243623121 8.139798092 -0.144412622 
-2.154671708 8.155081675 -0.382017160 
-2.180022608 8.149823005 -0.198501092 
-1.969085800 8.193333649 -0.197558716 
-2.054416592 8.168853616 -0.556244414 
-2.104245846 8.158423987 -0.543644911 
-2.219862850 8.149436020 -0.122789084 
-2.168831605 8.154091202 -0.387750653 
-2.177542290 8.160420885 -0.065322189 
-2.113393418 8.170573802 -0.287585192 
-2.116375677 8.163484044 -0.446500551 
-2.094095984 8.163769438 -0.520567366 
-2.069405808 8.156559662 -0.660812459 
-2.015264220 8.167222767 -0.677621965 
-2.194384106 8.153958188 -0.223211604 
-2.159112349 8.158896888 -0.327129918 
-2.091063380 8.175418993 0.301552621 
-2.068564089 8.177798070 0.365047891 
-2.135618505 8.161921679 0.380464099 
-2.099729792 8.168703732 0.409232966 
-2.029319256 8.154207591 0.704117296 
-2.156908729 8.157189230 0.204410398 
-3.093646829 7.821348071 0.746157302 
-2.883969859 7.889017695 0.845128371 
-2.172554178 8.160525786 0.150644552 
-2.118300829 8.173062199 0.166537836 
-2.113334192 8.162639689 0.472679436 
-2.084275019 8.168955878 0.471370347 
-2.046669900 8.169113168 -0.578993158 
-2.064891005 8.145437768 -0.788988914 
-2.199178808 8.151430075 -0.281761240 
-2.166960799 8.158248700 -0.302280127 
-2.079081679 8.153102095 -0.671202271 
-2.083406197 8.127840722 -0.890391446 
-2.207115999 8.151300127 -0.216776375 
-2.199729114 8.151102227 -0.292121427 
-2.064489346 8.146889126 -0.771168694 
-2.058626569 8.155102562 -0.703378883 
-2.164215803 8.160678957 -0.232080098 
-2.150400399 8.162027250 -0.311866679 
-2.189874463 8.156923818 -0.097949112 
-2.069434469 8.169780005 -0.505251729 
-2.082611325 8.169908280 -0.461174008 
-2.167105856 8.161100101 -0.192074511 
-2.222136658 8.149247445 -0.111103988 
-2.193572540 8.155935907 -0.123345637 
-2.189292937 8.157072249 -0.107622365 
-2.218202094 8.148934464 -0.186730259 
-2.211592652 8.147161066 -0.310686160 
-2.089174434 8.151910664 -0.669649228 
-2.472569726 8.001781865 -1.021996123 
-2.190822766 8.159674294 -0.057377955 
-2.142061693 8.164909165 0.449405126 
-2.161866197 8.158895901 0.224907997 
-2.255587049 8.020317262 1.191455756 
-1.969735465 8.165879424 -0.660920012 
-2.115332648 8.162563911 0.413848402 
-2.123309867 8.165406363 0.313341307 
-2.174477572 8.159691502 -0.019870710 
-2.192535790 8.155081550 0.063550981 
-2.138727142 8.163700521 0.122655269 
-2.118839058 8.159145556 0.416973433 
-2.131942470 8.163969755 0.323808004 
-2.135892093 8.160394660 0.377976186 
-2.132105577 8.100206604 -0.973445219 
-2.116834362 8.105191585 -0.954731523 
-2.186246116 8.152093866 -0.175025141 
-2.203148084 8.148997348 -0.144719116 
-2.273920631 8.142152631 -0.046566447 
-2.148667049 8.101110997 -0.980990448 
-1.948935218 8.161396988 -0.848753531 
-2.098563177 8.170151960 -0.370919197 
-2.143731591 8.154083403 -0.420813898 
-2.077499981 8.123216282 -0.855553513 
-3.394883625 7.691115018 -0.675168782 
-3.393492804 7.698240447 -0.659726649 
-2.101247365 8.171415895 -0.293229700 
-2.125007096 8.164474118 -0.327321776 
-2.187665289 8.156498657 -0.046483781 
-2.167068542 8.160901507 0.124415556 
-2.087134980 8.169485568 -0.521813615 
-2.150726142 8.163737267 -0.113749037 
-1.968066353 8.141078976 0.867809953 
-1.894103800 8.146166886 0.921463210 
-2.100915712 8.154251844 -0.527640942 
-2.148359589 8.161008856 -0.149294041 
-2.165525600 8.159534573 -0.207795071 
-2.120417220 8.166819370 -0.325662852 
-2.217972716 8.150438654 0.108975691 
-2.220817790 8.149888688 0.120431485 
-2.109054481 8.157308177 0.556491711 
-2.138307234 8.161621061 0.386500820 
-2.212939449 8.150386355 0.197356544 
-2.182666130 8.158736324 0.110893314 
-2.096881593 8.142764790 0.743330720 
-2.101361023 8.151768511 0.641019768 
-2.264297013 8.149803486 0.179982477 
-2.193971473 8.151099674 0.306600165 
-2.126171976 8.161110599 0.065282665 
-2.490132369 7.997686526 1.012217596 
-1.946146386 8.168421048 -0.656122802 
-2.014435420 8.162773066 -0.559831557 
-2.311029299 8.128394922 0.148429255 
-2.089865821 8.135596809 -0.801877146 
-2.201810864 8.146628934 -0.212668938 
-2.201322435 8.145322505 -0.278609727 
-2.050158232 8.170023670 -0.376030983 
-2.150753609 8.158376532 -0.227563106 
-2.080661257 8.163547118 -0.470751622 
-2.212017179 8.074257899 -0.988824078 
-2.073027039 8.128783919 -0.812920333 
-2.089513475 8.136350398 -0.767247883 
-2.114630450 8.159501799 -0.624492299 
-2.058853460 8.150683839 -0.734472840 
-2.463221339 7.999325078 -1.055363172 
-2.181222983 8.096976587 -0.945824888 
-2.035264755 8.178434888 -0.499071870 
-2.028423319 8.175257174 -0.561964664 
-2.177621609 8.160449173 -0.059574256 
-2.169373088 8.162124093 -0.075288080 
-2.051038690 8.173601551 -0.519545463 
-2.048822768 8.175583948 -0.488069237 
-2.197593042 8.155157766 -0.114717983 
-2.143905293 8.167175901 -0.171696191 
-2.124919338 8.166811574 0.327465915 
-2.106537210 8.171386172 0.323270527 
-2.146219886 8.122090871 0.833150758 
-2.084563864 8.159438663 0.610420729 
-2.127989284 8.166755500 0.315739423 
-2.112895232 8.165312308 0.418630772 
-2.140615054 8.130867949 0.769860515 
-2.145298121 8.151013003 0.539139890 
-2.097395865 8.176709201 0.220979562 
-2.185631222 8.158760727 0.007185416 
-2.116587834 8.158704664 0.526641013 
-2.106078988 8.154296476 0.608698462 
-2.177084808 8.150395943 -0.420346688 
-2.150814270 8.153959344 -0.470285802 
-2.103614023 8.150666897 -0.640897633 
-2.079826341 8.159376605 -0.603434276 
-2.123291604 8.153584204 -0.571083852 
-2.130846942 8.164184434 -0.367343989 
-2.112594937 8.147172297 -0.657350809 
-2.090919246 8.166874351 -0.480221278 
-2.123078454 8.157517964 -0.513689238 
-2.124403278 8.160816087 -0.458611552 
-2.194627235 8.152765739 -0.266015009 
-2.091591335 8.165190739 -0.504714331 
