2.307964286 18.213736259 -1.410404904 
2.324498194 18.244702448 -0.945864937 
-12.229621350 12.426856578 -1.720861016 
-12.155419829 12.456201000 -1.916305030 
2.166762408 18.046696475 -3.000892608 
2.369961904 18.158661523 -1.835522207 
-12.102922723 12.407334713 -2.328105132 
-12.119793066 12.443751236 -2.184898273 
2.192994255 18.293488879 -0.988930092 
2.182392668 18.296886475 -0.816771415 
-12.292577887 12.533726939 -0.630612273 
-12.252127956 12.523815581 -1.152275418 
2.535753946 18.124611869 0.616312207 
2.340443297 18.150817963 -0.679235122 
-12.097128360 12.613563728 -0.884823042 
-12.045921335 12.691457137 -1.253453627 
2.041538235 18.258584482 -1.037374819 
1.858771694 18.224974891 -1.797618770 
-12.095843073 12.589219390 -1.003202201 
-12.046636184 12.647062441 -0.919828103 
2.325338760 18.210083230 0.625509128 
2.531921766 18.094327389 1.124984485 
-12.145932331 12.597982495 -0.320358263 
-12.116536187 12.614392469 -0.426430652 
0.221575868 15.543454309 6.252392901 
0.199961736 15.541462261 6.246198289 
-6.769761752 13.064446313 -8.085726328 
-7.382961177 12.787681430 -7.925649371 
-1.190223441 15.097401517 6.741380701 
0.703134263 15.732742485 5.820022658 
-8.985630563 12.113448156 -6.807753088 
-7.841304974 12.614387185 -7.666210624 
2.201687116 16.330744249 4.283358085 
2.491207679 16.327636781 3.906012446 
-2.762997009 14.638429612 -8.192100936 
-4.190681215 15.677465874 -7.948514480 
2.133106482 17.994171876 -3.291002251 
2.133504473 18.119507790 -2.710631517 
-12.243830241 12.432570655 -1.646297983 
-12.308557898 12.508419475 -0.987359584 
2.398095166 18.222611731 -0.372650140 
2.243319595 18.178165906 -1.958013329 
-12.331327279 12.475939707 -0.451357258 
-12.381531973 12.388705747 -0.757856173 
2.284525585 18.261435442 -0.557564334 
2.263363193 18.249525966 -1.066514482 
-12.313510518 12.579917231 -0.293196581 
-12.300411617 12.573373793 -0.068034798 
1.963514352 18.132287162 -1.675036910 
2.189690513 18.262240079 0.366180988 
-11.293229087 13.110704177 -2.915864868 
-11.036727686 13.228744652 -3.270844105 
1.967573727 18.127016134 -1.869951432 
2.006594584 18.237047030 -1.204024516 
-12.047955960 12.638404457 -1.354241126 
-11.627459272 12.949873348 -2.238164716 
2.031124815 18.312271633 -0.059804703 
2.433886308 18.155828516 0.313891251 
-11.315720681 13.147002630 -2.720636464 
-11.405618082 13.110580769 -2.461753498 
-2.901880898 14.465400358 7.522328654 
-2.849790963 14.533103862 7.446740241 
-10.064127867 11.749013789 -5.847983708 
-9.474721424 11.967630356 -6.400139926 
-3.791687719 14.231688543 7.660903861 
-2.430264595 14.676002057 7.319137964 
-9.477301925 11.936063325 -6.418074579 
-8.792173319 12.246070229 -6.895412070 
-0.095479974 15.527027758 6.344113550 
1.282811369 16.033746460 5.137062613 
-7.748320587 12.653295914 -7.649309302 
-7.823763306 12.556129409 -7.446340709 
2.255109814 17.991919332 -2.832195569 
2.324293189 18.028714296 -2.472603132 
-12.238903790 12.428488286 -0.322188637 
-11.839683978 12.836333848 1.385882105 
2.280135023 17.970191160 -2.875869409 
2.159465607 18.112380658 -2.362178069 
-12.260442964 12.380476681 -0.426546836 
-12.280589717 12.231975991 -1.515303986 
2.477605739 18.017719149 -2.057787364 
2.196988074 17.823589497 -3.622391245 
-12.186376767 12.548034729 0.149857631 
-11.986938947 12.564030150 1.466181759 
1.673741672 18.037989393 3.825862889 
1.978240975 18.161720543 2.835567578 
-11.988274936 12.740052509 -1.441467613 
-11.618190129 13.029368659 -2.214156802 
1.880784725 18.062044771 3.453309097 
1.604100835 17.847279674 4.479695740 
-12.047971678 12.668147096 -1.248864484 
-12.085188515 12.701579207 -0.943337355 
2.483761885 18.167159255 1.078721066 
2.356195662 18.169821606 1.817671560 
-11.574893511 12.996529165 -2.605566891 
-11.809484702 12.917942717 -1.762433447 
0.418321706 15.431363484 6.199456479 
0.961957896 15.648327025 5.715157484 
-10.714531968 11.533530004 -5.014605170 
-10.603322084 11.581254872 -5.155259244 
1.311101675 15.699822918 5.474895830 
2.576091474 16.179179131 3.818855857 
-10.239041616 11.663278021 -5.665455192 
-9.732734214 11.811996597 -6.210645603 
-1.388323607 14.937468756 7.195438511 
1.033041111 15.721059151 5.624859893 
-11.001612822 11.405873563 -4.564584718 
-9.929055789 11.719665354 -6.025044479 
1.603261315 17.811242356 -4.089246504 
1.553114462 17.890060869 -3.847117846 
-12.403530409 12.057581614 -0.151646612 
-12.434103741 11.856554327 -0.897194562 
2.226069644 17.993716464 -2.672236036 
1.135607100 17.384128962 -5.732724673 
-12.347375404 12.218634594 -0.781286501 
-12.375077241 12.199464861 -0.748283286 
-2.908203347 16.375531978 -7.223144775 
-7.352270836 14.606040220 -7.714335853 
-10.037915582 13.756155605 -6.122307072 
-6.421934466 14.939499529 -7.790543334 
2.373398951 17.816996168 3.121300588 
2.677102724 17.767510693 2.658645409 
-10.978186990 12.518017874 4.680225515 
-11.505210459 12.327903973 3.915892767 
0.884554913 17.351402202 6.100959088 
1.471314600 17.733444873 4.934651739 
-12.296166534 12.557103370 0.601692812 
-11.805138282 12.901397092 -1.656730533 
-0.463616946 19.102460082 3.378048331 
0.596613077 19.047742711 2.234759519 
-11.761547190 14.279121832 -0.229386385 
-11.737159697 14.006459535 -1.224903509 
-8.063619755 11.888072930 7.184390977 
-4.580053506 13.329705094 7.865136071 
-7.985937176 12.013305921 -8.157142117 
-5.145357881 12.937216438 -8.970483620 
-0.548414234 15.747257919 7.153497020 
1.629305496 16.396422494 4.706342175 
-9.148375733 12.562740779 -6.674632576 
-7.217078432 13.307689342 -7.644973320 
1.485684078 18.522560160 2.016183075 
-4.810203964 13.116897739 7.937913898 
-10.691507148 11.575428464 -5.208630451 
-9.923265536 12.059656586 5.933101220 
2.704847560 17.823558542 0.245756484 
2.454223049 17.759548006 1.661816156 
-10.751294581 13.196552223 3.269792295 
-10.429933250 13.393757325 3.656726448 
1.580742375 18.071507618 -2.773675483 
2.701732757 18.262555369 -0.719015898 
-11.080285433 12.771470039 3.441085883 
-11.923774103 13.225315798 -2.774173231 
2.590475133 17.954560251 -1.530712325 
2.452068204 17.811853545 -2.938737331 
-12.002776114 12.541059807 1.002354230 
-12.016659332 12.503349790 1.053268941 
1.198066151 15.758314958 7.765036927 
-1.151718606 19.285090353 -1.145916609 
-0.867559451 15.680370064 -6.144080926 
-2.087069515 15.216230717 -7.153630999 
3.056895540 17.557933938 -0.438419012 
2.456189812 17.525493648 -2.243832738 
-11.995548226 12.275395755 -0.780140931 
-12.022085151 12.197247193 -0.455601870 
2.961980538 17.558320098 -0.062132664 
3.125591428 17.473712116 0.277881969 
-11.922089354 12.064535980 -0.948473473 
-10.850831263 12.697185937 -3.276337869 
-0.629064395 15.253534027 6.440775646 
-0.119746660 15.463185579 6.049255051 
-3.231033414 14.538202358 -8.339452438 
-3.141876977 14.538743201 -8.292600287 
-0.655523389 15.197200482 6.465234535 
-2.003583394 14.747625409 7.201484582 
-7.120575185 12.767025001 -7.808914206 
-7.549075226 12.691873519 -7.820854664 
-3.403728015 14.269836145 7.658641760 
-2.735918916 14.461981563 7.615982375 
-6.396990414 13.088403091 -8.226068803 
-6.549683315 13.046954066 -8.195202139 
2.463065529 17.888472576 -2.851780015 
1.181220928 17.557717276 -5.398731684 
-12.132152692 12.486631847 -1.246039091 
-12.381973827 11.676442484 -0.557209230 
2.104893040 18.455431771 -0.682970838 
2.175672481 18.196530853 1.076036812 
-11.655117374 13.283746041 1.829573966 
-11.882983049 12.890352929 1.414075900 
2.336262753 18.123119524 -2.153627384 
2.313857345 18.188442667 -1.728822695 
-11.996689040 12.731674094 1.407812901 
-12.127177826 12.723337666 0.522801832 
2.295358045 18.001861570 2.176165056 
2.224166818 18.138293645 1.615362354 
-11.871917175 12.075619411 -2.517856719 
-11.909178217 12.382378119 -2.286143239 
3.011448237 17.724706762 0.390792935 
0.386036208 18.834090885 2.458395792 
-11.897209875 12.939007368 -0.662523370 
1.463556360 18.409862177 0.384254477 
1.362479893 17.805565413 4.442117915 
1.197471306 17.845850767 4.374036949 
-11.432548261 12.984647248 -2.998446608 
-11.333166709 13.023222311 -3.174029725 
3.957079844 16.069250954 -0.017605149 
3.960500857 15.789651280 0.373830401 
-7.340540218 12.074557422 -7.476336269 
-7.397549312 12.172703361 -7.541232177 
3.145157102 16.406476891 2.634152600 
3.220191186 16.444132860 2.403573024 
-10.069750112 11.121734752 -5.813199148 
-9.286573509 11.380907521 -6.517983488 
-1.702289557 15.594039974 6.271801382 
-1.230385063 15.874202512 5.850613524 
-10.874745636 10.653563870 -5.630425719 
-10.969391450 11.227869375 -5.099300517 
0.258774161 17.679050452 4.541315308 
-0.733183080 17.369274335 5.817503803 
-10.128901369 14.181434865 3.148033685 
-10.875950468 14.062759457 1.220307608 
3.004073634 17.667376656 -0.543724231 
3.046813412 17.648431116 -0.459387382 
-12.124180277 12.061223493 -0.623665036 
-12.173989397 11.918705826 -1.028539196 
2.562546352 17.656928606 -3.291743616 
-0.656578853 17.230835004 5.280019233 
-3.104148063 16.761661836 7.595653129 
-9.869513805 14.483645128 -6.241308374 
2.070800055 18.113350211 -1.462813063 
1.871662094 18.050065150 -2.271296127 
-10.577644927 13.424545887 -3.769898791 
-11.457723830 12.608378746 -3.091338152 
0.495897236 16.966357592 -5.364946347 
-0.298531625 16.377635104 -6.571830870 
-11.888107907 11.866350799 -2.129301029 
-10.188451091 12.885095857 4.826146050 
0.280649115 18.257360614 4.299417387 
-0.036715316 18.099760217 4.629636641 
-5.899694770 15.692207564 -6.588123225 
-8.075309000 14.756855722 -6.402650608 
-2.305865638 14.533803624 7.325330355 
-1.845934779 14.741991691 7.079354316 
-8.746389891 12.141677655 -7.150919603 
-11.150299303 11.331887175 -4.295312867 
-0.679224120 15.265842286 6.366496826 
-0.375562148 15.378423922 6.166508987 
-4.657779649 13.789821308 -8.667902006 
-3.816461584 14.183431590 -8.511718157 
-5.975455707 12.678351943 8.051623388 
-0.136253907 14.878063266 6.382573221 
-11.813316130 11.397322438 -2.285309269 
-8.458319450 11.974789392 -7.725498570 
2.586335188 18.152152552 -0.174627407 
2.700386783 17.933535728 0.617546494 
-11.609625821 13.226542225 1.659651483 
-12.034515783 12.898047440 0.409120438 
-4.316844162 18.091187133 -6.082140900 
-3.678128830 18.180806708 -6.146008934 
-1.660414704 16.133258559 6.016330171 
-8.440791050 15.944648267 4.025927867 
3.097726192 17.705591309 -1.770452778 
3.079792077 17.766048877 -1.046989351 
-11.794446633 12.566855030 1.502757156 
-12.270643491 12.151404422 -0.576137250 
0.403751930 18.772227228 -2.806682593 
2.228608098 18.452838716 -0.028458553 
-11.431605428 14.393387679 -1.308101981 
-11.951798031 13.585910026 1.711689768 
2.823577427 17.924842190 0.373435861 
2.781022509 17.783899732 2.198738591 
-10.156671682 13.773612455 -4.077175890 
-10.458931662 13.546457373 -3.727887517 
2.549447085 18.068706752 0.962569282 
2.262235973 18.060224506 -1.314910174 
-11.008000051 13.371340314 -3.053902508 
-10.805557237 13.313380662 -3.388967741 
1.508016125 15.535259428 5.274715013 
2.681857301 15.980142015 3.595413101 
-8.644643290 11.862758524 -7.153542538 
-8.684080944 11.840964886 -7.135197261 
1.696733314 15.725930877 5.090638007 
1.845209269 15.779377681 4.849173714 
-10.111449880 11.411225331 -5.764131575 
-10.456492148 11.342653356 -5.319431749 
3.442798814 16.123422269 1.832561887 
-2.850735665 14.089810108 7.635974870 
-10.029311140 11.331682706 -5.955086294 
-10.807912222 11.144941365 -4.881802581 
2.359002118 18.212135107 -1.380674494 
2.293628292 18.118172345 -2.456539813 
-12.231023727 12.668389303 0.057447991 
-11.931833678 12.891037111 1.331825567 
2.363386947 18.183052804 -1.222287330 
2.050408829 17.930036959 -3.546814229 
-11.026301313 13.259413916 3.089736956 
-12.321616178 12.382933657 -0.972033356 
2.019760146 18.586641285 0.587062710 
1.041653962 18.814003126 -2.944498431 
-8.518899646 13.887580676 -7.056170244 
-11.110200304 14.132673693 3.083269037 
0.431655232 18.676208821 2.715953302 
0.455366138 18.489258106 3.736745216 
-6.578293572 15.817624324 5.380117464 
-10.977003224 14.839600152 -0.646852168 
1.763430539 17.493657317 4.558595059 
1.816899199 17.513042401 4.453356505 
-12.038042826 12.174262511 -1.617749943 
-12.074312757 12.115271461 -1.620972206 
-1.970005823 16.411587285 -6.723878999 
2.424305460 17.544744388 -2.529359835 
-9.325068672 13.695634979 7.021384683 
-8.800722125 13.653334561 -7.049410017 
3.083840543 16.712767690 2.345944934 
3.444568319 16.769958700 1.184257758 
-4.712587055 14.823936704 -8.488794101 
-2.569068635 15.447884818 -8.503791582 
-1.644658211 13.980976705 7.532374106 
-0.857909738 13.860752162 7.366487472 
-9.016136722 12.292204762 -6.713045491 
-9.386970969 11.804657990 -6.576122111 
-1.078811885 15.699914855 6.894067842 
0.978366132 16.232492114 5.249853023 
-10.528605909 11.122673745 -5.257767192 
-9.795214910 12.306918002 -5.831505093 
2.393334215 17.917244078 -2.871324449 
2.241582235 18.100810617 -2.628737461 
-12.519884471 12.199606508 -0.292906003 
-12.285345636 12.576560621 -0.123368879 
2.321506212 18.213263751 -1.333140505 
1.950065654 18.161582783 -2.834292713 
-12.117309430 12.694657014 1.062219784 
-12.187488551 12.646964003 0.708808608 
2.209113648 18.061859851 -2.863934874 
2.287689602 18.152521977 -2.175459828 
-12.023745678 12.544439045 -2.337764749 
-12.402198313 12.400443045 -0.824269975 
2.451458779 17.959848419 2.221920492 
2.551883550 18.035947713 0.604610388 
-12.270823936 12.340093136 0.298229929 
-12.215868239 12.348975423 0.737752636 
2.618235894 17.949936681 -0.692758687 
2.282617128 17.863015421 -2.081705366 
-12.186691834 12.326986250 0.348813598 
-3.991111218 15.475712263 6.737300610 
2.459404608 18.104573993 0.404426120 
2.159959789 18.022261977 -1.614657756 
-12.267239102 12.232916141 0.952177236 
-11.921541914 12.588474535 2.104926987 
0.162522474 15.576115395 6.580753795 
-3.739667430 15.379425183 7.760483764 
-3.733733123 15.410337293 -8.023191948 
-4.932347174 13.220084665 -8.143077558 
-4.726853258 13.714508046 7.922840624 
-2.825289736 14.426773974 7.624197159 
-2.420344904 14.788553385 -8.044006995 
-1.888109800 15.038539549 -7.778857754 
-8.553169505 12.966487092 6.910503389 
-4.881924701 13.709475274 7.880647649 
-3.227346829 14.408864137 -8.339553903 
-2.681764274 14.655121814 -8.201594796 
-1.185040953 17.336220815 -6.492295946 
-1.397906841 17.029475443 -6.871233455 
-10.147763110 14.240467518 2.976555534 
-10.910236870 14.098936772 0.954070680 
3.420817502 17.264232369 -2.043301899 
3.447065505 17.326477493 -1.378717722 
-12.106391041 11.801009934 0.372850530 
-12.163278222 11.728858269 0.261487156 
0.537776855 18.299503889 -4.089606709 
3.302601610 17.277403212 -1.805864032 
-11.861213876 11.804533732 2.065465205 
-12.184228256 11.581949475 0.610160449 
2.443329788 18.057529646 1.712375408 
2.413922210 18.117444437 1.375063780 
-10.771207044 13.413004789 -3.417728856 
-11.508647738 13.005630219 -2.270369584 
0.129895188 16.887119336 -5.670603645 
2.253291048 17.114669662 -3.579964994 
-11.743220799 12.766239190 1.963476701 
-11.425302851 12.271275016 3.736656645 
2.822746404 17.829870541 -0.038977861 
2.497312069 18.464831038 -0.279578272 
-6.361625128 15.035646484 -7.336443751 
-11.909094670 13.698695608 0.949251267 
-3.321823375 14.166739860 7.657413289 
-3.740558378 13.968970108 7.777890065 
-7.202463192 12.585976319 -8.516439428 
-6.869767047 12.798073229 -8.618590328 
-2.562095221 14.444194128 7.397630166 
-4.416842580 13.721629364 7.884258450 
-7.037896483 12.821075498 -8.123712192 
-6.337195001 13.028048089 -8.721968391 
-2.555671782 14.700601338 7.227065341 
-2.959045865 14.482124473 7.416917359 
-5.969658430 13.438087827 -8.920298743 
-4.031876046 14.109236991 -8.785767946 
-0.188266084 16.659471537 -7.475187214 
0.521630056 17.088903151 -6.571071600 
-11.574195761 12.521387696 2.208626129 
-11.864511591 12.501423303 1.433063803 
-4.176759461 18.179380268 -5.966523921 
-3.341083372 18.304611492 -6.008646268 
-7.418930720 16.054706930 4.851293230 
-9.453481571 16.117907814 2.339743508 
1.348451764 17.030737707 -6.152528217 
1.015402678 17.007710921 -6.414715937 
-12.011562071 12.349054399 0.809341597 
-12.187719664 12.124800409 -0.105282102 
2.474463891 18.100269440 1.865952012 
2.426663177 18.101696975 2.037975940 
-10.130869738 13.726041138 -4.255161080 
-10.675355804 13.501013517 -3.698473741 
2.106401965 18.200593711 2.273873977 
2.265487223 18.164012774 2.156640452 
-8.415258525 14.425453327 -5.660616279 
-11.447879116 13.158387105 -2.437118062 
2.207391995 18.030545398 2.963081865 
2.114538511 18.063317921 3.016327759 
-11.561608546 13.110421115 -2.132351929 
-11.414462856 13.139178273 -2.599025281 
-4.338015808 13.802937112 7.874897825 
-3.887821364 13.974496457 7.808191083 
-11.345131755 11.306089544 -3.888586852 
-10.861410934 11.427569162 -4.803829166 
-5.922619042 13.163423414 7.941506235 
-5.025693519 13.507939413 7.945384368 
-11.447557187 11.270523866 -3.676137736 
-11.127413099 11.385253305 -4.251833901 
-3.367773590 14.232208329 7.654125777 
-3.035830400 15.144013808 7.231657078 
-11.107360154 11.422803009 -4.366374786 
-4.760044711 14.272453933 -9.090217724 
2.790270178 17.956848080 -1.155713352 
2.613710765 17.978186391 -1.165543766 
-11.329752646 13.200626229 2.199479080 
-11.304054047 13.282406479 2.510236157 
0.409261110 18.759372092 2.870481508 
-0.003857672 17.932189298 4.928057056 
-4.518829000 15.090297934 7.222659136 
-8.058957769 14.608470417 -7.092822299 
2.149817017 18.129275599 -2.194035475 
1.993474736 17.548491827 -4.718317296 
-11.560808932 12.975144944 2.281488117 
-11.614000740 12.919330413 2.189052383 
-4.328937867 18.078291579 6.091389571 
-3.626419606 18.209236485 6.098693419 
-1.633907366 16.221232040 -5.816738064 
-8.104607107 15.998174602 -4.316000467 
2.511752339 18.162386745 0.205178741 
2.770356404 17.929929736 0.766800001 
-11.786311488 13.077030195 -1.309019605 
-11.668446625 13.119955326 -1.678489884 
2.724361839 17.841662000 -1.096953125 
2.856313573 17.828408230 -0.557802169 
-12.220403764 12.232612893 0.067939601 
-11.796345436 12.680935609 -1.367869173 
-0.524303080 14.912380620 6.890241168 
-0.529147528 14.862036755 6.908128946 
-3.471062568 13.961124780 -8.367591641 
-4.401987282 13.553714680 -8.552613051 
-1.447807222 14.584448616 7.676553361 
-1.931021778 14.420875723 7.820879013 
-8.611902017 11.860937837 -6.974076571 
-9.808791044 11.382883579 -6.092762753 
1.645686723 15.871079552 5.148820045 
-1.517870202 14.584190981 7.376637247 
-6.653210242 12.585586499 -7.900604199 
-7.471562015 12.228737869 -7.611224440 
2.507124888 17.857834095 -3.109690985 
2.437306244 17.793525494 -3.248217499 
-10.648346837 13.267085169 3.441812416 
-11.896750884 12.345827111 2.035909886 
2.315261762 18.258525782 -0.098455944 
2.265437836 18.245659658 0.723860693 
-12.071185241 12.774424812 0.997287052 
-12.384813044 12.494278265 0.089299634 
1.785111710 17.725806632 -4.600460504 
2.141838356 17.823161985 -3.913417446 
-12.303725151 12.464836904 -0.068023075 
-12.242723073 12.519169750 -1.177374491 
2.926707254 17.816037669 0.541815260 
2.480454652 17.826327294 -1.597442860 
-11.983236583 12.126415691 2.655653466 
-12.165677007 12.229843427 0.303366518 
2.826994654 17.800416910 2.284189188 
0.764768114 18.838513091 1.834543113 
-11.160883859 13.306033580 3.696151629 
-11.031566138 13.028497718 3.995181304 
2.207241207 18.131097122 1.525249853 
2.202027880 18.156447304 1.188533822 
-12.167445722 12.358200918 -0.775657964 
-12.036662961 12.467206954 -1.196812999 
3.769058925 16.275188085 0.999085673 
2.750626595 16.608021058 3.027745681 
-4.994671979 12.933704947 -8.004951754 
-10.437232869 12.093241001 -5.111323457 
-4.897912759 14.882660129 7.334350097 
-2.922850743 15.868124453 6.593801583 
-2.415585991 16.441755379 -7.373908475 
-3.683660050 15.867605820 -7.935791378 
1.372748086 16.632876231 4.698886293 
-2.879863014 14.523381495 7.776149185 
-6.941026758 13.764314994 -7.820579285 
-5.064194534 14.404866435 -8.087185350 
2.804838293 17.799688963 -0.730779260 
2.528416577 17.776316468 1.362654692 
-11.847946433 12.288958043 1.324817980 
-10.909385725 12.955169306 2.216689324 
1.695762738 17.217844191 4.246455141 
1.106643258 16.927099514 5.126130123 
-11.370759606 12.626674403 2.607228502 
-11.846840184 12.680958472 0.646127046 
-8.676725112 14.932839294 -7.367354947 
-8.211105870 15.097443444 -7.563116740 
-8.010314003 15.365924859 6.802860295 
-9.478626012 14.775645533 6.130535364 
0.534261682 16.774649511 -5.500376642 
1.872570751 17.406878183 -3.423171917 
-11.910255306 12.362797125 -1.050141274 
-11.412799902 12.623578490 -2.259596597 
0.607031274 17.236662525 -4.866111618 
0.999606202 17.047045227 -4.854436400 
-12.018839315 12.012585559 -1.835731094 
-11.800169892 12.252439281 -2.088929981 
1.753705786 18.537706063 0.530058196 
1.809023600 18.445521062 1.287683158 
-10.879276051 13.296219914 -3.761297674 
-11.211271366 13.037122075 -3.529916559 
-1.159008048 14.987374475 7.044944348 
-1.979379983 14.711342293 7.151521261 
-8.368067156 12.121427627 -7.185675447 
-9.251637774 11.819869324 -6.602128730 
-0.982103606 15.049947557 6.675472201 
-1.273189852 15.146234977 6.732314193 
-5.133134306 13.583247189 -8.832374911 
-3.743361612 14.236151294 -8.552389957 
0.770634709 15.850221831 5.214709125 
-4.818562896 12.810234815 8.123880976 
-1.700505104 15.099889371 -7.645117341 
-1.865667596 15.276881440 -8.800242183 
3.183124763 17.534100752 -0.354899354 
2.858097700 17.616713191 0.619148186 
-11.796258102 12.456744866 1.274501780 
-11.961676085 12.265931696 0.528176118 
0.887426548 15.422754623 -8.011186730 
2.084661756 15.868084603 -6.961935428 
-12.077072348 11.736399795 1.055238547 
-12.458711695 11.316229039 0.846648019 
3.141659883 17.426289917 -1.758399257 
3.103767623 17.441486908 -1.604753256 
-11.646824892 12.223408816 1.780397805 
-12.036531730 11.922326769 0.788415457 
1.122150687 17.657499600 4.693384611 
2.376499520 18.340423683 -0.691296671 
-9.553462559 14.128442366 -4.651183062 
-12.091688691 13.282728152 1.404927732 
2.735550844 17.774492439 -0.750772261 
2.312584710 17.805120824 -1.726236759 
-9.906547158 13.532610387 -4.416754298 
-10.438838503 13.373480567 -3.684844703 
2.282144848 18.109261733 0.024996819 
2.477539136 18.018972022 -0.194052696 
-11.035669109 13.067379174 -3.104977249 
-10.338297001 13.320219209 -4.139123108 
0.859216707 15.898045247 5.838579068 
1.349801832 16.011845826 5.430315313 
-5.590594205 13.441265100 -8.334602675 
-6.342151873 13.058410203 -7.931196384 
1.225075706 16.315472472 5.245528770 
-0.990920762 15.402559336 7.212832099 
-9.419716685 11.962075687 -6.537889651 
-10.495420627 11.737839592 -5.358156601 
1.642728426 16.110147553 5.026938336 
-3.518734896 14.174732361 7.705681420 
-8.507439487 12.195662660 -7.135106963 
-9.084216594 12.020182075 -6.784007422 
1.432117489 17.586843827 -5.298717403 
2.234268319 18.088629828 -2.695117095 
-12.132218044 12.732060248 0.540120325 
-12.188288389 12.639850788 0.903003977 
2.751951084 17.851350872 -2.079076384 
2.254633785 17.571148092 -4.189793672 
-12.085708410 12.245295871 -2.251342617 
-11.546716088 12.337452355 -3.764309781 
0.774762595 19.085218811 -1.622256736 
-1.423770747 18.949560482 -4.258613165 
-11.593250686 14.421093926 0.458806413 
-11.977579429 13.758238272 0.979696444 
1.115462137 17.239662426 6.033385954 
0.528520643 17.201362624 6.407957378 
-12.239716062 12.260884042 1.448192354 
-12.277957786 12.226250799 1.361409751 
2.005854867 17.899003179 3.152734899 
1.983653523 17.721889626 3.902029233 
-12.304978442 12.076856166 1.321737626 
-12.396833812 12.031541540 0.087416669 
-6.522009350 14.918177469 7.806930610 
1.079793918 17.519752012 -4.020714221 
-7.208937242 14.765907932 -7.618701873 
-5.608517074 15.315381059 7.805429659 
-1.848219487 15.213064176 7.160470334 
-3.024864445 14.998584895 7.672808944 
-6.280774844 13.533788366 -8.718832813 
-4.005569593 14.424472986 -8.312121289 
2.219652931 15.904408855 4.341677600 
0.432463296 15.295144728 6.525235126 
-8.188199284 11.820691712 -7.154839352 
-7.663061046 11.955232939 -7.437195117 
-0.842082454 15.294150899 6.374505655 
-10.150629037 13.474205036 4.226790144 
-2.104075845 15.229558110 -7.929565117 
-0.462827907 15.743522220 -6.948311836 
1.896567496 18.006529337 -3.645146357 
1.859459035 17.811645496 -4.302340295 
-12.421291285 12.354802832 -0.661352269 
-12.243380361 12.431431485 -1.698694587 
1.774190966 17.990426210 -3.874558215 
2.167585735 18.083453239 -2.844674640 
-12.027635538 12.738400442 1.206281904 
-11.650982864 13.054558612 2.086033849 
1.467902475 17.575070200 -5.307413224 
2.078402237 17.784544324 -4.103788417 
-12.130924995 12.703868592 0.565968791 
-12.167954791 12.591283479 1.030688257 
2.320933562 17.964732929 2.828097325 
2.070261553 18.115303161 2.511877235 
-11.918212171 12.666967389 -1.418957276 
-12.043363789 12.569632343 -1.090987908 
2.271588218 18.031693386 2.566807875 
2.321294501 17.988543419 2.664770332 
-11.269660663 13.180847029 -2.470535836 
-11.762260299 12.878859299 -1.488820873 
2.428535761 17.924312886 2.777111480 
2.346068508 18.144985419 1.190927126 
-11.809487669 12.726447565 -1.763844134 
-12.238939782 12.446889277 -0.162827711 
-2.283383508 14.534495812 7.365941794 
-2.907215896 14.343518465 7.568791938 
-6.342787959 13.072090878 -8.280467932 
-6.428763979 13.081759108 -8.220200196 
-0.912456692 14.992866833 6.984301885 
-0.781336685 15.053358616 6.913333951 
-4.703763826 13.750597324 -8.478709301 
-2.672907269 14.618634405 -8.161320571 
-3.900950317 14.003643896 7.793804042 
-0.675918529 15.194240530 6.495586559 
-4.801049554 13.704184113 -8.382135261 
-3.000045621 14.454966127 -8.287244864 
1.920705986 17.897262150 -3.819514711 
1.653279478 17.737498159 -4.600817514 
-12.278514609 12.536696559 0.238624827 
-12.230526551 12.537841172 -0.376329925 
2.016123088 18.013835498 -3.183970480 
2.046013514 18.029528924 -3.071164417 
-12.230075283 12.497253701 0.366393664 
-12.081192894 12.668414060 0.853605209 
2.408771574 18.000245533 -2.426362517 
2.427501188 18.093650978 -1.678376125 
-12.182843610 12.617381068 0.563355354 
-11.985659367 12.721429684 1.531740166 
2.260643485 18.150003717 -1.247417122 
2.018356690 18.225155887 -1.456506495 
-12.224225404 12.595163881 -0.284288201 
-11.882151471 12.828246372 -1.689467809 
2.371502078 18.229778420 0.209786479 
2.479721913 18.181049673 0.441661469 
-12.090292211 12.698403954 -1.227008391 
-12.095317175 12.709371241 -0.945936016 
2.198102500 18.224025726 -0.861456871 
2.178689614 18.274936844 -0.412342107 
-11.518346484 13.038730774 -2.609065277 
-11.029111170 13.394950068 -3.134140267 
-1.896800655 14.806350796 7.435008598 
-4.090871272 13.977154704 7.899873797 
-8.919292693 12.092159952 -6.875084694 
-8.810362123 12.091348056 -6.941067550 
-1.143327240 15.156608878 7.075750839 
0.915940279 16.052324592 5.727684554 
-8.911631982 12.135301945 -6.870808226 
-7.758861321 12.604169273 -7.486449484 
-1.152912113 15.158038291 7.014729747 
-1.218381735 15.148515235 7.091204638 
-10.239634086 11.686092042 -5.687863022 
-8.396544823 12.278207163 -7.201825194 
2.233927326 18.126955777 -2.203154165 
2.352019832 18.180427890 -0.897640934 
-12.274849760 12.442999608 -0.603592486 
-12.150309081 12.420562073 -1.893095661 
2.141668928 17.995260363 -3.178711667 
2.436641855 18.052010279 -2.018481492 
-11.986039696 12.536200468 -2.368113631 
-12.300104083 12.384099378 -0.432009175 
2.410215539 18.086125210 -1.948196146 
2.170081893 18.024482840 -2.994307937 
-12.242756163 12.346136056 -1.739228881 
-12.307395935 12.490770569 -0.285833699 
2.127944489 18.300119211 -0.383067461 
2.035390385 18.328953667 -0.650243013 
-12.320732314 12.498444460 0.167963901 
-12.255263310 12.561282203 0.342981997 
2.025663750 18.180393762 -1.563229433 
1.944704087 18.213798139 -1.497673234 
-12.325491986 12.477658818 0.382657161 
-12.346571481 12.443215331 0.847613875 
2.263867269 18.276417561 0.121352495 
1.909902446 18.378394242 -0.535402105 
-12.281658817 12.523507743 1.226771962 
-12.211610224 12.616809790 1.188863727 
1.291141570 15.995314087 5.252217469 
1.475602551 16.127627387 5.194071457 
-8.497379727 12.377296757 -7.317761243 
-6.549554259 13.103777875 -8.207770967 
-0.887409919 15.165870974 6.948480693 
-3.883249371 14.070015591 7.815972482 
-9.767867482 11.872580433 -6.168244326 
-8.610260954 12.267533096 -7.030391344 
-1.764713219 14.610347975 7.224084538 
-1.712476862 14.756121380 7.186362762 
-8.579002826 12.315129270 -7.042647215 
-8.204201590 12.415670387 -7.240028378 
2.187388008 18.154657260 -2.382355206 
2.460116778 18.105903156 -1.874409699 
-11.663604408 13.051843367 1.957365774 
-11.323588131 13.218650110 2.727678787 
1.717175838 17.763784751 -4.637994417 
2.215232173 18.093641918 -2.689740234 
-11.737481242 12.998202935 1.844960635 
-11.380345809 13.204643464 2.473297335 
1.896056572 17.932311026 -3.909204139 
1.425504923 17.670798444 -5.115570120 
-11.812154891 12.921364525 1.630204014 
-12.123874588 12.756854022 0.753156094 
-4.172614616 18.129580658 6.068871530 
-3.287977331 18.295655303 6.059693824 
-2.179321576 17.690315556 -4.880793437 
-8.564761962 15.147252189 -6.339431767 
2.959339128 17.810657166 0.345689518 
2.114008255 17.666595728 3.969298791 
-10.389162793 13.261259193 -3.901114931 
-9.020685218 13.865326249 -5.300631258 
2.129197538 17.450026971 4.619684108 
2.782152284 17.881171169 0.978495652 
-11.622617850 12.706217519 -1.702695839 
-11.354327290 12.819541223 -2.325071070 
1.606076619 16.174903253 5.048337648 
2.613255366 16.417936544 3.460463707 
-7.893458013 12.300510456 -7.497309987 
-6.242171169 12.981862729 -7.960467828 
0.310763652 15.542337186 6.239191895 
-0.667934197 15.273007164 6.823134871 
-7.510752482 12.481391949 -7.639524343 
-7.827626098 12.222071240 -7.578314359 
-3.510752665 14.799551365 7.468436592 
-0.782802884 15.204490512 6.938149589 
-8.095584220 12.043445608 -7.404012639 
-6.738410758 12.808174130 -7.848358195 
2.719915313 17.721300731 -0.303306690 
3.447014163 17.254283272 0.118947906 
-11.709035706 12.694794105 -2.331406309 
-11.223911556 12.184352196 -4.401424168 
2.126782940 17.944083752 -3.170313749 
2.142686028 18.196096366 0.736311221 
-11.981688378 12.647806984 1.575836922 
-12.064662197 12.645724249 1.268316243 
2.530491180 18.442410965 -1.160046575 
2.223120670 18.647343849 -1.223075398 
-10.395629821 14.078733720 4.582078528 
-11.654708489 13.034597658 1.686256889 
3.440751557 17.364582307 0.525336209 
3.528100465 17.180906953 2.297291140 
-11.706780223 12.155973685 -1.542362043 
-11.190512971 12.338646146 -2.977680544 
-0.494405502 17.402764618 6.356481955 
-1.746058095 16.960176501 6.968965902 
-9.787678994 14.174017426 -3.834732504 
-10.868156810 14.121910612 -1.021670248 
3.453474539 17.190419121 1.605065111 
0.917157960 18.651720414 1.850847463 
-11.577783058 11.985495277 -2.367467478 
-11.694558963 11.892039636 -2.459832345 
1.123480980 16.027484486 5.548322899 
2.774402237 16.464628975 2.987953940 
-7.454806403 12.500469599 -7.615531299 
-8.966760848 11.947041809 -6.809519119 
2.278123425 16.170791188 4.245224019 
2.783111300 16.480494177 2.997099426 
-5.904227448 13.170937718 -8.249608080 
-5.440389997 13.323714945 -8.245668611 
0.671567566 16.151979872 5.902049899 
0.867634393 16.235903427 5.663881915 
-10.270407739 11.524641339 -5.727765335 
-9.313221294 11.874247793 -6.620459589 
2.615250714 18.001716005 -0.730117706 
2.680614592 17.806142865 -2.463876919 
-11.574390636 12.262365730 -3.604564366 
-5.500072057 15.463180944 -6.299953468 
2.397783709 17.868144645 -2.889318339 
2.492102569 18.013756195 -1.653775039 
-11.371306538 12.551810136 -3.744423504 
-11.952732932 12.185568247 -2.741208844 
2.532684488 18.015547889 -1.424297725 
2.487642561 18.082858694 -0.845303876 
-12.062246903 12.220397237 -2.251096833 
-11.894824453 12.262599075 -2.786528557 
1.791849403 18.266953151 -1.692204233 
2.192103917 18.302351059 0.356289250 
-11.913445167 12.851749821 -1.548961580 
-11.648530836 13.011341958 -2.190223594 
2.378284334 17.835221544 3.266453243 
2.103459167 18.308019504 1.367692837 
-12.299977255 12.409270895 1.267304939 
-12.358950276 12.473307402 0.509062858 
2.286230517 18.183321838 -0.968849347 
2.237880993 18.268296433 0.104558442 
-11.459889834 13.124420736 -2.439127337 
-11.663572953 12.947920800 -2.232532493 
0.649337175 15.659169787 5.940496486 
0.409716407 15.674763367 6.045586503 
-11.865007922 11.443773029 -1.770713984 
-11.786849350 11.436583137 -2.259805907 
-1.983298478 15.895875832 7.336819667 
0.406242012 16.491174573 5.834780158 
-11.168362011 11.565600116 -4.109950632 
-11.164704446 11.160412717 -4.244228541 
-0.169861476 15.459460410 6.511775591 
1.463202173 16.189577111 5.142871361 
-11.659614386 11.365139748 -2.900692436 
-11.805629644 11.385306082 -2.273955062 
1.933670853 17.442839921 -4.550810025 
2.497259773 17.926014097 -1.349751462 
-12.041740482 12.173351894 1.575145989 
-12.184296163 12.034208122 1.223602235 
0.266961869 18.670039303 -3.007976536 
0.628226197 18.539817450 -3.277107897 
-6.992848917 15.799802352 -5.131172563 
-8.726094755 15.527805403 -3.932178237 
-0.143992409 16.734890750 5.611306807 
-1.575405775 16.489859791 6.526023866 
-11.265019022 12.884241063 4.548506439 
-7.023182297 14.459595605 -8.027904229 
1.998193143 17.886614897 3.801254146 
2.270590234 18.001056904 2.830879031 
-12.279560634 12.461733266 0.104632733 
-12.379428557 12.318815060 0.737935505 
2.301317864 18.227600524 1.508916665 
2.317219506 18.227144799 1.313332092 
-11.447672949 13.158405649 -2.428525821 
-11.270097091 13.251500139 -2.704110421 
1.408336132 18.468817172 3.765990394 
2.354709442 18.193582113 -1.743129073 
-11.175920918 14.809139362 -1.528819664 
-11.129988072 14.160729578 -2.604035175 
-7.886732182 12.764129567 7.125990413 
-8.198354367 12.302435136 7.122175190 
-11.692579467 10.729427124 -3.039350374 
-5.239921692 13.670767971 -9.219933917 
-3.694030873 14.112210491 7.496383470 
-5.879517424 13.256614647 7.643702278 
-2.880640399 14.427523156 -8.846030498 
-11.869406505 12.586798468 -2.839719539 
-2.467688644 15.058206429 7.020927922 
-3.903993359 13.672126297 7.774532089 
-4.566673111 14.113807447 -8.561774967 
-5.933705156 13.587427663 -8.500352777 
2.454403352 18.036221962 -2.265887264 
2.309237299 17.920107001 -3.218995117 
-12.310412904 12.482944798 -0.710943182 
-12.319501478 12.420668279 -0.798545871 
2.931763531 17.783271199 -0.282837582 
1.900513665 17.760524416 -3.995421610 
-12.029617640 12.142957618 -0.437511744 
-12.106975031 11.939042302 -1.111627793 
2.608732613 17.992126356 -1.054379199 
2.393794575 18.107651380 0.028547313 
-12.164642945 12.440723215 0.444979858 
-12.277838457 12.324599372 -0.060674251 
2.511048526 17.722453491 2.959840354 
2.628146533 17.930695255 0.602727629 
-12.148256000 11.813052796 2.249200054 
-12.291550639 11.950079589 0.795247824 
2.570621348 18.046075354 0.989707224 
2.524282910 18.066543665 -0.197535043 
-12.185989729 12.393976174 1.527403285 
-12.085261973 12.562567645 -0.722140258 
0.575229409 18.946912775 1.848321656 
1.972791776 17.993957956 -2.073368067 
-7.019001959 16.147941418 -5.545013951 
-11.942460887 12.696590313 -0.690986765 
-0.598976424 15.201766883 6.332761949 
-11.787672953 11.178561153 -1.808139532 
-6.157167538 14.337396011 -7.972324007 
-6.711982680 13.768317848 -8.304136476 
1.811922615 16.018065119 4.784047180 
-0.525458675 15.267713395 7.050099160 
-3.107385328 15.591497943 -7.562197897 
-6.933954611 12.904884033 -7.607061316 
-0.449179217 16.915797485 5.542409641 
-3.239437630 15.222601773 7.123934031 
-6.484655252 14.976210672 -8.050185416 
-5.851960336 14.978909080 -8.146341284 
2.959528339 17.484639354 1.543730184 
2.828504721 17.958808936 -0.752505472 
-12.049349321 11.998967148 -2.281367704 
-12.294407496 11.876486199 -0.037185048 
1.748784101 17.988652239 2.957502214 
1.890049132 18.160178122 2.275189653 
-11.897713260 12.546522632 -2.877158835 
-12.082194583 12.398733796 -2.560154488 
2.842919518 17.992403415 -1.310852657 
2.394554550 18.197370779 -1.115360494 
-12.232950114 12.623780099 -0.362221047 
-12.074621978 12.396214402 -2.480772548 
2.842531808 17.835870720 -0.380149089 
2.733850066 17.946695254 0.492943501 
-12.045269470 12.092354208 2.447808008 
-11.984084212 12.570185967 -1.123638050 
2.659067203 17.959286975 1.258783659 
2.739086943 17.724732889 -1.588066872 
-12.212563761 12.823519825 0.286999764 
-11.660578885 12.552039386 3.514822239 
2.767637588 17.863137397 -0.128672718 
2.630218663 17.908915442 -0.239856101 
-12.246962237 12.022440151 0.438207012 
-12.178475242 12.147716707 0.652941008 
1.255139657 16.455773049 4.965730094 
2.379338963 16.499645838 3.743187601 
-11.150239619 12.035112511 -4.398671481 
-10.844495315 11.614059081 -4.979592417 
-1.362869199 14.950405087 6.564969487 
-9.445715281 13.311675789 5.877597639 
-11.975900970 10.533827383 -2.492351833 
-11.684665921 10.029541429 -3.632279495 
-1.861397828 15.080335316 7.417394701 
-0.033477342 15.690452759 6.381579982 
-7.333768637 13.230030846 -8.003187214 
-7.166707316 13.239976654 -8.083608438 
1.750092611 17.816350163 -4.278489343 
1.163793704 17.316652732 -5.969348757 
-12.249262389 12.483756483 0.396248575 
-12.340863128 12.360882063 -0.882384832 
1.979304620 18.005345153 -3.298954740 
2.229304411 18.002189230 -2.935418236 
-11.508811932 13.029079328 2.517863994 
-11.720293714 12.906541601 2.037529453 
-7.912515259 14.924553892 -7.706403108 
0.699840155 17.702159639 -4.459830951 
-10.702657025 14.494424313 2.698543396 
-5.898663270 15.216727424 6.682001158 
1.964333114 18.269090295 -1.306152952 
1.986478643 18.306184840 1.617080775 
-10.707529184 13.570248470 -3.527281440 
-11.197002440 13.173689112 -3.027580039 
2.108230684 18.243027228 -0.904844129 
2.179355050 17.961971224 -2.047989182 
-10.353679696 13.675369226 -3.934672059 
-8.409829276 14.080208600 -6.401116535 
1.606907918 18.227284987 -2.323932848 
2.320426700 18.250286370 0.976700329 
-11.429222262 13.085446967 -2.676629069 
-11.077609197 13.306280337 -3.098688020 
0.867743434 15.948115151 5.614603061 
0.398485116 15.673133322 6.094612153 
-9.580439765 11.839017796 -6.399114673 
-9.504827031 11.857318403 -6.466715431 
0.462231848 15.746486292 6.032918940 
1.003167113 15.980239719 5.747096608 
-9.227356349 11.922309099 -6.701033012 
-8.989263891 12.066428414 -6.881414042 
-2.008700375 14.847409732 7.141311970 
-0.811072391 15.304796307 6.861831766 
-10.799131061 11.618807181 -4.890779211 
-10.225039116 11.684786605 -5.776381689 
1.524655947 18.155213988 -3.381602343 
1.859074487 18.010668828 -3.457173274 
-12.239182657 12.612355586 0.382006219 
-10.187001410 13.834769319 4.054548930 
1.313920955 17.736674518 -4.914218156 
0.464188206 17.215119487 -6.548034003 
-12.330812698 12.442832618 -0.543127441 
-12.218251147 12.598658845 0.272558196 
1.811779113 18.037117267 -3.516053474 
1.831088201 17.985164195 -3.652797984 
-11.558292560 12.955716538 2.289300317 
-12.324556728 12.446090325 -0.136041347 
1.118767100 17.700115879 4.550572054 
0.581227742 17.466157302 5.954257427 
-5.564072112 14.762058899 -7.016401982 
-8.771220981 13.941555719 -5.906648591 
2.335497628 18.019947977 2.747749041 
1.993229840 17.838042431 4.044173330 
-9.470523753 14.047241537 -4.836471735 
-9.530738515 14.075549491 -4.727402466 
1.407881647 17.399823307 5.662387024 
1.484328128 17.419782480 5.603445350 
-10.204743462 13.799988757 -4.012095802 
-10.404376456 13.629411722 -3.854538075 
3.103601070 16.579696120 2.414537113 
2.310233629 16.317672557 4.097648574 
-10.101717757 11.476844807 -5.994131180 
-9.986487495 11.715462055 -6.027420819 
2.778804926 16.416826078 3.432876251 
0.313563046 15.833851246 6.311307631 
-9.673370185 11.679793385 -6.349370605 
-10.703850146 11.438454126 -5.176998600 
1.213417959 16.140068363 5.406515425 
2.397708629 16.301845664 4.075282022 
-10.334433295 12.436171273 -5.099131436 
-7.986435819 12.128652877 -7.206271707 
-1.587255063 16.523783385 -8.124073497 
-1.514372627 16.464915130 -8.129935500 
-11.854624017 12.888580944 1.550762634 
-11.349431694 13.169518030 2.529093844 
-5.276130584 14.962635182 -9.009870588 
1.706008290 17.829971054 -4.626640883 
-7.924241198 14.190344778 5.984773465 
-8.717105271 13.596515855 6.636051590 
0.500072406 17.356306686 -6.347762288 
0.242110056 17.063692552 -6.941916707 
-11.771043611 12.880891147 1.566852574 
-12.319040392 12.476718465 -0.853895585 
1.998029397 18.095998835 -1.954188512 
2.174271794 18.184827613 -1.102662812 
-9.714621017 13.945844147 -4.515476259 
-10.645520928 13.582506780 -3.492455989 
2.368190102 18.178787454 0.538281482 
2.078653615 18.309316729 0.184612612 
-10.127774669 13.830449742 -4.058503886 
-9.055869367 14.176184375 -5.125420125 
1.815660699 18.135106449 -2.182984696 
2.096825631 18.295854118 0.025987044 
-10.530362429 13.562613721 -3.738816861 
-9.672758634 13.847738543 -4.665263436 
-6.546545203 12.966329343 7.845613723 
-7.014853160 12.791884138 7.745832699 
-8.355812942 12.170532908 -7.244398265 
-5.879655515 13.278420156 -8.732900571 
-3.958661097 14.087185289 7.779210940 
-4.249613001 13.946860188 7.877728811 
-7.501035153 12.592332263 -7.597850888 
-4.099584058 14.153796875 -8.594466865 
-6.424548605 12.820831331 7.695148017 
-3.115071700 15.207118259 6.777808032 
-4.901310362 13.828469159 -8.724475311 
-9.068163533 12.192360113 -6.826567424 
2.236711301 17.902568277 -3.458525199 
0.717477835 16.833684370 -5.388404803 
-11.973685792 12.749960976 1.216763443 
-11.091380178 13.340073967 2.858666991 
2.000623990 17.860410959 -3.992711085 
1.556728283 17.411392463 -5.514052444 
-12.261385643 12.571849867 -0.572021292 
-12.311936261 12.482956830 0.052605759 
2.441082906 18.012259270 -2.573396230 
2.340413677 18.207554790 -1.245642459 
-11.793704167 12.956426300 1.853327934 
-11.846527764 12.871493399 1.742891980 
2.221122219 18.137894429 -1.066359427 
2.226752661 18.234326739 1.024092667 
-9.561508031 13.951839112 -4.749859557 
-9.356272195 14.113994670 -4.847334024 
2.365763243 18.114593339 -0.728707424 
2.516176028 18.131259023 0.520453750 
-9.980786038 13.760712214 -4.414509950 
-10.812049661 13.343984240 -3.631055599 
-1.643454315 17.350941830 6.441458590 
0.818502856 18.104231425 3.282366327 
-5.411281391 15.509418514 -6.531156405 
-5.427699253 15.321857698 -6.544344472 
-5.823567066 13.245862836 8.010839207 
-2.160437002 14.784888674 7.181341620 
-9.052005393 12.036571686 -6.803950834 
-2.263322979 14.848125461 -8.056583846 
-3.160665665 14.414443700 7.583073608 
-1.546705011 14.979985058 6.948192489 
-8.466281486 12.195541843 -7.166642689 
-9.053947966 11.993383157 -6.834930805 
-1.956082932 15.152405172 6.900247591 
0.170261678 15.709038814 6.120773011 
-3.625531736 14.242079454 -8.418227571 
-3.468326362 14.385500573 -8.306191897 
2.685203705 17.886646802 -2.455111295 
3.020207678 17.547942575 -2.570685949 
-12.120787668 12.828948403 -1.759976846 
-11.697077095 12.539283290 -3.456681867 
2.868625061 17.842144766 -0.221288523 
2.284030930 17.920518072 1.803082658 
-12.155935044 12.120470021 -1.834651581 
-12.131732398 12.474474884 0.132306807 
2.768590809 17.679737247 -2.555062799 
2.678694232 17.870941587 -1.508761318 
-11.351497570 12.211967459 -4.101599524 
-11.695263573 12.071323810 -3.488326520 
2.220479947 18.270861685 -0.793251357 
2.379727334 18.227596782 -0.161631065 
-11.267689042 12.781263036 4.057232614 
-11.016489766 12.851291563 4.473185848 
3.247165765 17.479742444 -0.343798498 
2.625023961 18.054003586 -0.120011831 
-11.628026323 12.191216938 3.249458019 
-12.193836166 12.003513059 -0.580008697 
2.110559577 18.171116666 -1.453117086 
1.646283389 17.975229433 -3.071201005 
-12.114368976 12.411621250 2.281882417 
-12.243983561 12.477477089 1.573749281 
0.999115268 14.921462287 5.757630643 
2.812378212 17.569625637 -2.399047274 
-8.453705506 13.181527466 -6.733496723 
-7.448932606 13.263226113 -7.100298090 
-2.066355759 15.545690546 6.769148640 
-4.772790187 14.086419748 7.578608645 
-4.819153920 14.351412444 -8.261615336 
-3.298346949 14.342866151 -8.673379526 
0.091114695 15.826234508 6.339620504 
0.063436027 15.980596333 6.172542450 
-7.037247885 13.224025840 -7.946793615 
-6.099660311 13.431328062 -8.078222263 
2.500581558 18.094782300 -0.668511864 
2.546424009 18.039269611 -1.246064497 
-12.067046098 12.566134790 0.920621626 
-12.083953781 12.584246816 0.620455467 
2.809253549 17.818111656 -1.042503791 
2.384081565 17.993960440 0.216391078 
-12.251806247 11.854773512 -1.661503771 
-11.936428669 11.952132306 -2.804419749 
2.004932256 18.019085332 1.845605876 
0.988516529 18.869409341 0.351563108 
-12.091143891 12.429119261 -1.273403385 
-12.127865506 12.601192646 -0.501604963 
3.254785948 17.373320602 0.127700122 
2.650228246 17.882500560 1.553924052 
-11.972428822 12.221160320 0.026058398 
-12.197935143 11.718843897 0.351083042 
1.954132781 17.700169860 4.412486250 
2.255037905 17.967542260 3.052849144 
-12.270634482 12.356795052 1.415978083 
-12.231305025 12.511267997 1.046179147 
2.741713154 17.952260639 0.857868578 
2.573331602 18.016877407 1.160307360 
-12.153295434 12.475937592 -0.349931600 
-12.230838100 12.319329642 1.221693782 
-1.582432614 14.680890113 6.983574522 
-0.574091888 15.210285982 6.298398953 
-8.925094458 12.134323304 -7.447743044 
-2.083735788 14.734158317 -7.910245863 
-2.256023654 15.510219523 7.581870622 
-0.722974987 16.037703292 6.743485469 
-12.277161911 11.246195016 -1.884984671 
-8.534148849 13.291595309 -7.227599060 
-0.511767035 17.025140428 5.864376747 
0.927906083 17.581079006 4.228932431 
-10.842524066 12.220254466 -4.997661745 
-6.818414538 14.697072686 -7.593474978 
2.515760892 18.005457966 -2.418335814 
2.350334848 18.073306872 -2.347439429 
-12.370797830 12.513409981 -0.083528191 
-12.169403484 12.556002520 0.844805701 
2.008331910 18.261821185 1.391983320 
2.390720478 18.228022373 -0.444259458 
-11.882423791 12.869352885 1.631401987 
-11.716324957 12.969648685 1.912596566 
2.058461562 17.864114608 -3.882763453 
2.435011236 17.815475761 -3.525716301 
-12.316244078 12.518880610 0.088945300 
-12.178197345 12.650866289 0.685737061 
2.530629175 18.115792194 0.860039321 
2.630247845 18.060681431 1.074902518 
-12.062347943 12.653984836 -1.052024346 
-11.954212717 12.770304061 -1.203772858 
1.905607539 17.895193663 4.120826236 
2.219948843 17.639460202 -2.660704721 
-5.008962323 15.323572808 -7.173715370 
-6.511459948 14.504919836 -7.090029584 
2.214367729 18.179087087 -0.822710338 
2.413397632 18.164752620 -0.253099287 
-11.785292914 12.820831580 -1.899812676 
-11.774959119 12.885355540 -1.723093380 
0.403011298 15.686376684 6.052945948 
-1.835157757 14.901298642 7.048501720 
-4.352805382 14.011061593 -8.479422731 
-3.962160736 14.152806716 -8.500725156 
1.141619634 16.003548814 5.252291086 
-0.852412425 15.252784466 6.513196665 
-3.192735025 14.498748957 -8.296900550 
-3.965514364 14.206690488 -8.464474930 
-1.831191741 14.924749323 7.052380718 
-2.375178510 14.760534825 7.270902457 
-3.520413378 14.295164046 -8.398696840 
-3.724945679 14.263922856 -8.496001544 
2.091523613 18.110668870 1.406986283 
2.736890239 17.912781565 -1.406003605 
-11.817895188 12.786625856 1.512930096 
-12.251259061 12.423810290 -0.287167558 
1.974326024 18.286042214 0.640370597 
2.060360568 18.162245660 1.294460092 
-12.241331156 12.432439114 -1.076615664 
-12.318166010 12.346181975 -1.146952168 
0.515254383 19.309093692 0.568855927 
2.358066436 17.776680843 -3.294038438 
-11.969421729 14.260262061 0.342798281 
-12.161694672 12.044799933 -1.607768924 
0.579748350 18.371611873 4.038700470 
1.444181237 17.272437739 -4.181461033 
-6.275018059 16.282086879 -5.249420000 
-10.872923745 14.448045566 2.070961758 
2.314602448 17.766294921 2.902287704 
2.474695359 17.859983687 1.983448720 
-12.104584452 11.974968353 1.868157078 
-12.276102417 11.885940204 1.130675327 
2.748329852 17.681748806 -1.147616529 
2.818417032 17.770565520 0.418657081 
-12.229007862 11.803005558 0.828598189 
-12.230284859 11.780065017 0.741043004 
-3.173132424 15.764423738 6.684205177 
-2.981109023 15.635576944 6.735156947 
-1.591486039 15.700930235 -7.521715321 
-2.261344192 15.259035392 -7.821302678 
-7.765412567 13.769023369 7.429558647 
0.747211516 16.960578523 4.636103961 
-6.848333718 14.129062269 -8.493438327 
-4.568436283 15.072890675 -8.307926329 
-5.309000449 13.991280192 7.794352995 
3.999421577 16.265681382 -0.698050757 
-13.040300640 10.988778642 1.469852750 
-13.134269743 11.293468139 1.111535835 
2.587676651 17.856116828 -1.721943622 
2.465751339 17.860558955 -2.015383111 
-12.239337157 11.919904090 -1.310139661 
-11.788438707 12.102700759 -2.805320701 
0.465292936 18.089240711 -4.907934279 
0.731611016 17.008434176 5.277246024 
-10.220602466 14.722971657 -2.908399843 
-8.225071854 15.134174579 -4.844111944 
3.050260315 17.502186096 -1.544515560 
2.737535955 17.716104748 0.855073807 
-12.082535957 11.754200315 -2.137417348 
-12.218202517 11.788210172 -0.757973742 
1.964499921 18.218660789 -1.186363235 
1.993391063 18.245560271 -0.818553594 
-11.420943763 13.198921980 -2.665040263 
-11.875752114 12.926974954 -1.863949518 
2.118505000 18.171516105 -0.538637193 
2.145927371 18.129465981 -1.145168824 
-11.400294578 12.948407234 -2.329498207 
-11.398262127 12.965024648 -2.537574177 
1.996187500 17.976291031 -1.225814122 
0.606832850 19.260097201 -0.829468301 
-11.289800236 12.754335086 3.816738205 
-11.851805684 14.390747901 -0.860782894 
-5.641164270 14.394022953 7.072493801 
-5.755878168 14.082639984 7.313781214 
-8.371016700 12.327698399 -7.173280080 
-11.476035816 12.857218947 -3.692297970 
1.395886775 17.321794604 4.079396837 
1.448099196 16.803194024 4.525664522 
-11.189633530 12.342102672 -4.046888537 
-11.263176436 12.401667670 -4.161677090 
-5.200451590 13.271312173 7.785344915 
-0.610792285 15.260831139 6.250617218 
-11.910046847 12.096060799 -1.814382354 
-5.345480109 14.152821886 -8.685281273 
1.727950041 18.099775677 -3.488892411 
3.228715835 17.469446699 -1.411149942 
-9.218560426 14.247837003 5.150279425 
-10.822806190 12.723426040 3.453805528 
2.454568749 17.949145458 -2.714204613 
2.403249145 17.876540993 -3.160801652 
-12.203064531 12.523367278 -1.267490139 
-12.165537320 12.521519360 -1.435496337 
2.470242412 17.947315015 -2.602925421 
2.431124204 17.964672803 -2.655624560 
-12.304386391 12.412501934 -0.755452564 
-12.225124117 12.566875202 -0.213458842 
2.394126805 18.204494416 0.500619308 
2.427644879 18.205722605 0.615073310 
-10.523143081 13.487244395 -3.884193270 
-11.235067101 13.254878751 -2.893017383 
2.394669342 18.196312384 0.234604812 
2.400182245 18.166534731 1.354467204 
-10.814332439 13.338060868 -3.576031686 
-11.746328208 12.834444913 -2.109246250 
2.442751191 18.197548572 -0.137836014 
1.884695662 18.220073716 -1.952411243 
-11.664664544 12.969937507 -2.188058795 
-11.485353350 13.052129838 -2.456456460 
-2.046337890 14.871817205 7.419948594 
-1.319831186 15.115054062 7.102795563 
-11.416990994 11.419524401 -3.709405823 
-11.204425913 11.511356615 -4.122556177 
-2.954235148 14.412865142 7.582544732 
-2.781827593 14.512869211 7.715019034 
-11.423409735 11.389348101 -3.726071030 
-10.899555084 11.614642911 -4.696979670 
0.263056682 15.701989146 6.118470839 
-0.875601118 15.273298983 6.912142149 
-10.255438504 11.640013607 -5.706217494 
-11.069140819 11.542171035 -4.409149819 
