2.141543378 19.465675940 -2.168068949 
2.189202736 19.514582513 -1.678890686 
-13.157530483 13.449619604 -1.207964130 
-13.102160466 13.456551002 -1.394504301 
1.881178439 19.248300274 -3.802475041 
2.159091202 19.419744010 -2.566782225 
-13.085112404 13.391320019 -1.841379969 
-13.081271045 13.446687388 -1.694758378 
2.032064896 19.562310256 -1.719496533 
2.008652364 19.587680591 -1.506117200 
-13.134852900 13.563608334 0.002180887 
-13.135612771 13.546893905 -0.566491436 
3.173443735 18.547986002 1.875387442 
3.162383327 18.603377724 0.457510262 
-12.702385601 12.536710668 -2.226454911 
-12.600175147 12.651466304 -2.618192766 
2.867149575 18.767284821 0.072509197 
2.743154328 18.818839526 -0.780064207 
-12.673858225 12.501350007 -2.356427383 
-12.638988135 12.606617811 -2.268645947 
2.962585449 18.599595303 1.896597593 
3.097313240 18.497370719 2.425189178 
-12.849439762 12.542168639 -1.613868698 
-12.798162276 12.564686504 -1.731952672 
1.510631166 15.024785758 6.742716527 
1.505762557 15.045821316 6.716086266 
-7.289092055 11.905325623 -8.832284686 
-7.930598352 11.599378963 -8.602695025 
0.006033737 14.572569199 7.422461462 
2.043420236 15.248169223 6.194485087 
-9.695787300 10.882239945 -7.197376498 
-8.494784212 11.416908094 -8.223997023 
3.578063588 15.830582752 4.441364841 
3.860003407 15.797059440 4.030278002 
-2.865599841 13.667355699 -9.295807003 
-3.769055292 15.072327071 -9.218894638 
1.793686858 19.266277330 -3.947245489 
1.816158465 19.402791700 -3.356125548 
-13.164955728 13.469235788 -1.154990324 
-13.184714534 13.548678283 -0.427344146 
2.256471907 19.559221250 -0.970347343 
2.007398396 19.454090402 -2.649541383 
-13.157551308 13.552790454 0.116286318 
-13.247957948 13.436737944 -0.197146761 
2.082607167 19.611663785 -1.106552427 
2.041595117 19.579950472 -1.653596286 
-13.119908094 13.671990510 0.274050987 
-13.089756462 13.669593859 0.514987591 
2.858777837 18.725166566 -0.670142548 
2.827809230 18.735863616 1.603877931 
-11.506195538 13.205414882 -4.368963621 
-11.159576071 13.351497608 -4.732042578 
2.892922727 18.706515579 -0.884280729 
2.860864792 18.762799363 -0.127419561 
-12.577727753 12.526092398 -2.723435625 
-11.986892004 12.990072709 -3.664513272 
2.747198060 18.770491431 1.141001870 
3.134857209 18.567489195 1.540686663 
-11.572115410 13.272802573 -4.163571545 
-11.704617906 13.197260354 -3.899619391 
-1.766966864 14.003160795 8.337985939 
-1.702050713 14.086790660 8.252875057 
-10.861285215 10.519940605 -5.986819883 
-10.260936778 10.749965485 -6.657025772 
-2.754239457 13.742890959 8.583083112 
-1.235625444 14.250899605 8.067571828 
-10.242797886 10.708572343 -6.689244872 
-9.535889327 11.037932167 -7.285833715 
1.255061787 15.129979903 6.772864726 
2.686168191 15.639330840 5.337804478 
-8.425408722 11.476658374 -8.217725660 
-8.462919744 11.364483504 -8.026005421 
2.921850439 17.759848638 -4.129470559 
3.048225822 17.811357885 -3.741440669 
-12.917424941 11.646483017 0.731137390 
-12.267023954 12.185449494 2.641076293 
2.947031976 17.725143233 -4.170678590 
2.891647224 17.910614001 -3.628930041 
-12.947903042 11.588397612 0.613395626 
-13.097033642 11.372762901 -0.633884025 
3.270524016 17.815252817 -3.287102392 
2.767602498 17.521708105 -4.951108299 
-12.808621821 11.811189494 1.268563731 
-12.393372557 11.897129230 2.720114817 
1.252543224 19.451375316 3.899423131 
1.562942563 19.577233396 2.902835323 
-12.643001302 14.060442927 -1.523901919 
-12.237278792 14.366803819 -2.302129750 
1.471188868 19.479002259 3.523950401 
1.202473802 19.264780752 4.577582705 
-12.713155626 13.984628523 -1.300675405 
-12.744207741 14.021202560 -1.001291527 
2.116474844 19.596488731 1.120605366 
1.972874836 19.594951951 1.870351213 
-12.201434090 14.330348661 -2.693720691 
-12.441451150 14.249928073 -1.840758523 
0.143110637 14.769831647 7.490597117 
0.782648467 15.039241318 7.048388701 
-10.549964792 11.092178683 -6.413805005 
-10.413013494 11.150080715 -6.554472065 
1.179259594 15.107317737 6.821089814 
2.760281777 15.721848205 5.210568594 
-9.905871359 11.288869962 -7.054064020 
-9.269592526 11.484957702 -7.573905170 
-1.917175446 14.182445152 8.348834072 
0.866198086 15.129039505 6.967507601 
-10.936929665 10.914335611 -5.955221524 
-9.503389609 11.380282684 -7.397480754 
2.638315820 17.114674941 -4.876249075 
2.028253860 17.598659244 -5.213752568 
-12.918244959 10.719698920 0.196377288 
-13.057502404 10.760349346 -0.126142064 
2.891308525 17.738143007 -3.964793606 
1.311669984 16.933598912 -7.127102528 
-13.112486174 11.484840610 0.243337573 
-13.131404326 11.455777140 0.276392805 
-3.913906244 17.309146060 -7.777189984 
-8.648092683 15.313311569 -7.799801104 
-11.154606541 14.679764699 -5.822609318 
-7.694128322 15.654703907 -8.030554610 
2.260413415 18.815192299 4.203193983 
2.657356891 18.787100810 3.726571662 
-12.306986925 13.014093632 4.270804108 
-12.733217124 12.995052291 3.431682808 
0.631062892 18.802748847 6.013306467 
1.176022278 19.173826625 4.804694577 
-12.929962276 13.877324790 0.784712480 
-12.453498558 14.226451868 -1.603593103 
-1.247640469 20.354627534 3.334646140 
-0.086176207 20.357146151 2.177960280 
-12.128710099 15.709185913 -0.182829304 
-12.169876574 15.416459253 -1.141949225 
-9.039003931 10.787694717 7.296672955 
-5.406131620 12.320814395 8.553802410 
-7.282597658 11.523691411 -9.357116551 
-4.070570582 12.568356482 -9.910181563 
0.338232510 15.085592007 8.126298889 
2.932045902 15.892435296 5.180801318 
-9.615535641 11.409534164 -7.464055332 
-7.583204891 12.210449842 -8.561057760 
2.894806466 18.387280510 2.430433357 
-5.794889118 12.203828150 8.551961893 
-11.432164973 10.310173506 -5.400148909 
-11.174331467 11.371136841 5.519413751 
2.564265487 19.247758865 -0.130271632 
2.355136442 19.204501003 1.358224580 
-11.207739587 14.504813258 3.788547613 
-10.845934319 14.723073168 4.155789853 
1.464655130 18.957441459 -3.940330644 
2.884526030 19.371310738 -1.671286398 
-11.439052088 13.553807940 4.632852710 
-12.943490981 13.983329701 -2.027103107 
2.295119525 19.351312187 -1.915558394 
2.105996119 19.191095301 -3.344105284 
-12.673288755 13.809021862 1.362755714 
-12.692430133 13.760373671 1.440298424 
0.886371398 15.358344745 9.154702848 
-0.680020022 20.124470420 -0.031650788 
0.550975711 16.085983165 -6.051676274 
-0.675312096 15.537026160 -7.452168922 
3.674918859 18.375432906 0.618835559 
3.261368574 18.396560286 -1.370280244 
-12.685502693 12.718350873 -2.001431249 
-12.721661221 12.458672638 -1.725650367 
3.743091487 17.942678413 1.131033295 
3.879851435 17.829850036 1.496783601 
-12.476832350 11.988900686 -2.314294184 
-10.913211862 12.814409918 -4.746613859 
0.575733041 14.689696242 7.080469706 
1.105386487 14.898699707 6.647998680 
-3.243407755 13.547806367 -9.433314285 
-3.128602710 13.547989693 -9.386523360 
0.405701136 14.526436594 7.236394567 
-1.054066041 14.047431249 8.085005405 
-7.369969564 11.588505600 -8.657462458 
-7.883717131 11.501490455 -8.622186544 
-2.341685404 13.724690292 8.527432736 
-1.615689212 13.925475018 8.413538279 
-6.919482423 11.917798225 -8.958340699 
-7.056819749 11.870954513 -8.929846679 
2.170238202 19.249500930 -3.339233872 
0.708153402 18.880598178 -5.852468249 
-12.981597145 13.628241039 -0.856245228 
-13.400653241 12.251286902 0.333771768 
1.768404120 19.831780618 -1.108937042 
1.992888913 19.613116386 0.693964264 
-12.189921522 14.588410318 2.278870072 
-12.507454469 14.134720019 1.911398973 
2.011947801 19.479464252 -2.639941061 
2.005416334 19.548482246 -2.214570212 
-12.639653908 13.967164609 1.899002587 
-12.819697740 13.944103386 0.983056984 
3.027023644 17.705096938 3.429178168 
2.907117979 18.083901312 2.927660644 
-12.058773998 11.495247955 -3.866694068 
-12.187337534 11.948050811 -3.672988157 
3.887809301 17.853550977 1.574868248 
0.724689094 19.003608115 3.886647024 
-12.456840790 12.712602498 -2.010547437 
1.982246056 18.975360702 1.640354671 
1.537928953 17.611008162 5.898595839 
1.374767389 17.661297032 5.831794624 
-11.590491419 12.686859126 -4.438596796 
-11.451490869 12.741470150 -4.621146512 
5.069702417 15.602300880 -0.868073950 
5.027416894 15.382510971 -0.564817847 
-8.311164262 10.982133691 -7.697436913 
-8.414775115 11.100572679 -7.706342478 
4.482860872 16.025023319 2.129070873 
4.547154556 16.057889476 1.873891641 
-10.843137604 9.860029045 -5.780052812 
-10.046702209 10.117371688 -6.647113210 
-0.670837953 15.076478486 7.190712771 
-0.607996312 15.223758827 7.010376398 
-11.533506429 9.334182099 -5.720755924 
-11.702237000 9.947427686 -5.153689151 
1.612891706 18.039213100 4.071943377 
0.677959150 17.775706004 5.652996036 
-10.032382246 14.181931073 4.621715276 
-11.201312528 13.997509119 2.659436718 
3.859996793 17.808720847 -1.738545444 
3.906876541 17.822718651 -1.646421671 
-12.894008467 11.607351600 0.551419873 
-13.003606250 11.435268015 0.093223764 
2.304540589 18.905632469 -4.028507893 
0.528239997 18.107438030 5.165644185 
-1.820563499 17.341994338 8.032291381 
-11.280588887 14.676778035 -5.905922947 
1.642523193 19.525146626 -1.554965918 
1.434399118 19.458905136 -2.367933192 
-11.248422534 14.735947753 -3.638363617 
-12.273010519 13.743342947 -2.605393745 
-0.050391176 18.308728072 -5.657519361 
-0.765421017 17.756553256 -6.827769122 
-12.489313410 12.353653938 -3.382594712 
-11.608792755 12.722585521 4.475652168 
-0.314889950 19.611819081 4.340746330 
-0.604150486 19.466756685 4.611609316 
-6.290537816 17.120502671 -6.598514384 
-8.486130158 16.175971764 -6.496262191 
-2.727648401 13.604178902 8.393085836 
-2.241279076 13.849228252 8.187883037 
-8.202524566 11.618029467 -8.420502140 
-11.195461471 10.614392545 -5.585683852 
0.660192662 14.905004259 6.867563157 
0.988951414 15.032629744 6.606290732 
-5.173133512 12.751953281 -9.580185147 
-4.210686509 13.191113404 -9.528896879 
-7.028673401 11.726303467 8.474225537 
-0.688322883 14.203420489 7.579975694 
-12.210529671 10.593277775 -3.459701356 
-7.741769677 11.760251951 -9.003760933 
3.751898077 17.756907545 -0.996223474 
3.925007229 17.510665696 -0.098750600 
-11.955611081 12.331542931 2.785700837 
-12.553073486 11.933466542 1.403991901 
-4.633262025 17.501160796 -7.400564622 
-3.753326082 17.592393148 -7.500394811 
-0.356039980 15.547184650 6.400394666 
-8.469005876 15.172561529 5.287406320 
4.161615939 17.097010469 -2.602007757 
4.203128099 17.190515309 -1.821979359 
-12.105276819 11.526581953 2.509672590 
-12.805591375 10.994233010 0.177139280 
-0.165693809 20.130083900 -2.681000177 
1.733049153 19.845856474 -0.074017549 
-11.788091471 15.827792687 -1.344806367 
-12.341146042 14.975256743 2.047930220 
2.408870215 19.277751155 -0.064871313 
2.470739316 19.166585893 1.766891383 
-10.882805239 15.032303346 -3.790146229 
-11.190767764 14.797779385 -3.423893421 
2.169262191 19.393288446 0.419626865 
1.731898365 19.326184758 -1.871666285 
-11.723483333 14.592973601 -2.618512354 
-11.584744302 14.492640354 -2.946185035 
1.388794410 14.924688027 6.614896202 
2.864020431 15.496271094 4.979624553 
-7.961215512 11.552445772 -8.425916242 
-7.986284921 11.565764685 -8.408141797 
1.593533934 15.179351775 6.460875761 
1.796445633 15.234012274 6.222744285 
-9.719056050 11.066717359 -7.147916927 
-10.171958457 10.962273551 -6.719868367 
3.662425095 15.917569583 3.281916747 
-3.798244371 13.341134187 8.491855410 
-9.547561240 11.218216786 -7.349970220 
-10.583376158 10.903685826 -6.324797303 
1.995511004 19.616000573 -1.669347345 
1.905700095 19.510360138 -2.769191174 
-12.914407065 13.952136444 0.325200192 
-12.542901207 14.203865664 1.631932470 
2.043313941 19.587807521 -1.542769042 
1.664129558 19.311897941 -3.892658963 
-11.557016555 14.590995099 3.442273486 
-13.120630044 13.591685818 -0.693112126 
1.702974301 19.964343950 0.154096981 
0.396194605 20.123180109 -3.195233923 
-9.182386816 15.203061866 -7.160786903 
-11.479618303 15.543098349 3.336865945 
0.806069508 18.732219968 4.146813324 
0.652147737 18.454963784 5.203300129 
-7.873551927 15.303999473 5.876680443 
-11.611398137 14.629695263 -1.965720377 
2.013672426 17.220547191 5.993350450 
2.084238274 17.247208040 5.886388299 
-12.419830479 11.644778825 -2.947530332 
-12.453447252 11.579163460 -2.948955928 
-1.360877332 17.723585847 -6.961495163 
3.476319768 18.186173693 -1.725726670 
-10.590460900 14.434361143 6.964815984 
-8.830059815 14.797166006 -7.966522211 
4.397986255 16.425103562 1.728483717 
4.677252133 16.435774637 0.436817612 
-4.403511879 14.128669851 -9.739964223 
-2.694812494 14.628157228 -9.720159980 
-0.577589007 13.279668412 8.260427439 
0.223281181 13.096706919 8.003886456 
-10.005071219 11.198114704 -6.838934731 
-10.303687622 10.645294220 -6.654658473 
0.394151865 15.843874999 6.949158653 
2.423868239 16.263897698 4.927985665 
-11.381662779 9.937227308 -5.025400038 
-10.935975975 11.417759739 -5.518048110 
2.091218250 19.274722788 -3.364645360 
1.851789883 19.496722527 -2.930780495 
-13.275214251 13.450094196 -0.055585114 
-12.991406270 13.853466597 0.126634352 
1.958463281 19.619771687 -1.622999280 
1.520271728 19.552250638 -3.105402761 
-12.767865530 14.007655708 1.275183195 
-12.852493865 13.951794090 0.927075905 
1.816597368 19.451374727 -3.189716235 
1.906240978 19.551447320 -2.473450315 
-12.801055351 13.795000996 -2.183387500 
-13.147371865 13.662038114 -0.610335783 
3.110109838 17.869085169 3.546647783 
3.438491039 18.022366932 1.792579995 
-12.971243107 11.694397893 -0.837277012 
-12.969514260 11.670066229 -0.342878055 
3.683983024 17.940519791 0.338316150 
3.497618375 17.905459958 -1.232439986 
-12.870280630 11.652642688 -0.780727325 
-5.056817729 15.056844249 7.671948640 
3.376210278 18.076527706 1.568971904 
3.303689015 18.119193672 -0.676711650 
-13.052768105 11.556241715 -0.106977672 
-12.917716973 11.952601289 1.215546459 
1.634118512 15.423005847 6.602697357 
-2.553349832 15.235668021 8.628350405 
-4.358595783 14.626204300 -9.108592510 
-5.558362168 12.113715579 -8.900427935 
-3.572847420 13.458824360 8.815242015 
-1.494940371 14.246804657 8.249897335 
-2.895990123 13.918016016 -9.143505777 
-2.252387122 14.195980046 -8.940891428 
-8.169200018 12.329372703 8.186323003 
-3.752948687 13.444676986 8.801970895 
-3.812815757 13.487268375 -9.339881653 
-3.179205936 13.758484450 -9.269927134 
-1.689968138 17.110957247 -7.863381599 
-1.897918473 16.748432889 -8.233334401 
-10.083808649 14.226594253 4.451945611 
-11.285269564 14.013991741 2.380115449 
4.176739203 17.083573758 -3.301663389 
4.283282004 17.190882615 -2.591074088 
-12.656991933 11.237970788 1.624111035 
-12.726274370 11.138754099 1.494690344 
0.731430057 18.214358574 -5.550489102 
4.030839756 17.149575177 -3.087580135 
-12.179573215 11.422375400 3.457107430 
-12.718759082 11.073668151 1.891787311 
2.065751094 19.486836888 1.711130770 
2.031258175 19.544207167 1.430181177 
-11.396035295 14.751799577 -3.356486751 
-12.138895490 14.342709690 -2.237499323 
-0.451515640 18.213838833 -5.967364571 
1.898960636 18.530431928 -3.815023369 
-12.290062106 14.099096629 2.296940715 
-11.983170263 13.597977467 4.077024295 
2.560748971 19.276360623 0.128812676 
2.053538758 19.868060459 -0.094445568 
-6.773683644 16.451555548 -7.467801344 
-12.372134887 15.099224449 0.794822059 
-3.870964917 13.191564962 8.621981833 
-4.357473437 12.974414724 8.679671902 
-6.460119790 12.043055118 -9.672599107 
-6.044528508 12.334553172 -9.752953518 
-2.987848288 13.493408805 8.444729994 
-5.020491467 12.678772768 8.737913835 
-6.209240150 12.396394262 -9.269989429 
-5.443989572 12.578613246 -9.809184082 
-3.125582897 13.822254362 8.271006084 
-3.566321193 13.569411241 8.408936468 
-4.998615410 13.087891550 -9.978608281 
-2.823673116 13.855162537 -9.598944690 
-0.339641758 16.023665244 -8.805449211 
0.575633662 16.526204921 -7.940834049 
-11.775666973 11.778307027 3.475881231 
-12.218644068 11.749202328 2.660404460 
-4.474213871 17.611882070 -7.298940290 
-3.384228278 17.748791944 -7.378087949 
-7.157662845 15.329074846 6.113583130 
-9.855399344 15.354415057 3.541055327 
1.533945343 16.473464231 -7.513337852 
1.144808705 16.428055527 -7.772951102 
-12.448041573 11.523533655 1.960901777 
-12.740678560 11.233188947 0.942840262 
2.078731151 19.527027636 1.869085421 
2.026513603 19.527447839 2.033140380 
-10.679553974 15.099526256 -4.318268060 
-11.238598407 14.869258562 -3.753256728 
1.671876542 19.615414179 2.312117027 
1.844803447 19.583888986 2.157998217 
-8.927247493 15.812893249 -5.726919997 
-12.035790140 14.517321214 -2.458802619 
1.802187047 19.453757785 3.013987211 
1.701779291 19.484876419 3.045380580 
-12.151212957 14.469243676 -2.144780273 
-12.007607806 14.495319268 -2.636179110 
-5.200248517 12.875013046 8.642442840 
-4.726559106 13.070749457 8.628957988 
-11.394509761 10.764355367 -5.265715111 
-10.704027030 10.986740517 -6.208791780 
-6.901866264 12.185446096 8.468597874 
-5.936983818 12.548764845 8.610494146 
-11.545783138 10.688932717 -5.033975156 
-11.124733128 10.826773927 -5.622180903 
-4.192524364 13.374252834 8.535645621 
-4.109900851 14.585853341 8.082001563 
-11.051531896 10.939818512 -5.764942050 
-3.527005673 14.375465469 -9.896856682 
2.416766597 19.317243433 -0.703554216 
2.225792815 19.330121975 -0.700033796 
-11.987890949 14.480017196 1.848632164 
-11.945910092 14.578033686 2.191354575 
-0.153019796 20.119557940 2.739443082 
-0.568037254 19.298877328 4.958407897 
-5.286155761 16.348280910 7.350878870 
-8.740163108 15.920151140 -7.091685416 
1.808518170 19.477337358 -1.683765873 
1.879774759 18.955381432 -4.270366372 
-12.267961369 14.166035281 1.756497439 
-12.309704565 14.130086303 1.695304515 
-4.645048628 17.484962407 7.408455850 
-3.706231779 17.627473120 7.455789418 
-0.311241209 15.655711596 -6.167533778 
-8.042506163 15.241681119 -5.585467496 
3.676956345 17.767389580 1.028087997 
3.878180436 17.458724834 1.628867974 
-12.184091429 12.141033835 -2.383555083 
-11.999524605 12.224269061 -2.808655765 
4.005614503 17.345716139 -0.543639640 
4.100591018 17.312416319 0.058130588 
-12.708095555 11.085312790 -0.731057799 
-12.136856794 11.636494458 -2.360803961 
0.952243951 14.963807597 6.958211661 
0.947186104 14.891592981 6.992677145 
-4.333928683 13.112951258 -9.218071759 
-5.372433513 12.673420714 -9.238794636 
0.008759339 14.555739700 7.921311220 
-0.492928285 14.400024309 8.159329090 
-9.679040189 10.840238793 -6.933903745 
-10.835424538 10.360324679 -5.804250888 
3.020359939 16.015434692 4.619169254 
-0.063718105 14.830192648 7.505474484 
-7.828455794 11.718713423 -8.141548243 
-8.666061525 11.358518834 -7.694804298 
2.134421137 19.288001731 -3.054623567 
2.093431627 19.226884640 -3.128082670 
-11.248770967 14.617579400 3.455580311 
-12.595053407 13.642042044 1.905140596 
1.855633268 19.551355052 0.454966876 
1.753453860 19.526576494 1.258731780 
-12.685062685 14.006520719 0.455048392 
-12.962404676 13.667610979 -0.601455505 
1.607155249 19.131392147 -4.174945195 
1.902241327 19.226850146 -3.512227036 
-12.877082547 13.743340202 -0.542701266 
-12.739868412 13.824300163 -1.664736076 
4.034237331 17.338331395 1.399656351 
3.750962867 17.475916458 -0.923681930 
-12.683587198 10.918134158 2.165997902 
-12.681676092 11.153910785 -0.572499097 
4.076062546 17.051288557 2.532383353 
1.365480127 18.945278323 3.175495841 
-11.671240287 11.998169903 4.153397372 
-11.507131446 11.689992926 4.401583878 
3.077973996 17.913811373 2.697626584 
3.126579565 17.944198777 2.319681028 
-12.700071383 11.601639308 -1.925285306 
-12.506383729 11.766996843 -2.407798418 
4.947940101 15.931706492 0.162541113 
4.162008069 16.230347603 3.097630473 
-5.529256767 11.806293824 -8.784714288 
-11.592843985 12.669474188 -4.382546030 
-3.663064555 15.208777475 8.084286548 
-1.554948995 16.046252674 7.130819674 
-3.355882109 16.093264656 -8.462963405 
-4.697243338 15.340161855 -8.877553588 
2.140204914 16.026390174 5.804739674 
-1.504758671 14.961205611 8.104125337 
-6.715794603 12.937121599 -9.020709240 
-4.503959729 13.706941167 -9.259617428 
3.723753976 17.681334683 -1.889165113 
3.673149877 17.762216620 0.418548308 
-12.247983519 11.690941676 2.622895813 
-11.137505726 12.807694410 3.680461042 
2.975470512 17.640616352 3.640211211 
2.350791387 17.595592791 4.700134890 
-11.521290507 11.932214399 3.908090934 
-12.464672498 12.812092204 1.977295592 
-10.079860700 14.491497000 -7.476570665 
-9.506231462 14.453799120 -7.858485169 
-7.343946810 15.396515310 8.119411576 
-9.182331204 14.454305227 7.541419909 
-0.244119339 17.846567989 -6.167628131 
1.313805193 18.642767232 -4.025895936 
-12.631137904 13.566413625 -0.564189973 
-12.200168415 13.808158937 -1.832548966 
0.126575440 18.624630165 -5.064011333 
0.651599096 18.479076535 -5.003906070 
-12.762555380 12.984238583 -2.653273172 
-12.512164232 13.266190150 -2.886586444 
1.219326110 19.912745324 0.321887404 
1.327016304 19.824016629 1.001523908 
-11.585511990 14.587621768 -3.536815502 
-11.944767693 14.303033799 -3.261780322 
-1.281435132 14.100268349 8.220993468 
-2.376603665 13.811219894 8.255869813 
-7.737946602 11.596120025 -8.416706150 
-8.799193066 11.216739223 -7.874250404 
-0.961558120 14.167502608 7.857013359 
-1.251893218 14.277715898 7.923849337 
-4.284982614 12.992084819 -9.884296357 
-2.716104820 13.728757260 -9.480661783 
1.645138000 15.149945990 6.171910812 
-4.322489026 11.838091852 9.111611571 
-0.931382801 14.364878301 -8.664013343 
-1.087840067 14.595449805 -9.848216831 
3.719562988 18.313658274 -1.482682690 
3.503719177 18.412724298 -0.439061503 
-12.357375005 12.881321569 2.567517808 
-12.642390324 12.533967604 1.807251642 
0.544589267 15.026874931 -9.394717299 
1.970384625 15.535275982 -8.398822358 
-12.612561487 11.453632976 2.403807240 
-13.039702741 10.991603453 2.168365398 
3.696631159 17.712018505 -3.096928557 
3.677084124 17.736175188 -2.933724367 
-12.041390068 12.224543376 3.202812054 
-12.627486644 11.825406334 2.137649287 
0.751159036 18.457901971 5.868963376 
2.657340967 19.507375292 0.162609545 
-9.455208929 14.965877827 -5.855040503 
-12.933103274 14.120824910 0.532376950 
2.616930354 19.208967666 -0.406299438 
2.203285470 19.247701432 -1.415148351 
-10.256773391 14.874464923 -4.932430260 
-10.846905854 14.694142932 -4.212010668 
1.993628953 19.521884160 0.354209948 
2.226877157 19.440056202 0.129357965 
-11.557313042 14.396645945 -3.490228048 
-10.780875073 14.668801424 -4.554094320 
1.607389356 15.126905299 6.847207093 
2.111858102 15.251871555 6.437228726 
-5.021117598 12.604951864 -9.405627698 
-5.826199343 12.206029651 -9.017173266 
1.926780493 15.609944393 6.335619506 
-0.600867194 14.544534653 8.348476268 
-9.248458711 11.037063392 -7.675049697 
-10.605057224 10.715594743 -6.416835432 
2.181310157 15.367537964 6.183772650 
-3.655596327 13.122164715 8.731213544 
-8.072837425 11.405745238 -8.303972498 
-8.765383130 11.191971990 -7.964022901 
1.127483763 19.030149218 -5.250964154 
1.872813663 19.515029027 -2.582552443 
-12.775182849 14.052118032 0.389074455 
-12.847924900 13.949080480 0.731797879 
2.788236217 18.894349414 -3.122824420 
2.046982601 18.527740542 -5.294126086 
-13.210874524 12.828374466 -1.493786956 
-12.807996723 12.850315406 -3.196098818 
0.096383146 20.397239744 -1.578279017 
-2.256031012 20.168923219 -4.183160555 
-11.945326165 15.852446319 0.352356624 
-12.439626362 15.160329008 0.948998930 
1.246628741 16.762807539 7.424047182 
0.562533995 16.706979381 7.798124571 
-13.084860705 11.482942610 0.523143309 
-13.109468770 11.447863225 0.424673727 
2.775390990 17.413880634 4.317700729 
2.259197755 17.681421577 5.350612979 
-12.850366065 10.717609928 1.145288634 
-12.944462038 10.836010516 -0.585459272 
-7.801678728 15.626074128 8.027833313 
1.548936487 18.865287515 -3.623471127 
-6.846638515 15.989017196 -8.366074211 
-6.762097884 16.195275726 8.097359573 
-1.575793240 14.364675547 8.335878001 
-3.054961903 14.096304283 8.841631245 
-6.156576846 12.583321401 -9.838247282 
-3.401396394 13.667638693 -9.423168426 
3.612366425 15.733151695 3.888236825 
1.901770010 15.179958786 6.464099519 
-9.145079665 10.704392806 -7.267511035 
-8.563275843 10.815420504 -7.689479361 
-0.630386361 14.437805289 7.560498879 
-9.653557960 13.796624860 5.591124804 
-0.989959792 14.732520887 -8.763039542 
0.813546785 15.291484896 -7.540724429 
1.493116649 19.423782705 -3.738054092 
1.477705164 19.233515847 -4.413788835 
-13.129666304 13.649327062 -0.643321873 
-12.945343810 13.729732701 -1.717398340 
1.363993444 19.406131675 -3.962136856 
1.780428108 19.506822551 -2.903808777 
-12.683133989 14.059763544 1.266541854 
-12.266951912 14.394730913 2.151525876 
1.085870456 18.995641568 -5.436035028 
1.716069787 19.210102723 -4.229931709 
-12.787682102 14.025569387 0.615846667 
-12.842554930 13.903148993 1.085412178 
3.001827432 17.713256902 4.114509112 
2.770539362 17.918660728 3.797441895 
-12.331404693 12.006903145 -2.674030211 
-12.509327870 11.867210965 -2.303714414 
2.981363041 17.805380195 3.842433001 
3.031206586 17.739889185 3.935903462 
-11.483373438 12.629074939 -3.823749322 
-12.168273062 12.243774116 -2.758822976 
3.127873708 17.664344834 4.052323920 
3.238030119 18.005836868 2.359961130 
-12.163007804 12.094682796 -3.051490881 
-12.853715675 11.705073084 -1.282624991 
-0.893789140 14.486318029 7.862204456 
-1.554038967 14.298658707 8.157905145 
-7.386154707 12.127888591 -8.727915260 
-7.480393643 12.140680242 -8.654808030 
0.545638722 14.970334905 7.217369976 
0.678712426 15.029494649 7.132944126 
-5.617330094 12.855677025 -9.216932512 
-3.368508372 13.825391772 -9.194057223 
-2.617659198 13.955578369 8.522464380 
0.785715913 15.183031792 6.705094161 
-5.678031508 12.786388326 -9.136333748 
-3.729169365 13.634318532 -9.274813874 
2.083582446 18.114776055 -5.265654919 
1.691431755 17.894094858 -6.063514616 
-13.029626848 12.400274293 1.496818706 
-13.063602475 12.378098407 0.825701322 
2.272073267 18.292459334 -4.605518930 
2.327003690 18.302198558 -4.489294813 
-12.950399930 12.390272315 1.644798792 
-12.716550570 12.623440967 2.179638833 
2.804195217 18.323891198 -3.805772540 
2.924029619 18.463942469 -3.012864052 
-12.871384506 12.522695691 1.860096825 
-12.503819460 12.708513565 2.908739364 
2.215796674 19.530083285 -0.739935088 
1.938018562 19.613290144 -0.975569617 
-12.994392604 13.643841327 -0.968502899 
-12.500027135 13.946984110 -2.416323970 
2.234948821 19.570991048 0.798127874 
2.366154132 19.506340157 1.068497161 
-12.765258605 13.846363555 -1.852379565 
-12.786873874 13.859010794 -1.550055275 
2.081508521 19.606198869 -0.369736565 
2.042600189 19.638977323 0.121715942 
-12.046935013 14.241556205 -3.270379623 
-11.467212334 14.644630446 -3.775187283 
-1.893242112 13.863538914 8.564549572 
-4.365513816 12.927231315 8.893395740 
-8.536837635 11.345165128 -8.084032952 
-8.425981000 11.329532550 -8.140358281 
-1.025334535 14.270943981 8.244514448 
1.306290840 15.334855867 6.952428877 
-8.507701505 11.429722164 -8.098125037 
-7.172637136 11.965052385 -8.675622856 
-1.075973893 14.276336931 8.189861518 
-1.139203191 14.263483306 8.263906989 
-10.175190940 10.810146978 -6.868270061 
-7.884655512 11.609176725 -8.409007929 
2.622669465 18.459795828 -3.585376056 
2.941696790 18.583572938 -2.187148335 
-13.130117212 12.240675781 0.579457741 
-13.208761729 12.198185125 -0.892772390 
2.379526277 18.259342505 -4.609325645 
2.867946118 18.400274946 -3.384106694 
-13.094376303 12.234116569 -1.445076974 
-13.142191478 12.260555710 0.770290011 
2.859621946 18.418261683 -3.312560801 
2.425674261 18.330488974 -4.412852957 
-13.255088825 12.028535798 -0.715829804 
-13.141903724 12.410205698 0.925453726 
2.013679780 19.639666553 0.219298355 
1.938674926 19.667050327 -0.041875883 
-13.136390978 13.519354897 -0.510672554 
-13.065752053 13.611434543 -0.297394313 
2.009167865 19.550562384 -1.022091815 
1.911889975 19.581289979 -0.950278336 
-13.162120192 13.488481664 -0.285406806 
-13.229099217 13.431212101 0.204701375 
2.136187151 19.598095146 0.759739928 
1.811296744 19.698256592 0.111000775 
-13.187250373 13.507759773 0.610179141 
-13.101330238 13.621926450 0.582709648 
1.810612518 15.241695664 6.407166104 
2.039996440 15.393241839 6.340687691 
-8.162855755 11.556662874 -8.495192029 
-5.904537338 12.394811929 -9.327090728 
-0.694716737 14.259953134 8.094816698 
-4.024499460 13.018315325 8.837536196 
-9.604746385 11.014909688 -7.355233972 
-8.267587262 11.440156118 -8.199955273 
-1.473195794 13.623925427 8.282681884 
-1.535543936 13.789238769 8.284060624 
-8.192787595 11.544490561 -8.238222894 
-7.828223535 11.582214661 -8.395124763 
1.762771726 19.572566074 -2.423643708 
2.062100705 19.532029174 -1.888783883 
-12.257795407 14.406819376 2.009282533 
-11.906158305 14.579001976 2.769869551 
1.313231880 19.186746423 -4.701723341 
1.800904184 19.514283298 -2.736433730 
-12.335841774 14.352141312 1.883107814 
-11.965798709 14.564315109 2.494834017 
1.479622467 19.351730264 -3.973411853 
1.008942410 19.087658355 -5.213773922 
-12.422420701 14.270197514 1.655373896 
-12.744275620 14.101425838 0.756834357 
-4.461605401 17.548551307 7.397424315 
-3.315846450 17.739726207 7.429397081 
-0.768198349 17.592772070 -5.311402798 
-8.005208162 15.331896722 -7.689839028 
3.997337193 17.532782988 1.366949473 
2.657753957 17.250406951 5.284180680 
-10.248225722 12.687338662 -5.260694777 
-8.532001912 13.436682119 -6.632934571 
2.572947390 16.986992733 5.956059482 
3.738206674 17.610218898 2.078468913 
-11.920524629 11.974797066 -2.957327698 
-11.536285511 12.122794751 -3.620945786 
3.037394159 16.154638702 4.667674790 
3.947244202 16.354933685 2.820287387 
-8.932433693 11.263661769 -7.692672499 
-7.223549157 11.981911380 -8.440355449 
1.790907165 15.529114839 6.195015363 
0.809018942 15.299844479 6.932178932 
-8.545711318 11.455508068 -7.901920344 
-8.837625324 11.165668233 -7.811540498 
-2.191786333 14.917643720 8.116169101 
0.688468408 15.205537894 7.109973977 
-9.102196550 10.976248543 -7.588981378 
-7.740237119 11.794187102 -8.248791500 
2.375890321 19.147016010 -0.119029680 
3.190445471 18.691874726 0.350841411 
-12.258389956 14.030615396 -2.647764027 
-11.770888340 13.513350599 -4.750379985 
1.747010189 19.372828452 -3.183959012 
1.703399132 19.604232589 0.837280802 
-12.638927106 13.971792177 1.540876810 
-12.714649937 13.967826169 1.142337327 
2.066311422 19.836047791 -1.364292420 
1.718642227 20.017329693 -1.481099262 
-10.830794674 15.490967200 4.675619144 
-12.205631946 14.383092361 1.948541107 
4.381461312 17.268456410 1.662491055 
4.259122182 16.982037076 3.567475703 
-12.050811353 11.690368598 -2.902790058 
-11.255928295 11.966949743 -4.407194159 
-0.876846174 17.190120049 7.768775990 
-2.304941967 16.658748094 8.303647609 
-9.540149722 14.180362338 -5.290829737 
-11.216371563 14.050850530 -2.455342128 
4.229855327 17.020232533 2.853696524 
1.506987091 18.735598547 3.201297750 
-11.791919574 11.624804112 -3.785391172 
-11.928534669 11.528243529 -3.873050406 
2.585295129 15.834000578 5.461056312 
4.141505601 16.210076024 2.489566303 
-8.265158205 11.349787885 -8.063081555 
-9.863634755 10.783527830 -6.965009612 
3.702789504 15.907175931 3.956681616 
4.141026672 16.250185426 2.462326910 
-6.651592431 12.085085929 -8.915980328 
-6.168101750 12.256960668 -8.962953022 
2.144220553 16.069135506 5.806450993 
2.336729601 16.135868709 5.532374470 
-11.205417731 10.392494362 -5.553753259 
-10.235438509 10.721485671 -6.702891721 
3.488533771 17.973707299 -1.927731343 
3.337931805 17.656546154 -3.784585088 
-12.591001983 11.366518313 -3.001526773 
-6.752477257 15.047690768 -6.965408786 
2.961488818 17.737481655 -4.253869182 
3.237199355 17.944671936 -2.933322218 
-12.449301069 11.718496445 -3.160808099 
-12.923011760 11.375614813 -1.966197483 
3.303454057 17.966434874 -2.689563464 
3.328272749 18.070862931 -2.065956798 
-12.991235128 11.445687839 -1.393563856 
-12.887877564 11.478808402 -2.013942145 
1.428902004 19.695263583 -1.545166383 
1.823658820 19.718315601 0.583888938 
-12.534053292 14.177017309 -1.776288229 
-12.237528272 14.349842398 -2.423270760 
2.075779886 19.176610320 3.800125879 
1.719193880 19.703434908 1.675650588 
-13.093435191 13.627534711 0.992481964 
-13.082895523 13.747733072 0.299502266 
1.973729937 19.618218110 -0.779407257 
1.869041296 19.691432736 0.284803293 
-12.020126770 14.461976754 -2.736491274 
-12.254108732 14.272995372 -2.527260182 
0.647928570 14.929267921 7.228567662 
0.364688949 14.947295119 7.335220301 
-12.358471479 10.615326703 -2.894541661 
-12.200539569 10.641207470 -3.438611353 
-2.326012950 15.177450596 8.582170027 
0.403026505 15.910788502 7.194337798 
-11.250878953 10.879584299 -5.419993997 
-11.220783940 10.393346672 -5.509310103 
-0.293741264 14.687649144 7.769580063 
1.699808118 15.560015535 6.461779651 
-11.971921866 10.569673439 -4.110000586 
-12.215382607 10.583338279 -3.449697917 
2.192103808 17.165352958 -5.983146002 
3.235206413 17.850562243 -2.632533596 
-12.432817771 11.647410185 2.903652824 
-12.630218397 11.472938952 2.520071589 
0.576580506 18.711999298 -4.454578372 
0.918405735 18.530964203 -4.728578466 
-8.321184657 15.284145728 -5.527903458 
-10.112284746 15.024175645 -3.820086691 
0.478598709 18.062847073 5.611444658 
-0.936648698 17.795407458 6.718707532 
-11.753872574 13.830830503 5.557151179 
-8.277660044 15.163922668 -8.311206709 
1.601667896 19.262788218 4.158431249 
1.916914559 19.390436346 3.180830245 
-13.027861308 13.697038721 -0.199170719 
-13.184630365 13.516392042 0.431834048 
1.926183413 19.627627675 1.801596876 
1.949592042 19.631734198 1.593830817 
-11.992764788 14.496874550 -2.741159573 
-11.798846665 14.598012265 -3.010476993 
0.824375323 19.800452805 4.043885381 
2.073714566 19.625788575 -1.499504271 
-11.443601121 16.241719868 -1.791374038 
-11.503718971 15.571052108 -2.851753435 
-8.853184031 11.686198704 7.435426460 
-9.089979229 11.154683160 7.402831583 
-12.020360430 9.616453045 -3.944199799 
-4.223634879 13.251837190 -10.211120672 
-4.297641780 13.113348628 8.406471621 
-6.640887599 12.162629389 8.286587307 
-1.616123359 14.099943268 -9.541669086 
-12.402652945 11.710001836 -3.897114405 
-3.267809243 14.349147835 8.044657581 
-4.474167218 12.618897761 8.641373544 
-3.339289924 14.033877213 -9.386425220 
-4.859989282 13.469621554 -9.514029470 
2.139465518 19.390123892 -2.759728984 
1.949179472 19.254141410 -3.735560547 
-13.074242981 13.703443683 -0.388508075 
-13.098289270 13.625885266 -0.454929685 
2.979523638 19.078670138 -0.982152343 
1.515258022 18.996224390 -4.698977297 
-12.933966706 13.013757212 0.331248671 
-13.079884028 12.896937029 -0.560808147 
2.407605442 19.390873950 -1.468255435 
2.146413106 19.538402978 -0.217096855 
-12.920242555 13.658445931 0.782920511 
-13.057504773 13.545124141 0.205608358 
3.505705627 17.028331360 3.803089332 
3.814601868 17.333834053 1.249331672 
-12.688391670 10.472292416 1.943322838 
-12.789629788 10.648382540 0.305192548 
2.949375459 18.791873724 2.200823076 
3.061532648 18.847203853 0.928824260 
-13.235819088 12.596616512 0.516204528 
-12.775981409 12.869031634 -1.985427764 
0.865442665 19.325963039 3.244253833 
3.057085122 18.348411663 -1.140425579 
-6.242949634 16.712495548 -6.665620204 
-12.573892059 12.465824516 -2.001879113 
0.320134938 14.420122492 7.177517902 
-12.429560028 9.879038229 -1.538386102 
-6.666961313 13.374379771 -8.960350733 
-7.719227256 12.845156495 -8.855921199 
3.169382143 16.086891716 4.189854969 
0.941089303 15.462086416 6.926606508 
-2.629579692 16.984788899 -7.459276813 
-8.176571049 12.107385460 -7.751576661 
0.379596241 16.456697699 6.665044542 
-2.179635339 14.846421448 8.073912097 
-6.559668736 14.211049089 -9.302392091 
-5.680732696 14.274589411 -9.423648887 
2.720311189 18.942035432 1.539341273 
2.446173383 19.377891498 -0.588299669 
-12.766341001 13.288844814 -2.358431557 
-13.005497388 13.160068656 -0.212946851 
1.107144151 19.215361415 3.479180792 
1.278594304 19.406486916 2.787209915 
-12.282729703 13.872966168 -3.407892789 
-12.504937074 13.713088739 -3.091806348 
2.483587307 19.358488019 -0.870842097 
1.985860170 19.538131769 -0.642101373 
-12.767377833 13.921286790 -0.830674230 
-12.528002298 13.726153153 -2.943356845 
4.030393386 17.385399951 0.379321933 
3.694021460 17.800207497 1.607209455 
-12.729184392 10.896903047 1.906137076 
-12.400204023 11.928667096 -2.388347491 
3.942576050 17.247393748 1.429177709 
4.023545370 16.992503080 -1.583455253 
-12.804279807 11.473582057 0.194510758 
-12.128735841 11.184966423 3.822427141 
3.986110624 17.292746613 0.488189303 
3.861445869 17.356910662 0.368101776 
-12.725966577 10.776482577 -0.200664808 
-12.686809946 10.900484903 0.039336242 
2.186713640 17.358185617 4.257794663 
3.743368406 16.383305325 3.191332268 
-12.186838397 11.150226348 -3.834407361 
-11.815700650 10.561242598 -4.627356154 
-0.853439267 14.033519124 7.597612701 
-9.071349154 13.046585417 7.283403642 
-12.460332031 9.168874902 -2.751577609 
-12.023171530 8.636614446 -3.967543427 
-0.437923620 15.459390140 7.559205811 
1.408423731 15.984041112 6.226903797 
-8.706103083 12.677899243 -8.018460808 
-8.529059161 12.668117105 -8.153398251 
1.788554799 18.030747646 -5.736266443 
0.917550089 17.436890076 -7.417454435 
-12.954517537 12.432546944 1.689444536 
-13.258858972 12.240912632 0.264164635 
2.168492528 18.296113964 -4.731696484 
2.504399639 18.285394597 -4.356198898 
-11.805522502 13.164305872 3.955434245 
-12.127631767 13.045971226 3.446712460 
-9.292110893 14.471483580 -7.958512656 
1.273664951 17.090620523 -5.685768413 
-10.884139967 14.574457177 4.160885015 
-5.108728933 14.629380999 7.793145080 
1.968248121 19.601718762 -0.678666420 
1.740702132 19.563142304 2.345536416 
-11.043221087 14.809418499 -4.249991450 
-11.607069994 14.305801777 -3.874429625 
2.077874107 19.577222831 -0.280734759 
2.326938260 19.315034972 -1.487322356 
-10.641357066 14.937538049 -4.639043231 
-8.264245421 15.305593220 -7.206687292 
1.574499413 19.614221984 -1.824890182 
2.142265914 19.539645098 1.667152548 
-11.913501989 14.277959658 -3.393615057 
-11.499315034 14.557423140 -3.755427525 
1.372935662 15.174822858 6.763145125 
0.766137459 14.849670406 7.259822048 
-9.292072005 11.047408320 -7.608995535 
-9.225776262 11.040354694 -7.661610830 
0.821564398 14.938569475 7.212531630 
1.410622822 15.218541961 6.942724686 
-8.808713670 11.212566183 -7.925309812 
-8.553703833 11.355103957 -8.098288904 
-1.909077528 13.899847000 8.264211601 
-0.652005652 14.419383942 8.029413213 
-10.922767825 10.642231080 -5.987009958 
-10.120159176 10.807225371 -6.955971319 
1.654711537 18.456242999 -4.816832312 
2.031580413 18.281202626 -4.894437128 
-12.930816868 12.425884771 1.670345019 
-10.062096133 13.973989263 5.516389468 
1.259670750 17.859822673 -6.381085940 
0.091332619 17.253074666 -7.972332918 
-13.159803567 12.177510691 0.646645530 
-12.911843439 12.378801705 1.554753171 
2.025676662 18.173071595 -4.968840928 
2.005302302 18.159038045 -5.106101948 
-11.874460203 12.995950340 3.727890609 
-13.085113316 12.182550152 1.100024914 
0.757145295 18.510194521 5.722745404 
0.068978330 18.349656632 7.015758169 
-4.928722228 15.862931308 -7.754678402 
-8.447782681 14.806179297 -7.050306306 
2.014174818 19.321466615 3.360108650 
1.586490709 19.104413330 4.678990660 
-9.671798195 15.394552166 -5.398169187 
-9.723283428 15.408743583 -5.323084305 
0.914343297 18.605869031 6.349723339 
0.998559760 18.663246800 6.228054421 
-10.503357360 15.122362067 -4.590462875 
-10.768628897 14.973548213 -4.341246036 
3.898432925 15.999687836 3.512108216 
2.847533656 15.665938301 5.306357546 
-9.893288454 10.634015292 -7.183590285 
-9.743672215 10.955004000 -7.266925385 
3.410206848 15.790239595 4.608451555 
0.572847704 15.050803512 7.533205912 
-9.384085103 10.873715669 -7.547531015 
-10.671825875 10.553203939 -6.354142971 
1.677113010 15.413446896 6.602036233 
3.030759192 15.621722799 5.218389097 
-10.480891883 11.468815488 -6.200099503 
-8.697905698 10.926905236 -7.673801081 
-2.375110144 17.648119189 -8.657539033 
-2.240427989 17.661863400 -8.592622497 
-12.453100952 14.093749430 2.151883938 
-11.844018707 14.440495852 3.088841906 
-6.544593903 15.452551450 -9.566800656 
1.408963174 18.786901224 -5.706596343 
-7.620134194 15.205218901 7.003730714 
-8.877508866 14.906526839 7.292675907 
-0.116477902 18.535817124 -6.979916280 
-0.383022148 18.261331294 -7.531286226 
-12.361162784 14.109257111 2.129687542 
-13.156710261 13.558208251 -0.306935514 
2.983515594 18.574899367 -0.968459139 
3.090901299 18.553194334 -0.007272007 
-9.423114957 14.111651046 -5.951435712 
-10.651422557 13.727226355 -4.958799757 
3.037648747 18.547299406 1.798424547 
2.749836619 18.737188039 1.424602152 
-9.971715314 13.995312559 -5.514516913 
-8.613558474 14.499456412 -6.493301678 
2.854920609 18.566334724 -1.229772113 
2.842317616 18.642850455 1.250410514 
-10.467305895 13.645652809 -5.209577232 
-9.357340487 14.061730813 -6.089126504 
-5.635407194 12.528090567 8.920005090 
-6.165814700 12.329554194 8.860529211 
-9.027154890 10.936645871 -7.688621449 
-6.457839064 12.145576180 -9.477558360 
-2.818737822 13.697113852 8.629987576 
-3.151174256 13.525164179 8.767311454 
-8.204587589 11.403946293 -8.112764982 
-4.527880130 13.128770805 -9.563765364 
-7.062417556 11.680499164 8.375056404 
-2.510249227 14.481055628 7.903936162 
-5.453519165 12.765924180 -9.585264509 
-9.886051579 10.990531138 -7.072434737 
1.916308920 19.130588631 -4.206752410 
0.411249529 18.272795880 -5.554470559 
-12.625751599 13.858281545 1.936344288 
-11.466602653 14.403128177 3.807090939 
1.622718439 19.062518457 -4.755840576 
1.101229289 18.526764381 -6.360589386 
-13.090759649 13.605824652 0.071272260 
-13.090667377 13.556140035 0.695530292 
2.183137841 19.272044789 -3.293269499 
2.119569394 19.515386429 -1.889375301 
-12.366463792 14.119184737 2.554254640 
-12.439151993 14.062740867 2.377984037 
3.044291117 18.674461135 0.032790205 
2.743081646 18.686450496 2.328470090 
-9.240726421 14.249076176 -6.158223480 
-9.003737608 14.442864103 -6.241065368 
3.154320869 18.623497438 0.408280051 
3.135259920 18.579994735 1.780753484 
-9.788395326 14.095013811 -5.836639974 
-10.834855499 13.529251080 -5.093596659 
-2.074488238 17.014632736 7.811634487 
1.377573367 18.011124942 4.644007012 
-4.554615543 14.964652037 -7.614424067 
-4.466628379 14.895191031 -7.593950443 
-4.909112682 12.768847083 9.065812256 
-0.906186061 14.389638998 7.853574647 
-9.739262410 10.789639976 -7.189504197 
-2.683253854 13.952146712 -9.155393520 
-2.028473682 13.944319748 8.403006119 
-0.357942547 14.462846121 7.649708955 
-8.968872702 10.949112383 -7.768057867 
-9.624604153 10.731871471 -7.337260486 
-0.515711462 15.369736426 7.190685499 
1.531914058 15.290821364 6.502109257 
-3.844728621 13.206342886 -9.444274949 
-3.627343359 13.370981634 -9.363747636 
3.922439285 17.155231845 -2.798307864 
4.199959509 16.743718691 -2.954939824 
-12.702219883 11.477711844 -1.889829942 
-12.166797184 11.171580515 -3.759118145 
4.005547797 17.389961890 -1.053873973 
3.487116639 17.876527491 0.945339166 
-12.814620969 10.965867070 -1.183504260 
-12.701637759 11.758110338 1.292779989 
3.771191509 17.013217093 -3.415734939 
3.772104888 17.267886755 -2.302908078 
-11.987792995 10.880053716 -3.995059900 
-12.315114458 10.743413323 -3.280386707 
1.699824025 19.556167680 -1.308672875 
1.908315566 19.525959183 -0.691624703 
-11.556228165 14.137092130 4.574692621 
-11.297645618 14.223268414 4.950766820 
3.028664367 18.939083613 -0.284951746 
2.200903451 19.460117297 -0.293073656 
-12.327784098 13.488321775 3.355627550 
-12.903664544 13.290397680 -0.424619845 
1.555921959 19.445038737 -1.960885626 
1.005324045 19.227048879 -3.530215887 
-12.578674835 13.740544514 2.737147097 
-12.733646204 13.800222118 2.020086321 
1.921159782 14.024322028 6.472989527 
3.791269570 17.670849088 -1.294007974 
-8.599176608 12.151742222 -7.772963458 
-7.544047994 12.194143729 -8.105442321 
-2.944761225 15.007894382 7.826762136 
-5.616078687 13.155440894 8.351647964 
-3.795001905 15.342536840 -8.652317984 
-1.979483203 14.207142976 -9.322334722 
-0.634754314 15.521834191 7.592100840 
-0.623687014 15.665519475 7.444104068 
-6.016661370 13.458291036 -8.992375820 
-4.950441230 13.721589332 -8.963829522 
2.910420400 18.855694781 -1.859986541 
2.910287061 18.741605734 -2.487520165 
-12.733725637 12.926928595 2.182183888 
-12.790592406 12.888154664 1.875620731 
3.959735421 17.187132991 -1.721012828 
3.629132188 17.450586612 -0.363364928 
-12.783486421 10.530971677 -1.277464065 
-12.512868759 10.612454595 -2.568307091 
3.057878879 18.376099308 0.878390602 
1.654208763 19.399399904 -0.852910217 
-13.029864897 12.015398452 -0.215812171 
-12.922015925 12.076200048 0.622162025 
3.552556145 18.549207985 0.959360151 
2.504917277 19.182552124 2.230961281 
-12.826100954 13.121380552 -0.766460840 
-13.139542984 12.651638237 -0.289284431 
1.538431958 19.053368019 4.828863767 
1.886645374 19.316013944 3.524892551 
-13.107201982 13.511329501 1.036716420 
-13.011571734 13.716719330 0.706452574 
2.528965499 19.375528464 1.170451863 
2.330008157 19.430915460 1.491862663 
-12.897189268 13.718535796 -0.616654675 
-13.053277794 13.520405135 0.999459155 
-1.050445423 13.763751649 8.002650784 
-1.323895277 14.644945136 7.446454832 
-8.244116591 11.925331612 -8.749330101 
-0.627035652 14.948994203 -8.097236410 
-2.605704162 14.739156185 8.787196585 
-0.833144952 15.362562244 8.047341249 
-12.895641378 9.953672793 -2.222777191 
-8.182049570 12.699340207 -8.528543244 
0.494865848 16.626099371 6.857227110 
2.053434596 17.232687502 5.107656086 
-10.961250998 11.410948762 -6.221581017 
-7.222251431 13.831909632 -8.710538629 
2.338719363 19.192851024 -3.270971260 
2.157278805 19.260847098 -3.196536941 
-13.051866787 13.809330150 0.113129243 
-12.868689890 13.654047626 1.535261015 
1.972136605 19.611371674 0.800240300 
2.228262138 19.550102486 -1.076596521 
-12.472926092 14.104444621 2.182133960 
-12.270877820 14.159288964 2.584352729 
1.702566946 19.039467975 -4.696710462 
2.134761599 19.038415820 -4.291003760 
-13.035783691 13.737489477 0.508366472 
-12.867918049 13.814617504 1.273500177 
3.251775819 18.266886112 2.140661551 
3.265017131 18.317220858 2.382737030 
-12.649705082 12.733575409 -2.400996176 
-12.495027271 12.797884690 -2.574735146 
2.128654375 17.839472937 5.582300433 
3.488594290 17.638119934 -1.892348274 
-3.895002368 14.883342872 -8.041672352 
-5.646710583 13.871711852 -8.111344503 
3.117819370 18.492295676 0.302439868 
3.186723151 18.543249314 0.945285750 
-12.178312230 12.807197347 -3.321450280 
-12.199723774 12.885169219 -3.135380500 
1.698490894 15.163421690 6.523115807 
-0.725206103 14.321417971 7.825944859 
-4.567470316 12.941786658 -9.471615377 
-4.209856628 13.100349334 -9.503747889 
2.519466842 15.548792155 5.516268994 
0.389203768 14.743580871 7.125447765 
-3.251065274 13.492513655 -9.372802963 
-4.084737205 13.164784031 -9.500313396 
-0.581310560 14.493037155 7.708008921 
-1.233200721 14.248506047 8.051838668 
-3.824217166 13.266779023 -9.412560229 
-4.032278525 13.230722216 -9.503404929 
2.927788025 18.787597253 0.402902585 
3.307167154 18.381447045 -2.679380953 
-12.387504020 12.912265038 2.863982209 
-13.135324195 12.361395871 0.888020716 
2.253916146 19.395621002 -0.281927712 
2.444152290 19.284592339 0.426061027 
-13.252649786 12.965442565 -0.152701521 
-13.214997970 13.338748933 -0.527633106 
-0.272252792 20.566457885 0.559855144 
3.449722319 17.037710647 -3.962352429 
-12.266018015 15.711846680 0.407075339 
-12.982955069 11.099480216 -0.826020555 
0.772197604 18.255763411 5.500869446 
2.290402334 18.357370165 -3.664340130 
-5.299114099 16.566788654 -6.323243495 
-12.057993043 13.982937142 1.319383650 
2.958878303 17.396329359 4.184128066 
3.247473028 17.534335917 3.204997013 
-12.863413444 11.005440518 1.043897008 
-12.948915218 10.949985393 0.199810077 
3.904104166 17.447704571 -0.253916889 
3.508602951 18.161260030 1.662620091 
-12.978570935 11.249572692 -0.317081184 
-12.999138953 11.362752025 -0.448398985 
-2.766556357 15.139752684 7.946311900 
-2.520861178 14.986335667 7.966653311 
-0.474562063 15.274096704 -8.377258328 
-1.167666151 14.827219073 -8.704588171 
-8.330299384 12.787339954 8.367623445 
1.441930374 16.488157129 5.842052417 
-6.693394314 13.399519145 -9.760545168 
-4.170299051 14.398716130 -9.549082223 
-4.114592575 14.488842983 8.507840484 
5.265422438 15.545484533 -0.923751099 
-13.223779480 11.006902738 2.936830734 
-13.405232040 11.188355010 2.560235761 
3.392556788 17.545461153 -2.926392643 
3.231335191 17.542095839 -3.243172630 
-12.933473237 10.973314307 -0.405659233 
-12.642224778 11.098266027 -2.128773671 
0.453682834 17.961886597 -6.381211905 
1.680455451 18.079228763 4.937776700 
-11.523998417 14.258312704 -2.388168087 
-9.572952569 14.525889303 -4.891225965 
3.736971850 17.533305043 -2.852273775 
3.860379996 17.491692507 -0.081765251 
-13.036149651 11.222137361 -1.143805938 
-12.946395750 11.207926568 0.388673904 
2.329743308 19.334734180 -0.302078130 
2.314033911 19.349860643 0.097133396 
-11.992133383 14.563703791 -2.635190449 
-12.461647033 14.285495373 -1.837183504 
2.840045608 18.826758556 0.563904529 
2.968524332 18.769380463 -0.106055041 
-11.772679929 13.151162152 -3.738595150 
-11.745641789 13.140883894 -3.956895198 
3.162456151 18.030093175 -0.322965748 
-0.165023211 20.527020703 -0.807936036 
-11.422131902 11.663377871 4.799576180 
-12.125242074 15.848255682 -0.889431342 
-6.794337749 13.610280231 7.572111495 
-6.759624588 13.166547477 7.900287659 
-7.830995814 11.610718671 -8.345935506 
-12.497269123 11.800502160 -3.701735942 
2.693743332 16.972937208 4.667926549 
2.690515858 16.338496954 5.152865508 
-11.888393188 11.199858405 -4.646253035 
-11.986920970 11.273384081 -4.756338187 
-5.200804113 12.133709831 8.721943983 
-0.111083544 14.383116906 7.322961665 
-12.600152336 11.048134869 -2.584115610 
-4.265110565 13.882640010 -9.662275197 
1.666217194 18.769405932 -4.796598177 
3.660880637 18.182905750 -2.624979392 
-8.834907000 13.634612860 6.440486095 
-11.060966336 13.443897303 4.713872354 
2.773833868 18.235446628 -4.125442535 
2.648198152 18.158003797 -4.587367351 
-13.158362906 12.319752419 -0.163176220 
-13.142983730 12.315660855 -0.351269233 
2.752058481 18.360715429 -3.989085125 
2.781719841 18.211326049 -4.067355982 
-13.184657265 12.244113263 0.415424041 
-13.008841120 12.383511261 1.022519059 
2.226419827 19.531980158 1.119882026 
2.213512290 19.551710221 1.179976074 
-10.829562415 14.737091425 -4.602451489 
-11.655959527 14.427462085 -3.679866922 
2.256378039 19.527156967 0.853129697 
2.201139845 19.455530475 2.041336551 
-11.151406572 14.529493575 -4.373457001 
-12.293392770 13.899933817 -2.965272963 
2.278595911 19.561713977 0.398196335 
1.752380837 19.623171366 -1.515460888 
-12.186398595 14.070236097 -3.016860396 
-11.983356091 14.249972259 -3.156489084 
-1.850412118 13.927511889 8.533565260 
-1.058420006 14.199793714 8.227663847 
-11.788413606 10.286083164 -4.574310442 
-11.528407172 10.397097155 -5.030308307 
-2.968748044 13.394056369 8.647309141 
-2.765504300 13.507268260 8.792345503 
-11.775646614 10.269521298 -4.616714242 
-11.119542966 10.551801359 -5.693362400 
0.695387705 14.878791956 7.261920249 
-0.734423072 14.377834615 8.075413633 
-10.093460041 10.821826837 -6.923259153 
-11.250261816 10.550533049 -5.485276208 
