1.067311528 16.406548866 -0.308921776 
1.039546740 16.414681331 0.062554321 
-9.834781472 12.074640950 -2.146502992 
-9.752871166 12.107392259 -2.293440237 
1.128229301 16.339455121 -1.578906351 
1.170027126 16.381700092 -0.640167596 
-9.680245898 12.087734488 -2.581563021 
-9.703649533 12.108673489 -2.483461325 
0.937586627 16.450470353 0.034225097 
0.906151393 16.442194674 0.164777778 
-9.987866812 12.111478596 -1.366525490 
-9.901661857 12.125718568 -1.744402291 
1.183981898 16.289501259 -0.303994650 
0.902914195 16.258152754 -1.314521791 
-9.987734864 12.084507166 0.263791112 
-9.987982594 12.127271449 -0.031531528 
0.634326269 16.324136700 -1.609731084 
0.419035054 16.271088626 -2.179730062 
-10.003704573 12.061716492 0.179239259 
-9.952469874 12.108777206 0.250230551 
1.021223860 16.351675256 -0.322626323 
1.221236088 16.283404618 0.101588348 
-9.962376976 12.098061069 0.690747579 
-9.950789080 12.106137727 0.618203873 
-1.194595552 15.621306744 4.246906437 
-1.216044866 15.618117903 4.239675887 
-6.294597896 13.818702894 -5.796602873 
-6.731849004 13.622364967 -5.709641947 
-2.214809830 15.289076280 4.517169796 
-0.876807281 15.748831058 3.937965563 
-7.933423231 13.125248592 -4.827219677 
-7.039019251 13.509634662 -5.520952846 
0.211570150 16.173081664 2.856916645 
0.440641908 16.179066972 2.567410590 
-3.453766692 14.939004526 -5.851935954 
-4.541867862 15.482827956 -5.554098705 
1.146077258 16.307241712 -1.803035931 
1.086291526 16.382060751 -1.325967997 
-9.855250040 12.075892913 -2.092808093 
-9.969760702 12.106141251 -1.614065929 
1.048107722 16.374471091 0.516159083 
1.081735417 16.397655303 -0.733704874 
-10.043310447 12.057279037 -1.241212708 
-10.057997625 12.003044242 -1.450996722 
0.975399378 16.405825390 0.382740958 
1.011194349 16.416496300 -0.014365801 
-10.041475723 12.129005104 -1.109963120 
-10.056132853 12.114131369 -0.953272987 
0.502622532 16.198456901 -2.055259416 
0.889550823 16.380217969 -0.523118204 
-9.604231132 12.371687362 -1.292762719 
-9.453526505 12.446010244 -1.564061003 
0.496805337 16.193256631 -2.215589895 
0.590088183 16.300427340 -1.728965120 
-10.006825880 12.080669245 -0.100825587 
-9.777731697 12.280892545 -0.767062430 
0.715543697 16.399590385 -0.862163405 
1.074149400 16.299676936 -0.547203245 
-9.593017345 12.411008368 -1.135669618 
-9.631394307 12.391921866 -0.924341628 
-3.470976485 14.841656862 5.160053749 
-3.452583107 14.880167721 5.088786622 
-8.646852121 12.887137001 -4.193171260 
-8.252025995 13.034829340 -4.552613643 
-4.123580068 14.664167652 5.264622576 
-3.138858733 14.987040953 4.984127901 
-8.259711820 13.011744363 -4.572177232 
-7.725561404 13.245549083 -4.919853312 
-1.480767135 15.593193965 4.315434668 
-0.471863457 15.957636394 3.419665297 
-7.019304600 13.523690079 -5.469200871 
-7.102660009 13.442997746 -5.271583123 
1.189853699 16.252009486 -1.410167454 
1.203520903 16.267867934 -1.120524418 
-9.949433689 11.992272689 -1.190541335 
-9.828414172 12.224778171 0.056035139 
1.213623530 16.237617760 -1.445001726 
1.062110894 16.328253528 -1.020794169 
-9.958030482 11.960568692 -1.268207837 
-9.870577141 11.892860244 -2.026170192 
1.275648689 16.240274228 -0.801290851 
1.222815019 16.152469736 -2.058933603 
-9.961419900 12.060499253 -0.848132873 
-9.964018355 12.016360668 0.127071889 
0.852833602 16.336320425 2.210234033 
0.981320529 16.392036063 1.402811615 
-9.974467696 12.158916964 -0.107218587 
-9.775265815 12.341683450 -0.695765197 
0.973604970 16.339282337 1.907492150 
0.865221529 16.212073338 2.759905118 
-9.999449415 12.111579228 0.044154872 
-9.987389235 12.148711421 0.268654133 
1.183297519 16.334077075 0.018888380 
1.165896064 16.363469377 0.593778991 
-9.798658586 12.294248903 -1.016347872 
-9.869667575 12.275352471 -0.348861004 
-1.115858350 15.570985148 4.248347253 
-0.723220697 15.725144267 3.889055806 
-9.046368411 12.783239981 -3.660562086 
-8.961250622 12.819220153 -3.759525318 
-0.440549023 15.775284306 3.712319780 
0.465758891 16.112099993 2.507411704 
-8.765904713 12.858293709 -4.060229310 
-8.420012238 12.961082665 -4.440282263 
-2.477568756 15.184966651 4.974970209 
-0.673124888 15.773763878 3.817248447 
-9.247233600 12.697072557 -3.368248069 
-8.572575422 12.891883318 -4.303486816 
0.826675374 16.171451900 -2.352900899 
0.753157332 16.219253786 -2.194228071 
-10.077377691 11.712522033 -1.032086721 
-10.038672440 11.591072230 -1.569115334 
1.165888879 16.258127380 -1.239610959 
0.645156601 15.895528543 -3.800323402 
-9.991590366 11.843984329 -1.472621187 
-10.020268876 11.827492178 -1.447308862 
-2.225073113 15.268146472 -5.142401745 
-5.536601433 13.906279647 -6.238936511 
-7.750466866 13.183046924 -5.445393104 
-4.841763687 14.185622250 -6.085073310 
1.250500237 16.167521417 1.756683011 
1.431702798 16.115876798 1.408650894 
-8.641572311 12.273267442 4.113566573 
-9.120936991 12.105899424 3.593504870 
0.460965497 15.877068273 4.132777815 
0.816297852 16.137435695 3.131964701 
-9.971469197 12.106718536 1.383169860 
-9.847164196 12.268903759 -0.254348172 
-0.735501087 17.238690279 1.748134849 
-0.063824640 17.107979344 0.817332470 
-9.693714619 13.357272810 0.809316233 
-9.786518140 13.109076744 0.038819884 
-7.265636046 13.032306663 5.128177667 
-4.702538946 14.079287376 5.500200240 
-7.028651168 13.166593283 -6.175686962 
-4.933343444 13.851401409 -6.670156212 
-1.761712873 15.696600902 5.051396830 
-0.235588042 16.154650978 3.153628768 
-7.947312070 13.419759233 -4.737758669 
-6.580143210 13.953850770 -5.376315164 
-0.587782996 17.463442446 1.365209219 
-5.000025172 13.879017432 5.572971360 
-9.133716387 12.702700430 -3.684414896 
-8.557902480 13.000000929 4.182331346 
1.170034917 15.987224343 0.839059071 
0.858172884 15.895390489 1.907316190 
-9.211146013 12.406068656 1.515533295 
-9.007370328 12.540060623 1.833458706 
0.602447895 16.393946476 -1.309878078 
1.266362779 16.469973799 0.106993989 
-9.454485161 12.194878196 1.726219964 
-9.545165137 12.743697464 -3.064462416 
1.286884668 16.170576717 -0.426015466 
1.324629740 16.111461708 -1.544110611 
-9.890699371 12.023745940 -0.173726417 
-9.909148748 11.995091305 -0.132528483 
0.788160691 14.690695101 5.570502333 
-1.893117431 17.019988263 -1.730424709 
-2.349214366 14.102505742 -4.957861825 
-3.242452433 13.776532408 -5.511157133 
1.457178771 15.800437873 -1.004601436 
0.828850351 15.705453565 -2.369337853 
-9.888914974 11.818411374 0.362563418 
-9.867664289 11.771181394 0.623780807 
1.384520664 15.804568260 -0.767284829 
1.539727965 15.756613400 -0.494051781 
-9.806972897 11.672033806 0.245843603 
-9.263819681 12.044510710 -1.511573942 
-1.842815547 15.377319966 4.312432223 
-1.462372493 15.527191995 3.998391792 
-3.742799372 14.857327796 -5.962962824 
-3.699945920 14.853241155 -5.925768006 
-1.810710421 15.356316097 4.313911001 
-2.777832599 15.037546998 4.897026619 
-6.589133007 13.576522409 -5.562163018 
-6.865742979 13.529810410 -5.625752914 
-3.854078328 14.693477157 5.276258017 
-3.382950931 14.831206462 5.271461348 
-5.999648510 13.856356000 -5.922708128 
-6.139009671 13.815941591 -5.894965692 
1.331494786 16.176736268 -1.485863962 
0.596789231 15.995580980 -3.579649246 
-9.768846530 12.086281913 -1.816083382 
-10.068373943 11.595369088 -1.315934814 
0.883710534 16.538307784 0.282321124 
0.727914657 16.269007876 1.602901529 
-9.774686490 12.531792646 0.414887714 
-9.882295176 12.268266433 0.111176846 
1.182721181 16.341071618 -0.897422863 
1.121248628 16.375771968 -0.557469899 
-9.977924269 12.149349408 0.116504387 
-9.972053729 12.180215749 -0.547279041 
1.153935557 16.248371550 0.823120643 
1.032079269 16.359543033 0.364286549 
-9.981903630 11.618888272 -0.967403237 
-9.998953803 11.878690772 -0.789307058 
1.464465768 15.986278401 -0.441724550 
-0.247299096 16.910551017 1.040080903 
-9.827140436 12.336532491 0.538445565 
0.286426226 16.456796807 -0.524114839 
0.707545610 16.214483212 2.657348009 
0.556739314 16.240338803 2.597201525 
-9.717166892 12.287903975 -1.351706566 
-9.665337876 12.308424971 -1.486684675 
1.496386169 16.064461537 -0.267159438 
1.504560796 15.894729762 0.022696413 
-6.712008350 13.193996781 -5.350487961 
-6.787073540 13.243695777 -5.377266268 
0.852465168 16.279576085 1.714526657 
0.907691688 16.304001650 1.537726250 
-8.807753045 12.434822981 -4.140907896 
-8.264665780 12.613852826 -4.634279022 
-2.372854081 15.685060702 3.912750090 
-2.090597054 15.808357772 3.583103004 
-9.646332278 11.955048768 -3.932957527 
-9.480390202 12.445969206 -3.561145583 
-1.132848353 15.677219914 4.104141709 
-1.974889895 15.402587280 4.967862640 
-8.805943727 13.086132914 1.368785929 
-9.095064439 13.061404474 -0.171662329 
1.482465948 15.908438921 0.290869527 
1.506144225 15.897652461 0.350959822 
-9.807772729 11.732141387 -1.415402080 
-9.811189723 11.642589193 -1.692510198 
1.521161199 16.085271277 -1.722741428 
-1.877344616 15.451208887 4.188772100 
-3.888722612 14.953696171 6.114128055 
-7.627920379 13.736181192 -5.628055997 
0.590578009 16.167794567 -1.915559647 
0.360605004 16.090906316 -2.517554176 
-9.104621957 12.559862441 -1.957064671 
-9.657280129 11.963456656 -1.485594638 
-0.992874323 15.131085670 -4.577700655 
-1.676878514 14.689804592 -5.369782128 
-9.904893850 11.512836316 -0.773287667 
-7.886373564 12.522332200 4.093880965 
-0.125068227 16.556044594 2.532657981 
-0.364102007 16.439028288 2.806136566 
-5.984716199 14.174036059 -4.622007392 
-7.553415164 13.486232592 -4.333548794 
-3.112574483 14.884551166 5.011690885 
-2.743708836 15.043634395 4.792465507 
-7.638977490 13.212828326 -5.212133768 
-9.343414196 12.633130848 -3.211344793 
-1.885775043 15.394412921 4.228163174 
-1.665689192 15.475786043 4.074379489 
-4.729933200 14.355111425 -6.275888874 
-4.188020281 14.617505005 -6.119211292 
-5.904260859 13.521084964 5.706151746 
-1.514775763 15.159270863 4.324245720 
-9.750799346 12.699171552 -1.843364707 
-7.293658545 13.135538038 -5.850293712 
1.175292670 16.268764742 0.682305816 
1.162054540 16.065109021 1.256247934 
-9.741271887 12.473830212 0.171647440 
-9.907566823 12.288038211 -0.762769777 
-3.216053425 16.501563575 -4.487440426 
-2.744877636 16.579923937 -4.454438255 
-3.116481262 14.398057352 4.937333302 
-7.785846501 14.403137183 2.152997980 
1.673916272 16.004624309 -0.605853805 
1.589974654 16.023584828 -0.036870151 
-9.837352984 12.013255562 0.041449861 
-9.954363620 11.805297898 -1.463557165 
-0.841773419 16.624223913 -2.985218190 
0.867536995 16.507946649 -0.798109275 
-9.743554470 13.325631554 0.180929147 
-9.709161605 12.794865598 2.486753407 
1.346325515 16.064676062 -0.414994438 
1.472160136 16.007884805 1.016764497 
-8.939052378 12.752247088 -2.144857723 
-9.114351171 12.599638921 -1.842028869 
1.228878657 16.203375655 -0.064378877 
0.773363648 16.105561474 -1.804767441 
-9.390909973 12.515103729 -1.343008841 
-9.296624460 12.444613740 -1.586889604 
-0.331153189 15.677886639 3.597307337 
0.510747176 15.990575003 2.369807531 
-7.611872181 13.049609820 -5.220007118 
-7.657823042 13.026124266 -5.196046416 
-0.224522979 15.803690315 3.502246156 
-0.116659756 15.839119787 3.311461467 
-8.660451715 12.720175832 -4.214619845 
-8.880175179 12.678685141 -3.921748297 
1.091951345 16.104158667 0.980513252 
-3.488989594 14.628639577 5.280756955 
-8.665376155 12.650889344 -4.327738041 
-9.156647599 12.536298653 -3.622516180 
1.117426560 16.380808930 -0.274052399 
1.180543528 16.350861307 -1.130926575 
-10.004226273 12.160593466 -0.894377338 
-9.915657071 12.272381271 0.036848095 
1.093173273 16.357231957 -0.149098169 
1.084870328 16.243042576 -2.022493267 
-9.418303683 12.485646699 1.381534163 
-9.963695943 12.005544786 -1.597966404 
0.717270475 16.594978455 1.255027227 
0.355458276 16.935207068 -1.482269374 
-6.468067887 13.362850763 -5.751929978 
-9.547076111 13.139509802 1.439245299 
-0.220586375 16.786391035 1.256943660 
-0.044690324 16.697532339 2.104028139 
-4.838950039 14.790768380 3.949998134 
-9.041854174 13.788958927 0.478891936 
0.966707080 15.950042633 2.790581266 
0.999143523 15.961019906 2.702454444 
-9.991466028 11.741466955 -0.288896145 
-10.023238760 11.696774361 -0.294261117 
-2.865803331 14.733221299 -5.229323910 
0.756800690 15.745484543 -2.523550488 
-7.205280030 13.078389362 6.042666775 
-8.039133869 12.606603893 -5.008004968 
0.774079652 16.466190766 1.490271487 
1.049204043 16.509880413 0.617988178 
-4.792208088 14.955905321 -6.074349462 
-3.191674376 15.485308725 -6.131621211 
-2.699115544 14.443160183 5.377877624 
-2.139913627 14.362871393 5.351976790 
-7.972069210 13.263170769 -4.686996454 
-8.316118414 12.897370338 -4.629370996 
-2.488855169 15.597239481 4.855891050 
-0.918727282 16.028715804 3.665502467 
-9.063461196 12.431338740 -3.754225505 
-8.229752041 13.345042954 -4.212024852 
1.281834571 16.201606020 -1.494291378 
1.163191669 16.348276034 -1.254501149 
-10.221166400 11.824372775 -1.131354708 
-10.028575496 12.104763037 -1.024074342 
1.076541556 16.380103173 -0.230964866 
0.953278634 16.396459949 -1.413535852 
-10.026976422 12.139159490 -0.146446933 
-10.040335122 12.119869443 -0.408925800 
1.157160803 16.330003664 -1.444824593 
1.149248496 16.372201851 -0.888598642 
-9.589277418 12.176784904 -2.600027628 
-10.059665346 11.999632236 -1.518380902 
1.260845508 16.213565827 0.928196894 
1.168210538 16.210849253 -0.342328908 
-9.975787267 11.931607752 1.142227624 
-9.879895916 11.959656308 1.472120845 
1.091936554 16.103473040 -1.335372010 
0.691735285 15.981862451 -2.371904283 
-9.894234730 11.930541780 1.208292090 
-2.957867198 14.510774042 4.711057902 
1.085345026 16.257746817 -0.518206168 
0.639947499 16.110179436 -2.035040997 
-9.906967362 11.880807743 1.620226815 
-9.487068358 12.213164992 2.378463157 
-1.431066759 15.631814968 4.681701909 
-4.167499504 15.374980581 5.332405503 
-3.960958054 15.466273945 -5.566510221 
-5.050641037 13.954959226 -5.785711495 
-4.837904697 14.306481170 5.522119480 
-3.454525168 14.822504746 5.262040178 
-3.244201955 15.056610969 -5.724179364 
-2.882427932 15.226119777 -5.519946664 
-7.510954297 13.725915138 4.816014689 
-4.920719557 14.310647656 5.479658418 
-3.791916403 14.797168649 -5.960375200 
-3.385011535 14.973698682 -5.851000391 
-1.022171567 15.807994187 -4.549883633 
-1.226855139 15.586224689 -4.866039478 
-8.792334633 13.137090528 1.225854551 
-9.086408094 13.095763448 -0.381061636 
1.929051598 15.658435068 -0.882536317 
1.890394635 15.685903440 -0.361073039 
-9.889053496 11.501125708 -0.690787457 
-9.926641920 11.452006653 -0.768747388 
0.053234196 16.570581107 -2.383496443 
1.823810715 15.647569384 -0.662699239 
-9.873809650 11.428169563 0.639969111 
-9.972838411 11.312585107 -0.471648658 
1.199312064 16.253872158 0.537807363 
1.140338709 16.293158556 0.270339243 
-9.226347934 12.567132073 -1.659281412 
-9.655301853 12.311762785 -0.763645534 
-1.305713090 15.051298147 -4.788590379 
0.515897970 15.354911726 -3.288056679 
-9.383872089 12.230740193 2.565567831 
-8.949325768 11.983652240 3.678105717 
1.272853841 15.986077201 -0.636051722 
1.096576039 16.540321753 -0.998459304 
-6.360324151 13.638993585 -5.283176677 
-9.707890729 12.942637526 1.824494919 
-3.873467754 14.613680620 5.284433298 
-4.148504523 14.484935222 5.389817265 
-6.432666164 13.556853403 -6.372348160 
-6.213834808 13.703257189 -6.407151784 
-3.290623412 14.824907690 5.063760995 
-4.647426356 14.302542362 5.491064287 
-6.440489531 13.692397813 -5.884367965 
-5.874345081 13.857478484 -6.435112649 
-3.245956597 15.019519179 4.866302770 
-3.544796170 14.863326963 5.037226244 
-5.573398071 14.152580718 -6.578495638 
-4.237190993 14.627913501 -6.368850393 
-0.240180805 15.371872775 -5.346312535 
0.212321968 15.678554116 -4.543948835 
-9.699985188 11.966865670 0.666444929 
-9.830128799 11.980742044 0.097182157 
-3.112392937 16.562983340 -4.374102302 
-2.497518630 16.667222561 -4.306384705 
-7.181758105 14.435606294 2.944280644 
-8.315298142 14.595393465 0.698415821 
0.781980362 15.616803859 -4.184505331 
0.559578769 15.609928087 -4.406320085 
-9.869420963 11.897182896 -0.376165533 
-9.909928955 11.769744852 -1.045218594 
1.253045040 16.306300250 0.652429894 
1.234202171 16.313582587 0.786239065 
-8.919554943 12.766574324 -2.307755771 
-9.242162333 12.627288074 -1.864260395 
1.008905618 16.399179483 0.958552742 
1.126801908 16.369031292 0.864459045 
-7.833605414 13.227527786 -3.560993256 
-9.666095207 12.422951524 -0.865347433 
1.158955291 16.294835610 1.525494891 
1.096673386 16.322846461 1.561690046 
-9.717020170 12.399193699 -0.623574818 
-9.661397340 12.405164756 -0.995897288 
-4.618698879 14.353542067 5.466889675 
-4.272397673 14.484582344 5.405414328 
-9.464423971 12.629051097 -2.942346091 
-9.151541849 12.707659376 -3.529816132 
-5.780319698 13.890504929 5.568054288 
-5.112781499 14.144755475 5.544088945 
-9.536426358 12.603506413 -2.810898328 
-9.290206330 12.693538971 -3.207612189 
-3.854263567 14.681296785 5.257591884 
-3.342211337 15.374470125 4.766005267 
-9.304459919 12.706713302 -3.233705994 
-4.737052279 14.723199552 -6.638820973 
1.418481308 16.116389707 -0.157127269 
1.253839725 16.118756851 -0.186588073 
-9.564752317 12.409999391 0.612386783 
-9.554015976 12.481144415 0.912279608 
-0.842312035 16.613836342 3.033535749 
-1.359911980 15.902344534 4.413925415 
-4.948164289 13.690310990 5.196554079 
-6.080772772 13.998658799 -5.707646041 
1.048190021 16.294056526 -0.891874608 
1.199082898 15.941000757 -2.968449071 
-9.714053724 12.243937884 0.753195558 
-9.741323063 12.212571234 0.682292826 
-3.227936572 16.491144487 4.494616674 
-2.707660039 16.599707717 4.408108146 
-3.102956071 14.451401803 -4.814549937 
-7.587853351 14.427598419 -2.423734823 
1.113585058 16.272542227 -0.658432975 
1.343200920 16.108593436 -0.187909334 
-9.831590285 12.378238514 0.091978739 
-9.798722056 12.389610121 -0.181944502 
1.108130734 16.000252538 -1.620672740 
1.259708258 16.010207563 -1.206642230 
-9.972081464 11.843848631 1.102089815 
-9.825787907 12.100617876 0.065907771 
-1.778234034 15.232939991 4.757035409 
-1.769714411 15.202385209 4.770740706 
-4.020328449 14.509211449 -5.997062521 
-4.634368765 14.235700848 -6.164839709 
-2.531872277 14.980713614 5.467580745 
-2.848662001 14.866651464 5.546183306 
-7.652836758 13.023278501 -4.989070937 
-8.540331913 12.665620117 -4.373119972 
-0.273909865 15.907440196 3.548394704 
-2.588178661 14.971708209 5.150162078 
-6.296852397 13.531364389 -5.614512348 
-6.902819094 13.271554692 -5.411361944 
1.414582800 16.187339020 -1.610333714 
1.388927688 16.140743640 -1.696979843 
-9.150668673 12.490906376 1.604632908 
-9.912189109 11.857453016 0.602598171 
0.955300072 16.342562517 0.772967806 
0.835446449 16.304470409 1.405100532 
-9.968527514 12.181916932 -0.231555291 
-10.123779041 11.996883596 -0.881941366 
1.015083505 16.099605422 -2.859894072 
1.218257399 16.157373615 -2.290435925 
-10.029244150 12.002202267 -1.004120075 
-9.854558140 12.091626621 -1.790439369 
1.436656696 16.018978661 -0.358437018 
0.886125682 15.940650594 -1.994322691 
-9.502220290 11.862867005 2.847516023 
-9.878517905 11.832459795 1.236107727 
1.539885511 16.108880601 0.940772020 
-0.028412287 16.884673504 0.530532028 
-8.694294827 12.833277461 3.541324336 
-8.562444378 12.642073687 3.715695028 
1.015567733 16.296534131 0.331388921 
0.973595370 16.305318289 0.056973401 
-10.000460477 11.882064358 0.356888075 
-9.947322321 11.945136533 0.053549947 
1.424639564 16.115327451 0.436896899 
0.583369265 16.346512736 1.967228598 
-5.076719872 13.760351212 -5.687448137 
-8.778027857 13.069143831 -3.658747483 
-4.713631884 15.167237159 4.856478410 
-3.236661582 15.855447463 4.116730689 
-3.402284152 16.093961654 -5.100740801 
-4.274718030 15.699224304 -5.512837142 
-0.389504581 16.306338343 3.038574209 
-3.498253729 14.899649812 5.381251219 
-6.450929157 14.205759519 -5.482666469 
-5.075038979 14.695873819 -5.668988252 
1.349508376 16.026658983 0.216767714 
0.934325175 15.930454772 1.821760189 
-9.782359606 11.838437055 0.025768953 
-9.124404791 12.269719042 0.654448153 
0.062163452 15.406587437 3.872171895 
-0.460397973 15.159953252 4.449431699 
-9.612293652 12.031169220 0.952814557 
-9.767845778 12.121743061 -0.528645440 
-6.585345297 14.091752530 -6.356195759 
-6.175664984 14.241143101 -6.429737798 
-7.645235011 13.882217906 4.844164647 
-8.659130764 13.461716418 4.175224737 
-0.926658366 14.980994018 -4.582919066 
0.248406667 15.534330958 -3.216201763 
-9.758892673 11.875355805 0.099450328 
-9.504364867 12.021291983 -0.782617685 
-0.873019465 15.372896106 -4.145635163 
-0.555659886 15.264876219 -4.094554131 
-10.003307019 11.644934719 -0.493492416 
-9.870804615 11.836898828 -0.632153791 
0.591775606 16.554229383 -0.424202007 
0.712098399 16.519329674 0.154420093 
-9.334370893 12.443794768 -2.004979783 
-9.555747395 12.263725112 -1.838209351 
-2.304659470 15.214824164 4.869149204 
-2.793536797 15.045983445 4.840147322 
-7.497295417 13.168296893 -5.121129930 
-8.120989815 12.953222550 -4.718447222 
-2.110292563 15.254546430 4.496849493 
-2.317897125 15.302729386 4.511110282 
-4.992963056 14.241498171 -6.463576933 
-4.071830128 14.676566627 -6.153974611 
-0.866231023 15.747252426 3.413190642 
-5.107882555 13.514261160 5.817784438 
-2.612190368 15.241810312 -5.394113154 
-2.547097670 15.434896470 -6.461126139 
1.623192674 15.808005795 0.391897028 
1.275819886 15.828686824 1.147035182 
-9.797105182 11.925938951 -0.026472802 
-9.823148493 11.819504572 -0.575486515 
0.475678464 14.436652938 -5.782878876 
1.342034624 14.754360079 -4.883182602 
-9.917273947 11.443809170 -0.102541118 
-10.241445729 11.133597143 -0.219334105 
1.693997251 15.767782107 -0.656308449 
1.644448363 15.772136708 -0.535032922 
-9.688105756 11.755949083 0.367146977 
-9.886102460 11.571400395 -0.354888826 
0.473296694 16.152378946 2.895712541 
0.888315360 16.477097839 -1.210675667 
-8.535043879 13.153139971 -2.677206881 
-9.825846298 12.714992340 2.126593545 
1.159230664 15.937580719 -1.221913197 
0.737145664 15.924142410 -1.972865578 
-8.704510241 12.619377042 -2.468833822 
-9.017626331 12.529461054 -1.857421522 
0.889666812 16.225426974 -0.762368343 
1.026059647 16.154207269 -0.917444309 
-9.395133381 12.328162412 -1.409472339 
-9.001208900 12.477438265 -2.239265571 
-0.861010257 15.826281071 4.098760053 
-0.449567940 15.924056161 3.772213736 
-5.472826264 14.074539711 -5.973812725 
-6.029152020 13.788503234 -5.615666041 
-0.605578028 16.107212132 3.627274559 
-2.230924140 15.447590941 5.099033697 
-8.242624000 12.996504035 -4.651154532 
-8.912855145 12.864458080 -3.862324111 
-0.238979582 16.016406162 3.443118005 
-3.984436630 14.605881831 5.331079075 
-7.614401964 13.179664256 -5.065800170 
-7.969482176 13.075311130 -4.860994546 
0.813737506 16.039215354 -3.444957311 
1.158482717 16.333954254 -1.288789812 
-9.962403323 12.189424708 -0.561208944 
-10.060038989 12.100650071 -0.279966706 
1.450428038 16.165262118 -0.937236687 
1.253370974 16.011642596 -2.639314610 
-9.690992753 11.971191575 -2.441474383 
-9.153687230 12.103724164 -3.526506665 
-0.001703649 17.104016790 -0.326533516 
-1.378939197 17.186235958 -2.499680426 
-9.599216625 13.435876793 -0.666168692 
-9.949977461 12.936847068 -0.208710423 
0.659391942 15.795261982 4.060146618 
0.243452287 15.774695196 4.389564110 
-9.830896650 11.905669513 1.942371262 
-9.873904975 11.875516993 1.881849106 
1.025644015 16.201810847 1.597844969 
1.097456638 16.092328721 2.276873989 
-9.874149372 11.777247195 1.875573392 
-10.082070957 11.685832216 0.984660034 
-4.910134251 14.165647564 6.132461249 
-0.419547155 15.677054423 -3.442056005 
-6.935454177 13.496902229 -5.555501814 
-4.224558066 14.485921894 5.955808775 
-2.633539644 15.342237500 4.853108993 
-3.495042940 15.187776057 5.276050804 
-5.746271616 14.147603690 -6.427018679 
-4.326124450 14.725493791 -5.920897035 
0.149930336 15.923809685 2.966784649 
-1.149641078 15.486527014 4.616712128 
-7.380015674 12.973135568 -5.108369566 
-7.051073592 13.049623587 -5.295428533 
-2.005485000 15.388192203 4.216525254 
-8.565692559 13.981366703 2.485770085 
-2.998722015 15.301718516 -5.651727865 
-1.825140851 15.676563916 -4.912972121 
1.002591445 16.309972002 -2.063955896 
1.035333330 16.178744358 -2.620181368 
-10.087950456 11.955519277 -1.415351209 
-9.829406442 12.060024645 -2.157462885 
0.933504904 16.304434308 -2.253056915 
1.123030098 16.335190566 -1.418922335 
-9.970903384 12.164749524 -0.065009750 
-9.785172173 12.361840203 0.597149159 
0.835230605 16.034562828 -3.462114865 
1.172303511 16.154407758 -2.462409929 
-9.975587141 12.166875315 -0.549293833 
-10.067297834 12.060907150 -0.185591309 
1.239170867 16.233832878 1.406233254 
1.009165263 16.333158345 1.139514486 
-9.900297478 12.092238056 -0.083082989 
-9.961836856 12.034857643 0.161679092 
1.172957338 16.274071538 1.191435298 
1.218848475 16.246457674 1.272383270 
-9.524392581 12.431987333 -0.864280977 
-9.779348795 12.250288143 -0.125953129 
1.312546807 16.199652463 1.373604876 
1.077683198 16.304003721 0.102158198 
-9.860422051 12.121709292 -0.342380936 
-10.008096284 11.981314312 0.833004725 
-3.017131352 14.931121533 5.025003686 
-3.478352022 14.788779524 5.191319747 
-5.975343062 13.873759776 -5.956386938 
-6.032000855 13.878743346 -5.899319527 
-2.053814702 15.259455782 4.791869085 
-1.940509137 15.306503886 4.728686047 
-4.847608023 14.341785563 -6.068342214 
-3.415978541 14.952628496 -5.813056099 
-4.221378811 14.534572031 5.387356832 
-1.842492595 15.397203554 4.310201479 
-4.988579886 14.286173181 -5.973187314 
-3.642720359 14.840408099 -5.917725449 
1.036434729 16.229541678 -2.246715454 
0.908136727 16.132736852 -2.895906467 
-10.061263549 12.051666956 -0.701519853 
-9.956054236 12.081639715 -1.183393095 
1.037850568 16.293742038 -1.729703458 
1.050339481 16.302042771 -1.636342467 
-10.037471476 12.016497433 -0.628993671 
-9.968921715 12.126972930 -0.273943516 
1.264416614 16.258422073 -1.129117536 
1.205175424 16.301407474 -0.528987190 
-10.021121834 12.101913746 -0.481505463 
-9.975761412 12.138925360 0.247312871 
0.776837674 16.258601348 -1.748292374 
0.563623532 16.301013094 -1.921939819 
-10.035345032 12.120016729 0.712119432 
-9.926919824 12.234361594 -0.334432597 
1.009865543 16.375071317 -0.647267930 
1.115783863 16.349990278 -0.456582955 
-10.034876365 12.153669106 0.003069953 
-10.000490676 12.174964095 0.222435762 
0.762171567 16.323819645 -1.467493817 
0.793155133 16.379452649 -1.133411854 
-9.750454992 12.350879812 -1.049596147 
-9.436172082 12.596824160 -1.443086629 
-2.825511083 15.064001939 5.175536939 
-4.423107907 14.459072085 5.513770770 
-7.899590453 13.109488145 -4.883943905 
-7.793317573 13.124063959 -4.956256592 
-2.289191361 15.310229435 4.909243846 
-0.817336839 15.953764139 3.986165508 
-7.873785203 13.147750694 -4.884323575 
-7.067723076 13.471699564 -5.293555356 
-2.262212435 15.317466505 4.829743850 
-2.322501937 15.308343222 4.903459980 
-8.765648359 12.843755619 -4.100208783 
-7.543903638 13.238050599 -5.104332758 
1.107990181 16.347121468 -0.932579217 
1.058364469 16.337482418 0.092400010 
-9.968727440 12.019204605 -1.347085274 
-9.745600733 12.055150486 -2.241797236 
1.150285306 16.286641369 -1.713268084 
1.242491864 16.281757484 -0.799490215 
-9.564724791 12.162325057 -2.582254961 
-10.010639838 11.966791522 -1.218505999 
1.214399033 16.307404828 -0.740385421 
1.153122071 16.300154898 -1.568541078 
-9.842297140 11.990997444 -2.150428353 
-10.031335345 12.042497969 -1.091980312 
0.750743161 16.398830332 -1.106171464 
0.653233981 16.411654080 -1.318347266 
-10.064150021 12.065838034 1.029757147 
-9.986645540 12.120641846 1.175072757 
0.548898958 16.261691863 -1.978113183 
0.487262981 16.284578975 -1.932561762 
-10.045111955 12.059420795 1.187059916 
-10.017986736 12.052377336 1.515721867 
0.910920287 16.403621476 -0.713018313 
0.561674261 16.451900405 -1.239571677 
-9.924380559 12.128636911 1.784442948 
-9.860916430 12.200119213 1.760206445 
-0.501497080 15.921765222 3.572485966 
-0.379720594 16.015883814 3.584204235 
-7.461979477 13.353266462 -5.313835828 
-6.092001181 13.867772437 -5.916659673 
-2.075569366 15.324693405 4.803426759 
-4.250705137 14.524213944 5.431455246 
-8.441804247 12.967868476 -4.412329573 
-7.647497390 13.236302592 -4.990220030 
-2.789117739 14.885261614 5.011167432 
-2.654757582 15.027507365 4.937564067 
-7.591413034 13.286124842 -5.011267243 
-7.333661111 13.350650978 -5.144105970 
1.085810535 16.371404683 -1.045329097 
1.240521812 16.312211096 -0.658454888 
-9.766823912 12.369298496 0.503541487 
-9.607405833 12.457302520 1.097992378 
0.969918832 16.151812197 -2.898366733 
1.140890086 16.335178473 -1.299433233 
-9.814196599 12.331481742 0.417434045 
-9.614988675 12.458182983 0.888800388 
1.024019528 16.257058840 -2.292292003 
0.780775779 16.098734786 -3.301141462 
-9.845063454 12.282163854 0.251048772 
-9.983923673 12.196834131 -0.383235070 
-3.108714909 16.529956157 4.459530042 
-2.463487344 16.661729144 4.344854491 
-3.279379398 15.670593132 -3.903720030 
-7.974367198 13.749164632 -4.386309192 
1.446708170 16.027766555 -0.508728783 
1.158101623 16.033771635 2.351352491 
-9.030176684 12.438640232 -1.984251627 
-8.202006934 12.826408734 -3.191943717 
1.243310663 15.894459057 2.890823440 
1.366336937 16.097816524 -0.026670547 
-9.672865440 12.122093802 -0.270043406 
-9.546954497 12.178510198 -0.737989484 
-0.289787104 16.073600870 3.443059286 
0.456997247 16.253141494 2.233670494 
-7.234900245 13.263736917 -5.301599316 
-6.033574950 13.755796268 -5.606715923 
-1.168727943 15.641261402 4.243432689 
-1.924498862 15.428193756 4.682493365 
-6.943298810 13.398270479 -5.399331032 
-7.245970314 13.190641190 -5.363503636 
-3.919368266 15.059070969 5.024720531 
-1.955180531 15.395805570 4.754007625 
-7.448819596 13.053173327 -5.221388183 
-6.373820439 13.636184955 -5.533667478 
1.186919712 15.901010543 0.431160345 
1.718057136 15.562900538 0.719646612 
-9.309199557 12.208638042 -2.797974587 
-8.761692666 11.957712477 -4.078447672 
1.106265553 16.218461440 -1.699865566 
0.721716266 16.259406412 1.384459962 
-9.944129832 12.072882290 0.270045410 
-9.961445845 12.081865237 0.062028425 
1.258603280 16.571256200 -0.130202593 
1.059866249 16.743810910 -0.130422531 
-9.070188632 13.066922727 2.739431600 
-9.803772749 12.323664555 0.194408318 
1.809189688 15.689965760 -0.301374075 
2.036614466 15.609722746 1.090058757 
-9.703655832 11.713841001 -0.152713366 
-9.499269579 11.787189331 -1.252939365 
-0.513048343 15.858166746 4.420108307 
-1.478325712 15.536405747 4.959923800 
-8.644256859 13.061219630 -1.943903749 
-9.070112252 13.103058681 0.336461265 
1.915783442 15.579115391 0.511293821 
0.049766615 16.739770650 0.537646745 
-9.697457307 11.541313416 -0.818604223 
-9.794256183 11.475389018 -0.929656700 
-0.665765836 15.960448513 3.838216824 
0.556214529 16.281060756 1.902886026 
-6.891529214 13.407691985 -5.383753827 
-7.953188345 13.020969833 -4.822449276 
0.260598110 16.092324440 2.811987785 
0.565595885 16.293603921 1.907169239 
-5.773587885 13.893537184 -5.885858474 
-5.443398072 14.004406219 -5.864706664 
-1.036418974 16.028856852 4.107686003 
-0.904917628 16.085732350 3.936622090 
-8.880474354 12.724044830 -4.060779175 
-8.239072177 12.956036946 -4.666022081 
1.232795030 16.187204867 0.239879821 
1.458480857 16.105465914 -1.136892223 
-9.107017272 12.027730405 -3.473546363 
-4.034320875 14.510360350 -4.554969923 
1.290703168 16.164383669 -1.470861388 
1.234297159 16.229629131 -0.478956417 
-8.917983978 12.244332504 -3.552685269 
-9.490684363 11.923100169 -2.878848115 
1.244311729 16.224228205 -0.295941788 
1.154543217 16.256642297 0.168487706 
-9.616195274 11.928029134 -2.535314243 
-9.434862023 11.983473599 -2.902890090 
0.353419498 16.294215977 -2.113820939 
0.876843439 16.409528212 -0.548334392 
-9.920368218 12.236113351 -0.212515493 
-9.797282534 12.326085358 -0.693424059 
1.309992534 16.158076718 1.813474121 
0.919903842 16.457442737 0.231748582 
-9.927096863 12.028707107 1.843237364 
-10.049513148 12.040759488 1.291487616 
0.822719620 16.273899324 -1.554254926 
0.887011806 16.370306304 -0.739027663 
-9.682420606 12.407039525 -0.873683821 
-9.816351955 12.284506208 -0.724671683 
-0.964525041 15.707679647 4.065624224 
-1.159003388 15.705858073 4.130755825 
-9.762380499 12.727637913 -1.521057411 
-9.710459313 12.724132571 -1.849704598 
-2.776063096 15.803653726 5.001185286 
-1.064060157 16.242064769 3.865130343 
-9.305131565 12.808823106 -3.054597005 
-9.384667609 12.508659294 -3.180444578 
-1.603645733 15.544746802 4.496256368 
-0.419725687 16.068456701 3.544196498 
-9.645894694 12.669881203 -2.290079552 
-9.737446112 12.684844713 -1.862844621 
1.104109909 15.911558627 -2.787235603 
1.202169039 16.163602384 -0.183932933 
-9.986538688 11.743641189 0.259436824 
-10.065046819 11.651882510 -0.002818307 
-0.307442523 16.796282656 -1.496730952 
0.026504924 16.713829648 -1.717852039 
-5.152945877 14.779552685 -3.827668773 
-6.550137666 14.563900178 -3.255390931 
-1.403487354 14.998984834 4.497287871 
-2.550611654 14.802908629 5.091469965 
-9.576250550 12.174382297 2.972879758 
-5.323194802 13.728567031 -6.474887418 
1.079159815 16.223136588 2.223245599 
1.181122350 16.275785120 1.439682719 
-10.014938370 12.027692521 0.988774111 
-10.037326410 11.946211632 1.419862776 
1.086606430 16.397764865 0.369603408 
1.075834923 16.387427099 0.220100406 
-9.675337051 12.427082237 -0.864455698 
-9.575326973 12.482242965 -1.074443240 
0.712440348 16.697956413 2.179979381 
0.870080938 16.240240182 -2.086376679 
-9.466147773 13.694641266 -0.126754106 
-9.507372335 13.168853429 -1.018405898 
-7.094056598 13.627080688 4.943637005 
-7.403350372 13.278073118 4.990638708 
-9.873745377 12.128114411 -2.182241034 
-5.043475221 14.321955817 -6.839854673 
-4.066150537 14.603791432 5.099482544 
-5.686870406 13.976846818 5.284222903 
-3.379651124 14.868903855 -6.461610910 
-9.726056045 13.469238907 -2.027383967 
-3.010548855 15.285441229 4.610821784 
-4.273750764 14.266129601 5.402963748 
-4.726283599 14.566940677 -6.128836214 
-5.668550879 14.198349439 -6.110817239 
1.256319008 16.291089948 -0.994238930 
1.242028050 16.238440368 -1.758657163 
-9.970113935 12.076123665 -1.400041355 
-9.974392724 12.033301394 -1.480004986 
1.402081232 16.036769803 0.517785451 
1.016502661 16.153334107 -2.355735376 
-9.732128870 11.845323887 -1.237718516 
-9.721890574 11.712919269 -1.655347245 
1.226655287 16.200597616 -0.074482863 
0.961819292 16.240307202 0.780928929 
-9.958557179 11.998393614 -0.571739901 
-10.000842925 11.929354326 -0.936251780 
1.339017463 16.050153944 1.515471122 
1.184040467 16.119835056 -0.339870675 
-9.668097910 11.645331868 2.523391143 
-9.905937786 11.685308962 1.499118400 
1.235002412 16.238417992 0.023022610 
1.089835572 16.213787214 -0.904044120 
-9.813050393 12.016681642 1.983575060 
-9.955592842 12.052783804 0.371581214 
-0.196704955 16.988650471 0.571185239 
0.451018088 16.065412214 -2.324296957 
-6.761054793 14.586269631 -3.661393091 
-9.779644491 12.168110515 0.370849913 
-1.865040883 15.361501862 4.247828739 
-9.763835969 12.514660587 -1.429492806 
-5.878351720 14.632702605 -5.551302684 
-6.109268705 14.315580101 -5.968380585 
-0.187536216 15.961504845 3.295080263 
-1.925968352 15.401699413 4.990286915 
-3.784011353 15.439400400 -5.239937024 
-6.356903304 13.752579904 -5.332835797 
-1.552917489 16.456956685 3.429005759 
-3.653328832 15.294347559 4.704258129 
-6.068171178 15.018996213 -5.654747538 
-5.657068073 15.008787720 -5.729642267 
1.231852373 15.740224410 1.953524830 
1.428142225 16.174627935 0.292234645 
-9.583545656 11.792840608 -2.583269189 
-9.986363485 11.597638619 -0.944477168 
0.203873676 16.017985396 3.043500769 
0.387221498 16.177646374 2.571913338 
-9.421287768 12.184599577 -3.003919579 
-9.609775752 12.058033287 -2.784511676 
1.486252231 16.198107913 -0.214884648 
1.117476713 16.337340747 -0.032543674 
-9.930682039 12.136679069 -1.213746831 
-9.605764198 12.055620809 -2.702863657 
1.286162350 16.005165145 -1.076764292 
1.309468176 16.106545152 -0.397133716 
-9.573270589 11.830416015 2.731582063 
-9.914357092 12.004019413 0.141596967 
1.290041070 16.183118122 0.121309938 
1.063077864 15.907656027 -2.042662569 
-9.931729523 12.307247187 1.214376523 
-9.164494134 12.254583668 3.440564371 
1.230806569 16.038713927 -0.891481877 
1.104653414 16.063803970 -0.974956218 
-9.920643296 11.711809992 1.311610883 
-9.834134438 11.813307483 1.468657111 
-0.675292018 16.204041159 3.380105619 
0.240021117 16.289649739 2.497156010 
-9.306796023 13.099194147 -3.117469479 
-9.212759721 12.776653033 -3.518186379 
-2.273555886 15.229122008 4.318082898 
-7.775317318 14.098394624 4.203312118 
-10.164198740 11.981223732 -1.713305829 
-10.140623164 11.565312193 -2.510238781 
-2.781266608 15.282887335 5.102040946 
-1.383483994 15.741429572 4.279670590 
-6.589503184 13.984592825 -5.738097644 
-6.507931294 13.982673693 -5.788357563 
0.945219513 16.182574202 -2.627640709 
0.654256053 15.849670373 -4.065535533 
-10.053533120 12.010406646 -0.598710933 
-10.001435168 11.968721782 -1.517021706 
1.021546079 16.294099667 -1.818711829 
1.184534818 16.278146044 -1.528081430 
-9.710580394 12.334449829 0.995879096 
-9.817843582 12.263603184 0.627843741 
-5.957346390 14.122084692 -6.434827703 
0.148489638 16.136112784 -2.599564987 
-9.122429974 13.428519464 1.135019207 
-5.973078200 13.833723046 4.607566911 
0.527329738 16.343676081 -1.795469961 
0.827160364 16.476624370 0.463770984 
-9.237331081 12.716917335 -1.755669186 
-9.560572097 12.442905640 -1.358583533 
0.675903670 16.338904493 -1.487329529 
0.621889885 16.090609477 -2.308026276 
-9.021258317 12.779306722 -2.077156382 
-8.003341611 13.014829612 -4.234274203 
0.147459293 16.264021266 -2.561580041 
1.042553357 16.419422508 -0.043651452 
-9.687125244 12.386650872 -1.092123102 
-9.471694966 12.532085999 -1.404274859 
-0.830501730 15.868020914 3.843018132 
-1.128478551 15.689193318 4.169972458 
-8.358044461 12.930510652 -4.562259360 
-8.303939309 12.942095123 -4.613971891 
-1.082631619 15.738724198 4.122560355 
-0.728184340 15.908195370 3.999349188 
-8.136198050 12.986282117 -4.763844958 
-7.968373869 13.079285185 -4.882349112 
-2.832198603 15.089145055 4.845548293 
-2.002020364 15.419714809 4.715165738 
-9.101230449 12.802315954 -3.568070377 
-8.789775694 12.821718080 -4.135894544 
0.684875422 16.412154811 -1.868205234 
0.947651598 16.301145847 -1.946307981 
-10.041327163 12.102916010 -0.604762657 
-8.884816418 12.877107417 2.196342819 
0.671201672 16.139403592 -3.156044239 
0.178532610 15.787216752 -4.566640956 
-10.022189367 12.012721270 -1.287707131 
-10.010385462 12.098421135 -0.700877220 
0.932989012 16.326182200 -1.974141217 
0.957460659 16.290497103 -2.094755450 
-9.723989218 12.284674819 0.795372184 
-10.057243362 11.997060987 -0.990390107 
0.450809219 16.179213511 2.772977876 
0.072570458 15.998462839 4.071546059 
-5.852612607 13.516669425 -4.947892314 
-8.167643865 12.961314797 -3.772961332 
1.226788037 16.301526707 1.377715690 
1.099263389 16.208068592 2.431090247 
-8.502591936 13.006095649 -2.827339866 
-8.518623232 13.038481954 -2.740339896 
0.793321353 15.922911232 3.794792507 
0.857146374 15.934407459 3.742721672 
-8.929954902 12.861057979 -2.127102149 
-9.076066227 12.727238631 -1.981720416 
0.834731699 16.350961884 1.484898045 
0.263954669 16.169837167 2.732176286 
-8.781025166 12.663702328 -4.290624476 
-8.635803071 12.850393134 -4.307508095 
0.630062572 16.250220870 2.236537536 
-1.271068801 15.790596582 4.424736004 
-8.459577084 12.814988332 -4.533084660 
-9.121473259 12.661441971 -3.740986505 
-0.602902024 16.013257021 3.750493189 
0.337464548 16.164105740 2.736319214 
-8.687903676 13.436765339 -3.569764824 
-7.229405174 13.075019465 -5.122033414 
-1.237888158 15.324117589 -6.005331945 
-1.199270494 15.269192080 -5.997045619 
-9.876739780 12.284286204 0.215434276 
-9.610883294 12.447614396 0.938859576 
-3.985699104 14.202069521 -7.092073246 
0.838451929 16.245404022 -2.985023063 
-7.414832397 13.151060084 3.845636134 
-8.023999160 12.622483850 4.485935876 
0.186810196 15.915412131 -4.378362101 
0.041517739 15.701416745 -4.900862143 
-9.823855552 12.271493274 0.186884230 
-9.987508175 12.076736653 -1.526210929 
0.505567311 16.162768516 -2.267200010 
0.729331787 16.262308507 -1.648231420 
-8.614890486 12.926350890 -2.559281266 
-9.176031580 12.701829035 -1.725253008 
1.036096537 16.319363136 -0.369632609 
0.779597714 16.406206782 -0.674436273 
-8.865145166 12.862147271 -2.179183523 
-8.205100167 13.074020672 -3.098463946 
0.339765586 16.179090962 -2.455459051 
0.774313860 16.385537147 -0.796901241 
-9.126077005 12.673527369 -1.919089784 
-8.612314149 12.845633493 -2.681982302 
-6.222322169 13.737587425 5.520759185 
-6.565339604 13.607973335 5.457986408 
-7.545455686 13.157103289 -5.136348663 
-5.554055351 14.008382539 -6.405697328 
-4.294578081 14.551394045 5.380169929 
-4.507744100 14.450476321 5.478412619 
-6.859140859 13.485262752 -5.391362586 
-4.340059928 14.611460003 -6.187576394 
-6.070121278 13.579884531 5.435061564 
-3.450569454 15.391424315 4.362719031 
-4.892422735 14.388542014 -6.324528049 
-7.885710858 13.218812065 -4.923854181 
1.228398421 16.241464825 -1.959394391 
0.031940030 15.360970740 -3.511095220 
-9.930279505 12.201295692 -0.026936631 
-9.513383141 12.597269738 1.142173757 
1.102983155 16.228938114 -2.393611378 
0.877096373 15.927566273 -3.685699662 
-9.964336614 12.141372214 -1.324251640 
-10.078098094 12.045170514 -0.871972227 
1.292506252 16.292983144 -1.249105579 
1.075074219 16.390421688 -0.177907784 
-9.864901489 12.325988002 0.468414257 
-9.893279429 12.264155504 0.376183332 
0.762777381 16.231605741 -1.591531181 
0.979321057 16.384094901 -0.001734446 
-8.526819674 12.926872837 -2.767970248 
-8.375812921 13.048750011 -2.860086460 
0.910658134 16.228394701 -1.332339187 
1.158008833 16.292529143 -0.380384008 
-8.789748468 12.802986216 -2.492108052 
-9.316044460 12.523926996 -1.860518967 
-1.305192431 15.979527731 4.409453546 
-0.020725957 16.290802811 1.811749725 
-5.623486023 14.053255612 -4.517461098 
-5.643656951 13.891474212 -4.514425125 
-5.703941664 13.934538474 5.646890247 
-2.896447457 15.080991701 4.844625714 
-8.026558785 13.051182117 -4.810086574 
-3.101692142 15.103523159 -5.740999223 
-3.682722694 14.788108201 5.206046639 
-2.469095149 15.203761476 4.681410814 
-7.612191832 13.157209277 -5.078624654 
-8.040270790 13.008084759 -4.843980782 
-2.813480158 15.323352067 4.567809176 
-1.308945138 15.706306828 4.155876720 
-4.051137133 14.660807788 -6.033227928 
-3.978753687 14.744998709 -5.929021758 
1.457873074 16.183642440 -1.070300131 
1.688060845 15.927401162 -1.186050234 
-9.695768093 12.379315621 -2.256302170 
-9.200372166 12.242162634 -3.399895014 
1.357271527 16.027130791 0.602506558 
0.739702408 15.997649214 2.157509627 
-9.714903638 11.820329889 -2.293896738 
-9.908716510 11.976429125 -0.876505803 
1.487387202 15.993321729 -1.218771135 
1.321170368 16.097861907 -0.376025174 
-8.871229042 12.011254027 -3.815436610 
-9.198927830 11.881203403 -3.420905615 
0.796911171 16.323945635 -1.470000163 
0.980205393 16.313721176 -0.970952246 
-8.802372787 12.412837529 3.796525789 
-8.569568448 12.487174225 4.073213189 
1.564245318 15.783977643 -1.040255443 
1.174648900 16.210846794 -0.977563494 
-9.144321518 11.979683791 3.239331369 
-9.967912062 11.667417348 0.497340575 
0.628807583 16.212426988 -1.935125840 
0.107322796 16.002745362 -3.117151870 
-9.653859477 12.059952771 2.572560429 
-9.824885456 12.078316493 2.073260679 
-0.824688975 15.153399560 4.140265219 
0.458429232 16.960825631 -1.831296204 
-7.300034528 13.933078485 -4.715783255 
-6.620045150 14.007030294 -4.928395434 
-2.856929763 15.570656112 4.406170664 
-4.806994121 14.555116640 5.143465023 
-5.079352689 14.678707481 -5.785461523 
-3.734562637 14.776928734 -6.265899678 
-1.384674887 15.809669494 4.320573028 
-1.436097375 15.898763446 4.173294244 
-6.391179634 13.985321748 -5.654902803 
-5.799279743 14.114958047 -5.692896391 
1.153262091 16.262541256 0.234033763 
1.237682020 16.240652515 -0.224228123 
-9.967369191 12.046631938 -0.221773646 
-9.940970727 12.073390298 -0.446650238 
1.365274693 16.052636049 -0.017369880 
0.901756583 16.124618682 0.964779349 
-9.798721820 11.649375319 -2.103955517 
-9.443899874 11.770342728 -2.892604743 
0.494163410 16.090669817 2.154456657 
-0.110659508 16.789684920 1.082212668 
-9.702174039 12.047272478 -1.762142349 
-9.813424323 12.144563012 -1.246011750 
1.587912726 15.732607706 -0.580361068 
1.322186415 16.153848717 0.417241482 
-9.725231001 11.885967915 0.945923678 
-9.874306385 11.522605304 1.119022664 
1.087404171 16.101763195 2.735475547 
1.181177488 16.264568616 1.619750724 
-9.879868820 12.013825808 1.935477585 
-9.870635684 12.112844759 1.665264241 
1.315767439 16.164181795 -0.074613871 
1.215349815 16.222146929 0.143493334 
-9.938170253 12.023917971 0.649633802 
-9.844780063 11.970626567 1.761329477 
-2.572414881 14.951582767 4.771294151 
-1.738604364 15.407978234 4.101187731 
-7.675655107 13.232439999 -5.589710814 
-3.035485978 15.017612576 -5.621815066 
-3.090264068 15.500128769 5.257393091 
-1.949216508 15.887892461 4.606802037 
-10.252363553 12.505769188 -1.359647160 
-7.437457095 13.941561095 -5.124371827 
-2.032353366 16.409887308 4.072965275 
-0.946594461 16.828289282 2.869200219 
-9.118734408 13.159191882 -3.522267149 
-5.965112822 14.921756820 -5.340059334 
1.325049217 16.289998544 -1.137067576 
1.181594102 16.335443933 -1.075863918 
-10.099145478 12.056830254 -0.969278778 
-10.049546929 12.068034779 -0.299009911 
0.559815958 16.335217511 1.867070829 
1.037036017 16.379450857 0.450198239 
-9.907630780 12.267907306 0.281015061 
-9.809781863 12.334042237 0.493202806 
1.124495392 16.229627359 -2.308707247 
1.381236702 16.179054510 -2.027686509 
-10.077969048 12.062728337 -0.852307809 
-10.034509441 12.141114153 -0.414023846 
1.201465680 16.281326758 -0.133347761 
1.297491440 16.254143866 0.052426863 
-9.976696039 12.113013009 0.123877360 
-9.900829222 12.192790175 0.018492460 
1.073777929 16.219707491 2.499648487 
0.580053023 15.770550521 -2.752980860 
-5.625178436 13.783977130 -5.297285303 
-6.669718442 13.205181720 -4.955129742 
0.779160839 16.262330016 -1.429161243 
1.003674075 16.283995184 -0.993628057 
-9.852700152 12.199814546 -0.506439533 
-9.819242830 12.256384205 -0.366526762 
-1.072206372 15.707711885 4.090153000 
-2.659967410 15.147393669 4.748447046 
-4.594530373 14.480253356 -6.079785677 
-4.288611565 14.593659180 -6.103017329 
-0.561810721 15.927464609 3.479633837 
-1.951164567 15.400005915 4.317441516 
-3.776923398 14.823633692 -5.932912661 
-4.320231751 14.614262919 -6.069943793 
-2.667012041 15.171777424 4.745176354 
-3.057792685 15.047395367 4.923944129 
-3.977590020 14.701446069 -6.010986287 
-4.108207416 14.679283970 -6.098757729 
0.601405997 16.254799214 1.773416098 
1.349034236 16.206411024 -0.428872598 
-9.812932423 12.268865476 0.283975665 
-9.987103393 12.061517895 -1.019388770 
0.579796552 16.389742426 1.246317643 
0.589595680 16.274673661 1.721018569 
-9.899538458 12.078078016 -1.615907741 
-9.957954382 11.998396069 -1.735744056 
-0.450483098 17.131299628 1.290135339 
1.223138862 16.136120433 -1.949224071 
-10.047672935 13.288269960 -0.903199259 
-9.792606990 11.830497103 -1.902992176 
0.070445097 16.586928969 2.392513289 
-0.126330348 15.467810017 -3.721631260 
-6.265671884 14.597838470 -3.433872824 
-8.534052002 13.640634163 2.149477028 
1.203241349 16.067507945 1.460317593 
1.234653733 16.105620945 0.723798495 
-9.652107527 11.720711317 2.219031347 
-9.866795780 11.622929739 1.704267866 
1.127750976 15.862475069 -1.670224107 
1.329689053 15.990590624 -0.402547462 
-9.866781614 11.556318230 1.527679771 
-9.882304585 11.537517507 1.467779733 
-3.548418411 15.636951139 4.296901190 
-3.417953847 15.556811038 4.354543008 
-2.609383148 15.557203537 -5.345900163 
-3.090971776 15.241901271 -5.565823206 
-7.003476103 14.146891516 5.180220210 
-0.817325026 16.432997278 2.885073967 
-6.030837962 14.493740516 -6.256728127 
-4.648577744 15.129794724 -5.889262056 
-5.286219108 14.451731388 5.338726832 
1.560681888 16.150599315 -0.871482991 
-11.008397243 12.255859517 0.750106530 
-11.012610399 12.482105944 0.539369960 
1.301148882 16.095585731 -0.520009383 
1.229674459 16.106653969 -0.751907888 
-9.817962806 11.655830331 -1.830838889 
-9.310545813 11.857925316 -2.858917545 
0.079965362 16.405545602 -3.131305188 
-0.749028565 15.235672890 4.495661832 
-7.907896615 13.885663816 -2.638980088 
-6.144705875 14.234379427 -3.840621434 
1.591338625 15.818366512 -0.469102744 
1.144732601 15.894500271 1.448031579 
-9.637680597 11.574436631 -2.446506672 
-9.860970220 11.543968759 -1.478665984 
0.520913148 16.318701565 -1.646396263 
0.575575650 16.351229459 -1.373465423 
-9.670387957 12.448212451 -1.060954171 
-9.922182537 12.280610709 -0.461279129 
0.685373266 16.322525175 -1.112992986 
0.666616716 16.280961643 -1.581722037 
-9.590635399 12.352681356 -0.856930254 
-9.608972099 12.360520226 -1.044823393 
0.497851839 16.138041118 -1.578575364 
-0.410170718 17.084373906 -1.483767007 
-8.886855813 12.419471699 3.598065450 
-10.034701963 13.363005743 0.493904959 
-5.248033587 14.826765279 4.653865772 
-5.429762574 14.573012515 4.901797851 
-7.533255714 13.269363270 -5.053881065 
-9.337782653 13.577450230 -2.853374915 
-0.567669016 16.685208510 2.815194041 
-0.483795622 16.362171798 3.134667568 
-9.222596559 13.263887347 -2.967705869 
-9.339469038 13.270938304 -2.976172312 
-5.169533409 13.962478136 5.440045081 
-1.840712765 15.370324847 4.139839987 
-9.703275858 13.130740183 -1.530503157 
-5.197153049 14.608057849 -6.258648561 
0.845805698 16.362597725 -2.023508979 
1.741032871 15.787553952 -0.446511210 
-8.483301474 13.060525031 3.072358948 
-9.275293448 12.055124626 1.697228052 
1.333575022 16.228166892 -1.358994961 
1.336461659 16.188545768 -1.725047101 
-9.836972693 12.108459027 -1.800182172 
-9.789380473 12.115070168 -1.925791189 
1.323983450 16.224956029 -1.284190721 
1.307866066 16.238091849 -1.305837580 
-9.975333168 12.002614947 -1.432208697 
-9.955790270 12.097102302 -1.046805324 
1.037397559 16.360402273 -0.399162861 
1.081400452 16.365417157 -0.317475200 
-9.151912339 12.638487680 -2.029958754 
-9.556836678 12.513870812 -1.262189133 
1.009701774 16.344056792 -0.601084712 
1.125812073 16.364345930 0.273320615 
-9.332819698 12.543301959 -1.789143816 
-9.867806391 12.230308025 -0.657117118 
1.025877406 16.335012210 -0.904756117 
0.409998234 16.275316369 -2.296979745 
-9.808938806 12.328629240 -0.719035804 
-9.700849683 12.372083401 -0.907510012 
-2.968178767 15.072353050 5.156672898 
-2.424523695 15.257304522 4.916960541 
-9.502154961 12.664311106 -2.817030205 
-9.339037169 12.733739889 -3.102393787 
-3.572036439 14.765928110 5.232441783 
-3.463378985 14.835827226 5.378524836 
-9.513293296 12.644162047 -2.831970043 
-9.145419564 12.800610760 -3.458652313 
-1.262045526 15.690278662 4.194853544 
-2.091912111 15.387343071 4.775789324 
-8.795772439 12.806147124 -4.096890405 
-9.267577485 12.758704530 -3.257028612 
