-0.432826201 24.304871785 -2.895653504 
-0.167248338 24.424520237 -2.401850172 
-15.057256787 18.555703284 -0.983778545 
-14.966616939 18.596649326 -1.027249615 
-0.507809763 24.124365828 -4.505283024 
-0.335680671 24.341358405 -2.996555307 
-14.978705078 18.534678496 -1.521043157 
-14.921374306 18.604668377 -1.415560802 
-0.386023171 24.440481242 -2.407833822 
-0.769176682 24.374103104 -1.981610434 
-14.376630536 19.018322384 0.402094844 
-14.676866954 18.852103788 -0.162925639 
6.082022814 17.267518842 6.413981667 
6.780879507 17.405899126 4.483796227 
-13.467893436 9.662400320 -6.931360902 
-13.350336851 10.047312309 -7.407335636 
6.472873250 17.666508904 4.180158922 
6.698236903 18.296541621 3.025891646 
-13.191519976 9.527708296 -7.078567222 
-13.279531808 9.863073055 -7.082817854 
5.888234273 17.108740515 6.379706905 
5.589824052 16.866715002 7.171675568 
-13.879709266 9.780864210 -6.341008869 
-13.770359003 9.835593791 -6.480798008 
6.895890510 14.010572509 5.690938576 
6.922285552 14.262747402 5.749603721 
-11.038084808 7.823352116 -9.277838308 
-11.584177605 7.403584816 -8.626582405 
5.469130079 13.802549875 7.599815803 
7.329632408 14.330875105 4.557841703 
-13.417566411 6.939096139 -5.952810350 
-12.349803307 7.407518045 -7.578263235 
8.460750694 14.487513701 2.257563190 
8.521827143 14.121333715 1.515729834 
-5.885065290 10.043019116 -12.193239161 
-2.222351788 10.613127554 -8.522488727 
5.440111558 20.497855742 -1.096591732 
5.259383565 20.606769696 -0.253583420 
-14.590922956 12.779434678 -5.702763203 
-15.014835480 12.807852264 -4.828572187 
4.849774420 20.540061443 2.890063254 
5.318517382 20.888411140 0.349670469 
-15.495792757 12.582402886 -3.925416527 
-15.377306920 12.534160338 -4.375245474 
4.811486102 20.536567501 2.639054656 
4.989639731 20.630705154 1.882087993 
-15.509245780 12.710885040 -3.714128720 
-15.636517632 12.653296806 -3.347906209 
5.779468831 17.788126226 -4.426328129 
6.529782182 18.159672384 -1.461670457 
-14.880883645 10.081016635 -2.964969424 
-14.637469553 10.232694866 -3.583354233 
5.724451330 17.836703477 -4.693613961 
5.982372360 18.290083433 -3.722750594 
-15.588105825 9.755851842 -0.341332534 
-15.342361294 10.101074245 -1.920087475 
6.252103958 18.527581832 -2.065181183 
6.720511278 18.150451570 -1.572332916 
-15.060634336 10.338877482 -2.806824972 
-15.105550079 10.234967014 -2.339196308 
-2.250537866 18.617015331 9.613087624 
-2.218654092 18.675638764 9.544491712 
-14.183472031 13.907432953 -6.404700675 
-13.505589956 14.196738502 -7.238216209 
-3.427484341 18.214437786 10.107245686 
-1.672685345 18.766542411 9.453294677 
-13.546439521 13.791557594 -7.775720568 
-12.724846025 14.359590536 -8.300882462 
1.315399198 19.723060857 7.820900192 
2.913687934 20.370965883 5.771138188 
-11.436062264 14.900676701 -9.421158121 
-11.523097948 14.659191306 -9.381433493 
5.722911345 14.545005842 -7.466235933 
5.998186460 14.639403903 -6.986228555 
-13.693944292 6.988362147 3.377965843 
-12.492762786 7.753546890 5.781493470 
5.746803711 14.459842439 -7.478641462 
5.954935323 14.738884335 -6.811001111 
-13.750976637 6.904020433 3.215411705 
-14.177515748 6.570586475 1.605790737 
6.301756510 14.853025745 -6.553611212 
5.283680087 14.140923401 -8.349687841 
-13.495988354 7.250351669 4.083523234 
-12.479932320 7.459311468 5.849623305 
-0.580812393 23.954107523 1.523052787 
-0.513165770 23.974457166 0.458371988 
-13.986835798 18.838300780 0.547227711 
-13.722174287 19.051037778 -0.015394364 
-0.389250531 23.954766214 1.022469765 
-0.357477488 23.887132435 2.210942734 
-14.084264400 18.744963256 0.799929008 
-13.948358676 18.826314157 1.112301488 
-0.283049060 23.921227440 -1.145947032 
-0.298463144 23.961158544 -0.358968891 
-13.856293373 18.921065103 -0.300098359 
-13.814232717 18.969114225 0.398745678 
-3.337380693 13.160945164 11.303608520 
-2.389704132 13.610500027 11.192322489 
-8.496121759 11.779651182 -11.426735889 
-8.232102398 11.889520712 -11.491810475 
-1.915905124 13.811075540 11.091672341 
0.823713699 14.830099837 10.174506267 
-7.292378429 12.105438478 -11.697742364 
-6.196997847 12.547164928 -11.919846661 
-5.960179181 12.182133547 11.280930980 
-2.313432558 13.800057396 11.164793961 
-9.217297155 11.337246190 -11.052357631 
-6.584262716 12.402892838 -11.838359546 
1.065110399 11.942795358 -3.652303349 
1.297650225 12.503750293 -4.299685938 
-8.010119904 8.200899042 0.742991129 
-8.216932984 7.999401711 0.276101467 
0.410701608 12.066002645 -3.611494362 
-0.889393492 11.456780084 -5.184501391 
-7.618324730 9.032198766 1.578181661 
-7.634338277 9.026873352 1.582591989 
-4.900936012 12.995924523 -7.810108337 
-8.559769419 11.064450161 -6.648761373 
-10.983705424 10.859771786 -3.622538384 
-7.729247193 11.336930704 -7.153766092 
-0.363210189 19.408049189 0.617373137 
-0.223026710 19.374100582 0.329218658 
-9.006599552 16.056284553 4.421007611 
-9.342697230 15.877199521 4.205398165 
-3.047364665 17.677327296 2.639539398 
-2.837278325 17.799253041 2.001776046 
-8.248281883 15.813788785 0.611904450 
-8.035750681 15.949950995 0.055453870 
-5.245017064 17.230116312 0.518977463 
-4.670404870 17.478129174 0.348283436 
-6.512173114 16.755294595 0.470164324 
-6.787217549 16.634355041 0.275644462 
-8.394232471 10.840463194 1.182854164 
-7.192920843 11.295494553 2.823837789 
-2.391120635 12.947204071 -5.929610747 
-0.607033600 13.524551054 -4.911726876 
-2.948232854 12.194043705 7.481451346 
0.308386024 12.290420067 6.201478179 
-5.122631889 10.525919374 -7.488048086 
-3.241077265 10.918390676 -7.733919346 
0.665072958 15.841948001 5.119733516 
-6.695117478 9.399307597 3.633461399 
-7.533511922 8.422185757 -6.599827292 
-10.266394565 10.933814167 1.347589971 
0.372490818 17.133599255 4.433441866 
-0.494828955 16.798916084 5.382817175 
-11.549901041 13.096974979 -1.503837187 
-11.499004293 13.128454798 -1.040355077 
-0.054546942 20.171024714 1.117488928 
-0.315750365 19.531896345 2.799029409 
-11.877596709 15.215243999 -0.528582538 
-9.488143777 16.113555271 -5.704034699 
1.453534387 17.254453069 2.929330850 
2.017879962 17.353006502 1.669815708 
-10.823408367 12.602896141 -3.506846948 
-10.875870636 12.635184996 -3.460908694 
3.111428878 12.097024769 5.544284276 
1.725701118 15.871747872 -2.050576537 
-1.168560645 11.054051410 -6.475506389 
-2.623852597 10.606760417 -7.041942803 
5.233609202 13.369735749 -0.562784441 
4.542370203 13.284010121 -2.501319760 
-11.465669216 7.597457451 -1.079794906 
-10.892639935 7.634799954 -0.225075962 
3.830859483 13.160924822 -1.274340426 
3.952733255 13.062905112 -0.965337079 
-10.121794501 7.977855026 0.319696722 
-9.649636031 8.398110715 -2.049687750 
0.569506858 18.357795126 3.071842677 
0.965162634 18.419310893 2.493370093 
-7.655707593 15.489279648 -6.892646153 
-7.599747031 15.451451377 -6.918222620 
1.176047361 18.147065794 3.322222676 
0.223593386 17.943088604 4.593237322 
-10.771407934 13.554999247 -4.951042785 
-10.987449215 13.649189920 -4.754638254 
-1.865762421 17.854011577 5.217320834 
-1.373556136 17.971950314 4.975717740 
-9.580660690 14.817112871 -5.383698590 
-9.717406709 14.710631525 -5.325236970 
-2.858097566 20.276615882 -1.121999706 
-3.286057558 20.165278030 -2.093747218 
-9.386576284 17.868656322 -0.914747768 
-10.566362491 16.144105650 2.439394883 
-4.015239263 20.371855755 0.614068367 
-3.873271661 20.321522215 0.997300097 
-8.771528440 18.549523393 -0.739895416 
-9.074125525 18.346381582 -0.399199905 
-3.257662970 20.060577495 -1.000005750 
-3.341818033 20.097720559 -0.815877653 
-9.100201694 17.871065969 0.179674223 
-9.109628349 17.915429367 -0.177509105 
3.604102763 12.136128388 4.651790935 
2.401363509 12.587316585 4.663669292 
-8.104905059 7.560032547 -5.143238086 
-7.815602414 8.411053078 -5.050721288 
3.220987363 12.872883679 4.380025264 
-0.019150074 13.699219016 5.611871941 
-8.545194041 9.467978043 -4.576469897 
1.194551309 14.044448867 4.149699071 
0.178299792 12.174844465 6.575804223 
0.033407097 12.227186062 6.514229561 
-7.080542361 9.479362922 -5.478600037 
-6.924863359 9.517425945 -5.576462537 
2.999167190 13.655637664 -5.734091638 
2.596206405 14.445778709 -5.730028631 
-11.041046616 9.842800634 -2.763042982 
-11.433271902 9.844516371 -2.349089483 
3.111611939 13.657540067 -2.847480854 
3.055339091 13.612881325 -3.031125084 
-9.972464584 8.244213148 -0.401707144 
-9.868148835 8.241430455 -1.284873815 
2.399255012 12.641556261 3.196577955 
2.597277984 12.425083707 3.814929861 
-10.260900415 7.402611435 -0.589884484 
-10.078290772 7.856117104 -0.177794698 
0.244141424 13.056283234 2.010201733 
-0.138911441 12.949546129 2.990499265 
-6.103428140 10.894770056 2.457540348 
-6.779463547 10.780390480 1.555050180 
1.395006692 12.757285543 -1.610192324 
1.457498841 12.728962042 -1.583492390 
-7.759722101 9.376576162 0.500690677 
-7.849892606 9.287750273 0.286670290 
4.421745204 13.818358817 -4.225706509 
-0.449545644 13.352924055 6.626296339 
0.405835253 11.029610093 6.449400308 
-9.113158457 8.656528797 -4.711159036 
-3.070090840 16.213845425 -2.864706863 
-3.362454313 16.108421957 -3.115609346 
-8.007765928 14.134138571 1.362372541 
-8.157383930 13.268788310 2.023930785 
-5.474096554 15.267057596 -3.839968081 
-5.941030110 15.310665296 -3.746846550 
-11.174241897 15.031455380 0.130288368 
-8.656509945 16.664458096 3.599302094 
-1.976711476 16.896462687 -0.439957373 
-2.106773878 16.759652316 -0.347981486 
-7.351071776 14.888194336 -1.493395693 
-8.011717841 14.602218131 -1.075035417 
-6.047584012 12.899257710 3.778340853 
-5.754714083 13.088158206 3.730110904 
-3.942799067 13.870934384 -5.270725926 
-6.069903889 13.172773426 -4.960629957 
-2.987180701 11.552789245 6.527949635 
-2.666131014 11.662112195 6.488067804 
-0.741575678 12.420073826 -7.388269827 
-0.044377225 12.774770362 -6.824405262 
-7.445985349 9.790306221 2.461801698 
-4.618989395 11.028070909 3.769446413 
-7.329679799 13.429397327 -4.302483926 
-2.343547607 11.926987270 -5.752754585 
3.673294366 12.575127174 1.105049574 
3.631730540 12.117167048 1.711264017 
-9.538655633 8.063278935 0.195706093 
-9.584162935 7.903813067 -0.950902836 
-1.127632637 13.320308929 -6.286313522 
-0.300647767 13.641929075 -5.751318637 
-2.747342652 10.639251937 5.952133573 
-8.471306918 10.596215501 2.153624101 
3.524958655 12.414793226 0.240139414 
3.412479479 12.416825390 0.820894587 
-9.221440237 7.921467290 -0.494587963 
-9.023651219 7.813488719 -2.250943429 
-4.686381377 18.194344425 -4.819955174 
-1.871336578 18.260197539 -3.793703037 
-9.829955383 16.205425965 3.624337660 
-8.629807883 14.938685469 6.042455638 
-0.575889337 17.049746241 -4.075165069 
0.334849077 17.229494741 -2.887459815 
-10.815059480 13.857280561 1.559789045 
-10.763922334 13.694425395 1.906745227 
0.011598124 16.758748960 -3.839071716 
-1.341255257 16.297376560 -5.202869638 
-10.368301789 13.265506215 2.484810573 
-10.541174875 12.951095716 2.177179296 
-3.904925657 15.654317201 6.147532846 
-2.437711801 16.206577909 5.706082641 
-4.529946315 15.481556109 -7.200418594 
-4.536858250 15.524708005 -7.146089483 
-3.812645123 15.839784719 6.225041936 
-3.627533851 15.831216200 6.194206167 
-6.068739545 15.110043232 -7.016266516 
-6.481295213 14.971137639 -6.978044232 
-1.551777481 17.272486778 4.062371922 
-7.757597818 14.773487482 5.039521349 
-6.437063089 15.578522114 -6.408213063 
-7.257331870 15.211619663 -6.329739555 
-2.687100474 17.637598122 0.604235091 
-2.491310501 17.683807792 0.124183183 
-7.959196195 15.649232407 -1.514557722 
-7.975700549 15.680900559 -1.160324425 
-2.945603423 17.856540025 1.483685380 
-2.371205523 17.989299976 0.478705270 
-8.154141222 15.904083983 -1.445617339 
-7.813235054 16.019172741 -2.467035975 
-1.972297075 17.611310033 3.113135484 
-3.557104445 17.758894281 0.283907663 
-4.007368600 15.659521811 -6.414907188 
-7.422029997 16.383844637 -0.679491486 
-0.400599111 13.339614711 3.474099312 
-0.540675705 13.115467350 4.078526718 
-5.969421671 11.050837153 2.802332894 
-7.415535209 10.944147857 -1.972404783 
-0.158931613 12.260444588 4.474180672 
-0.106411923 12.280477578 4.415555296 
-7.243678406 9.491428187 -2.545835600 
-7.267224641 9.456651946 -2.550200840 
1.589024563 13.782639837 -5.427135774 
3.663628641 12.864226849 -1.791605811 
-10.218755330 9.925047388 4.531349927 
-4.835150363 11.511916043 -8.159757000 
0.703171110 14.760507889 -2.395251543 
0.522484781 14.625133937 -3.143927037 
-6.755133667 10.454857718 -6.350969151 
-6.217985180 12.000137169 -5.948146557 
0.814650972 14.301894146 3.339115431 
1.202455675 14.172322361 3.033595603 
-9.025227948 11.177084067 -1.210791457 
-9.133816919 10.806630554 -1.092274706 
0.317769524 14.748794606 1.386412066 
0.832508143 14.652985800 -0.270374433 
-9.079321901 9.745955850 0.135090610 
-8.882231211 11.137617046 -0.236638889 
-2.940782042 20.264785661 -1.179650500 
-1.656522139 23.462202676 -0.616966163 
-13.690845663 18.725671471 -2.220050505 
-12.749642428 19.298120246 -1.770081332 
-1.801906977 23.513040520 0.450690205 
-1.640997719 23.617566420 -0.486797963 
-13.282208202 19.056581445 -1.437271210 
-13.240787996 19.081021237 -1.644788983 
-1.392312371 23.623059967 -0.867634511 
-1.480544216 23.609904073 -0.192196311 
-12.384808685 19.319730426 -3.749711434 
-13.045421365 19.083394261 -2.529938147 
4.911430012 13.659509512 7.063838818 
6.068970594 14.082474672 5.089524011 
-12.770181731 6.729520973 -3.761877375 
-12.963007616 6.591825368 -3.072554820 
7.003037131 14.050682132 3.064206163 
7.251154445 14.172749670 1.118513461 
-12.584398059 6.627532821 -3.620325739 
-6.585070563 10.307672321 5.118071816 
6.462173033 14.190460370 4.535033301 
6.966140941 14.565588002 2.000966575 
-12.838508630 6.634070050 -3.090249016 
-9.797033016 8.251490810 -1.687413407 
3.622553063 15.229600905 1.188022620 
2.068827484 14.921189228 5.133885544 
-8.455705512 11.282456867 -6.567491346 
-10.119493230 8.596169540 -7.883287728 
2.051235650 14.784080497 8.942151129 
3.981455315 15.733309631 7.118662791 
-7.834780257 11.472552533 -10.831900944 
-6.955943835 11.506105273 -10.934039606 
-2.538993394 11.718544171 7.891985151 
1.815047467 14.844896252 9.239676771 
-8.876498574 10.888865846 -10.289094911 
-8.033239689 10.761502993 -10.261110545 
-2.127598019 12.338057420 -5.063058291 
-2.319446109 12.115615886 -5.199348179 
-6.122651277 10.922665366 2.372034655 
-6.836044236 10.785397201 1.408908437 
1.457117424 12.337005424 -2.261625950 
1.530733557 12.416502019 -1.873328889 
-7.545006089 9.226588120 0.870765219 
-7.587616159 9.165781280 0.788350694 
0.685651338 12.661412401 -2.965654479 
1.717523387 12.173442383 -2.019494664 
-7.499239734 8.937415083 1.832919473 
-7.759227730 8.696358125 0.975589920 
-1.958069193 16.626605450 -1.475060998 
-2.119135741 16.694017801 -1.522147395 
-7.947732001 14.332762526 1.455069626 
-7.894603460 14.373378588 1.880336425 
-5.756958864 15.152159350 -3.851852785 
-4.035993308 15.918519094 -3.433528568 
-6.295416758 14.826272289 4.537108299 
-5.702248780 14.952856256 4.334239399 
-1.736358811 17.044554248 -2.251361444 
-2.510060473 17.311374346 -1.790042933 
-7.901422986 14.684769428 -2.270319977 
-7.426612833 15.604742343 3.038475271 
-6.623927090 12.658157361 3.617226084 
-6.814789532 12.604385518 3.496818360 
-2.740011323 13.920921820 -5.727512543 
-2.563700645 14.154322442 -5.514417323 
-6.212215285 12.786490026 3.721415611 
-7.204100462 12.366351819 3.388445042 
-2.760507183 14.316580740 -4.991485784 
-2.234598598 14.300458602 -5.265390916 
-6.211797195 13.586519699 3.500414700 
-6.454290700 13.336428876 3.443720124 
-2.359128394 14.932057106 -5.276875818 
-1.375182210 15.236049444 -4.209626864 
1.186111147 10.858082782 -10.986832942 
2.635793457 11.591755081 -10.140193445 
-10.789807991 6.263056438 4.926885110 
-11.490611404 6.208652691 4.196109085 
-1.017552368 13.380255233 -6.209962739 
-0.049403028 13.707417547 -5.618946339 
-7.840853636 10.670844939 3.214632007 
-9.052341585 10.738438215 0.561625664 
3.723473778 11.449364021 -9.362032483 
3.315365971 11.406283532 -9.628242856 
-11.746504165 5.912462797 3.132536273 
-12.067884028 5.593205986 2.001264893 
-0.188050391 22.860942618 -2.278637827 
-0.183888848 22.918380819 -2.103253923 
-13.194943466 18.454316783 -0.323825860 
-13.312589666 18.404027369 0.328282772 
-0.542195628 23.145663403 -1.734852498 
-0.387975585 23.146627769 -1.825433789 
-12.539384416 18.787896158 -2.321785408 
-13.292472477 18.301789674 1.750290266 
-0.006814193 23.095924979 -1.109276699 
-0.077270868 23.117235693 -1.101675122 
-13.248012580 18.282528380 2.068127167 
-13.364139829 18.325416104 1.480689392 
-10.882020068 11.615909129 8.400299776 
-10.434095544 11.940556350 8.628225526 
-9.525680143 12.718182323 -10.405193177 
-8.174690995 13.397699282 -10.831221250 
-12.432160190 10.996617339 7.132538558 
-11.587053168 11.316084334 7.874470512 
-9.813837186 12.286738292 -10.358706139 
-9.081661032 12.045745579 -10.909987075 
-9.917440755 12.507114197 8.793641525 
-5.643989702 11.410586815 5.637528452 
-8.812053376 13.203522746 -10.603180897 
-1.163030154 11.127644593 -8.491742411 
-0.080746951 17.173224766 3.665094266 
-0.268887132 17.106222277 3.637414759 
-10.311591577 13.900089055 -3.327520507 
-10.279755572 14.012999060 -2.969978728 
-4.721020402 18.214280223 4.816113220 
-5.497916559 17.116482041 5.609442007 
-8.991170188 14.745338546 3.422595844 
-4.279661946 18.255730346 -4.949741901 
0.340112506 17.073118283 2.977041415 
1.655964852 17.058370478 0.840790432 
-10.203203366 12.916214732 -3.133009249 
-10.192167211 13.063509128 -3.216210497 
-1.137667637 13.302538988 6.290196689 
-0.274165273 13.648479062 5.728949736 
-2.654572694 10.710710179 -5.878939236 
-8.291818046 10.648870446 -2.507401720 
3.629216440 12.578695508 -1.084166167 
3.863610248 12.159429362 -0.481525989 
-9.568606682 7.970297428 0.196537033 
-9.526393335 7.989391562 -0.218779027 
2.801196193 12.365193490 -2.578633444 
2.991467368 12.374361866 -2.136340156 
-9.101672482 7.856903381 1.906247455 
-9.240991142 8.024915041 0.623948883 
0.995147261 17.653429098 2.212930406 
1.105220582 17.579764100 2.240937138 
-8.495973596 14.105932734 -5.838646667 
-9.071861092 13.891190344 -5.416793239 
0.530513883 17.355469654 3.378570247 
0.387718174 17.308287106 3.695002067 
-11.002881620 12.832134516 -2.134791308 
-11.364917743 12.564278090 -0.904330582 
0.859641424 18.120929529 0.081757551 
-0.365708279 17.847909467 2.981880756 
-10.056599285 13.800121682 -3.626837148 
-10.412377344 13.671132354 -3.092640554 
-1.952453272 19.618400846 -4.291997256 
-2.058651246 19.566165637 -4.081342351 
-8.098801227 17.452812720 3.810885797 
-9.852810063 16.624045124 3.154476421 
-2.195229303 20.369544922 -0.768539582 
-2.149787169 20.373829386 -0.359713576 
-10.051745165 17.380048528 0.983020534 
-10.478511012 17.550267822 -0.641741497 
-2.546235673 19.798113959 -3.753095986 
-2.279233275 19.844601832 -3.580574236 
-10.404259884 16.819691435 0.962501710 
-10.532565769 16.822837399 0.335860324 
2.189807019 15.613124196 4.859499910 
2.683531457 16.184774770 3.019664824 
-11.292561517 10.285012766 -1.829306974 
-10.103278231 11.084030679 -3.995842876 
3.550680476 13.252017829 4.372516706 
-0.618102092 13.712056407 5.119377385 
-10.696474043 8.780273268 1.634065379 
-10.552775290 8.519840875 1.691187737 
0.117442182 13.630923467 4.248739814 
0.309084471 13.719481190 4.067832284 
-7.770327591 10.428858229 -3.637175005 
-7.466745351 10.585971727 -3.859478857 
4.177435080 15.422937221 -4.657453772 
6.258050900 13.104038712 -1.032097889 
-9.152226851 8.833800111 -4.645283421 
-11.790069995 14.419495820 -0.285592088 
-0.691580377 12.304120019 7.377106297 
0.711508702 12.611062368 6.611127442 
-4.063430760 11.934458467 -8.582403496 
-4.819597329 11.169280131 -8.670174688 
4.053768319 12.766098350 4.043806100 
1.252455446 12.367145974 6.249510562 
-7.643736396 9.267555218 -7.499341197 
-5.124193025 9.723970229 -8.374836115 
2.791679224 12.674021718 -0.546976413 
2.532561640 12.670541327 1.082436282 
-8.501043456 8.473403819 0.833792153 
-7.581868522 9.847929239 1.813949597 
4.537871844 12.208797179 2.597878283 
4.245747387 12.583059265 3.159945226 
-8.533891738 8.105276405 1.486924949 
-9.993112530 8.022556662 3.248122619 
-7.630586795 9.793938526 -7.219895644 
-6.531778467 9.911379759 -7.835562350 
-6.445255064 10.199249338 6.989940266 
-8.421401656 9.333719540 5.741546100 
-3.897988468 14.002714282 -6.207141060 
-2.387250850 15.153356736 -5.556459296 
-9.290523759 12.748887829 3.458142020 
-9.611944282 12.691001185 2.646613727 
-4.427169268 15.935664385 -5.238561038 
-4.106859447 16.199029041 -5.002134027 
-10.424383025 15.867982512 1.002535091 
-10.107746558 16.024476650 0.835446040 
-0.843348398 16.905861903 -3.177888127 
-0.433439924 16.915053879 -2.852753040 
-10.020890786 12.971666005 1.042937362 
-10.146978581 12.784827915 1.320993196 
-5.883726954 13.910182034 5.848064254 
-6.533036636 14.016748405 5.142953706 
-4.290354734 14.867224803 -6.365138429 
-5.058146346 14.537139616 -6.512392974 
-5.872722383 13.385258383 6.054766534 
-6.110333534 13.305208018 6.037494989 
-0.643687735 15.247868458 -6.775238077 
0.313987262 15.696014546 -5.593261116 
-2.883529815 12.719245667 6.267312131 
-7.124476321 8.922276620 5.923525605 
1.735068699 14.134766386 -4.304785998 
1.859853410 14.902483132 -5.736099835 
5.348206790 13.335296044 -0.272376684 
4.935603894 13.365810595 0.817955737 
-11.025704415 7.821621725 1.439273415 
-10.845590425 7.697990113 0.305337662 
2.701007770 11.741599606 -5.731262796 
3.562632683 12.079009322 -4.601635340 
-10.126297530 7.901076943 -0.713881214 
-10.428468600 7.462624875 -0.921898771 
4.149679258 13.098328190 -0.424585667 
4.133644147 13.082810712 -0.298880435 
-10.036108853 8.052982788 0.524310425 
-10.163713800 7.866603409 -0.473877829 
0.499747448 20.104400358 0.723221256 
-1.129556353 19.335921293 -3.820326912 
-11.063486074 16.771223583 -0.849081145 
-10.256165581 15.883787390 4.978763863 
0.179381955 16.997217450 -4.813805627 
-0.612648404 16.824505931 -5.432298030 
-11.541743554 13.182861752 0.130879456 
-11.502532692 13.212200007 1.023895763 
0.518209456 17.065450998 -4.156696046 
0.572457676 16.972996408 -4.316386480 
-11.307530984 12.555329671 1.525341595 
-11.371975921 12.619372266 0.347660917 
-3.567201324 16.578462989 7.219345242 
-3.006476975 16.863340529 6.958213028 
-2.680902536 16.954341350 -7.241921870 
-3.478196090 16.721201599 -7.205482934 
-3.264322132 17.244031629 6.476890626 
-5.708808304 16.087313438 7.174688632 
-6.745675321 15.829279623 -7.109885375 
-7.907408580 15.427296011 -6.852968708 
-2.652146372 17.558303608 5.854227838 
-7.624767577 15.409443102 6.008969320 
-6.216183069 16.177157223 -6.873914973 
-6.751336934 15.991049207 -6.879232740 
-2.786779969 17.793968283 -2.266222171 
-2.731397583 17.921897872 -1.083917923 
-8.131628852 15.879668998 -0.343989672 
-8.233995970 15.824688244 -0.172625737 
-0.318319649 19.392360181 0.084194944 
-0.181509609 19.339045837 -1.472100634 
-10.163861350 15.680543738 -3.121825575 
-9.570251675 15.882372069 -3.967686918 
-4.625434251 17.487928874 -0.207550536 
-5.676847145 17.083095155 -0.659276967 
-6.436935779 16.831237077 -0.710146799 
-6.964959703 16.537723278 -0.164373427 
-0.953084523 11.367130106 5.306521389 
-1.409165340 11.300194593 5.468867320 
-7.731648388 8.976811060 -1.195142959 
-7.733558902 8.967795818 -1.242091405 
1.506864038 12.119776261 3.158057203 
1.630380490 12.817085727 4.923943274 
-8.077261859 8.177522580 -0.000832786 
-8.078218249 8.165187151 -0.818397828 
-7.819082102 11.310801587 7.111997366 
3.478284079 15.280123661 -1.977672276 
-4.219873073 12.494415606 -8.335572758 
-7.584506390 11.927499441 7.235672109 
1.510736313 12.469109030 5.439035989 
0.499486250 12.110278826 6.580981163 
-7.814894932 9.982659796 -6.593920265 
-5.724881045 10.351610974 -7.343401507 
0.758548610 14.430752791 -1.417198264 
0.791773951 14.715922984 0.342458149 
-8.444117758 10.767938719 -1.166462705 
-8.190802965 10.483455665 -1.680673868 
2.093130788 11.945757349 4.916354942 
-5.550521625 14.245353350 4.519452429 
-2.844319841 10.636650455 -8.189604862 
-1.129109814 11.215824074 -7.705029188 
-0.390852280 23.963315454 -1.555332266 
-0.134351248 23.866381913 -2.128489549 
-14.011141257 18.604136037 -2.613355297 
-13.573155542 18.772665043 -3.519962481 
-0.456254377 23.951834294 -1.691569107 
-0.253313282 23.972071248 -0.621453243 
-13.940952827 18.820066631 -1.001192418 
-13.704684487 19.049430082 -0.273625783 
-0.287473481 23.754062507 -3.412730782 
0.034498727 23.872942181 -2.171470890 
-13.841145562 18.858890998 -1.588837837 
-14.122987899 18.674567062 -1.081617810 
5.790933049 14.464158391 7.411677945 
5.661797379 14.830875422 7.143639730 
-12.485097422 7.588672812 -5.838804034 
-12.800162897 7.377353971 -5.345098676 
5.888862336 14.590593186 7.094699623 
5.929015038 14.473797691 7.146148034 
-11.235267710 8.482018708 -7.306080335 
-12.383928541 7.918448677 -6.003907614 
5.942175977 14.410898453 7.317252188 
6.591166377 15.099710610 5.401777752 
-12.179378166 7.785657102 -6.337483635 
-13.488262342 7.154473067 -4.122438268 
4.273555723 15.918685780 7.591114709 
3.604485176 15.831088868 8.260595666 
-12.390211744 10.025896167 -8.184083620 
-12.516932791 10.080612146 -8.045717900 
5.566354494 16.402724004 5.876600346 
5.691492726 16.452143703 5.736787558 
-10.547950359 10.683370136 -9.975978350 
-7.894095984 11.811997511 -11.384075548 
2.465334461 15.629991624 9.259543180 
5.812097443 16.490149371 5.393902526 
-10.472254479 10.433773566 -9.983801917 
-8.265277009 11.520701083 -11.248005100 
6.593386116 18.274752037 -3.850492544 
6.316371917 17.971618312 -4.998277102 
-15.516103076 9.605920127 -1.493245464 
-15.498236103 9.806567941 -2.355246691 
6.690464059 18.180427065 -2.742429235 
6.709651626 18.158157526 -2.534952967 
-15.335130827 9.375543233 -1.294798239 
-15.397452083 9.599430246 -0.475796635 
7.011197253 18.104623647 -1.585862230 
6.947859326 18.151019513 -0.470693106 
-15.634660553 9.804609383 -0.888476277 
-15.575311275 9.823656779 0.693489837 
3.993133151 20.136326280 -5.132088384 
3.626318130 20.173639085 -5.405953107 
-15.839783040 12.703869315 2.740844538 
-16.077454079 12.768710400 0.458480175 
4.635818671 20.421084272 -3.280990550 
4.819491288 20.419877841 -2.980317169 
-15.808306950 12.571390995 1.638610359 
-15.684452118 12.622068479 2.083355200 
4.134714846 20.260114757 -4.592794836 
4.328569175 20.445120503 -3.945213928 
-15.834218437 12.792720470 -0.812033341 
-15.524224908 13.215002015 -1.902379608 
-3.577561334 17.701749111 10.734393463 
-6.765763866 16.592270896 10.737561540 
-10.564216869 15.141371862 -10.043831598 
-10.478517162 15.024512245 -10.204138687 
-2.820302291 18.273574394 10.163763388 
0.138250750 19.656453971 8.607987284 
-10.365576856 15.503948846 -9.778488574 
-8.672761461 16.222970168 -10.306227879 
-2.892364388 18.296231427 10.023568590 
-2.900963469 18.266765644 10.150203776 
-12.525146239 14.517877429 -8.644612100 
-9.862672059 15.328570381 -10.408281917 
4.537568473 16.445028257 -8.502182671 
5.607116100 16.885496953 -6.850390291 
-14.837696117 9.035383466 4.743657311 
-15.623726711 8.896941829 2.838534073 
3.696504434 15.932177609 -9.595605419 
4.926654966 16.581193735 -8.272453880 
-15.859840891 8.763465776 1.755833577 
-15.022671272 9.491523755 5.073990505 
4.871547365 16.202472003 -8.145904419 
3.921765492 16.519168808 -9.454395346 
-15.354542210 8.336428523 2.881799077 
-14.850967974 9.729141714 5.406406565 
-0.464832171 24.554181333 0.551261237 
-0.459635506 24.573967812 0.452469461 
-14.946378230 18.629440568 -1.130228926 
-14.592821135 18.910320046 -0.676892234 
-0.503823059 24.483505245 -0.610640811 
-0.806399899 24.453539835 -0.551074486 
-15.012965302 18.580200891 -0.915869133 
-15.153343819 18.486622558 -0.460398415 
-0.495286449 24.483291915 1.098713202 
-0.910040020 24.510559864 0.696050572 
-14.949440535 18.660674218 -0.057347106 
-14.871634057 18.757030910 0.001721925 
0.744072064 12.278658238 11.002833437 
0.806021731 12.280602359 10.899957554 
-4.583605757 10.375899546 -12.601134368 
-1.239413986 11.548350167 -12.312030961 
-3.058292796 10.545931463 11.577869315 
-6.983273694 8.929883166 11.112707655 
-6.772075911 9.770179474 -11.971867375 
-4.711544531 10.142729455 -12.247980284 
-3.576166196 8.744392937 10.125841158 
-3.757018975 9.605423905 11.229909413 
-4.621559139 10.619715608 -12.361801966 
-4.010472187 10.207604015 -12.198627039 
-0.487877749 23.241815015 1.488003181 
-0.336709841 23.008347234 2.093487275 
-13.250078810 18.361727275 -2.117861528 
-13.350938066 18.286843631 -1.442578455 
0.342792807 23.128954099 -0.556706036 
-0.195305668 23.135363281 1.337944232 
-13.245822621 18.268334991 -2.303908801 
-13.284334264 18.318120546 -1.700280144 
-0.021454436 23.307939201 -0.001024225 
-0.021518118 23.462748689 -1.547539525 
-13.247869912 18.198514726 -2.512914772 
-13.071594131 18.216571867 -3.287934300 
-0.987121366 13.344494635 6.256378184 
0.002570800 13.696256725 5.642918603 
-0.737117774 11.908689214 -6.271509687 
-6.984625232 10.083837831 -7.447420786 
7.245348818 12.846001563 2.352732344 
5.458709348 12.524572385 7.062771403 
-9.049454721 7.359033911 -7.149482267 
-6.826804288 8.333370543 -8.778545426 
5.142705495 12.096109909 7.687615342 
7.024341352 12.994263849 3.220185150 
-11.243678378 6.443481715 -4.451905626 
-10.710711979 6.635057351 -5.203337914 
5.928965667 18.277560289 0.076282782 
5.929258334 18.196704642 -2.324114146 
-13.984491897 9.897340797 -5.181774974 
-12.696920414 10.706969386 -6.970386053 
5.612086782 18.130524949 2.691558576 
4.773843921 18.268520759 3.928163955 
-13.723811177 10.460551259 -5.480641529 
-13.935139301 9.479851888 -5.594870055 
0.300996633 13.746367986 4.393031418 
4.928187675 18.022677265 4.315836452 
-8.293182159 8.421263712 -4.245768088 
-13.124547638 10.711246887 -6.385872715 
-2.896108095 16.407209588 2.508741299 
-2.391904273 16.216842847 2.535369828 
-6.154442198 14.901434804 -4.475523571 
-5.547485900 15.007783783 -4.223560364 
-1.676170665 16.710920357 0.797773822 
-2.848894558 16.290087897 2.656833758 
-7.946145472 14.303272343 -2.038626362 
-7.805592886 14.253494503 -2.196751366 
-2.188255238 17.429006237 1.147340729 
-2.386300052 17.578380277 1.246000718 
-8.120125788 14.620175561 -0.247916465 
-8.906566739 14.778928721 -2.316261964 
1.597400990 12.467672712 1.335079821 
1.499466486 12.290152309 2.435004013 
-7.173159250 9.470088067 -1.459359942 
-6.751106790 9.611037400 -2.176283352 
-1.562196637 12.383065654 5.079976072 
-2.571235006 12.056676911 5.196292817 
-5.831332947 10.887829120 -2.774673204 
-6.784791657 10.806332956 -1.441207843 
1.780304404 12.085521740 1.839538339 
0.985312604 12.913384852 1.338584104 
-7.239298808 8.999344483 -1.956836497 
-7.359659870 8.991238005 -2.027905324 
0.259427635 15.412606629 0.166216559 
0.325467847 15.311348700 -1.815776475 
-8.469240778 11.788551588 -2.315863991 
-8.835094445 11.694442901 -1.336519538 
0.640337044 15.275436491 -0.834816980 
0.300948034 15.337116184 -1.725792679 
-7.887032416 12.133892072 -3.332102111 
-7.699571024 12.219749098 -3.440561635 
-0.230462554 15.922096158 0.552102102 
-0.208472062 15.990881528 0.451053228 
-9.109661867 12.043689177 -0.478603592 
-9.108305058 12.057091964 -1.324629996 
6.211376386 14.031182852 -5.144860954 
5.391739676 13.371235115 -7.077511993 
-13.068813429 5.814928885 -1.384762496 
-7.651476680 10.330866671 -4.043249049 
4.785452636 13.511813052 -7.729882263 
5.784053977 13.949431720 -6.220661091 
-13.255142460 6.235068363 -1.512795217 
-13.301917316 6.077642579 0.278036812 
5.786141663 13.981025160 -6.037473485 
5.970005919 14.151998060 -5.371536339 
-13.259036990 6.226815057 1.057077533 
-13.230850237 6.297933709 0.479217688 
-2.684926083 23.301527186 -3.388311098 
-1.977152469 23.535346781 -1.490422828 
-13.146420851 19.185773886 1.019488718 
-12.976629043 19.286915493 0.473223105 
-2.876450186 20.257371091 1.560174693 
-2.305812570 23.399437863 -0.228195074 
-12.364014189 19.275280576 1.950043831 
-13.025095982 19.110923232 2.390007371 
-1.832755724 23.476838566 -2.678322603 
-1.721611228 23.531673933 -2.093720758 
-12.671130904 19.514954273 -0.062877077 
-12.937181825 19.350628572 0.049826626 
-3.289062549 12.364382645 10.586322292 
-3.670894146 12.503763647 10.688360376 
-11.900396182 10.477559870 -8.633497362 
-11.396315447 10.657835807 -9.135046519 
-6.952227594 11.703454566 7.303785639 
-4.702209306 12.800213133 7.710133312 
-8.816831099 11.296419422 -10.629121571 
-7.734346673 10.236807588 -10.183252227 
-4.476728350 12.201261511 10.843460688 
-1.624534960 12.951500393 10.420149889 
-10.578982708 10.507355303 -9.679310721 
-11.374833754 10.576793415 -9.144857518 
-0.052949995 12.235417711 -4.476212183 
0.868220726 12.749191863 -2.626930287 
-7.250612254 9.498364766 2.539945829 
-7.414971624 9.386036648 2.356818192 
-0.563405986 13.319314715 -3.670704472 
-0.340595551 13.169934813 -3.776392926 
-6.198003213 11.048222803 -2.574120757 
-7.112604769 10.942332669 -1.459938102 
3.056935166 14.070323934 3.469217735 
1.915287746 13.794450807 5.103412411 
-8.328978544 10.169819504 7.060379822 
-8.470001891 10.327966135 -6.509566526 
-2.315383361 17.996002078 -0.328098937 
-2.470355779 17.986170606 -0.793854073 
-7.919910019 15.943947139 2.246318966 
-7.971378984 15.977523199 2.362552197 
-2.700439925 17.652412426 -0.567057610 
-2.732349101 17.630138320 -0.647465542 
-7.919369316 15.710864063 0.857533568 
-7.898731652 15.713703476 0.810539270 
-3.041634546 17.851888521 0.233795106 
-1.783102909 17.016354892 -4.021563186 
-6.664233399 16.767901805 1.457999466 
-7.319099767 16.421657324 0.947291820 
-8.567439054 11.357567733 1.744578406 
-8.699329676 10.972846348 1.731999888 
-7.320227999 11.680853144 -5.368174799 
-1.061366381 14.007031815 -5.375879989 
-6.885856555 11.888898016 3.367497797 
-7.912556325 11.406779128 2.684718203 
0.068565457 14.433926464 -4.012959940 
-6.713692524 11.952192385 -5.135062097 
-6.320267826 12.222341547 3.761872361 
-6.948938663 10.637096864 3.953510951 
-0.539788155 14.034105412 -4.467549948 
-1.310811608 13.745788444 -5.081800150 
-2.762769850 19.475469086 -3.038840865 
-2.961867154 19.361662923 -3.529239539 
-9.673169432 16.919443960 1.072726489 
-9.737506695 16.856789553 1.087785769 
-1.580226656 19.715627791 -2.743180009 
-3.377062665 19.378583912 -4.006342647 
-10.002140993 16.455381497 2.275975724 
-10.316557924 16.493350958 1.386746214 
-2.325338896 19.816093515 -2.011961412 
-2.531462930 19.871362612 -0.996111481 
-9.629711426 17.100624636 1.069882024 
-9.824604536 16.986875289 0.764619787 
1.800854933 12.481679411 4.345974604 
2.420307371 12.863367451 2.665007339 
-9.035831230 8.062040996 -0.274994229 
-8.844154476 8.268434026 -1.353099475 
0.328081295 16.914720483 5.894502594 
0.951756605 17.106630523 5.012865940 
-11.010230983 12.574055114 -3.845944778 
-9.320790243 13.186675895 -5.470733577 
-1.159975161 15.113989739 5.688353156 
2.170708563 15.800683546 2.843196412 
-1.488536439 14.734900997 -5.368899021 
-8.905537432 11.669567409 -5.021306435 
3.456300968 11.992735072 3.312777424 
-9.528558688 7.835045077 2.978846438 
-7.106328674 9.163843552 -6.739129864 
-8.285198636 9.311565499 -5.718281245 
1.675486391 15.102935762 -1.233496134 
1.140958993 15.056469068 1.255771765 
1.637361525 15.346706593 -4.549472048 
-9.205240610 11.399363705 -2.194079896 
1.622321954 11.930017811 5.931210945 
0.537522719 11.422605975 6.233876304 
-5.205154233 9.739061902 -8.478394422 
-3.951300156 9.893057860 -8.695540680 
0.201259868 19.866249601 -1.700192209 
-1.304829788 19.867505192 -2.576728291 
-11.473552605 15.704892349 0.872738090 
-10.863571425 16.037204086 2.019105169 
-2.249401720 20.308740223 1.009748850 
-2.274020054 20.359201470 0.542384974 
-10.541441384 17.022010258 -1.019587015 
-10.706481587 16.901985200 -0.817442438 
-1.470965801 20.056427474 -2.165003940 
-2.019810052 20.117030940 -1.858098515 
-10.329769983 16.942372788 0.839058887 
-10.801722350 16.587358611 -0.360064079 
2.564691735 15.753093705 4.058745449 
1.573899911 17.038288280 5.190585579 
-11.210746440 10.345570055 -2.057885270 
-9.649154780 12.949214342 -5.447883035 
3.681385146 13.526130045 3.497619320 
4.280087110 13.574652865 1.169399544 
-10.600674976 8.695535931 -2.132601056 
-10.870870035 8.177015456 1.068051900 
2.690038623 15.175853740 3.926150984 
2.665714863 15.248573396 3.843809090 
-10.182790224 10.077957652 -3.519387893 
-10.240402693 10.124682310 -3.329024177 
3.697981649 15.582151879 0.740353978 
4.717964892 12.453394463 2.278791224 
-10.679233236 7.429093923 -2.939359654 
-10.050818705 6.905511179 -3.994674904 
-2.444985140 10.119084023 7.435710169 
-6.982589512 9.534967481 7.631949417 
-9.409418379 6.670875516 -4.160621290 
-8.622808293 6.387644198 -4.989681142 
1.885181122 12.533164307 5.700140932 
3.202655776 12.757786207 4.290091174 
-8.680004991 9.029855306 -6.003861372 
-8.549497370 8.994295078 -6.195958649 
6.152674458 16.000726218 -6.044668433 
5.062677839 15.169969855 -8.401449006 
-14.582482526 7.981331670 0.708626105 
-14.663975432 7.850574638 -1.222054257 
6.484468394 16.213031051 -4.570490957 
6.656975817 15.881338555 -3.882653604 
-13.607137513 8.700446741 3.941177983 
-13.958096477 8.588657233 3.350564448 
-6.894727652 9.699833972 -7.596741353 
2.413898526 13.278622209 -2.139506598 
-12.159531803 9.866293055 3.397903092 
-6.117303561 10.138260274 5.057439678 
1.258810388 21.757232126 -4.970665661 
2.430140753 22.187666594 -1.668682056 
-14.768592158 15.688661191 -1.310844295 
-15.185120372 15.541231013 -0.853152023 
1.581839454 21.616613524 -4.628305782 
1.402390187 21.325544480 -5.815272881 
-14.391507702 15.669655613 -1.700969598 
-9.061320000 17.085759482 -2.379103136 
0.545056018 21.247042060 -6.212942960 
2.851646550 21.967951545 -2.408775429 
-15.199973204 15.087949245 0.012611216 
-14.862354074 15.152989555 -0.396734882 
-1.546009550 17.585250900 9.805294559 
-2.222180443 17.294161409 10.170428842 
-9.248039996 14.968135775 -10.390240067 
-9.107038476 14.857385924 -10.595751861 
-2.326679013 17.456292585 9.828949517 
-1.541206363 17.934099403 9.578087071 
-8.518622181 15.424830120 -10.155478754 
-8.082244346 15.590054854 -10.274310284 
-5.641943410 15.894104778 10.547978110 
-4.134259284 16.798188685 10.332655019 
-11.586729209 14.104879139 -9.231036837 
-10.396035211 14.542366543 -9.931140105 
5.284547554 20.303210916 -4.933788273 
5.886854568 19.655782686 -4.769931270 
-16.584447827 11.092578748 0.393099676 
-13.844885672 13.090041816 6.768051314 
4.754641251 19.750775968 -7.370732088 
3.452661973 18.802254677 -9.733104920 
-16.711804711 11.002340863 -1.059759537 
-16.645004084 11.209012527 0.303628921 
5.770248344 19.813662038 -5.017340652 
5.807920840 19.689623579 -5.199927538 
-15.673485639 11.403375584 3.534970433 
-16.498874573 10.625727406 -0.606800397 
0.415308868 20.115945154 0.566796323 
0.321093223 19.636070936 1.671003290 
-9.446416123 16.235233219 -4.728289572 
-11.043215932 16.612220355 -2.371665252 
5.420727465 21.416730026 2.414059177 
5.090141824 21.240974390 4.414093458 
-13.428835916 15.115797175 -7.015243397 
-13.475820014 15.167076797 -6.949495765 
4.478715537 20.614202297 6.693410301 
4.570912206 20.660833352 6.532109865 
-14.535360481 14.739001078 -5.310813134 
-14.808553760 14.423385803 -4.854551800 
5.477453856 19.444522870 5.070270710 
3.989116058 19.013701473 7.378391563 
-12.972285011 11.130379776 -9.813697886 
-12.458274755 12.779314869 -9.730567926 
5.334020145 18.904091191 6.459020870 
1.286288006 17.990626088 10.310899969 
-12.159584286 10.276410702 -10.495895473 
-14.072120035 11.142174290 -8.578631801 
2.575181912 18.580066957 9.025230639 
4.902909540 18.607684315 7.289505369 
-7.596398370 7.711617573 -4.389556610 
-7.382677288 7.608248588 -3.933663511 
0.135575592 19.464856220 -11.345116270 
0.570147614 19.468539265 -10.986602240 
-16.447499163 13.553502550 1.368823632 
-15.905118801 13.874171833 2.796595459 
-2.667272417 18.521553565 -7.438011794 
0.565886626 19.709721253 -0.344639121 
-10.709003393 15.945066610 2.591592971 
-11.605953175 13.249547983 2.877006083 
3.175753628 20.637079033 -8.190409566 
2.967776512 20.187417796 -8.873313062 
-16.265827870 13.489716835 0.969009881 
-16.478943432 13.101926019 -2.678091406 
5.958049742 19.974008883 -3.423532880 
6.337802402 19.891165153 -2.156842401 
-13.054610313 13.129061636 -7.624910098 
-14.537943335 12.871616666 -5.946745798 
6.611179766 19.847559087 0.277126627 
6.273398542 20.028596433 -0.223590952 
-13.726139483 13.146268071 -6.876493703 
-11.977055390 13.351238921 -8.528351741 
5.750870176 19.841496076 -3.842887302 
6.306708393 19.978875644 -0.492706013 
-14.282132861 12.497098615 -6.210117229 
-12.925340928 12.860175895 -7.706750819 
-7.091406611 14.324346455 12.315573078 
-7.775694462 14.273771907 12.104676097 
-10.559506743 10.090876926 -11.376744824 
-8.254238588 13.897424648 -12.730154516 
-3.228606513 16.526624369 11.579968047 
-3.608421303 16.432283868 11.638980436 
-10.551180232 12.932472209 -11.082384684 
-6.164518506 15.743172587 -12.303766917 
-6.533687977 8.082569443 4.711704821 
-2.257199163 9.729499303 6.072430897 
-7.173737564 15.138155027 -12.482806244 
-12.955336651 12.714438294 -9.165951462 
3.533792431 21.771287271 -0.522606677 
-0.329733772 17.508904412 -0.403562987 
-14.986264266 15.081969259 -2.085743157 
-9.571547317 16.991354836 -0.285566975 
3.430892261 21.878802906 -1.259625144 
3.445508217 21.776637790 -3.647802480 
-14.614100062 15.283303670 -4.202359787 
-14.846422435 14.935224722 -3.590513609 
3.483602886 21.734130959 0.617376648 
2.790726243 21.675984549 2.342113037 
-15.184328801 15.087414827 -1.204395673 
-15.129115655 14.807207583 -1.516146152 
6.817586146 16.252933490 -1.714625280 
6.942407614 16.525279413 1.388184306 
-11.004675057 9.957827009 -7.378572511 
-10.677155680 10.121774132 -7.552709363 
6.975073203 16.111543593 -1.211797923 
7.218860526 16.265617686 0.602439825 
-11.695602982 9.897284671 -7.286660703 
-12.780266474 9.144029426 -5.687723582 
0.464437637 12.333570414 6.799685995 
2.872225634 13.050836432 3.058155072 
-5.733371634 10.392567454 -5.105707585 
-5.267686155 10.278540478 -5.078497765 
-1.535548611 15.478090928 5.989591198 
0.471974679 18.922205353 7.105854409 
-13.883670133 12.817840279 -5.931280701 
-6.703564778 16.726097848 -9.020771980 
-0.418865703 18.454535976 8.786679243 
1.748731249 18.795125065 7.695677924 
-13.635290914 12.182766790 -7.503411755 
-14.180754216 12.129737612 -6.551727453 
-1.274689215 17.655461600 2.590926245 
3.114634851 19.651963286 5.297194944 
-7.913522378 15.310357825 -10.862716190 
-7.709150804 15.398506192 -10.890558766 
3.365290903 13.360394783 -4.753802453 
3.347937318 12.932116686 -4.939143841 
-10.973199650 8.539761477 0.609890959 
-10.880857253 8.166299381 -1.013174626 
2.319776149 15.725305769 -4.617163283 
2.290292592 17.424284370 -3.092851472 
-11.022136446 10.581332433 2.689368009 
-10.371828719 12.610009816 4.729661312 
1.600716293 14.620464241 -6.153182660 
1.929181857 14.970526880 -5.342198884 
-11.249080013 9.484922903 -0.050640769 
-11.213077758 9.514356080 0.621820288 
-2.182895434 20.395335263 0.370763315 
-2.079237459 20.382522320 0.717685722 
-10.230982757 17.161871093 1.793322361 
-10.212074766 17.097863495 1.929009804 
0.162089052 19.749318512 2.686321268 
-1.372828585 19.952784632 2.000747355 
-11.472137752 15.729781295 -0.128813711 
-10.563248231 16.207896050 -2.390354238 
-2.015671451 20.203651016 0.167502187 
-2.042575245 20.159295012 -0.756519939 
-10.778744754 16.606623291 0.208939357 
-10.682935089 16.711097631 -0.253578116 
3.280585887 10.887287477 4.020848147 
4.817354955 13.912659572 0.099572707 
-8.755115675 8.313702000 -6.294319267 
-8.028780498 8.406567414 -6.487409895 
-3.091689488 10.894066038 7.659841904 
-4.605073097 9.219678914 7.763129455 
-0.054457328 14.482797019 -6.887563044 
-0.144999061 10.604693817 -8.393314150 
-1.774354211 11.513309260 7.572872818 
-1.611548699 11.619788731 7.441639486 
-2.812937162 10.855717823 -8.329268452 
-1.815407306 11.140703487 -7.991375596 
0.418096843 16.993266078 -5.653403088 
0.228966997 16.749686916 -6.095911333 
-9.215393438 13.375328269 5.566033555 
-9.379190545 13.193526226 5.405512519 
2.419362717 12.734994429 -3.043016280 
2.450540962 13.036894867 -2.116737920 
-9.013094244 8.132777291 0.732713404 
-9.066118059 8.108156059 -0.137762813 
2.072840691 15.791315783 -3.054349373 
0.259336483 15.777595112 -4.350306229 
-10.242009916 10.916078312 3.550499275 
-9.700315302 10.577330206 3.756759776 
-0.608123594 19.526306477 3.371341957 
-2.362365479 19.651849374 2.966804304 
-9.762098305 16.588557600 -2.448337642 
-10.297988418 16.354651435 -1.893433072 
-3.235735432 19.258180835 3.722067921 
-3.027663302 19.391350353 3.289498529 
-9.950873134 16.705749585 -0.968065274 
-9.671822123 16.897135326 -0.987564608 
-2.178072795 19.830771217 1.660015506 
-2.418906591 19.828321463 1.773265078 
-9.595000436 17.128162801 -0.869130733 
-9.954423667 16.936569977 -0.237715606 
-4.113233064 8.969576174 7.417562280 
-5.853188927 12.793313815 4.526996282 
-2.956678161 13.215358968 -7.027123090 
0.761049577 14.996755472 -2.578390205 
-4.341489704 10.500368861 7.373256052 
-2.818377840 11.154827134 7.269138218 
-8.943288391 7.909844222 -5.335597397 
-4.061368121 10.315259279 -7.962701388 
1.644227654 12.000110709 6.398229260 
2.706876367 12.515097949 5.091283944 
-7.246901758 8.499310425 -6.635240965 
-5.684258329 9.439899594 -7.880613367 
2.476619468 24.050882711 -0.716869179 
2.212794286 24.160981135 -0.712032827 
-15.382227831 15.548354536 -4.375676152 
-16.085125827 16.387588882 -1.733928817 
0.313944894 23.588150980 4.263989051 
1.176583574 23.481268915 2.662861772 
-15.582294395 16.826709194 -1.361264607 
-15.509913661 17.238858684 -0.561189857 
2.454350179 23.857913404 -2.281780075 
3.092997923 23.467646214 -1.390861048 
-15.298286263 16.153246992 -3.734538267 
-15.589490151 16.599449090 -2.456359918 
7.858090841 15.181040208 2.316922305 
8.001546424 15.563200821 3.094167563 
-15.108586981 8.204214197 -4.158188207 
-14.820963404 8.140466781 -4.186133827 
5.012631638 13.058874072 6.200763380 
5.119454511 12.180376814 -2.200125143 
-4.628633403 9.625654187 -6.403240038 
-5.939831323 8.690961581 -5.756736081 
7.915240569 15.876558778 -0.150587721 
8.031213082 15.987490876 1.116606866 
-14.165470322 7.975635365 -4.756720493 
-14.261245923 8.131161291 -4.896973739 
6.207572944 18.154248059 5.186820738 
3.890697858 17.346102966 8.435856921 
-9.731096553 12.328218641 -11.510831563 
-9.290738570 12.848807219 -11.734774593 
6.291000266 18.798189244 3.068294183 
4.849580768 18.009679039 6.345587773 
-8.030633108 13.035450582 -12.212066227 
-9.135611783 12.403159158 -11.799965392 
3.398938701 18.331506827 7.568976647 
2.901424924 17.888735345 8.351285730 
-8.909608537 13.567093961 -11.582503974 
-9.107690003 13.532365712 -11.629312564 
0.374539263 18.314729807 -3.819295525 
-0.256934773 17.565782141 -6.003669382 
-8.679482739 14.795219172 5.568831401 
-10.285952229 13.954245478 4.632645428 
-2.124249354 19.286114241 -3.191332427 
-1.679846554 19.354587384 -2.847121598 
-10.157623475 15.928296734 2.915440550 
-9.929931152 16.398595542 1.999226632 
-5.164277569 17.474019913 0.619945286 
0.564780951 12.996875193 -6.275697451 
-6.852085823 16.908395613 -1.188152707 
-10.647737926 10.618939554 3.200425416 
-1.429213654 13.224857659 5.186499545 
1.194132520 18.818885574 0.929673329 
-1.832943162 13.203008144 -3.595032136 
-8.591282364 10.809340288 -1.513835011 
0.017824057 12.771715283 4.314725636 
0.362298909 12.912490897 3.786985446 
-8.186604013 9.430651084 -1.368118021 
-8.055540761 9.466429259 -1.804040721 
2.160686095 12.673271196 2.048248982 
1.612229432 13.570340638 4.385435736 
-8.512417181 9.091623686 -2.936634277 
-8.417167799 9.232317253 -3.043790584 
-1.347955915 10.679486767 7.470398442 
-1.112983062 10.532879946 7.335021010 
0.927307643 10.316166643 -7.413543088 
0.579714805 10.086079067 -7.564914892 
-7.047852782 8.733602648 7.215305966 
1.755366725 11.944190418 5.659694179 
-4.824246883 9.304453312 -8.822203368 
-2.649226148 10.140509517 -8.474577833 
-0.501416639 13.506346751 5.646049262 
2.793042488 11.071066148 -3.736871128 
-8.838954062 10.520712909 4.887689575 
-9.189884599 10.299377065 4.602729668 
0.495137346 12.944882903 -3.650762832 
0.335921807 12.920898658 -3.831870894 
-8.105195720 9.471508486 1.717530873 
-8.305977314 9.395289092 0.772194122 
-1.860935713 13.053413450 -5.778596463 
1.319252351 18.716320770 0.227214412 
-8.674081168 10.817200095 0.824658727 
-7.508099748 10.918421287 -1.043070993 
1.202563932 12.733807602 -4.636284363 
2.102259438 12.688105270 -2.290142367 
-8.923571158 8.954808498 2.077659996 
-8.459702709 9.034724185 2.967086974 
-1.877438537 19.348753285 2.888554206 
-2.029999180 19.321882776 3.080719064 
-7.836747505 16.808647966 -0.450648247 
-8.100907843 16.663434386 -0.304642920 
-0.105652656 18.211455239 4.480955778 
0.330506272 18.209398232 4.048544243 
-7.731184534 15.120843415 -5.800058312 
-7.662417614 15.082234234 -5.979263341 
1.652551933 16.284056153 3.603813078 
-5.089958017 17.487495594 -0.645890460 
-7.637678897 8.419032361 0.851323837 
-6.798631808 16.904518390 1.118808760 
-7.345099017 11.690778928 2.304704010 
-7.314184787 11.067333895 2.691145509 
-3.014533486 10.513473239 -5.884567048 
-10.476799852 7.815279254 -2.757349753 
3.630787593 12.236521683 4.307628962 
3.342032774 11.463707110 4.681238616 
-9.553181486 7.142586525 -4.259546883 
-9.640112340 7.156181400 -4.481470028 
-6.174432191 8.109090707 4.582601257 
-3.070322867 9.623535325 5.641926941 
-9.215006368 7.642267779 -4.991414511 
0.594432077 11.368475276 -7.573600436 
5.392270641 16.201713546 -8.025497437 
5.264696505 13.189264925 -1.352685148 
-8.113109542 8.758452912 3.920681050 
-10.103991698 8.115346591 4.695097653 
7.190683856 15.446856871 -5.970817413 
7.031293877 15.534537434 -6.650426834 
-15.669864953 7.496237538 -0.183549439 
-15.626499911 7.504223008 -0.537437014 
7.325915646 16.050386387 -5.810497459 
7.378843634 15.628376918 -5.415452135 
-15.439554226 7.288362768 0.742987391 
-15.222895707 7.451955842 1.235116910 
1.662569114 23.578794526 -2.510525964 
1.518024870 23.330838690 -2.748272427 
-14.993464193 17.536873144 -2.546718098 
-15.189155266 17.813995215 -1.148462410 
1.799201678 23.562069394 -2.754417913 
2.004411241 23.780207854 -1.318002498 
-15.348715082 17.363066099 -2.593195949 
-16.107775547 16.976405988 -0.781761166 
1.837622177 23.139618624 -3.596624437 
0.177947955 22.977515971 -5.522086612 
-15.767824917 17.517540038 -0.758389394 
-15.565541326 17.048534198 -0.222725717 
-6.124856826 13.650626700 12.042660419 
-5.100748654 14.035536551 12.039191731 
-12.659993375 11.153599213 -9.967678660 
-11.936400905 11.427148829 -10.466605292 
-7.565818896 13.044948658 11.697152977 
-7.254049235 13.187474385 12.000714101 
-12.650286391 11.190453522 -10.001150467 
-11.125408326 11.964219480 -11.031147877 
-2.316672604 15.674135042 11.741806933 
-4.636568555 15.019242598 11.866123793 
-9.763906222 13.471532358 -11.658786113 
-11.573906097 12.662045758 -10.508180667 
