1.542238269 23.337124894 -1.868479539 
1.660020191 23.354130750 -1.215052810 
-15.065642018 16.586090052 -2.402423464 
-15.045975967 16.639869987 -2.461483099 
1.517198808 23.108922598 -3.633430685 
1.636202475 23.286806269 -2.051483593 
-14.940737057 16.617205039 -3.009390318 
-14.915677817 16.669748164 -2.881527820 
1.450244104 23.394986851 -1.212893606 
1.210624396 23.425086843 -0.945759305 
-15.084908145 16.985690249 -0.720717073 
-15.078873121 16.857435375 -1.487053857 
6.379163827 17.838124959 4.072997861 
6.680418510 17.848865191 2.098809633 
-14.324035140 9.849742311 -4.667055985 
-14.215759955 10.136487645 -5.140979908 
6.396939654 18.247065412 1.824032981 
6.371480519 18.627685910 0.643793245 
-14.194324328 9.790306784 -4.882988184 
-14.246532423 10.052525301 -4.863896452 
6.180720809 17.754187982 4.057764686 
6.099912180 17.719400619 4.956744230 
-14.701943777 10.037961612 -4.071399251 
-14.611458108 10.063205514 -4.214946743 
5.444264026 15.647699940 6.742995975 
5.379575932 15.887643829 6.684468351 
-10.701908428 10.157088662 -9.857266775 
-11.341806173 9.709037037 -9.348267418 
3.748422657 15.379461732 8.266571667 
5.964147483 15.923771629 5.779463855 
-13.252774006 9.170987842 -6.893837723 
-12.068524470 9.641112688 -8.487466794 
7.297699163 16.349543698 3.293572639 
7.590738776 16.025569025 2.699150965 
-5.382153145 12.414573190 -12.063659264 
-2.204896044 12.428565167 -10.124751019 
3.598643204 21.505540901 -2.305499473 
3.477979275 21.622319367 -1.543002338 
-14.778069016 14.394588925 -3.907158387 
-15.041373404 14.437506166 -3.036721498 
3.391453377 21.669223201 1.318883855 
3.491685040 21.847809584 -0.919632661 
-15.279114565 14.365330194 -2.299442526 
-15.272018098 14.270851307 -2.689364810 
3.246886921 21.682698716 1.187402782 
3.344017871 21.731639916 0.486033004 
-15.242499673 14.519836579 -2.124968465 
-15.307466603 14.490257967 -1.803061570 
5.855580299 18.298284467 -2.059428588 
6.065808047 18.396260964 0.903888546 
-13.702305241 10.775809972 -4.963719457 
-13.346385793 10.968541191 -5.496279439 
5.873776290 18.264986796 -2.313796199 
5.953314427 18.485480814 -1.308168569 
-14.799629575 10.067537598 -2.611005498 
-14.293559512 10.635320898 -4.037870705 
5.954682294 18.540713110 0.338871267 
6.353116196 18.177131389 0.821991512 
-13.866756493 10.970312085 -4.817943879 
-13.997775393 10.849830739 -4.403861645 
-0.630935245 16.817261961 9.688900176 
-0.565613005 16.905516970 9.582670384 
-14.004068930 11.552902937 -5.864934663 
-13.393244355 11.820528036 -6.781748018 
-1.766997443 16.453977889 10.221290971 
0.031754974 17.050184339 9.318897124 
-13.424141727 11.493260759 -7.019003838 
-12.662193673 11.995557107 -7.775917645 
2.891713959 17.940751485 7.363692732 
4.372267558 18.496254028 5.294372794 
-11.448278607 12.501278323 -9.087121980 
-11.488563419 12.269229831 -8.987198848 
3.672334416 14.566262864 -6.166493280 
3.896500644 14.639162247 -5.770610367 
-11.916440574 8.517588151 2.748658621 
-10.876893872 9.124228124 4.595518273 
3.693295939 14.502032059 -6.183795882 
3.850493501 14.693187761 -5.600205941 
-11.979412611 8.466276315 2.654815687 
-12.377400314 8.183382323 1.379739266 
4.129971710 14.840932063 -5.470460020 
3.309991707 14.267879587 -6.941924496 
-11.726264540 8.706004067 3.281368691 
-10.920683737 8.901603230 4.674281228 
-1.141094749 21.605096660 1.775446346 
-1.051580015 21.650052178 0.909255939 
-12.034218888 17.499252011 0.011938437 
-11.747469240 17.700128541 -0.427581370 
-0.985846360 21.631147286 1.398426401 
-1.003935752 21.553495012 2.386740657 
-12.120426055 17.471280779 0.155602966 
-12.035292931 17.479758718 0.464466300 
-0.806184262 21.702355622 -0.311117987 
-0.828633454 21.679366043 0.276987753 
-11.847436865 17.604659863 -0.654887411 
-11.858229717 17.612692430 -0.077990599 
-2.976541275 12.992254263 8.908317137 
-2.201911974 13.317034386 8.789229704 
-7.804153233 11.259819435 -9.158232131 
-7.588346380 11.467214614 -9.189250506 
-1.829934561 13.507128877 8.683846955 
0.353986002 14.287063505 7.854939196 
-6.861726364 11.723602842 -9.339238347 
-6.003729312 12.040793165 -9.553351700 
-5.025401291 12.085793781 9.043078925 
-2.122540078 13.444512429 8.770515824 
-8.355601817 11.170058015 -8.788749906 
-6.301421730 11.982479874 -9.463824791 
2.546407399 13.516416988 -4.737597309 
2.608836055 14.112475686 -5.536386894 
-10.428013161 8.174033094 0.740527658 
-10.618852807 7.954726442 0.041952691 
1.367206152 13.947648465 -4.793780749 
-0.424444705 13.148769165 -6.850432652 
-9.906017860 9.609032845 2.123065538 
-9.928365370 9.571999163 2.132808907 
-5.414847348 14.859837521 -9.267932092 
-10.118707097 12.480796699 -7.841452809 
-12.781323243 12.274524677 -4.415857388 
-9.104341198 12.824612774 -8.478435270 
0.777433499 20.845691862 2.197145298 
1.051586986 20.810656563 1.804375956 
-11.392787253 16.048124648 4.832289065 
-11.754727117 15.903015978 4.405641446 
-1.653582186 19.478033903 3.455583060 
-1.387645837 19.672486911 2.491281283 
-10.489239934 16.289430294 1.386105546 
-10.404218282 16.424114901 0.147816333 
-4.671233923 19.471057437 1.261156092 
-3.811479344 19.732873546 0.637457926 
-8.690488895 17.831732070 0.532570469 
-9.001750647 17.632344829 0.182787964 
-9.098222519 9.676350329 3.196126503 
-7.136110001 10.522496468 5.128158710 
-3.329710498 11.756965567 -7.828938451 
-0.869821938 12.551632202 -7.122255278 
-1.632104078 12.873734740 9.392824823 
2.221260576 13.392963166 7.190228654 
-6.960762023 10.285935340 -9.042141752 
-4.756212235 10.879258936 -9.618902034 
2.466018969 17.423918963 5.461511608 
-7.626652289 9.639479437 5.866743997 
-9.776085224 8.337284590 -7.501164990 
-12.242450749 11.827582635 2.435393685 
-0.170116538 18.926498029 2.906099532 
-0.820865219 18.685246286 3.907130255 
-11.269189082 15.145271834 -0.252398729 
-11.133437980 15.226506229 0.102493153 
-0.707040256 20.835457768 -1.109896383 
-0.225334626 20.541081240 0.607762037 
-11.562132214 16.244534441 1.631923012 
-10.655087757 16.826389765 -3.714142016 
0.372036141 19.052559697 1.724298066 
0.772047536 19.107454382 0.562993520 
-11.145818553 14.714722169 -2.370385095 
-11.191060582 14.725456337 -2.283400781 
1.815844712 11.589092469 7.527016759 
1.797477433 16.859150611 0.158015835 
0.817173831 12.000891773 -5.467461994 
-0.388622941 11.465459609 -6.686763286 
5.161469616 14.698739231 1.453364568 
4.845394050 14.733812240 -0.592650470 
-11.635465633 8.970067226 -3.060454368 
-11.171011673 8.754248072 -2.348074681 
4.236500712 13.820560358 1.018754757 
4.294133144 13.696589549 1.345464793 
-10.324595368 8.458191452 -2.043509964 
-9.050061557 9.156035360 -4.267753135 
2.008486525 16.563131377 3.808570747 
2.393326761 16.618959226 3.236953432 
-6.999652227 13.431673870 -7.974026649 
-6.907786365 13.399747589 -7.988538874 
2.378330501 16.240007450 4.188639178 
1.335467761 16.001902063 5.504410928 
-10.275284507 11.384168413 -5.885788728 
-10.607767830 11.440875837 -5.656057516 
-0.307877129 16.190786709 6.024108892 
0.230489848 16.317275144 5.705332918 
-9.694256820 12.497235349 -6.053170577 
-9.808921402 12.391023002 -5.998941699 
-0.659756186 19.614258417 -0.357625574 
-0.949124711 19.540010272 -2.117406048 
-10.133358422 16.148926572 -2.445554794 
-11.145322342 15.581668279 0.151737663 
-1.736089409 19.858254725 1.227395587 
-1.899517749 19.614682422 2.198150221 
-10.246317426 16.639240455 -0.842748956 
-10.422745339 16.404536087 -0.897508099 
-1.150916083 19.552547764 0.084763908 
-1.281619360 19.568313029 0.344463680 
-10.362394100 16.091509788 -0.874891359 
-10.238601319 16.165385848 -1.415219986 
4.173180158 13.537953677 2.756151480 
3.230836817 13.888132405 2.801291104 
-9.727217482 7.811959746 -3.356359332 
-9.548252279 8.691756636 -3.387704011 
3.793839685 13.718110686 2.187525486 
1.473606519 14.802615979 4.047401762 
-9.857174009 9.501514622 -2.543876730 
2.359177629 14.937946702 2.226103020 
1.849653220 13.402028538 5.317465003 
1.709191341 13.451805741 5.259210808 
-9.015460288 9.315843777 -4.024697701 
-8.900230099 9.356632973 -4.177795100 
2.633084946 15.656485593 -4.413150924 
2.579787557 16.125351723 -3.987479667 
-10.452862697 11.788328902 -4.078509095 
-10.795247205 11.494653686 -3.995927123 
2.844035879 15.855811507 -1.850959842 
2.818380837 15.828564360 -2.065811448 
-10.986442578 10.168165493 -1.482837093 
-10.749385365 10.213972849 -2.394597068 
1.976410405 14.946097244 3.832794482 
2.582470078 14.752149046 4.503855850 
-11.626704346 9.228800344 -1.424158143 
-11.500821008 9.706113294 -0.845877209 
2.349722375 14.090300002 2.592107265 
1.799620175 13.962159979 4.021333793 
-7.351478606 10.877055477 4.527033431 
-8.549968152 10.699734844 3.199201102 
3.498368369 13.654165941 -2.386282649 
3.563971882 13.680906745 -2.280211893 
-9.949051904 8.669699900 1.234742864 
-10.060206232 8.529008755 0.895652404 
5.212271186 16.054025096 -4.739834338 
-0.278382736 15.476372884 7.781999882 
0.175195829 13.308602064 7.236104327 
-10.608286007 10.363942229 -5.534154520 
-2.040649421 18.320269559 -3.441081556 
-2.409601995 18.198626602 -3.858543387 
-10.091687036 15.031004634 0.536927525 
-10.452041369 13.743366591 1.439016338 
-4.248630737 16.834752991 -5.206318637 
-4.872073603 16.699159500 -5.406583761 
-13.292500160 13.934453019 -0.297218344 
-10.143757435 16.012337630 5.395317199 
-1.666628031 19.174165510 0.303162852 
-1.697028018 18.992500808 0.478137860 
-8.134262374 16.825537490 -2.710416563 
-9.183786988 16.351193439 -2.263764617 
-6.258130784 12.752892020 6.179709569 
-5.874093721 13.011320356 6.140976042 
-4.540112971 13.627973352 -7.597918794 
-7.613557328 12.611324089 -6.730877837 
-2.180851232 13.024228675 8.271078223 
-1.808844451 13.192556258 8.155746339 
-1.537232185 13.302759673 -9.496241179 
-0.609498257 13.777991924 -8.953540435 
-8.917776850 10.798466110 4.112722958 
-4.795488166 12.655159036 5.565436062 
-9.173985756 12.601278129 -5.623675994 
-3.312490360 13.148317016 -7.618793486 
3.509345216 13.658176702 -1.061052010 
3.598831605 13.337764223 -0.386307153 
-9.344935336 9.252798740 2.302912436 
-9.802180947 8.963881242 1.221706733 
-3.451530736 13.615939057 -6.922480004 
-2.483446955 13.803565173 -6.801149791 
-0.814688994 11.797355096 5.048705127 
-7.224265570 11.477792896 4.038583525 
3.382737348 13.183702725 -2.058408557 
3.419865753 13.258355389 -1.456448221 
-9.202793422 8.860526821 1.744506055 
-9.686223361 8.476508242 -0.010922460 
-3.900028620 19.383726020 -2.858462698 
-1.784087212 19.301289062 -1.603980497 
-9.580191232 17.204459991 1.429162158 
-9.172539544 16.148859064 4.009848313 
-0.806097386 18.480125785 -2.126261966 
-0.274850831 18.547103095 -0.940820816 
-10.089275298 15.557224792 -0.014338141 
-10.169011139 15.401837277 0.285891627 
-0.685507221 18.294822652 -2.092185219 
-1.625113410 17.996938485 -3.491825368 
-10.065724348 15.105991151 0.930061528 
-10.189020535 14.875085985 0.737903805 
-2.317790491 13.868743967 6.572784564 
-0.765057336 14.457917747 5.888636175 
-4.509678447 13.123795806 -7.773529631 
-4.514822760 13.166713355 -7.719197578 
-2.120156993 14.132588622 6.548006750 
-1.896023532 14.153713242 6.457439761 
-6.239871381 12.712427182 -7.341273064 
-6.696573640 12.566963705 -7.217829849 
-0.048058885 15.410031632 4.464779876 
-6.715782670 12.772811736 5.935270718 
-6.205306434 13.256402163 -7.075299841 
-7.202784789 12.834271185 -6.815642055 
-1.596749232 19.781315618 0.928159242 
-1.363366375 19.830522397 0.212614496 
-10.164644403 16.532239129 -2.010715750 
-10.225609384 16.575921590 -1.331490089 
-1.548880502 19.765656823 0.999121939 
-1.138456713 19.803961093 -0.529880826 
-10.121720574 16.578500871 -0.219458073 
-10.197016588 16.397940849 -2.413372695 
-1.824136005 20.016696854 2.847244555 
-2.632533576 20.006926159 0.232410378 
-5.441866637 17.464609715 -7.172641353 
-9.598774481 17.394274782 -0.310986536 
1.477237029 14.293171989 4.685339426 
1.192650505 13.968320654 5.552543068 
-7.095603397 10.972951166 4.953797468 
-9.689279125 10.638880384 -2.775103885 
1.849645808 12.653080898 5.782060166 
1.915547719 12.679048699 5.700691041 
-9.274520328 8.343794616 -3.222712732 
-9.292542232 8.293779348 -3.217907218 
2.273674247 15.942320048 -6.271315443 
5.519570093 14.280348180 -1.133296599 
-12.205012744 11.205646534 5.039674006 
-5.448811093 13.261152847 -9.711389957 
2.869384514 15.853898275 -2.481745559 
2.670870255 15.686152631 -3.537117578 
-6.852674830 10.857445010 -8.729486581 
-6.164646320 12.461820564 -8.318285615 
2.331735476 14.353066732 5.234000925 
2.908544872 14.099823036 4.759674751 
-11.064049180 10.881818885 -2.495376489 
-11.219115180 10.365292887 -2.257245183 
1.148182936 16.744929101 2.493534015 
2.088311076 16.637340584 0.352623635 
-11.420026088 9.794118496 -0.516326778 
-11.046152936 11.976956981 -0.950085493 
-0.745350749 19.623398857 -0.387457589 
-1.294688370 21.113982341 -0.120347030 
-11.874446797 17.118885789 -2.339267695 
-11.247986010 17.416183285 -2.082391865 
-1.556842130 21.123563453 0.800447899 
-1.413731757 21.236620923 -0.069511926 
-11.613991896 17.307181246 -1.666232579 
-11.569427033 17.332909511 -1.860184158 
-1.179642841 21.268538491 -0.315508046 
-1.288487886 21.233552238 0.265657494 
-10.697401630 17.582472857 -3.578510286 
-11.360424037 17.336590946 -2.592057061 
3.739558649 13.606717313 4.938526812 
4.439339120 13.860403960 3.303788148 
-11.155446858 7.766012638 -2.274251845 
-11.250366040 7.678337375 -1.737764224 
4.992443268 13.789834120 1.728205022 
5.050440158 13.833206467 0.150513522 
-11.002695841 7.707766938 -2.128251468 
-4.572859773 11.051928883 6.254201038 
4.662584785 13.906254439 2.930079552 
4.857523254 14.140485809 0.875499111 
-11.200159697 7.735138863 -1.677664948 
-10.328661896 8.613036202 0.651742141 
2.182760679 16.685420095 2.486370780 
0.068002090 16.215360681 5.528841934 
-7.623344044 13.543524801 -6.723494574 
-9.235802800 10.514924475 -6.686698289 
0.385224456 14.933273135 7.182793317 
2.002830438 15.655500929 5.713835560 
-7.133785414 12.333202961 -8.672476028 
-6.423223735 12.429390403 -8.752930582 
-4.235319335 13.411971457 7.575376346 
0.269617774 14.973904244 7.371787817 
-7.931146564 11.899190051 -8.294342296 
-7.178527407 11.948738935 -8.325714129 
-2.000803440 12.803276611 -7.435526440 
-2.087409803 12.497983101 -7.576339993 
-7.413004829 10.910477064 4.415392271 
-8.660894734 10.700569037 2.992696361 
3.412364697 12.813817525 -3.604255059 
3.579062700 12.937844354 -3.049458369 
-9.449066418 8.393014203 2.107332524 
-9.498837418 8.306453587 1.996444831 
1.551418856 14.087875805 -4.710390045 
3.380139944 12.818653079 -3.662440230 
-8.982565112 8.489609485 3.694421027 
-9.517950790 8.161753216 2.554808796 
-0.831589416 18.760441929 -1.390021288 
-1.044972558 18.856167692 -1.485566975 
-10.032569300 15.295626245 0.710177979 
-10.091074875 15.275203921 1.443406133 
-4.611531076 16.703308820 -5.303787477 
-2.416652964 17.467342703 -4.330357419 
-8.677107780 15.192423692 4.680863630 
-7.958802002 15.213296491 5.151012622 
-1.615053780 19.378604492 -1.612846484 
-2.314013255 19.684187416 -1.334606749 
-8.601359447 16.640980523 -3.516103790 
-8.934640738 17.440654855 2.562456406 
-7.113827996 12.401958125 5.968263215 
-7.434848064 12.301209153 5.810972368 
-2.875474413 13.743772028 -8.132093358 
-2.605124363 14.078268902 -7.927644723 
-6.428879507 12.657438461 6.122583945 
-7.882255085 12.051275551 5.684215774 
-2.893232409 14.283805035 -7.402036682 
-2.191962481 14.290907441 -7.679183547 
-6.593364109 13.240766985 5.861136269 
-6.890801047 12.993276701 5.795068591 
-1.906731847 14.860726852 -7.648900997 
-0.419956685 15.389317121 -6.423254122 
0.147829513 11.515747396 -8.893509562 
1.301189598 12.079461687 -8.172445703 
-9.424265635 7.945256678 3.833484105 
-10.001285671 7.853222006 3.212253731 
-3.330437462 13.709879662 -6.869403428 
-2.195085958 13.925674851 -6.733050485 
-6.210275429 11.602902344 4.749905452 
-8.357586372 11.638380480 2.705349571 
2.118846777 12.014640426 -7.631565335 
1.762510084 11.972884031 -7.851544975 
-10.198733051 7.657335309 2.462628408 
-10.482916138 7.378557258 1.564762259 
-0.730258582 20.640198498 -1.462993431 
-0.720925101 20.674546671 -1.349295158 
-11.230156839 17.029945482 -0.293765598 
-11.348257244 16.982981206 0.216501719 
-0.959952208 20.828607438 -1.144744817 
-0.809520323 20.821196338 -1.272615550 
-10.674852991 17.303328879 -1.864164000 
-11.360356363 16.899602969 1.310904881 
-0.573395161 20.799186061 -0.566253752 
-0.589130526 20.801042643 -0.589516508 
-11.333073296 16.878648283 1.565806385 
-11.411933610 16.929165030 1.117685530 
-9.177718957 11.901795461 6.695324890 
-8.786233261 12.131196261 6.855842228 
-8.565184167 12.731045308 -8.176266563 
-7.521255286 13.173014937 -8.505019272 
-10.457890987 11.376499837 5.771437343 
-9.753903598 11.692900367 6.328338681 
-8.781439352 12.472230814 -8.169162192 
-8.247323187 12.588687265 -8.695242600 
-8.334420379 12.556604479 6.954327100 
-7.094356443 13.162947042 6.486765605 
-7.962015803 12.993298052 -8.339015239 
-0.487165636 13.378550793 -9.076299640 
-0.537417034 18.567188124 1.729754068 
-0.738577964 18.505343479 1.708671952 
-10.137661060 15.424114848 -1.445407605 
-10.063661638 15.531131319 -1.087408326 
-3.895890377 19.398863443 2.867714951 
-4.282679913 18.583963896 4.107673809 
-7.387164933 16.519489445 3.839422449 
-6.640831284 17.926853345 -4.504181371 
-0.635113369 18.484611934 1.258568687 
0.307569333 18.391514109 -0.676530108 
-10.188514741 14.767266552 -1.561291791 
-10.185630324 14.845985241 -1.567101272 
-3.462433785 13.597232594 6.923499130 
-2.456144736 13.826024945 6.777911050 
-0.769247408 11.878794593 -4.892069408 
-6.910127628 11.539328077 -4.291638424 
3.446282025 13.661164201 1.080573332 
3.517840881 13.274652898 1.646303573 
-9.505531067 9.101301966 -1.950318066 
-9.337100020 9.193566594 -2.317799275 
3.283485450 13.388710819 -0.430363054 
3.345072796 13.357199250 0.055541164 
-9.616180242 8.543555693 -0.365266547 
-9.254981241 8.934308106 -1.627280432 
1.828956855 15.626865571 3.253493908 
1.881492184 15.540824047 3.300834459 
-7.189813824 12.281368152 -6.759898771 
-7.899462382 12.010129213 -6.402018603 
1.330347126 15.295211518 4.380211871 
1.092913271 15.219490396 4.709291180 
-10.390641896 10.716276287 -3.152595315 
-10.872224795 10.417983939 -1.923667899 
2.248646858 16.255898450 0.776856011 
0.782899763 15.878992699 3.815977398 
-9.378368887 11.653307207 -4.533663434 
-9.846581662 11.473720561 -3.954152652 
-1.149564600 20.103652781 -2.056843262 
-1.127535966 19.991937540 -1.883311456 
-9.530917687 17.241693129 1.866606080 
-10.669020261 16.409514436 0.881133060 
-1.404488300 19.842243999 1.458404164 
-1.599415423 19.794465857 1.926107897 
-10.679993768 16.303060913 -1.092412292 
-11.157304495 15.965553835 -2.334458598 
-0.951667346 19.754781251 -1.928939538 
-0.915082869 19.832452629 -1.577637966 
-10.601134677 16.231974439 -1.380438107 
-10.382424738 16.339287514 -2.033983070 
3.384237989 14.353347505 3.166006891 
3.580027755 14.730342188 1.298252752 
-10.774627951 8.846365291 0.053034854 
-10.208061417 9.334464313 -2.319426582 
4.351158220 13.761000801 2.146160983 
0.876949286 14.722551917 3.495137321 
-9.959788847 9.187497128 3.903183687 
-9.771660724 8.897004501 3.949314339 
2.021442742 13.848779384 2.757544816 
2.109268269 13.919892479 2.451151744 
-9.237587941 9.351031564 -2.031430408 
-9.048859018 9.491057815 -2.378948376 
3.936359766 17.078378294 -2.897632423 
4.775077547 14.955974682 -0.507409400 
-7.998376214 10.732502585 -5.592788093 
-11.279560443 15.386760079 -2.453522692 
-0.646401876 14.615777534 6.660090428 
1.124113657 14.741988032 5.538784166 
-5.646828558 13.666686716 -7.991694332 
-6.585555546 12.672231113 -7.974511081 
5.030710961 14.860106480 4.755022446 
0.841741858 14.674875278 5.634040365 
-8.979910426 10.611290873 -9.000775042 
-6.305819814 11.076322293 -9.993922004 
4.583095579 14.311432213 -0.466698766 
4.256042814 14.274647196 1.677757364 
-10.902273294 8.494755526 1.199054550 
-9.688896270 9.481078785 2.962829814 
4.832858459 14.160336310 3.999375856 
4.420403177 14.292024539 4.868200663 
-10.812875106 8.592708669 2.158649867 
-12.127392842 9.013547386 2.674387334 
-8.907512147 11.241941072 -8.680763974 
-7.772417273 11.448459072 -9.234678677 
-7.712671767 11.704700893 8.399256836 
-9.922683261 10.789125289 6.960353243 
-2.411853214 15.111936785 -7.773584046 
-0.553105777 16.412163676 -6.528850078 
-11.660914369 12.529243175 2.979484526 
-11.865571640 12.548846828 1.753598182 
-2.915556232 17.113762293 -6.727064563 
-2.573739331 17.276732843 -6.543534344 
-12.613896477 14.935476680 0.540027864 
-12.307765871 15.208240162 0.227228878 
0.522347476 18.912537730 -3.118680711 
1.075124463 18.793033511 -2.542428599 
-12.119338674 13.481306218 -0.067832009 
-12.294335269 13.143111615 0.244229149 
-4.898582284 14.855745534 7.853497410 
-5.824341024 14.835674749 7.314096828 
-5.798179267 14.750550165 -8.262797175 
-6.826130169 14.344931559 -8.162969172 
-4.697959754 14.588829395 7.800058959 
-5.011827230 14.579068471 7.782913243 
-1.789357525 15.618738530 -8.878608871 
-0.457300179 16.260167798 -7.821038093 
-1.791163992 14.349994847 7.696328070 
-7.581884034 10.025136171 8.037050361 
1.892552046 15.510889184 -6.299067475 
1.685091071 16.088697525 -7.843865854 
5.121567377 14.603020314 -2.316259665 
4.914065916 14.674681313 -1.212716907 
-11.032046888 9.163044164 3.448393106 
-11.088626198 8.827523388 2.427354649 
1.311107042 11.284830583 -7.660596429 
2.528821510 11.695308749 -6.758113000 
-10.313384320 8.089093163 1.691353218 
-10.679386009 7.734744842 1.466861446 
4.141864200 13.594868292 -2.793330905 
4.136393844 13.616155174 -2.659523302 
-9.953235210 8.666003558 2.863918528 
-10.427871679 8.326403978 1.887295293 
-0.660721592 20.627956647 2.774659942 
-0.769213692 20.477169963 -1.723626109 
-10.057481796 17.602249884 -2.878846802 
-10.998592355 16.769542809 2.858858255 
-0.270300640 18.823853320 -3.296345298 
-0.968535308 18.705956255 -3.957182840 
-11.027099862 15.290015869 -0.934846840 
-11.121797370 15.279014824 -0.169746980 
-0.445813029 18.911757607 -2.924639256 
-0.316375991 18.847887394 -3.071300583 
-11.241301145 14.796796791 0.615454456 
-11.128899199 14.894814886 -0.439788350 
-2.219010803 14.735550197 8.006278473 
-1.685366942 15.003913846 7.752862466 
-1.926454055 14.888205943 -8.239410515 
-2.729053447 14.644732191 -8.185769593 
-1.954936363 15.442848158 7.412460406 
-4.613530546 14.187464621 8.186510526 
-6.249901274 13.695388319 -8.127034567 
-7.715444957 13.191820499 -7.746798236 
-1.778836416 15.639518470 7.037397496 
-7.309164567 13.216994415 6.975965398 
-5.238193186 14.287756150 -8.021109384 
-5.895005159 14.059916396 -8.054235618 
-1.333045588 19.635703724 -2.850787830 
-1.239888272 19.824328647 -1.018325605 
-10.456910717 16.359786951 -0.800860583 
-10.583597199 16.271302926 -0.531039954 
1.045153813 20.866851223 -1.268799827 
0.818392989 20.674446919 -3.227428191 
-12.551494908 15.726437200 -2.720794094 
-11.990906655 15.856261755 -4.027229094 
-3.738465365 19.744977881 -0.363026759 
-5.317902964 19.300061316 -1.586381296 
-8.594304108 17.947424024 -0.826566959 
-9.210369247 17.454973023 -0.027420317 
-0.498351210 12.996919564 7.035807439 
-1.118079386 12.931817711 7.231641316 
-10.063449046 9.523055183 -1.549555477 
-10.065510375 9.498750357 -1.617932001 
3.098452649 13.730908073 3.992351138 
2.792193249 14.439157203 6.291216640 
-10.467591050 8.145911308 0.364969839 
-10.493085706 8.127851628 -0.872531010 
-9.220390436 12.790568107 8.418013389 
4.224701408 17.516306784 -2.526858487 
-4.707972722 14.243696838 -9.935101979 
-8.620152212 13.602561410 8.644586697 
1.382706310 12.969219061 7.802668436 
-0.127839765 12.518780040 8.881401045 
-8.118608132 10.142796187 -8.987685018 
-5.200908062 10.938139764 -9.631522430 
2.739267153 14.303739465 -0.016037421 
2.155994988 14.282818052 2.302970475 
-9.155746220 9.586206430 -3.167317027 
-8.937147636 9.402611884 -3.726908318 
2.280041001 12.942104759 7.104370106 
-6.987897204 15.660697550 5.867902414 
-1.874356173 11.811784098 -10.068293862 
0.246413512 12.492455153 -9.231503230 
-0.970688975 21.618539998 -1.799617697 
-0.791010300 21.538195213 -2.331464616 
-12.253251984 17.251392338 -1.627319024 
-11.954273955 17.363884139 -2.385513648 
-1.041931583 21.608914644 -1.940283167 
-0.849780837 21.667333826 -1.099217333 
-12.011312281 17.491473897 -0.364048988 
-11.739319874 17.689960960 0.157162121 
-0.974971626 21.426504200 -3.383234691 
-0.642056765 21.550142616 -2.368165476 
-11.974061935 17.490663094 -0.857460793 
-12.189896446 17.372700370 -0.402991034 
3.747247141 14.494624547 6.101073046 
3.630254274 14.749935921 5.816365418 
-10.897501984 9.028173693 -4.697583643 
-11.160786064 8.850785729 -4.326657991 
3.816187533 14.589771153 5.829858408 
3.851662568 14.498909350 5.888994741 
-9.821256271 9.740313703 -5.785500665 
-10.773993772 9.284029135 -4.804746072 
3.861068257 14.474197758 6.069092874 
4.367459998 14.990587100 4.434071448 
-10.644998167 9.188151071 -5.083663390 
-11.746670321 8.644847479 -3.324018012 
2.516983009 14.969572960 6.209845644 
1.962075338 14.872915019 6.751061651 
-10.321651065 10.303887835 -6.943396700 
-10.407644417 10.284249087 -6.860341866 
3.592600726 15.363675469 4.917489398 
3.715590114 15.384782343 4.814352423 
-8.776125272 10.806125223 -8.320528146 
-6.623917567 11.770264518 -9.315436118 
1.046373827 14.622839507 7.566564423 
3.875584765 15.316826919 4.520084907 
-8.765789089 10.667568797 -8.273082413 
-6.953713079 11.587421708 -9.206717087 
5.325362605 17.855851229 -5.871921661 
4.877843035 17.528672643 -6.896595381 
-15.184824275 9.937992092 0.883567201 
-15.264588303 10.025929195 0.046181256 
5.563755246 18.000364767 -4.878979188 
5.622061335 17.994253547 -4.693133131 
-15.047178966 9.863339532 1.060423347 
-14.929729463 10.160901627 1.833711398 
6.102808605 17.969491506 -3.827652745 
6.216761080 18.115996146 -2.780039200 
-15.132155228 10.132209765 1.458598235 
-14.788057198 10.300748570 2.934320338 
2.883824869 21.407644332 -3.393403778 
2.494223054 21.448740384 -3.685114279 
-15.424676414 14.473289502 1.138965165 
-15.304670441 14.681656835 -0.811407162 
3.308173047 21.576724709 -1.617037055 
3.524237648 21.550363052 -1.273881951 
-15.301010741 14.449961595 0.195932683 
-15.228875690 14.488379376 0.607954921 
2.844412466 21.508186805 -2.965998359 
2.933268517 21.633572784 -2.361459704 
-14.978784335 14.806334769 -1.852290932 
-14.500304990 15.282222009 -2.642528417 
-3.570663522 15.296197742 11.023562919 
-6.724945169 14.173035052 10.859553776 
-8.974433069 13.410090030 -10.630930598 
-8.854123017 13.311207004 -10.748839266 
-2.611275782 15.910501938 10.653319422 
0.394986984 17.379734703 9.393929362 
-8.881807856 13.718594366 -10.470499221 
-7.142678436 14.440385660 -10.897591670 
-2.727526793 15.936830458 10.548444951 
-2.757813895 15.900911318 10.651219743 
-11.191443924 12.650473111 -9.421343244 
-8.090430836 13.753991939 -10.906547234 
5.292556403 17.521775559 -6.461345794 
6.023539901 17.812304684 -4.645494362 
-15.163193562 9.383190716 2.363031904 
-15.577008648 9.340494853 0.452139580 
4.697022540 17.107806308 -7.721820842 
5.643660310 17.452276519 -6.122532281 
-15.455491593 9.268669209 -0.583954113 
-15.275498778 9.646132186 2.664609847 
5.581965253 17.404334771 -6.159816024 
4.876060898 17.375124176 -7.392705405 
-15.377046188 8.910475776 0.522991469 
-15.296661802 9.924659537 3.028229579 
1.245134276 23.367109017 -0.697495449 
1.198459650 23.388087320 -0.864958564 
-15.332581323 16.628516478 0.188668480 
-15.110069777 16.869348330 0.531590200 
1.066568120 23.264693732 -2.004430613 
0.894129242 23.325868778 -1.866753758 
-15.351939313 16.595580590 0.440387568 
-15.394022154 16.537762679 0.966451470 
1.359704130 23.398372765 -0.030451498 
0.919998652 23.496926249 -0.535367685 
-15.238054739 16.732050323 1.388288598 
-15.104801472 16.829923071 1.459321361 
1.134227989 14.558380282 10.264698149 
1.536187428 14.502458660 10.248811919 
-6.482067062 11.799536337 -12.088061278 
-3.273848069 12.873186415 -12.298219285 
-2.406070035 12.880897588 11.448181903 
-6.593688316 11.319603017 11.287942956 
-8.551797866 11.217345864 -11.176240325 
-6.612868264 11.579967208 -11.785628872 
-3.239805678 10.987414087 10.991958742 
-3.248552467 11.973411089 11.396936848 
-6.461452875 12.083079655 -11.754946161 
-5.943519040 11.645751123 -11.898946508 
-0.906713618 20.902479185 0.992453090 
-0.845070299 20.747769233 1.368569161 
-11.360520882 16.923227870 -1.616784226 
-11.403114528 16.889676588 -1.061551616 
-0.314464841 20.808044678 -0.826062055 
-0.698174530 20.826588327 0.782956535 
-11.353723941 16.863596397 -1.723028892 
-11.340056367 16.923819525 -1.291036253 
-0.520021778 20.944648631 -0.241744945 
-0.344778204 21.063653206 -1.370976569 
-11.344070183 16.828357567 -1.889142918 
-11.255897550 16.809631595 -2.504653664 
-3.298872545 13.654921841 6.929017808 
-2.132776509 13.915979942 6.776496860 
0.325152453 13.501532480 -4.780742952 
-5.794296861 12.172604546 -7.776615576 
4.861015593 13.157627835 2.023630501 
3.451028384 12.831585429 5.733824035 
-8.024774351 8.771066481 -5.462321794 
-6.338865778 9.492687962 -6.703021377 
3.210793949 12.532788863 6.284722199 
4.672105022 13.251195201 2.681178582 
-9.746616875 8.053596024 -3.423813290 
-9.324834913 8.218733022 -3.994753618 
3.876258878 16.997342407 0.282016750 
3.933955744 16.977614005 -1.670514348 
-11.858516873 10.637058907 -4.272170749 
-10.712919703 11.188666334 -5.656671964 
3.555570790 16.909728579 2.275887637 
2.887104561 16.895881399 3.257309283 
-11.532755687 10.956594311 -4.561603462 
-11.998287332 10.559460577 -4.607184010 
0.203674141 16.057294473 5.082645088 
2.989333976 16.779743855 3.548143573 
-10.515872069 9.289725968 -4.676262000 
-11.038500084 11.177670670 -5.235826544 
-1.173610144 18.093824713 2.386983812 
-0.573383546 17.801958611 2.609175593 
-8.525920744 15.245545624 -4.766452496 
-7.697119369 15.263564874 -5.291376349 
-0.585615867 18.827102417 0.395778028 
-1.791950362 18.419029810 3.080779810 
-10.202242588 15.135684008 -1.823181905 
-10.081708152 15.054822383 -2.116501434 
-2.064068776 19.768736818 0.525896640 
-2.392403242 19.874061639 0.468501343 
-9.726869726 16.217450315 0.594508396 
-10.061580846 16.658602881 -1.310835409 
3.742323897 13.031051700 2.300304176 
3.454295536 12.729666171 3.789827900 
-8.855628927 8.783887653 -3.056120810 
-8.072773905 9.053346452 -4.124149125 
-1.269786602 12.870330829 7.434368480 
-2.441768260 12.415357579 7.584542405 
-6.866854519 10.884823655 -4.958092293 
-8.577505832 10.744755241 -3.062426109 
3.505757048 12.692798731 3.431410750 
2.234117366 14.548452522 2.601616878 
-8.558872268 8.682605790 -3.965022159 
-8.722020040 8.590649273 -3.990383693 
2.273395345 16.196145558 1.242571489 
2.564537660 16.138694471 -1.454168176 
-9.888798210 11.141926297 -4.158763276 
-10.606175064 10.937074699 -2.792048566 
2.861654981 15.994011669 -0.216486972 
2.564974634 16.146895507 -1.501660173 
-9.004680356 11.609516017 -5.407922835 
-8.705412976 11.742313651 -5.583776872 
1.842885021 16.612062548 1.581669832 
1.948877762 16.641773887 1.322480207 
-11.107436592 10.980571640 -1.325387697 
-10.917502117 10.975381255 -2.506700141 
4.489655942 13.813978364 -3.447215031 
3.972727491 13.362096685 -5.107998830 
-11.107683384 7.183823926 -1.804182834 
-5.968411381 11.050456627 -5.638322250 
3.589074425 13.450263292 -5.618276045 
4.231580574 13.735901976 -4.366172940 
-11.211898322 7.493270651 -1.882948500 
-11.385459525 7.339949177 -0.514651329 
4.227338476 13.779457667 -4.187371165 
4.334029337 13.922875459 -3.592797867 
-11.394950458 7.434073716 0.076134202 
-11.343294946 7.539073062 -0.408622412 
-2.628020965 20.876551042 -3.279470065 
-1.836706830 21.122920875 -1.726474369 
-11.526158502 17.399188691 1.300210556 
-11.450241070 17.435808132 0.846258905 
-0.676802993 19.625211832 0.771911549 
-1.815087651 21.089411922 -0.790366332 
-10.960327168 17.333945967 2.335174179 
-11.350523778 17.354382508 2.460611589 
-1.903909850 21.050215879 -2.655843425 
-1.744435192 21.103880799 -2.114688247 
-11.262485292 17.606566782 0.454710808 
-11.458738574 17.494463855 0.562582663 
-3.403336152 13.257888209 8.332259053 
-3.725887819 13.291412930 8.392554307 
-10.451053635 11.458098836 -6.950133503 
-10.052883638 11.586402491 -7.338245805 
-6.065624255 13.941138898 7.115277157 
-3.695703701 14.890507604 7.043660352 
-8.098837701 12.083858407 -8.447905922 
-7.783366822 11.564788428 -8.153527596 
-4.420788190 12.997145537 8.550738610 
-2.045695993 13.805223971 8.188759362 
-9.468892366 11.527775448 -7.776382105 
-10.063903202 11.554217496 -7.349994982 
1.971048017 12.601066158 -5.768050906 
3.187972511 13.297802975 -3.091267770 
-9.284503128 8.348916739 3.204852256 
-9.464984062 8.200417964 2.896308860 
1.259356037 14.268788552 -4.966460383 
1.473552530 14.053538080 -5.130323893 
-7.475337227 10.957620195 -4.638947549 
-9.012195887 10.742536006 -2.962237954 
3.821584680 16.305613285 3.982416502 
2.647996872 15.963577647 5.880749469 
-9.656895829 11.692612729 8.387312040 
-10.237180504 11.664225499 -7.476482909 
-1.112120600 19.802874058 0.729012908 
-1.157121064 19.823433821 0.060210089 
-10.280472908 16.368950139 1.969205811 
-10.353429387 16.353426913 2.244498743 
-1.617649882 19.803026163 -0.873109401 
-1.649488582 19.772450230 -1.004929617 
-10.155039985 16.639755694 0.687218779 
-10.121034948 16.650122282 0.542175697 
-1.990396725 20.029114835 0.480830981 
-1.589159837 19.433112174 -4.022286842 
-8.753849742 18.007701479 1.427506944 
-9.524624319 17.428983318 0.779319550 
-10.445562029 11.147695568 3.269616353 
-10.608497977 10.612179462 3.190307067 
-9.019317016 10.828143247 -6.878652265 
-0.630552199 14.392217474 -7.732934610 
-7.669034873 11.890082184 5.665519172 
-9.215916949 11.162580462 4.718415933 
1.130077294 15.081522864 -6.098114406 
-8.820803663 11.866258877 -6.311815996 
-7.093728854 13.616608524 5.593333137 
-7.931529164 11.221430225 6.097989575 
-0.314062556 15.602348354 -6.310006006 
-1.442741704 15.265687821 -6.969991490 
-0.790585571 20.609524647 -3.875340221 
-1.078921661 20.439199488 -4.609623717 
-12.052806471 16.476503102 1.195898498 
-12.111437866 16.380239160 1.192332454 
0.698325796 20.474564373 -3.065941641 
-1.593651898 20.145249989 -5.456785654 
-12.187338121 15.449054726 2.566933965 
-12.541831422 15.540537018 1.498459444 
-0.263860738 20.925197504 -2.633600538 
-0.487156673 21.125976376 -1.330459432 
-11.909269069 16.630654840 1.739137360 
-12.154074299 16.515681913 1.229696476 
3.319536530 14.078580470 5.358114829 
4.088621000 14.567369657 3.105623147 
-11.446716655 8.047855426 -0.008944042 
-11.262064202 8.314221521 -1.536498325 
1.609210094 18.873212978 5.268015018 
2.138872687 19.033732638 4.148693290 
-13.064170150 13.260028108 -2.759405618 
-11.611906102 13.809983468 -4.989287397 
-0.745023781 17.470071380 6.098922811 
3.426196205 17.721780682 2.069363632 
-2.428274464 16.654862512 -6.517445248 
-11.249845816 12.277813102 -5.022008287 
2.299381499 11.580561703 5.402743994 
-10.401384896 7.334603302 0.774348544 
-7.019882588 10.113441336 -8.964889942 
-8.738482310 9.866632363 -8.031630085 
3.445358722 14.529613594 0.324415088 
2.483675966 14.434763342 3.178224177 
-0.211263848 16.911911086 -4.501463647 
-9.397295810 10.149130707 -4.264319877 
1.498741742 13.619628089 7.661617879 
0.045612998 12.502099128 8.346157474 
-5.579097202 11.314668495 -10.279166254 
-4.277983162 11.572247650 -10.409420413 
-0.420068119 20.210047807 0.617456860 
-0.999937334 20.070916887 -0.179851216 
-11.082583547 16.240871403 -1.458653917 
-11.054896549 16.086293022 -0.397690037 
-2.309710112 19.496215045 3.289830239 
-2.145465414 19.652405175 2.854668003 
-9.989924885 16.423103116 -3.299503596 
-10.236980028 16.284580912 -3.111117989 
-0.803891962 19.856099856 0.156242640 
-1.295343706 19.878274538 0.442036639 
-10.444580070 16.407649222 -1.521625096 
-10.239917346 16.330842771 -2.703315535 
3.602542392 14.453913246 2.293791191 
3.104913946 15.467073054 4.159840654 
-10.771713082 8.852842641 -0.197970425 
-9.988683527 10.696101402 -4.621656938 
4.269641133 13.944433553 1.188114244 
4.285752852 13.656695667 -1.246931579 
-11.059263936 8.668991643 0.242652994 
-10.292007659 8.461873725 3.399345419 
3.587748323 14.144476898 1.924838488 
3.552057944 14.222952444 1.834897042 
-10.250742265 8.715958392 -1.515963667 
-10.274303163 8.795451516 -1.302809787 
2.046091517 17.346674737 0.917843082 
4.547241586 14.213431321 0.619375451 
-11.568681736 8.936876223 -1.260914122 
-11.268857698 8.104571793 -2.275687807 
-0.089028485 10.631442375 7.181753005 
-6.080058423 11.724393442 8.136813146 
-10.668952850 6.170217684 -2.154078205 
-10.085729640 5.772981524 -3.160738223 
1.650780457 14.812953134 4.913179465 
2.949813926 14.968695141 3.330749262 
-9.791743266 11.036526701 -5.224817685 
-9.714207042 10.979107670 -5.438964964 
4.731867450 17.596159517 -7.189359616 
3.511443858 16.762214026 -9.367335221 
-15.149180671 9.950989589 2.002749540 
-15.457419487 9.751160063 0.055836958 
5.248044186 17.884306892 -5.815102356 
5.652475650 17.661533948 -5.183761513 
-13.807919339 10.805228433 5.124952572 
-14.220662416 10.709207348 4.492815260 
-7.855856383 11.213466651 -9.226161961 
3.512908491 14.952615341 -3.515047166 
-12.838935684 11.774876158 4.729881962 
-6.719382993 11.251560183 7.130308583 
2.215886009 22.176881478 -2.783775265 
2.581350268 22.358762242 0.744371085 
-13.986356187 16.155873178 -3.556671080 
-14.533477624 15.703660586 -3.181668231 
2.425808191 22.087983009 -2.406598871 
2.559854972 21.735645145 -3.727669465 
-13.609744705 16.211109338 -3.929511476 
-10.345174108 16.762417924 -4.411519899 
1.556209186 21.972927742 -4.133145310 
3.028937289 22.233991173 -0.006221352 
-14.776761270 15.518641854 -2.334304208 
-14.384926688 15.755539570 -2.695408854 
0.561591964 16.388676331 9.765455733 
-0.199084007 15.960758710 10.233218237 
-9.615352891 12.575471668 -10.511680060 
-9.501925797 12.466059605 -10.625331622 
-0.282997903 16.176488227 10.066428397 
0.485997671 16.621696827 9.776078653 
-8.879508581 13.075040410 -10.625714054 
-8.501280125 13.257196104 -10.778176644 
-3.644483424 14.591407846 10.980661367 
-2.166517317 15.455714025 10.780695326 
-12.053470845 11.755741694 -8.860746747 
-10.810963267 12.155439211 -9.866557634 
4.768451650 18.151065362 -5.915588749 
5.160689060 17.612689645 -5.845817989 
-14.954867683 9.797380278 1.628425349 
-11.867917460 11.750555149 7.166110569 
4.190397446 17.448140892 -7.867368024 
2.642881076 16.533332447 -9.984805919 
-15.181751997 9.574013368 0.159325369 
-15.004179164 9.795426976 1.388318016 
5.211047527 17.577801001 -5.761742077 
5.150830772 17.501661521 -6.003115698 
-13.748471895 10.316095459 4.523896127 
-14.894832398 9.375778409 0.708913813 
-0.715467537 20.650914172 2.631848954 
-1.024566950 20.186018074 3.598417127 
-7.659215093 17.699472130 -5.427021785 
-9.677188237 17.410298544 -4.193389299 
3.216539444 21.827706958 1.497912090 
3.054317056 21.711369942 3.189034145 
-12.815180497 16.436660833 -5.079999784 
-12.843066794 16.510936198 -5.036201761 
2.626001296 21.297270340 5.290422823 
2.741180937 21.284506511 5.072882677 
-13.529033111 16.173720194 -3.639099888 
-13.781761851 15.812434455 -3.156772420 
3.871621539 18.006644670 6.172683984 
2.207616615 17.502089562 8.011574196 
-10.669534570 11.813582295 -10.116431159 
-10.050177029 12.897440787 -9.946058322 
3.375703638 17.741791851 7.284624135 
-0.651918493 16.539381071 10.244997950 
-10.050393585 11.456510336 -10.677055259 
-11.811419492 11.770098015 -9.180508361 
0.763522482 17.014745970 9.390397763 
2.962491523 17.364193857 8.035568274 
-8.710379065 8.560814234 -6.365331879 
-8.631529352 7.996423695 -5.973640159 
-0.583855612 20.372839309 -9.218129946 
-0.212778984 20.286739668 -8.845562581 
-15.018782687 15.231326866 0.363659654 
-14.599985853 15.448153337 1.498223909 
-5.063316195 18.694085949 -7.682883504 
-0.369340830 20.394713704 -2.462315386 
-9.326703290 17.313788854 4.020904939 
-10.668678975 15.409947244 3.460320794 
1.646899121 21.308916346 -6.436218271 
1.560078702 20.937333799 -7.050665797 
-14.797185915 15.204555107 0.092778431 
-14.958138787 14.985670343 -2.746907460 
6.101855027 18.014698658 -2.006378166 
6.251304715 17.860502001 -0.839458968 
-11.023554557 11.817520965 -7.771241453 
-12.609689599 11.497826982 -6.458578835 
6.299579426 17.871854830 1.641183100 
6.027370941 18.126113158 1.252566207 
-11.745219821 11.803947663 -7.244728867 
-9.809605152 12.283944184 -8.679071798 
5.896614406 17.881532513 -2.427520481 
6.097058292 17.957316022 0.824280414 
-12.268622770 11.216420176 -6.624150101 
-10.817995774 11.693625948 -7.959300175 
-5.039751390 14.885794702 11.156569563 
-5.621751780 14.724575869 11.092767932 
-11.740106869 10.154148427 -9.260041374 
-9.391060393 12.816097667 -10.885155678 
-1.412799563 16.402116729 9.983773829 
-1.714393309 16.212204437 10.147709241 
-11.326884293 12.008412447 -8.983381898 
-7.398674902 14.114558754 -11.006548703 
-7.372365653 8.639197540 6.916065584 
-1.587254459 11.216186888 7.864064036 
-8.383657808 13.777794515 -10.885359660 
-13.139571786 11.764604419 -6.945817727 
3.225829261 21.873763574 -2.923759756 
1.254939348 18.571161152 -1.903408601 
-15.171136918 15.213809286 0.326582794 
-11.745267951 16.404889650 0.616738565 
2.989591230 21.886423421 -3.642714269 
2.615733786 21.442250090 -5.900336641 
-15.284682866 15.157619486 -1.876669435 
-15.395962424 14.962683608 -1.230139625 
3.376649893 21.966817270 -1.792785890 
2.985514294 22.113878545 -0.033901524 
-15.075489611 15.421596707 1.193804157 
-15.108411741 15.261413128 0.864540645 
6.290312905 18.228633543 -0.414487993 
6.009983759 18.357936809 2.669822842 
-10.643020184 12.170008702 -8.299382809 
-10.349821043 12.356096080 -8.431597297 
6.438700262 18.105514226 0.057974093 
6.435912371 18.151768639 1.908156922 
-11.336722394 12.170767946 -8.046213826 
-12.653914569 11.309171069 -6.769811377 
0.685583934 14.392948043 8.056564711 
3.765980679 15.273910258 3.410048619 
-6.197226981 11.572450324 -7.177327909 
-5.715031873 11.357534294 -7.208706275 
-2.744831513 15.688564184 8.079514352 
0.823252059 17.094653965 8.658478014 
-13.008332519 11.107092857 -7.407830212 
-5.311625759 15.540881960 -10.612954362 
-0.357392626 16.331694986 9.955188923 
1.737149495 16.688860799 8.895022007 
-12.125158531 10.736925602 -8.730013288 
-12.879330658 10.613911442 -7.924223163 
-0.707140375 18.276691775 4.869361630 
3.672419681 17.798685153 6.756673781 
-6.169591225 13.846908765 -11.694786840 
-5.891161582 14.005348549 -11.683515416 
4.268678980 13.855878227 -2.565456069 
4.323198302 13.390319101 -2.774526183 
-10.943516297 8.686732355 -1.804858523 
-10.319702116 8.450898356 -3.348893537 
3.478732437 14.442464324 -2.916893912 
3.566602566 15.770613869 -1.863320681 
-10.743006222 8.991810542 0.879576152 
-10.578120512 10.406506286 3.741098783 
3.005808932 13.759561540 -4.375969947 
3.187031752 14.052272062 -3.485271578 
-10.271056374 8.554323725 -2.063580172 
-10.427214449 8.482004665 -1.425289082 
-1.664015694 19.852280325 -1.931040901 
-1.396831928 19.863326885 -1.546590777 
-9.324905359 16.660975307 3.981451853 
-9.135014019 16.744467354 4.068537382 
-0.175563017 20.223029684 0.333315120 
-1.280600150 20.079559060 -0.418790589 
-10.777200992 16.378433992 2.101024063 
-10.946903822 16.184526118 0.003922302 
-1.893119258 19.672493662 -2.193452119 
-2.423363297 19.500591774 -3.057185419 
-10.277576620 16.339445482 2.564884892 
-10.403763279 16.377710237 2.130421691 
2.100447836 10.496130903 6.098598555 
3.614450766 15.589675542 1.366286579 
-7.047857115 9.035917967 -7.856725266 
-6.149928400 9.002065056 -7.899055768 
-5.010426831 12.318712708 7.245260490 
-6.773632756 10.132996726 7.179933912 
-1.602670240 16.249499068 -6.292173795 
0.743294046 12.768572700 -7.753633675 
-3.290271490 13.398598918 7.445428672 
-3.212604189 13.436004157 7.354509341 
-2.719081216 13.262876609 -8.069283908 
-1.804690182 13.536605853 -7.631341873 
1.662174266 18.956103792 -4.968669101 
1.522127309 18.723030589 -5.544786497 
-11.515958192 13.985905753 5.114715440 
-11.662699215 13.822284729 4.895311616 
4.109772922 14.397904087 -3.550176456 
4.106711557 14.795303997 -2.326968034 
-11.436634064 8.147252140 0.643397171 
-11.450308110 8.132492159 -0.582484718 
3.338868851 17.727168278 -2.336560743 
0.883679961 18.121105285 -4.249336189 
-12.535427676 11.464830349 2.998149874 
-12.044650283 11.169430084 3.627462464 
1.776924932 19.944156105 3.467709735 
-0.233331866 20.486628615 3.768770385 
-11.935310246 15.610832861 -2.888563623 
-12.468170983 15.339502307 -2.257364819 
-1.554926269 20.319780135 5.108159067 
-1.155289622 20.510096152 4.346272187 
-12.311264699 16.162828709 -0.877438717 
-12.051306373 16.437586069 -1.014866622 
-0.123341413 20.991409726 2.204506058 
-0.399168316 20.986792519 2.439265547 
-11.901155077 16.709136763 -1.478018699 
-12.319872859 16.426139724 -0.331976750 
-1.837799811 9.751601397 7.742737816 
-4.461302848 12.100504804 6.389656775 
-4.084084501 11.642243668 -8.490763080 
1.671808731 14.226083523 -4.691212379 
-3.444429266 11.622979072 9.322642315 
-1.574545688 12.345997652 8.970920008 
-10.536189931 7.255275828 -3.628969853 
-5.935387572 10.512041264 -9.484059092 
2.378404673 14.081584025 7.394620225 
3.797027865 14.591882970 5.694063138 
-9.468224100 8.849338723 -7.536578920 
-7.253584060 10.687688629 -9.238724381 
0.661565777 23.147201050 -2.053411260 
0.402708238 23.193094052 -2.009582374 
-13.754191930 16.766932093 -3.048281319 
-14.313236027 17.341936873 -0.374671375 
-0.670876631 22.929985487 2.144531681 
-0.126913280 22.854606347 0.713246121 
-13.608161892 17.632201077 -0.200155760 
-13.462213354 17.903003393 0.561431406 
0.370738043 22.979045707 -3.166440878 
1.002496327 22.893166928 -2.484685028 
-13.756298899 17.152543711 -2.147506070 
-13.877725780 17.463309422 -0.966807031 
5.953471750 15.169213508 3.821930630 
5.990766763 15.480443221 4.452380192 
-13.258308495 9.359191820 -5.225805838 
-12.973105054 9.294464095 -5.259045714 
3.173820797 13.987278533 7.481381158 
4.974472280 13.844243368 -0.447959056 
-2.866666882 11.295326565 -6.409979662 
-4.249586921 10.341176367 -6.313020255 
6.330968435 15.793062986 1.686804230 
6.284210194 15.974267464 2.802647693 
-12.314534009 9.159525413 -5.789923084 
-12.331585678 9.325421526 -5.760028142 
5.693341335 15.853914040 4.602778358 
3.633723557 15.193374834 7.342128786 
-8.401228779 10.746764182 -10.235384614 
-8.136003014 11.180338667 -10.401249203 
5.992158949 16.398658021 2.847763993 
4.492329056 15.702570042 5.680748455 
-6.915766613 11.394463361 -10.812778120 
-7.788454029 10.853988775 -10.503777145 
3.436501998 16.068209892 6.692367279 
2.970129364 15.606768476 7.524771963 
-7.883380563 11.757617862 -10.332183241 
-8.088976171 11.701739434 -10.402945607 
1.114502574 20.361847543 -2.761089851 
0.816349973 19.669752132 -5.475159795 
-10.894067854 15.717248096 5.247207622 
-12.401321440 14.860543687 3.883464740 
-1.143314658 21.126791713 -1.962134651 
-0.759824931 21.133753268 -1.487419597 
-12.142475509 16.533588199 1.669396198 
-11.616577125 17.146310899 0.422739649 
-4.806416779 19.774321211 1.289388168 
2.077861625 14.681667477 -7.114072602 
-8.826546681 18.298987703 -1.356449962 
-12.950967834 11.337596828 3.012146682 
0.079558258 14.003002500 6.914847591 
3.477429446 18.465220225 0.185393556 
-1.688493612 13.808540012 -5.936975187 
-10.973339534 10.429219421 -1.280595887 
2.180957378 13.099270254 5.345920408 
2.616501277 13.279162143 4.582535600 
-10.174509523 8.078830865 -1.112608299 
-10.053856093 8.105884057 -1.792927466 
4.452745312 13.329309451 1.629240571 
3.558250503 14.922572863 4.911674753 
-10.796348055 8.279729831 -3.020757404 
-10.744365764 8.629892029 -3.376757262 
0.058518466 12.384368559 8.470210696 
0.337539540 12.203233846 8.332243611 
0.122226110 11.339228403 -9.453526832 
-0.382172241 10.903744372 -9.630168970 
-6.694027050 9.612796521 9.441925615 
3.690154598 13.371385958 5.956063088 
-6.916533006 9.599050059 -9.998859148 
-4.411490927 10.503047456 -10.098967618 
-0.711782258 15.737198195 6.576031517 
4.721926785 12.506291944 -4.007997787 
-10.314613522 12.308473847 5.607065889 
-10.603306197 12.071656472 5.468471675 
2.773149636 13.309100129 -4.377051217 
2.586010156 13.290954923 -4.638063265 
-10.098897494 8.106051023 1.633220828 
-10.237835089 8.060366495 0.197637485 
-0.524832109 13.747218867 -7.680282212 
3.448329320 18.263993818 1.302446755 
-10.991248649 10.540679295 0.164205937 
-9.517292287 10.677694688 -2.366309754 
3.298676641 13.703707101 -5.381236949 
4.400434995 13.371343497 -1.954339802 
-11.257149331 8.303525851 1.939809504 
-10.735563215 8.199530873 3.029987769 
-0.924159442 21.140020794 1.568973870 
-1.023747644 21.131228009 1.826798096 
-10.119870401 17.371926754 0.147558227 
-10.299155486 17.258007405 0.532496120 
0.706655446 20.299820414 3.565680923 
1.117758574 20.274820481 3.062769898 
-9.962580325 16.056564285 -5.742705013 
-9.898224877 16.008885381 -5.977435775 
2.671218056 18.472562316 3.414772380 
-4.733090065 19.776803841 -1.351829852 
-9.600352255 8.539032101 2.248926627 
-8.765203346 18.314680564 1.196419844 
-8.935841474 11.602634772 4.117959553 
-8.805471021 10.793918592 4.570214527 
-3.422505971 10.657341076 -8.261325027 
-11.818244791 8.154933595 -4.745974315 
3.597711852 13.437334598 6.414871527 
3.277795638 12.632594123 6.805952898 
-10.294119015 7.948199276 -6.426933462 
-10.406735345 8.067019872 -6.595998344 
-6.982388974 8.672192077 6.790902600 
-2.611858385 10.853666167 7.671175072 
-10.831260024 9.176559779 -5.934602863 
0.029022814 13.552156191 -8.462808745 
3.108076896 16.829870794 -8.557773465 
4.854160873 14.380153019 -3.414156398 
-6.819469454 10.319634995 5.255253256 
-9.623289825 9.950300795 6.190733001 
4.932439022 15.447269328 -6.863332436 
4.734202520 15.429655304 -7.430822867 
-14.317841614 8.419791931 1.609907683 
-14.360127562 8.400706833 1.330764979 
5.142034534 15.976625834 -6.869671430 
5.214506844 15.445233165 -6.500247316 
-14.055672489 8.384506064 2.410178656 
-13.786810243 8.467562893 2.909246152 
0.120363413 22.956376262 -0.741305674 
0.024278545 22.760314409 -0.922069808 
-12.714134688 18.321372775 -2.839652220 
-12.984583027 18.340323873 -2.019396798 
0.232791600 23.012416783 -0.981884324 
0.308144999 23.066717010 0.266482593 
-13.103544127 18.222288633 -2.937564010 
-14.001684810 17.770148353 -1.693916656 
0.271651781 22.830183018 -1.766605847 
-0.928238442 22.577724351 -3.398489682 
-13.577967901 18.062230459 -1.655378016 
-13.484836685 17.880407038 -1.157971584 
-5.103150565 11.836413221 10.792943299 
-4.181319654 12.197809387 10.745406401 
-10.951771493 9.767052193 -8.939784466 
-10.365860017 9.962798432 -9.332512535 
-6.562024003 11.324864170 10.307618499 
-6.303091159 11.452366754 10.592779624 
-10.907218068 9.842182586 -8.980807690 
-9.621455735 10.425075784 -9.905632270 
-1.908566712 13.560776758 10.617624738 
-4.067502831 12.992883567 10.655205018 
-8.084401838 12.040641778 -10.645989963 
-9.948801078 11.059639023 -9.679592885 
