-0.644420921 1.730182841 0.000000000 
-0.645954178 1.729543483 0.000000000 
-0.661482604 1.723171128 0.000000000 
-0.658700842 1.724485832 0.000000000 
-0.633517072 1.734137081 0.000000000 
-0.638973320 1.732308115 0.000000000 
-0.662191925 1.722878486 0.000000000 
-0.660695423 1.723433248 0.000000000 
-0.650375987 1.727590887 0.000000000 
-0.650482396 1.727633732 0.000000000 
-0.655434238 1.725607045 0.000000000 
-0.656874094 1.725046713 0.000000000 
-0.640054237 1.732040461 0.000000000 
-0.650301911 1.727914855 0.000000000 
-0.644430691 1.730100728 0.000000000 
-0.646491271 1.729319711 0.000000000 
-0.658093359 1.724280527 0.000000000 
-0.659292149 1.724171155 0.000000000 
-0.644108894 1.730433542 0.000000000 
-0.640727974 1.731523474 0.000000000 
-0.649039509 1.728421104 0.000000000 
-0.640165166 1.731757264 0.000000000 
-0.644045680 1.730341043 0.000000000 
-0.641651944 1.731195323 0.000000000 
-0.624023659 1.738009378 0.000000000 
-0.623306011 1.738209681 0.000000000 
-0.650440699 1.727803146 0.000000000 
-0.648832315 1.728394411 0.000000000 
-0.602928415 1.745058111 0.000000000 
-0.626706369 1.736924043 0.000000000 
-0.658441785 1.724589751 0.000000000 
-0.644900749 1.730056318 0.000000000 
-0.632756955 1.734791194 0.000000000 
-0.626600470 1.736935647 0.000000000 
-0.654983919 1.725958560 0.000000000 
-0.642687933 1.729492457 0.000000000 
-0.630058142 1.735491806 0.000000000 
-0.636737830 1.733040674 0.000000000 
-0.661772218 1.722973347 0.000000000 
-0.659663785 1.723865995 0.000000000 
-0.645042565 1.729915022 0.000000000 
-0.641980962 1.730767724 0.000000000 
-0.657333882 1.724807518 0.000000000 
-0.662007975 1.722861948 0.000000000 
-0.648360131 1.728709554 0.000000000 
-0.646761880 1.729106741 0.000000000 
-0.657304943 1.724882180 0.000000000 
-0.656280408 1.725239322 0.000000000 
-0.658202799 1.724572937 0.000000000 
-0.651862866 1.727157387 0.000000000 
-0.631822680 1.734741452 0.000000000 
-0.625449998 1.736826340 0.000000000 
-0.657866596 1.724715643 0.000000000 
-0.658229470 1.724452477 0.000000000 
-0.647578214 1.728796088 0.000000000 
-0.636179938 1.733311095 0.000000000 
-0.658763515 1.724237095 0.000000000 
-0.646660619 1.729224944 0.000000000 
-0.628090987 1.736144736 0.000000000 
-0.626935800 1.736532409 0.000000000 
-0.626318849 1.736852430 0.000000000 
-0.627018325 1.736356555 0.000000000 
-0.649235822 1.728437775 0.000000000 
-0.653811943 1.726378723 0.000000000 
-0.633064915 1.734286115 0.000000000 
-0.623603868 1.737545446 0.000000000 
-0.654089076 1.726389808 0.000000000 
-0.647468828 1.729111217 0.000000000 
-0.629963680 1.735396903 0.000000000 
-0.626011882 1.736862137 0.000000000 
-0.652950450 1.726707325 0.000000000 
-0.656535120 1.725318179 0.000000000 
-0.633265156 1.734458879 0.000000000 
-0.636773320 1.733094559 0.000000000 
-0.648284272 1.728766669 0.000000000 
-0.630796202 1.735508741 0.000000000 
-0.633346069 1.734382900 0.000000000 
-0.644789594 1.729944165 0.000000000 
-0.649505522 1.728236760 0.000000000 
-0.659719420 1.723988534 0.000000000 
-0.634202152 1.734074492 0.000000000 
-0.625385772 1.737122717 0.000000000 
-0.645087579 1.730035509 0.000000000 
-0.640178098 1.731756563 0.000000000 
-0.633017943 1.734331941 0.000000000 
-0.638200264 1.732540647 0.000000000 
-0.640392432 1.731690064 0.000000000 
-0.632100182 1.734842332 0.000000000 
-0.632275519 1.734697044 0.000000000 
-0.623083483 1.737935784 0.000000000 
-0.641726109 1.731051026 0.000000000 
-0.642083847 1.731082831 0.000000000 
-0.639284966 1.732305527 0.000000000 
-0.637824957 1.732754715 0.000000000 
-0.638793136 1.732177131 0.000000000 
-0.636003717 1.733400338 0.000000000 
-0.625251594 1.737692268 0.000000000 
-0.624438773 1.737992127 0.000000000 
-0.638560714 1.732316403 0.000000000 
-0.635765542 1.733747927 0.000000000 
-0.620268894 1.739638075 0.000000000 
-0.617707879 1.740365125 0.000000000 
-0.651447342 1.727500295 0.000000000 
-0.653574935 1.726649112 0.000000000 
-0.640181572 1.731850615 0.000000000 
-0.626869292 1.736991334 0.000000000 
-0.635935845 1.733461427 0.000000000 
-0.655198151 1.725848149 0.000000000 
-0.642211221 1.731071569 0.000000000 
-0.645970631 1.729502240 0.000000000 
-0.658267025 1.724782907 0.000000000 
-0.663868043 1.722356272 0.000000000 
-0.641152405 1.731694447 0.000000000 
-0.616801037 1.740274976 0.000000000 
-0.658751216 1.724654165 0.000000000 
-0.660298206 1.723870942 0.000000000 
-0.651555402 1.726303536 0.000000000 
-0.626328105 1.735232897 0.000000000 
-0.597115915 1.745837107 0.000000000 
-0.646142266 1.727658297 0.000000000 
-0.628548918 1.735643885 0.000000000 
-0.623620838 1.737589120 0.000000000 
-0.662509050 1.722413052 0.000000000 
-0.666004162 1.721022121 0.000000000 
-0.601240222 1.745268657 0.000000000 
-0.615124193 1.740701719 0.000000000 
-0.655502808 1.725843568 0.000000000 
-0.633346277 1.734519537 0.000000000 
-0.651447159 1.726656704 0.000000000 
-0.654291138 1.725585127 0.000000000 
-0.651097614 1.726913581 0.000000000 
-0.644778944 1.729536778 0.000000000 
-0.643626713 1.728795008 0.000000000 
-0.625077703 1.735986057 0.000000000 
-0.591683189 1.746808471 0.000000000 
-0.608063605 1.741869838 0.000000000 
-0.649348521 1.730105502 0.000000000 
-0.604525772 1.744982516 0.000000000 
-0.645786372 1.730365660 0.000000000 
-0.654600872 1.726635251 0.000000000 
-0.654752654 1.726220016 0.000000000 
-0.635757418 1.732813649 0.000000000 
-0.655366089 1.724823724 0.000000000 
-0.662514885 1.721831718 0.000000000 
-0.636521489 1.733020063 0.000000000 
-0.642442193 1.730907972 0.000000000 
-0.584146915 1.751207567 0.000000000 
-0.585786928 1.750741189 0.000000000 
-0.655739956 1.726003665 0.000000000 
-0.605015040 1.743992738 0.000000000 
-0.621984330 1.738321970 0.000000000 
-0.635676880 1.733627142 0.000000000 
-0.637389541 1.732980176 0.000000000 
-0.627522782 1.736483859 0.000000000 
-0.640618750 1.731729371 0.000000000 
-0.640515198 1.731761358 0.000000000 
-0.589272222 1.748122060 0.000000000 
-0.658639954 1.723782266 0.000000000 
-0.620816375 1.737407982 0.000000000 
-0.577150860 1.752531349 0.000000000 
-0.633547110 1.734217876 0.000000000 
-0.648430292 1.728559093 0.000000000 
-0.621744002 1.738343231 0.000000000 
-0.625270442 1.737068085 0.000000000 
-0.641859236 1.731277571 0.000000000 
-0.636572878 1.733390701 0.000000000 
-0.627118715 1.736869720 0.000000000 
-0.597426643 1.746809800 0.000000000 
-0.601654249 1.745107103 0.000000000 
-0.595206733 1.747378248 0.000000000 
-0.647936282 1.728745294 0.000000000 
-0.652174284 1.726921659 0.000000000 
-0.601889755 1.744884907 0.000000000 
-0.616823763 1.739895444 0.000000000 
-0.651955444 1.726967452 0.000000000 
-0.647769885 1.728545096 0.000000000 
-0.632929724 1.734412924 0.000000000 
-0.636288596 1.733282625 0.000000000 
-0.646213245 1.729544358 0.000000000 
-0.649695007 1.728028173 0.000000000 
-0.624690659 1.737298927 0.000000000 
-0.610159808 1.741912273 0.000000000 
-0.647674319 1.728729080 0.000000000 
-0.641117018 1.729955018 0.000000000 
-0.646049105 1.729268473 0.000000000 
-0.651791088 1.726963099 0.000000000 
-0.627996453 1.736000394 0.000000000 
-0.634370337 1.733710096 0.000000000 
-0.637790929 1.732554412 0.000000000 
-0.641057058 1.731297300 0.000000000 
-0.642073479 1.730762491 0.000000000 
-0.644704436 1.730008266 0.000000000 
-0.650784961 1.727141886 0.000000000 
-0.650401796 1.727880257 0.000000000 
-0.643244530 1.730072515 0.000000000 
-0.651471226 1.727221361 0.000000000 
-0.637596595 1.730960478 0.000000000 
-0.628158341 1.734853948 0.000000000 
-0.621698931 1.736763334 0.000000000 
-0.638627355 1.730622584 0.000000000 
-0.639055283 1.732508459 0.000000000 
-0.648867999 1.728482365 0.000000000 
-0.641081032 1.731815072 0.000000000 
-0.638671288 1.732641814 0.000000000 
-0.608145265 1.741469152 0.000000000 
-0.613932195 1.739588338 0.000000000 
-0.652285682 1.725474094 0.000000000 
-0.652859285 1.725045976 0.000000000 
-0.636314054 1.733384029 0.000000000 
-0.635787637 1.733493835 0.000000000 
-0.661001544 1.723503041 0.000000000 
-0.663138790 1.722549497 0.000000000 
-0.570178071 1.754673091 0.000000000 
-0.581599059 1.751447486 0.000000000 
-0.662420789 1.722096751 0.000000000 
-0.623169667 1.737681111 0.000000000 
-0.660714360 1.723857905 0.000000000 
-0.642744256 1.730044326 0.000000000 
-0.570569085 1.756194402 0.000000000 
-0.590970713 1.748466817 0.000000000 
-0.627950417 1.736470432 0.000000000 
-0.630317028 1.735584820 0.000000000 
-0.633173255 1.734571770 0.000000000 
-0.641410031 1.731439278 0.000000000 
-0.642885794 1.730331566 0.000000000 
-0.581065367 1.750883796 0.000000000 
-0.635195546 1.733096710 0.000000000 
-0.616401412 1.738127058 0.000000000 
-0.658360535 1.724621781 0.000000000 
-0.658992269 1.724440370 0.000000000 
-0.614920354 1.741175216 0.000000000 
-0.644445295 1.730373204 0.000000000 
-0.649145576 1.726744880 0.000000000 
-0.651264472 1.726035116 0.000000000 
-0.631574904 1.735052434 0.000000000 
-0.630442812 1.735278262 0.000000000 
-0.655004139 1.725562638 0.000000000 
-0.655411320 1.724783281 0.000000000 
-0.617967965 1.738821818 0.000000000 
-0.639648887 1.731040075 0.000000000 
-0.627040735 1.736293633 0.000000000 
-0.613895390 1.741049655 0.000000000 
-0.637643064 1.732824188 0.000000000 
-0.631212752 1.735006182 0.000000000 
-0.604930135 1.743845485 0.000000000 
-0.599897249 1.745671358 0.000000000 
-0.641680391 1.731064213 0.000000000 
-0.654062440 1.726056891 0.000000000 
-0.657842102 1.723474051 0.000000000 
-0.601323284 1.744225826 0.000000000 
-0.611672413 1.741647109 0.000000000 
-0.595210332 1.746566614 0.000000000 
-0.634251900 1.733939694 0.000000000 
-0.633388634 1.734116727 0.000000000 
-0.612660319 1.741501384 0.000000000 
-0.628771130 1.735772559 0.000000000 
-0.593707718 1.747392749 0.000000000 
-0.592562636 1.748343001 0.000000000 
-0.636612928 1.732358922 0.000000000 
-0.574034879 1.753563340 0.000000000 
-0.612276006 1.742078868 0.000000000 
-0.618431421 1.739922249 0.000000000 
-0.615941957 1.740291663 0.000000000 
-0.643571830 1.730444118 0.000000000 
-0.655919626 1.725141052 0.000000000 
-0.619051314 1.738865553 0.000000000 
-0.594815566 1.748555482 0.000000000 
-0.601867676 1.744812652 0.000000000 
-0.620255686 1.738903708 0.000000000 
-0.600000351 1.745676379 0.000000000 
-0.584354960 1.751221188 0.000000000 
-0.583096339 1.751646659 0.000000000 
-0.641420359 1.731469638 0.000000000 
-0.651717827 1.727439229 0.000000000 
-0.616106572 1.740696188 0.000000000 
-0.607019056 1.743605811 0.000000000 
-0.625517391 1.737052788 0.000000000 
-0.620590144 1.738693627 0.000000000 
-0.640153175 1.731824649 0.000000000 
-0.645084929 1.729809651 0.000000000 
-0.633685311 1.734153549 0.000000000 
-0.631934533 1.734743998 0.000000000 
-0.641393854 1.731265273 0.000000000 
-0.635649355 1.733498998 0.000000000 
-0.596260553 1.747212562 0.000000000 
-0.628941691 1.736003165 0.000000000 
-0.647418786 1.728911938 0.000000000 
-0.634885213 1.733683445 0.000000000 
-0.639727451 1.732070116 0.000000000 
-0.632343946 1.734766122 0.000000000 
-0.650434368 1.727789039 0.000000000 
-0.641149388 1.731412137 0.000000000 
-0.643654708 1.730324264 0.000000000 
-0.624937747 1.737196015 0.000000000 
-0.616819039 1.739875677 0.000000000 
-0.659721553 1.723758887 0.000000000 
-0.635997388 1.733486402 0.000000000 
-0.637678465 1.731939509 0.000000000 
-0.649510442 1.727992670 0.000000000 
-0.642404185 1.730272039 0.000000000 
-0.637272251 1.733006260 0.000000000 
-0.618197792 1.738660753 0.000000000 
-0.571421267 1.754945715 0.000000000 
-0.652368201 1.726921604 0.000000000 
-0.635996042 1.733320939 0.000000000 
-0.635648738 1.733392651 0.000000000 
-0.645742961 1.729782267 0.000000000 
-0.647068784 1.729076524 0.000000000 
-0.619802186 1.737973468 0.000000000 
-0.628438764 1.735049041 0.000000000 
-0.589853861 1.748028152 0.000000000 
-0.657563736 1.723351903 0.000000000 
-0.638297677 1.732648364 0.000000000 
-0.629859328 1.735813695 0.000000000 
-0.634329638 1.734802081 0.000000000 
-0.614626108 1.741484374 0.000000000 
-0.601131332 1.743466985 0.000000000 
-0.595774224 1.744905389 0.000000000 
-0.660491989 1.722627238 0.000000000 
-0.665785314 1.720111399 0.000000000 
-0.664509470 1.720743676 0.000000000 
-0.655409685 1.724514907 0.000000000 
-0.647951255 1.728390729 0.000000000 
-0.639102796 1.730528017 0.000000000 
-0.627667171 1.736297209 0.000000000 
-0.634858358 1.733783789 0.000000000 
-0.667233564 1.720813545 0.000000000 
-0.652744554 1.726877863 0.000000000 
-0.642332248 1.730938389 0.000000000 
-0.639886732 1.731774268 0.000000000 
-0.648464617 1.728637281 0.000000000 
-0.650102983 1.727918242 0.000000000 
-0.635058929 1.733669314 0.000000000 
-0.638669075 1.732348905 0.000000000 
-0.658611521 1.724473643 0.000000000 
-0.663108592 1.722478214 0.000000000 
-0.638084192 1.732701265 0.000000000 
-0.646472792 1.729291430 0.000000000 
-0.652533064 1.727062999 0.000000000 
-0.649671776 1.728293879 0.000000000 
-0.647197276 1.729304881 0.000000000 
-0.652600225 1.726980165 0.000000000 
-0.644147573 1.730531698 0.000000000 
-0.558105555 1.759228906 0.000000000 
-0.650039550 1.728095940 0.000000000 
-0.656972976 1.725229101 0.000000000 
-0.654528975 1.726211918 0.000000000 
-0.648599531 1.728685415 0.000000000 
-0.655517263 1.724500267 0.000000000 
-0.649122249 1.727521527 0.000000000 
-0.642614827 1.729801523 0.000000000 
-0.666087287 1.721210406 0.000000000 
-0.644208616 1.730476533 0.000000000 
-0.635248197 1.733753829 0.000000000 
-0.658705517 1.724449628 0.000000000 
-0.661143421 1.723496297 0.000000000 
-0.657890710 1.724879855 0.000000000 
-0.640893938 1.731748083 0.000000000 
-0.655847156 1.725601962 0.000000000 
-0.653079344 1.726951941 0.000000000 
-0.564549371 1.758010763 0.000000000 
-0.587715509 1.750084607 0.000000000 
-0.568376237 1.756965170 0.000000000 
-0.592752457 1.747978910 0.000000000 
-0.606785480 1.743871456 0.000000000 
-0.614729665 1.741179092 0.000000000 
-0.630054543 1.735565820 0.000000000 
-0.634104383 1.733976546 0.000000000 
-0.640566419 1.730297015 0.000000000 
-0.628337188 1.735503279 0.000000000 
-0.632490934 1.734292365 0.000000000 
-0.639010552 1.731597893 0.000000000 
-0.640487417 1.731665897 0.000000000 
-0.643718853 1.730458468 0.000000000 
-0.614654148 1.741242027 0.000000000 
-0.627448429 1.736809170 0.000000000 
-0.653773868 1.724904290 0.000000000 
-0.629016186 1.734693724 0.000000000 
-0.603042164 1.743492176 0.000000000 
-0.640137888 1.730344618 0.000000000 
-0.577366568 1.753176995 0.000000000 
-0.619325032 1.739026254 0.000000000 
-0.646699624 1.728124491 0.000000000 
-0.618857583 1.739089862 0.000000000 
-0.638751121 1.732118554 0.000000000 
-0.635864328 1.733472158 0.000000000 
-0.608601291 1.742872081 0.000000000 
-0.612326017 1.741558296 0.000000000 
-0.624926947 1.737086272 0.000000000 
-0.643122025 1.730676312 0.000000000 
-0.641692512 1.731413507 0.000000000 
-0.624993369 1.736951859 0.000000000 
-0.613669105 1.740811479 0.000000000 
-0.619346461 1.738955339 0.000000000 
-0.609278925 1.742269457 0.000000000 
-0.631813167 1.734518175 0.000000000 
-0.583826257 1.751391570 0.000000000 
-0.603124122 1.744714539 0.000000000 
-0.621218121 1.738797161 0.000000000 
-0.632707299 1.734681838 0.000000000 
-0.593470040 1.747444932 0.000000000 
-0.590325854 1.749181080 0.000000000 
-0.563500245 1.757482043 0.000000000 
-0.600542976 1.744918724 0.000000000 
-0.592432310 1.748498127 0.000000000 
-0.595944404 1.747260770 0.000000000 
-0.633073180 1.734465921 0.000000000 
-0.640668125 1.731666194 0.000000000 
-0.632432494 1.734872698 0.000000000 
-0.632462074 1.734772969 0.000000000 
-0.599537032 1.746023411 0.000000000 
-0.614280260 1.741055950 0.000000000 
-0.641334278 1.731378532 0.000000000 
-0.638456064 1.732519070 0.000000000 
-0.587635568 1.750087912 0.000000000 
-0.627460124 1.736625524 0.000000000 
-0.631187251 1.735069555 0.000000000 
-0.633342877 1.734302545 0.000000000 
-0.626821350 1.736701634 0.000000000 
-0.627300076 1.736552245 0.000000000 
-0.645136035 1.729811816 0.000000000 
-0.639337527 1.732150235 0.000000000 
-0.628256533 1.736080012 0.000000000 
-0.637736725 1.732882663 0.000000000 
-0.656303003 1.725580401 0.000000000 
-0.647608681 1.728980320 0.000000000 
-0.631145808 1.734918021 0.000000000 
-0.631547551 1.734985977 0.000000000 
-0.630583646 1.735459371 0.000000000 
-0.599951856 1.744891017 0.000000000 
-0.631748122 1.735176325 0.000000000 
-0.622493699 1.738291351 0.000000000 
-0.621346485 1.738729360 0.000000000 
-0.624315321 1.737191209 0.000000000 
-0.596710573 1.747042200 0.000000000 
-0.617876897 1.740078822 0.000000000 
-0.654514148 1.725739919 0.000000000 
-0.650043887 1.727324693 0.000000000 
-0.618034433 1.738999682 0.000000000 
-0.646815231 1.729689822 0.000000000 
-0.643791268 1.730392107 0.000000000 
-0.610291375 1.742669449 0.000000000 
-0.633534389 1.734306974 0.000000000 
-0.631847761 1.735002617 0.000000000 
-0.594691768 1.747023538 0.000000000 
-0.592138337 1.748466152 0.000000000 
-0.645654981 1.728781749 0.000000000 
-0.569752423 1.754980164 0.000000000 
-0.637819529 1.732440339 0.000000000 
-0.627786382 1.736083289 0.000000000 
-0.619727010 1.738945896 0.000000000 
-0.614765232 1.740575342 0.000000000 
-0.637266844 1.733169245 0.000000000 
-0.632305393 1.734989711 0.000000000 
-0.636634702 1.733097279 0.000000000 
-0.614267954 1.740966541 0.000000000 
-0.633091296 1.734381302 0.000000000 
-0.630547937 1.735407052 0.000000000 
-0.659503422 1.724026597 0.000000000 
-0.650571657 1.727589800 0.000000000 
-0.662573014 1.722681872 0.000000000 
-0.656806785 1.725058015 0.000000000 
-0.646186699 1.729540424 0.000000000 
-0.650037573 1.727874195 0.000000000 
-0.644315682 1.730369635 0.000000000 
-0.645294562 1.729810249 0.000000000 
-0.655507605 1.725942505 0.000000000 
-0.658955583 1.724406911 0.000000000 
-0.626312807 1.735835917 0.000000000 
-0.633373505 1.733099566 0.000000000 
-0.594105386 1.747689381 0.000000000 
-0.639729801 1.731400247 0.000000000 
-0.649757239 1.727989148 0.000000000 
-0.650855729 1.727591582 0.000000000 
-0.643971376 1.730230336 0.000000000 
-0.659831488 1.723773830 0.000000000 
-0.613621117 1.741292839 0.000000000 
-0.619951746 1.739139601 0.000000000 
-0.653170752 1.726633455 0.000000000 
-0.655726303 1.725685979 0.000000000 
-0.631767972 1.734807834 0.000000000 
-0.647178806 1.728902396 0.000000000 
-0.658340527 1.724408853 0.000000000 
-0.636966094 1.732785160 0.000000000 
-0.633275196 1.733169463 0.000000000 
-0.635498669 1.731954182 0.000000000 
-0.646505942 1.727986050 0.000000000 
-0.639072849 1.731316488 0.000000000 
-0.652951889 1.726946943 0.000000000 
-0.656333797 1.725411586 0.000000000 
-0.645445106 1.729923495 0.000000000 
-0.640902655 1.731645673 0.000000000 
-0.619679787 1.738617072 0.000000000 
-0.627132535 1.735447102 0.000000000 
-0.644641372 1.728485614 0.000000000 
-0.647026286 1.728725370 0.000000000 
-0.624951302 1.736267346 0.000000000 
-0.593836833 1.746941925 0.000000000 
-0.649580146 1.727229953 0.000000000 
-0.644873533 1.729129394 0.000000000 
-0.613420562 1.739901203 0.000000000 
-0.640949785 1.731795609 0.000000000 
-0.660422966 1.722447482 0.000000000 
-0.645179903 1.728312316 0.000000000 
-0.639502276 1.732102559 0.000000000 
-0.651481831 1.727538624 0.000000000 
-0.628359820 1.736431398 0.000000000 
-0.602183451 1.746042139 0.000000000 
-0.657332594 1.724312926 0.000000000 
-0.658640929 1.723588428 0.000000000 
-0.608588599 1.742868478 0.000000000 
-0.607408672 1.742739341 0.000000000 
-0.593262278 1.746537330 0.000000000 
-0.600401519 1.744032348 0.000000000 
-0.649957590 1.726423338 0.000000000 
-0.645106584 1.728415023 0.000000000 
-0.652086600 1.727353339 0.000000000 
-0.657386399 1.725112034 0.000000000 
-0.635558025 1.733850338 0.000000000 
-0.617701909 1.740360467 0.000000000 
-0.633361386 1.733430985 0.000000000 
-0.619251328 1.738371333 0.000000000 
-0.635150921 1.733701345 0.000000000 
-0.615386532 1.741127529 0.000000000 
-0.657156514 1.725121410 0.000000000 
-0.653059514 1.726867610 0.000000000 
-0.634248483 1.734028902 0.000000000 
-0.643729283 1.730454442 0.000000000 
-0.641474012 1.731111862 0.000000000 
-0.613821237 1.741228511 0.000000000 
-0.659029309 1.724355417 0.000000000 
-0.657651597 1.724829938 0.000000000 
-0.605089958 1.743770830 0.000000000 
-0.608109683 1.742730268 0.000000000 
-0.626059001 1.736646000 0.000000000 
-0.646814271 1.728919045 0.000000000 
-0.594986997 1.748155354 0.000000000 
-0.635496198 1.733362234 0.000000000 
-0.661977635 1.723598633 0.000000000 
-0.599888092 1.745563435 0.000000000 
-0.627535394 1.736295157 0.000000000 
-0.640600962 1.731381819 0.000000000 
-0.611872423 1.741576294 0.000000000 
-0.621903576 1.738289186 0.000000000 
-0.588892677 1.747996130 0.000000000 
-0.594123090 1.746633992 0.000000000 
-0.623587186 1.736816153 0.000000000 
-0.642996187 1.729068889 0.000000000 
-0.622292365 1.738530616 0.000000000 
-0.627683096 1.736458432 0.000000000 
-0.618227894 1.739746316 0.000000000 
-0.635542525 1.733585492 0.000000000 
-0.641391957 1.731810232 0.000000000 
-0.622293378 1.737882146 0.000000000 
-0.585043489 1.751309538 0.000000000 
-0.613275097 1.741730931 0.000000000 
-0.636173281 1.733353444 0.000000000 
-0.649227427 1.728280512 0.000000000 
-0.577948449 1.753461706 0.000000000 
-0.581482699 1.752210739 0.000000000 
-0.655005889 1.725961688 0.000000000 
-0.649123014 1.728401193 0.000000000 
-0.616944314 1.740196801 0.000000000 
-0.605228802 1.744035804 0.000000000 
-0.649620659 1.727843495 0.000000000 
-0.639704360 1.731881151 0.000000000 
-0.661237692 1.723112298 0.000000000 
-0.661044307 1.723113788 0.000000000 
-0.650814922 1.727457967 0.000000000 
-0.661032629 1.723275712 0.000000000 
-0.662345257 1.722771125 0.000000000 
-0.647974916 1.728673415 0.000000000 
-0.637834643 1.732853904 0.000000000 
-0.635862022 1.733298242 0.000000000 
-0.663583609 1.722355759 0.000000000 
-0.654065488 1.726334430 0.000000000 
-0.611566470 1.741795403 0.000000000 
-0.634541410 1.733816823 0.000000000 
-0.645965386 1.729701355 0.000000000 
-0.652030106 1.727124658 0.000000000 
-0.629213496 1.735693351 0.000000000 
-0.614190246 1.740753837 0.000000000 
-0.660575168 1.723319887 0.000000000 
-0.659941181 1.723534134 0.000000000 
-0.655850832 1.724941739 0.000000000 
-0.658990009 1.723526458 0.000000000 
-0.642108152 1.730531825 0.000000000 
-0.652943063 1.726128108 0.000000000 
-0.611825705 1.742029718 0.000000000 
-0.609949929 1.742471927 0.000000000 
-0.657567755 1.724973764 0.000000000 
-0.659450728 1.724219075 0.000000000 
-0.645023166 1.729980257 0.000000000 
-0.632403633 1.734850431 0.000000000 
-0.659710638 1.723987514 0.000000000 
-0.658907520 1.724418739 0.000000000 
-0.641244259 1.729583756 0.000000000 
-0.595347816 1.746542955 0.000000000 
-0.655537323 1.724336292 0.000000000 
-0.648445373 1.727334303 0.000000000 
-0.622280887 1.737957896 0.000000000 
-0.633573645 1.734916335 0.000000000 
-0.612521190 1.743411990 0.000000000 
-0.655667127 1.725763480 0.000000000 
-0.647823832 1.727320650 0.000000000 
-0.658813798 1.723274160 0.000000000 
-0.646535257 1.727649185 0.000000000 
-0.648513210 1.726489598 0.000000000 
-0.582949511 1.750756377 0.000000000 
-0.568129692 1.755185495 0.000000000 
-0.659216379 1.723334263 0.000000000 
-0.660666982 1.722787866 0.000000000 
-0.633414109 1.734211364 0.000000000 
-0.621048342 1.738638347 0.000000000 
-0.662743276 1.722771391 0.000000000 
-0.661706873 1.723315758 0.000000000 
-0.632768784 1.734332074 0.000000000 
-0.633139668 1.734205470 0.000000000 
-0.643395823 1.730576759 0.000000000 
-0.633698540 1.734260903 0.000000000 
-0.613526713 1.741042477 0.000000000 
-0.621781614 1.738121087 0.000000000 
-0.643819702 1.730455332 0.000000000 
-0.649870814 1.728024108 0.000000000 
-0.633024879 1.734532605 0.000000000 
-0.644786577 1.729987063 0.000000000 
-0.635844184 1.733481562 0.000000000 
-0.640256091 1.731768486 0.000000000 
-0.637760884 1.732779885 0.000000000 
-0.636854409 1.733136633 0.000000000 
-0.611667384 1.742185494 0.000000000 
-0.627075926 1.736785163 0.000000000 
-0.629405497 1.735965620 0.000000000 
-0.646902979 1.729234488 0.000000000 
-0.633811306 1.734057871 0.000000000 
-0.648668300 1.728613245 0.000000000 
-0.614222014 1.741437951 0.000000000 
-0.623453265 1.738058238 0.000000000 
-0.646652982 1.729432488 0.000000000 
-0.646076107 1.729719812 0.000000000 
-0.627656558 1.736705839 0.000000000 
-0.623442356 1.738378809 0.000000000 
-0.653827617 1.726509931 0.000000000 
-0.657040857 1.725309352 0.000000000 
-0.634116848 1.734224834 0.000000000 
-0.600133797 1.745871571 0.000000000 
-0.664405324 1.722124796 0.000000000 
-0.655715380 1.726147304 0.000000000 
-0.629491320 1.735544114 0.000000000 
-0.623054351 1.737812458 0.000000000 
-0.656103582 1.725414131 0.000000000 
-0.650937033 1.727530647 0.000000000 
-0.635488557 1.733252909 0.000000000 
-0.636558332 1.733003912 0.000000000 
-0.652751934 1.726720277 0.000000000 
-0.646136408 1.729340811 0.000000000 
-0.632422632 1.734521000 0.000000000 
-0.638010716 1.732578489 0.000000000 
-0.650539120 1.727602568 0.000000000 
-0.647505447 1.728758583 0.000000000 
-0.649700051 1.728070103 0.000000000 
-0.655736394 1.725591349 0.000000000 
-0.648947534 1.728191542 0.000000000 
-0.640248882 1.731531325 0.000000000 
-0.647073583 1.729089476 0.000000000 
-0.643637685 1.730537541 0.000000000 
-0.648244688 1.728451447 0.000000000 
-0.645831775 1.729386077 0.000000000 
-0.652504384 1.726908661 0.000000000 
-0.653087659 1.726617138 0.000000000 
-0.636812671 1.732737658 0.000000000 
-0.621454687 1.738506033 0.000000000 
-0.640495924 1.731663877 0.000000000 
-0.646800626 1.729213589 0.000000000 
-0.663562657 1.722276181 0.000000000 
-0.658231642 1.724611461 0.000000000 
-0.643040451 1.730672966 0.000000000 
-0.651546138 1.727327113 0.000000000 
-0.660284223 1.723702665 0.000000000 
-0.662139604 1.722884571 0.000000000 
-0.633239786 1.734248965 0.000000000 
-0.638570207 1.732340102 0.000000000 
-0.651745130 1.727173176 0.000000000 
-0.664192714 1.722214648 0.000000000 
-0.641528990 1.731159817 0.000000000 
-0.647887841 1.728765032 0.000000000 
-0.653725459 1.726508951 0.000000000 
-0.659651010 1.723961042 0.000000000 
-0.633553448 1.734343451 0.000000000 
-0.636663703 1.733196876 0.000000000 
-0.658810478 1.724416772 0.000000000 
-0.655058326 1.725892142 0.000000000 
-0.639165278 1.732112115 0.000000000 
-0.632415738 1.734810939 0.000000000 
-0.662809511 1.722644807 0.000000000 
-0.656206789 1.725402027 0.000000000 
-0.655042475 1.725824882 0.000000000 
-0.657446475 1.724927624 0.000000000 
-0.655758231 1.725457608 0.000000000 
-0.650914659 1.727558224 0.000000000 
-0.655822432 1.725560067 0.000000000 
-0.658672796 1.724387365 0.000000000 
-0.656221981 1.725250257 0.000000000 
-0.660159362 1.723776907 0.000000000 
-0.650040234 1.728001597 0.000000000 
-0.661691224 1.722909768 0.000000000 
-0.660323391 1.723600839 0.000000000 
-0.655215625 1.725848656 0.000000000 
-0.631683437 1.735097868 0.000000000 
-0.642594382 1.731067243 0.000000000 
-0.640609792 1.731632494 0.000000000 
-0.647005654 1.729260477 0.000000000 
-0.634142852 1.734121104 0.000000000 
-0.640149448 1.731849342 0.000000000 
-0.653846497 1.726390743 0.000000000 
-0.660630095 1.723687500 0.000000000 
-0.600138806 1.746159296 0.000000000 
-0.620866059 1.738675345 0.000000000 
-0.655278998 1.725876304 0.000000000 
-0.656487431 1.725430350 0.000000000 
-0.641106837 1.731442839 0.000000000 
-0.634711675 1.733963021 0.000000000 
-0.631020329 1.735365327 0.000000000 
-0.627594653 1.736398935 0.000000000 
-0.617894754 1.739707794 0.000000000 
-0.634957791 1.733785075 0.000000000 
-0.634028393 1.734203446 0.000000000 
-0.624010513 1.737832971 0.000000000 
-0.628013973 1.736094190 0.000000000 
-0.620039269 1.738727105 0.000000000 
-0.635722084 1.733601928 0.000000000 
-0.647032453 1.729314605 0.000000000 
-0.592794591 1.747662912 0.000000000 
-0.592896802 1.748255103 0.000000000 
-0.593924905 1.748383608 0.000000000 
-0.646852778 1.728086777 0.000000000 
-0.634461937 1.734286006 0.000000000 
-0.621935586 1.738326445 0.000000000 
-0.591211205 1.748885333 0.000000000 
-0.584720500 1.751190685 0.000000000 
-0.608753455 1.743178566 0.000000000 
-0.638063462 1.732705713 0.000000000 
-0.616271681 1.740698737 0.000000000 
-0.608146073 1.743351382 0.000000000 
-0.643502331 1.730787304 0.000000000 
-0.630563036 1.735434913 0.000000000 
-0.666551066 1.721292733 0.000000000 
-0.660778904 1.723737694 0.000000000 
-0.629652499 1.735971168 0.000000000 
-0.639717511 1.732118165 0.000000000 
-0.664182100 1.722145926 0.000000000 
-0.672946429 1.718554970 0.000000000 
-0.619468943 1.737791205 0.000000000 
-0.631123469 1.735495508 0.000000000 
-0.657096224 1.723873019 0.000000000 
-0.659664893 1.724187728 0.000000000 
-0.616088837 1.739697665 0.000000000 
-0.601054687 1.743985123 0.000000000 
-0.611658496 1.740684261 0.000000000 
-0.654707159 1.724452088 0.000000000 
-0.634762445 1.733706388 0.000000000 
-0.657481525 1.725060654 0.000000000 
-0.645247299 1.730027020 0.000000000 
-0.647903678 1.728972915 0.000000000 
-0.609893093 1.742201960 0.000000000 
-0.619227224 1.739640528 0.000000000 
-0.645241143 1.728533779 0.000000000 
-0.597290894 1.745962439 0.000000000 
-0.622278715 1.738643787 0.000000000 
-0.603074516 1.745292513 0.000000000 
-0.609482973 1.742766142 0.000000000 
-0.603172568 1.744590485 0.000000000 
-0.552865595 1.761773236 0.000000000 
-0.590617164 1.748994469 0.000000000 
-0.567966781 1.756883378 0.000000000 
-0.589993847 1.748777011 0.000000000 
-0.624532275 1.736812481 0.000000000 
-0.659861812 1.722394420 0.000000000 
-0.620911872 1.738115945 0.000000000 
-0.631270797 1.734657106 0.000000000 
-0.652032992 1.727246352 0.000000000 
-0.632460909 1.734575295 0.000000000 
-0.661884031 1.723121265 0.000000000 
-0.659886833 1.723986867 0.000000000 
-0.633688564 1.734364573 0.000000000 
-0.634551255 1.733734410 0.000000000 
-0.661068673 1.723496128 0.000000000 
-0.661221598 1.723451414 0.000000000 
-0.655575612 1.725566588 0.000000000 
-0.657632521 1.724617440 0.000000000 
-0.660732481 1.723303854 0.000000000 
-0.666897392 1.720686917 0.000000000 
-0.642561754 1.730893055 0.000000000 
-0.627898620 1.736525946 0.000000000 
-0.657181076 1.725001303 0.000000000 
-0.563813527 1.756861539 0.000000000 
-0.630321250 1.735604208 0.000000000 
-0.640144980 1.731990821 0.000000000 
-0.653328234 1.726907688 0.000000000 
-0.660028901 1.723948057 0.000000000 
-0.640293595 1.731929088 0.000000000 
-0.646002067 1.729679564 0.000000000 
-0.658011425 1.724684108 0.000000000 
-0.658597174 1.724602522 0.000000000 
-0.661862163 1.723153214 0.000000000 
-0.651595844 1.727358084 0.000000000 
-0.642131840 1.731288450 0.000000000 
-0.636558491 1.733114243 0.000000000 
-0.622732100 1.737942320 0.000000000 
-0.650926598 1.727576354 0.000000000 
-0.659204440 1.724226607 0.000000000 
-0.659473373 1.724057582 0.000000000 
-0.649958679 1.728087907 0.000000000 
-0.650311661 1.727853014 0.000000000 
-0.625519962 1.737181063 0.000000000 
-0.633292966 1.734344691 0.000000000 
-0.631803949 1.735008527 0.000000000 
-0.634797422 1.734041571 0.000000000 
-0.597541684 1.746984568 0.000000000 
-0.605089080 1.744292214 0.000000000 
-0.642200020 1.729983178 0.000000000 
-0.632870592 1.733198275 0.000000000 
-0.625307550 1.737428258 0.000000000 
-0.618583350 1.738750361 0.000000000 
-0.641455396 1.731424981 0.000000000 
-0.646308664 1.729649255 0.000000000 
-0.614424350 1.741067634 0.000000000 
-0.604082372 1.744500775 0.000000000 
-0.630554752 1.735461412 0.000000000 
-0.652211670 1.727118497 0.000000000 
-0.645295574 1.729949341 0.000000000 
-0.649725688 1.728041845 0.000000000 
-0.635979229 1.733433655 0.000000000 
-0.620416339 1.737847979 0.000000000 
-0.573936082 1.754174688 0.000000000 
-0.599977361 1.745042791 0.000000000 
-0.599462513 1.744329256 0.000000000 
-0.613099636 1.740338703 0.000000000 
-0.609812023 1.740778328 0.000000000 
-0.620817690 1.737429782 0.000000000 
-0.624203556 1.737477157 0.000000000 
-0.631261498 1.735009194 0.000000000 
-0.652435256 1.726768281 0.000000000 
-0.661956661 1.722759547 0.000000000 
-0.640327778 1.731800308 0.000000000 
-0.640735285 1.731576664 0.000000000 
-0.625583401 1.737027721 0.000000000 
-0.621767617 1.738535637 0.000000000 
-0.624198732 1.736904862 0.000000000 
-0.629496983 1.736415326 0.000000000 
-0.630095057 1.734663756 0.000000000 
-0.630751750 1.734743688 0.000000000 
-0.649103765 1.727098994 0.000000000 
-0.657408728 1.723451188 0.000000000 
-0.603495492 1.743540715 0.000000000 
-0.589712609 1.747277764 0.000000000 
-0.608982312 1.742877735 0.000000000 
-0.633566386 1.734344755 0.000000000 
-0.622116232 1.738639123 0.000000000 
-0.657972113 1.724868120 0.000000000 
-0.614486844 1.739429362 0.000000000 
-0.625269252 1.736880582 0.000000000 
-0.628892196 1.734641529 0.000000000 
-0.615359700 1.739808003 0.000000000 
-0.633241551 1.734275535 0.000000000 
-0.628112575 1.735985255 0.000000000 
-0.657984400 1.724452102 0.000000000 
-0.657839175 1.724673858 0.000000000 
-0.634795464 1.733060093 0.000000000 
-0.637199421 1.732121969 0.000000000 
-0.629525368 1.735967130 0.000000000 
-0.647432543 1.729039810 0.000000000 
-0.642901858 1.730456203 0.000000000 
-0.650402139 1.727822331 0.000000000 
-0.645478346 1.729508561 0.000000000 
-0.651419745 1.727179860 0.000000000 
-0.630364879 1.735582892 0.000000000 
-0.645866684 1.729837971 0.000000000 
-0.660330048 1.723881767 0.000000000 
-0.653263491 1.726829028 0.000000000 
-0.641597517 1.730937727 0.000000000 
-0.645889625 1.729345385 0.000000000 
-0.655400781 1.725398475 0.000000000 
-0.641358012 1.731020851 0.000000000 
-0.651381567 1.727770945 0.000000000 
-0.651348191 1.727752611 0.000000000 
-0.610809134 1.743329058 0.000000000 
-0.638632552 1.732317782 0.000000000 
-0.587292114 1.749510308 0.000000000 
-0.614609463 1.740791053 0.000000000 
-0.649331735 1.728750771 0.000000000 
-0.636725374 1.733076497 0.000000000 
-0.647876319 1.727482187 0.000000000 
-0.655277757 1.724336084 0.000000000 
-0.652084201 1.726288123 0.000000000 
-0.654189328 1.724707883 0.000000000 
-0.600709972 1.744488702 0.000000000 
-0.603746223 1.743446351 0.000000000 
-0.629779487 1.734225935 0.000000000 
-0.635761215 1.731923128 0.000000000 
-0.646214662 1.728779738 0.000000000 
-0.641675122 1.730015125 0.000000000 
-0.652548618 1.726539149 0.000000000 
-0.646787613 1.728782852 0.000000000 
-0.655182091 1.725782256 0.000000000 
-0.655574396 1.725776335 0.000000000 
-0.660506295 1.723732733 0.000000000 
-0.664308010 1.721917589 0.000000000 
-0.627816520 1.736728673 0.000000000 
-0.642990445 1.730766869 0.000000000 
-0.650247965 1.727953920 0.000000000 
-0.663921289 1.722200204 0.000000000 
-0.638843880 1.732278031 0.000000000 
-0.638077131 1.732281900 0.000000000 
-0.654623931 1.725731392 0.000000000 
-0.635216163 1.733379482 0.000000000 
-0.647510879 1.727730931 0.000000000 
-0.653335002 1.726136771 0.000000000 
-0.647878295 1.727743894 0.000000000 
-0.659323328 1.723163582 0.000000000 
-0.642472088 1.731024042 0.000000000 
-0.646720778 1.729353824 0.000000000 
-0.643255978 1.730566286 0.000000000 
-0.640000917 1.731772458 0.000000000 
-0.623164334 1.736851391 0.000000000 
-0.646559111 1.728685647 0.000000000 
-0.647204649 1.728543046 0.000000000 
-0.655374372 1.725302034 0.000000000 
-0.585204190 1.750437012 0.000000000 
-0.633651053 1.733355771 0.000000000 
-0.632361642 1.734231797 0.000000000 
-0.649493177 1.727676491 0.000000000 
-0.647611707 1.729008610 0.000000000 
-0.626602630 1.737017830 0.000000000 
-0.632829398 1.734833542 0.000000000 
-0.639755839 1.732060299 0.000000000 
-0.627634310 1.736118279 0.000000000 
-0.604478656 1.744172810 0.000000000 
-0.652238854 1.726980695 0.000000000 
-0.660676357 1.723530176 0.000000000 
-0.637087150 1.732626640 0.000000000 
-0.631258109 1.735257927 0.000000000 
-0.635701859 1.733425561 0.000000000 
-0.638066412 1.732479802 0.000000000 
-0.606976262 1.741641885 0.000000000 
-0.657698056 1.724052678 0.000000000 
-0.640406213 1.731871444 0.000000000 
-0.611686129 1.740637997 0.000000000 
-0.658489565 1.724426709 0.000000000 
-0.651477343 1.727177372 0.000000000 
-0.615044889 1.740622667 0.000000000 
-0.623643764 1.737324314 0.000000000 
-0.656064511 1.725379268 0.000000000 
-0.652790427 1.726771221 0.000000000 
-0.605184955 1.743934423 0.000000000 
-0.584809747 1.750557092 0.000000000 
-0.662136548 1.722836400 0.000000000 
-0.644783100 1.730000789 0.000000000 
-0.632141938 1.734384815 0.000000000 
-0.621109504 1.738364825 0.000000000 
-0.639278210 1.732053281 0.000000000 
-0.630555038 1.735439708 0.000000000 
-0.660606862 1.723620714 0.000000000 
-0.660741450 1.723533585 0.000000000 
-0.632847446 1.734352049 0.000000000 
-0.643598880 1.730662703 0.000000000 
-0.666218834 1.721360171 0.000000000 
-0.664747850 1.721837914 0.000000000 
-0.615306733 1.740561670 0.000000000 
-0.633325148 1.734471904 0.000000000 
-0.639277869 1.732105823 0.000000000 
-0.656908867 1.725113404 0.000000000 
-0.645983986 1.729291244 0.000000000 
-0.636709782 1.732883740 0.000000000 
-0.652811728 1.726826500 0.000000000 
-0.603445858 1.744996035 0.000000000 
-0.627251063 1.736081513 0.000000000 
-0.603672202 1.744220860 0.000000000 
-0.658119386 1.724559919 0.000000000 
-0.650526833 1.727660441 0.000000000 
-0.638207084 1.732256915 0.000000000 
-0.634366481 1.733984318 0.000000000 
-0.632744828 1.734290716 0.000000000 
-0.657764925 1.724757972 0.000000000 
-0.644793887 1.730423490 0.000000000 
-0.579598651 1.752690780 0.000000000 
-0.586123626 1.750901605 0.000000000 
-0.591023390 1.749114001 0.000000000 
-0.629306008 1.735711650 0.000000000 
-0.620559748 1.738790932 0.000000000 
-0.594415948 1.747434781 0.000000000 
-0.595244726 1.747273458 0.000000000 
-0.601782140 1.745035136 0.000000000 
-0.598822850 1.746152474 0.000000000 
-0.596732422 1.746930657 0.000000000 
-0.601142001 1.745263640 0.000000000 
-0.618910482 1.739295567 0.000000000 
-0.628980149 1.736078931 0.000000000 
-0.667654738 1.720664226 0.000000000 
-0.659234799 1.724169406 0.000000000 
-0.621316224 1.738949564 0.000000000 
-0.654375003 1.726208673 0.000000000 
-0.665969428 1.721382131 0.000000000 
-0.652988343 1.726862791 0.000000000 
-0.647571788 1.728962961 0.000000000 
-0.627334507 1.736754001 0.000000000 
-0.646134787 1.728074417 0.000000000 
-0.649296635 1.727060894 0.000000000 
-0.586527052 1.750284477 0.000000000 
-0.582765045 1.751649425 0.000000000 
-0.637164673 1.732745654 0.000000000 
-0.621723106 1.738215731 0.000000000 
-0.582440497 1.752440020 0.000000000 
-0.582144196 1.751629326 0.000000000 
-0.580933527 1.752408624 0.000000000 
-0.654072176 1.725365532 0.000000000 
-0.609715737 1.742140678 0.000000000 
-0.594835665 1.747389026 0.000000000 
-0.627159477 1.736234810 0.000000000 
-0.658120029 1.724583968 0.000000000 
-0.656247047 1.725344889 0.000000000 
-0.654527454 1.726121541 0.000000000 
-0.594762873 1.747498218 0.000000000 
-0.609115200 1.742856606 0.000000000 
-0.647236250 1.728987308 0.000000000 
-0.657419347 1.724834797 0.000000000 
-0.597473297 1.746829648 0.000000000 
-0.592198377 1.748166225 0.000000000 
-0.660227011 1.723714333 0.000000000 
-0.656872353 1.725010408 0.000000000 
-0.608402707 1.742971034 0.000000000 
-0.593090990 1.747979490 0.000000000 
-0.660863776 1.723547203 0.000000000 
-0.663128877 1.722569674 0.000000000 
-0.666855926 1.720955150 0.000000000 
-0.628734167 1.735897209 0.000000000 
-0.641857791 1.730859420 0.000000000 
-0.645975660 1.729509780 0.000000000 
-0.654721324 1.726131661 0.000000000 
-0.640891277 1.731534913 0.000000000 
-0.642060429 1.730023372 0.000000000 
-0.592800106 1.746623694 0.000000000 
-0.634943555 1.733756027 0.000000000 
-0.639175063 1.732270637 0.000000000 
-0.623374679 1.737883414 0.000000000 
-0.581855467 1.750556595 0.000000000 
-0.638622277 1.732126227 0.000000000 
-0.586476378 1.749965915 0.000000000 
-0.621126530 1.738618707 0.000000000 
-0.601122541 1.745168111 0.000000000 
-0.652548580 1.726914524 0.000000000 
-0.654826508 1.725848450 0.000000000 
-0.627241524 1.736507995 0.000000000 
-0.643035136 1.730440943 0.000000000 
-0.640697633 1.731535300 0.000000000 
-0.640549320 1.731426054 0.000000000 
-0.653148424 1.726637665 0.000000000 
-0.649263895 1.728157065 0.000000000 
-0.595449169 1.747283711 0.000000000 
-0.594599395 1.747647246 0.000000000 
-0.649567657 1.728121734 0.000000000 
-0.643331518 1.730681568 0.000000000 
-0.604836856 1.744024387 0.000000000 
-0.623615144 1.737559890 0.000000000 
-0.655481211 1.724416603 0.000000000 
-0.591145300 1.747083225 0.000000000 
-0.603323862 1.743458621 0.000000000 
-0.592608084 1.746585699 0.000000000 
-0.662653706 1.722411946 0.000000000 
-0.608332579 1.743292495 0.000000000 
-0.665905126 1.721612212 0.000000000 
-0.654401943 1.726222485 0.000000000 
-0.632500316 1.734533972 0.000000000 
-0.609514152 1.742690667 0.000000000 
-0.664638385 1.722003703 0.000000000 
-0.666153759 1.721224228 0.000000000 
-0.602923132 1.744771163 0.000000000 
-0.636215178 1.733039953 0.000000000 
-0.652586302 1.726956596 0.000000000 
-0.658261987 1.724505021 0.000000000 
-0.638469108 1.731490703 0.000000000 
-0.630820732 1.734206261 0.000000000 
-0.656445401 1.724277208 0.000000000 
-0.660006190 1.722799440 0.000000000 
-0.636402894 1.733132176 0.000000000 
-0.652039817 1.726855508 0.000000000 
-0.653307317 1.726429267 0.000000000 
-0.639562839 1.731794106 0.000000000 
-0.624237627 1.737466234 0.000000000 
-0.636646161 1.733039778 0.000000000 
-0.659520003 1.723966467 0.000000000 
-0.658616480 1.724568628 0.000000000 
-0.652236083 1.727062983 0.000000000 
-0.648006794 1.728772866 0.000000000 
-0.656704590 1.725218917 0.000000000 
-0.656881028 1.725086072 0.000000000 
-0.640129412 1.731193253 0.000000000 
-0.648073775 1.727413374 0.000000000 
-0.649959123 1.727685523 0.000000000 
-0.641005782 1.731092478 0.000000000 
-0.654519301 1.726186650 0.000000000 
-0.658042328 1.724675453 0.000000000 
-0.661926996 1.723117359 0.000000000 
-0.660208198 1.723766745 0.000000000 
-0.584934603 1.750784256 0.000000000 
-0.584025623 1.749698910 0.000000000 
-0.660608097 1.723170888 0.000000000 
-0.650800652 1.727524414 0.000000000 
-0.599215242 1.745547896 0.000000000 
-0.622641730 1.737818700 0.000000000 
-0.655745602 1.724673947 0.000000000 
-0.639938823 1.731287707 0.000000000 
-0.633338239 1.734642408 0.000000000 
-0.635142037 1.733973854 0.000000000 
-0.643140052 1.731033412 0.000000000 
-0.656846156 1.725323508 0.000000000 
-0.644670590 1.729672159 0.000000000 
-0.641274490 1.730968201 0.000000000 
-0.642518371 1.730447429 0.000000000 
-0.641311889 1.731079467 0.000000000 
-0.639022029 1.732281922 0.000000000 
-0.654719203 1.726065810 0.000000000 
-0.658953673 1.724503433 0.000000000 
-0.660059195 1.724001652 0.000000000 
-0.651560697 1.727595644 0.000000000 
-0.640726591 1.732107416 0.000000000 
-0.650347601 1.727801620 0.000000000 
-0.642455129 1.731653730 0.000000000 
-0.634901718 1.733840039 0.000000000 
-0.644675226 1.729059844 0.000000000 
-0.625443230 1.737592116 0.000000000 
-0.643480628 1.730577576 0.000000000 
-0.615168228 1.740660938 0.000000000 
-0.630733771 1.735163078 0.000000000 
-0.657919519 1.724598453 0.000000000 
-0.653644955 1.726423663 0.000000000 
-0.638261020 1.732356745 0.000000000 
-0.641828311 1.731055163 0.000000000 
-0.645109676 1.729657866 0.000000000 
-0.656266518 1.725218801 0.000000000 
-0.586973124 1.749762995 0.000000000 
-0.597164450 1.745467715 0.000000000 
-0.566704966 1.755657317 0.000000000 
-0.653514301 1.725038846 0.000000000 
-0.641812709 1.730739451 0.000000000 
-0.632595238 1.734942193 0.000000000 
-0.632725644 1.733327174 0.000000000 
-0.647412375 1.729241286 0.000000000 
-0.655591974 1.724021297 0.000000000 
-0.640511935 1.730288510 0.000000000 
-0.653488296 1.725449809 0.000000000 
-0.638687278 1.731265385 0.000000000 
-0.629637651 1.735732005 0.000000000 
-0.636627686 1.732917185 0.000000000 
-0.660013235 1.723945195 0.000000000 
-0.648217844 1.728589444 0.000000000 
-0.655698874 1.725617256 0.000000000 
-0.646359819 1.729383545 0.000000000 
-0.638809348 1.732322087 0.000000000 
-0.632971262 1.734397582 0.000000000 
-0.624569959 1.737395438 0.000000000 
-0.615501367 1.740713265 0.000000000 
-0.655710035 1.725523610 0.000000000 
-0.649747751 1.728072775 0.000000000 
-0.642470906 1.731162562 0.000000000 
-0.638549618 1.732543777 0.000000000 
-0.645220384 1.729749309 0.000000000 
-0.640201859 1.731782563 0.000000000 
-0.604979654 1.742436597 0.000000000 
-0.653749540 1.725725888 0.000000000 
-0.596088309 1.746791330 0.000000000 
-0.584233922 1.750982098 0.000000000 
-0.654831067 1.726002626 0.000000000 
-0.648349099 1.728697974 0.000000000 
-0.637594483 1.732644952 0.000000000 
-0.635202653 1.733599178 0.000000000 
-0.625823188 1.737265089 0.000000000 
-0.606883047 1.743723569 0.000000000 
-0.655075890 1.725973344 0.000000000 
-0.651010396 1.727584257 0.000000000 
-0.624807389 1.737340733 0.000000000 
-0.599052439 1.746313296 0.000000000 
-0.657390488 1.725050332 0.000000000 
-0.654410234 1.726240949 0.000000000 
-0.611036587 1.742226247 0.000000000 
-0.618064150 1.739811312 0.000000000 
-0.652684164 1.726890877 0.000000000 
-0.648649493 1.728572924 0.000000000 
-0.657227844 1.724682112 0.000000000 
-0.632021152 1.734584941 0.000000000 
-0.635115315 1.733443183 0.000000000 
-0.652878338 1.726471863 0.000000000 
-0.660385097 1.723533337 0.000000000 
-0.656862783 1.725078944 0.000000000 
-0.656219016 1.725240054 0.000000000 
-0.658812802 1.724189870 0.000000000 
-0.648323035 1.727857427 0.000000000 
-0.628293424 1.736982781 0.000000000 
-0.564107090 1.757458228 0.000000000 
-0.653254774 1.727012215 0.000000000 
-0.624336660 1.736553369 0.000000000 
-0.652264269 1.726533829 0.000000000 
-0.578229701 1.752645226 0.000000000 
-0.626912170 1.735926794 0.000000000 
-0.643018810 1.730820781 0.000000000 
-0.646923553 1.729358164 0.000000000 
-0.654316901 1.726393440 0.000000000 
-0.656195982 1.725603768 0.000000000 
-0.654218767 1.726012261 0.000000000 
-0.643681791 1.730133064 0.000000000 
-0.644124643 1.730151367 0.000000000 
-0.642556203 1.730421493 0.000000000 
-0.584798936 1.750232433 0.000000000 
-0.592302281 1.747454627 0.000000000 
-0.655075913 1.725452048 0.000000000 
-0.656518274 1.724699749 0.000000000 
-0.659818308 1.725087587 0.000000000 
-0.570935576 1.755902260 0.000000000 
-0.601608818 1.747104414 0.000000000 
-0.641954548 1.731523563 0.000000000 
-0.637160668 1.731105298 0.000000000 
-0.613405434 1.739857102 0.000000000 
-0.614518877 1.739293448 0.000000000 
-0.617876828 1.738169670 0.000000000 
-0.644754374 1.730354816 0.000000000 
-0.647093492 1.729194082 0.000000000 
-0.655557819 1.725918373 0.000000000 
-0.652560911 1.727060708 0.000000000 
-0.622263812 1.737322127 0.000000000 
-0.651628544 1.726782281 0.000000000 
-0.610260369 1.741547967 0.000000000 
-0.600483786 1.744806348 0.000000000 
-0.637148613 1.732131692 0.000000000 
-0.654433112 1.725706541 0.000000000 
-0.650249230 1.727471515 0.000000000 
-0.641891938 1.730961997 0.000000000 
-0.660257648 1.723699442 0.000000000 
-0.659788821 1.723917948 0.000000000 
-0.632483080 1.734379190 0.000000000 
-0.644084752 1.730123799 0.000000000 
-0.657675302 1.724435719 0.000000000 
-0.655638745 1.725508031 0.000000000 
-0.616141577 1.739901532 0.000000000 
-0.626398911 1.736396444 0.000000000 
-0.650462842 1.729293460 0.000000000 
-0.647305665 1.728255524 0.000000000 
-0.654279429 1.724721449 0.000000000 
-0.565928209 1.756883631 0.000000000 
-0.624158463 1.736591829 0.000000000 
-0.633931901 1.732780677 0.000000000 
-0.658695367 1.724541726 0.000000000 
-0.609673588 1.742830379 0.000000000 
-0.656009179 1.724872214 0.000000000 
-0.654571061 1.725240456 0.000000000 
-0.639274587 1.730940732 0.000000000 
-0.650443160 1.726786438 0.000000000 
-0.631932167 1.733891785 0.000000000 
-0.590483735 1.747721249 0.000000000 
-0.607634804 1.742173071 0.000000000 
-0.586124361 1.746100805 0.000000000 
-0.610077460 1.742551111 0.000000000 
-0.611711850 1.741930248 0.000000000 
-0.583265995 1.751578769 0.000000000 
-0.592016861 1.748123957 0.000000000 
-0.626954549 1.736902944 0.000000000 
-0.622960762 1.738320870 0.000000000 
-0.655689762 1.725729857 0.000000000 
-0.654767065 1.726064465 0.000000000 
-0.627984749 1.736385325 0.000000000 
-0.630059102 1.735733926 0.000000000 
-0.657598856 1.724832570 0.000000000 
-0.650977116 1.727573392 0.000000000 
-0.645784653 1.729601561 0.000000000 
-0.643638465 1.730484567 0.000000000 
-0.607347253 1.743175116 0.000000000 
-0.624500206 1.737476032 0.000000000 
-0.645935742 1.729550694 0.000000000 
-0.641449714 1.731264036 0.000000000 
-0.614739909 1.740657415 0.000000000 
-0.636416098 1.733046769 0.000000000 
-0.645205427 1.729988602 0.000000000 
-0.656432970 1.725196744 0.000000000 
-0.633516177 1.734176470 0.000000000 
-0.628317316 1.736024823 0.000000000 
-0.648450531 1.728516422 0.000000000 
-0.642614996 1.730821285 0.000000000 
-0.629609893 1.735510048 0.000000000 
-0.629522178 1.735742109 0.000000000 
-0.632655961 1.734494339 0.000000000 
-0.644294459 1.730398944 0.000000000 
-0.628662590 1.735870183 0.000000000 
-0.635468030 1.733660360 0.000000000 
-0.637233337 1.732807575 0.000000000 
-0.639769128 1.731998982 0.000000000 
-0.655119987 1.725979857 0.000000000 
-0.634525877 1.733826229 0.000000000 
