0.355060091 26.624187876 -5.694929278 
0.977338787 26.864239255 -4.966027828 
-18.398717613 19.345093626 0.447588320 
-18.242004673 19.395124013 0.544443405 
0.079347976 26.199614903 -7.536073238 
0.458159664 26.834889316 -5.639930911 
-18.391261481 19.380496587 -0.306205376 
-18.310566262 19.481362419 -0.157944876 
0.723757867 26.971549356 -4.898120364 
-0.003007515 26.994724222 -4.508422646 
-16.990364631 20.474579023 2.612872740 
-17.685671206 20.034947930 1.677652399 
7.587507678 19.754693429 8.734267973 
8.781051429 19.917492031 6.362073621 
-16.017847009 10.413707441 -9.533104702 
-15.817113337 11.145474845 -9.965653826 
8.140224103 20.247690178 6.276726648 
8.188413275 21.249267834 4.727912477 
-15.547933414 10.242825153 -9.866490102 
-15.634098165 10.822330164 -9.797592835 
7.469867668 19.467914403 8.782214160 
6.695298701 19.120963647 9.916770338 
-16.317179233 10.878347044 -8.928190175 
-16.204153597 10.924534380 -9.075215116 
9.252776894 12.390901715 8.069558104 
9.346978435 12.936551001 8.238990070 
-11.463955363 5.619822507 -12.244125476 
-12.083131723 5.026717823 -11.443833919 
7.202839739 12.214254854 10.482178337 
9.953189193 12.732084189 6.654593304 
-14.684104261 4.414078989 -8.372694922 
-13.300177845 4.885973476 -10.141872285 
11.348305059 13.254811875 4.253024420 
11.426272061 12.576601941 3.252605632 
-4.788978373 8.471831602 -15.382087389 
0.498698615 10.899061754 -6.003997498 
8.515457573 20.157306869 -3.158195238 
8.458344801 20.372084875 -2.133424322 
-17.225725361 10.159147559 -5.580233915 
-17.608647860 10.173673506 -4.434323444 
8.416086200 20.555909534 1.836692764 
8.540753030 20.895180351 -1.506321781 
-18.167572517 10.144143384 -3.062872263 
-18.033235223 10.018154854 -3.708888585 
8.323128692 20.697325500 1.424413467 
8.422243741 20.726372379 0.453672399 
-18.252747416 10.366168928 -2.815352468 
-18.348281122 10.331516659 -2.304914375 
5.732396928 20.825962514 -6.569628252 
6.962542237 21.421958709 -3.191533784 
-17.948961782 12.079727094 -2.319581709 
-17.709252374 12.255523768 -3.040233544 
5.783247995 20.940454347 -6.741086114 
6.150777223 21.580190703 -5.447382227 
-18.590456716 11.802516001 0.450067573 
-18.328368803 12.198711794 -1.203570908 
6.640411018 21.931688966 -3.512324915 
7.343233402 21.529084953 -2.996838995 
-18.067494014 12.433167320 -2.169458764 
-18.112811850 12.300521994 -1.616124093 
-4.525148003 18.649292976 12.554042655 
-4.427976860 18.663223486 12.534749014 
-14.579686388 14.534393369 -10.048103232 
-13.553279915 14.974648072 -10.873692114 
-5.914942080 18.051732487 12.866802232 
-3.509351231 18.744252115 12.686544897 
-13.601501465 14.101039717 -11.481144324 
-12.417848382 15.049238167 -11.942199993 
0.491641594 20.060181728 11.432017568 
2.688315559 21.169191787 9.396753207 
-10.659324172 15.888298441 -12.921779205 
-10.670201114 15.578561309 -12.882981540 
5.131912483 14.476668731 -11.138050869 
5.557676843 14.590547265 -10.679467983 
-14.297172507 6.868515354 7.046421796 
-12.020385747 7.788040898 9.470824936 
5.165287917 14.291156653 -11.148543182 
5.537677232 14.424403426 -10.493718621 
-14.509859034 6.788338737 6.854931766 
-15.489457104 6.314798853 5.077028846 
6.112939524 15.410662470 -10.227037297 
4.498951682 14.055360916 -11.985240280 
-13.800629324 7.204761761 7.790794291 
-12.143503109 7.630277384 9.550496228 
-3.040068038 26.228142852 3.140613505 
-2.812618584 26.365270687 2.141466984 
-14.381635579 21.802652266 -1.664847478 
-13.735207378 22.247714544 -1.917497123 
-2.784393172 26.351193907 2.557626145 
-2.791223653 26.206461355 3.802675372 
-14.669549458 21.725264580 -1.347366594 
-14.460356842 21.792137149 -1.073452678 
-1.805356766 26.654805315 0.866457225 
-2.023717257 26.513126202 1.726846219 
-13.781856011 22.220690735 -2.016629033 
-13.957645395 22.101574386 -1.602954162 
-3.052367299 9.894815714 13.060732978 
-1.938170498 10.446236726 13.094837031 
-8.006048980 8.954407331 -13.796215051 
-7.478030698 9.049402875 -13.772459343 
-1.629920815 10.620617384 12.982579748 
1.784835257 11.867088946 12.207229535 
-6.257510963 9.259699072 -13.857989386 
-4.897957302 9.836888814 -14.110826550 
-5.494739651 9.035390087 13.210119369 
-1.872533772 10.689024461 13.156656274 
-8.476423452 8.345871917 -13.136024739 
-5.186247505 9.708634176 -13.989114968 
-2.181730200 11.571598394 -5.417488856 
-2.103661711 12.033949111 -5.716538991 
-6.591664765 9.724521305 3.819476263 
-7.116290985 9.506593692 3.486187809 
-2.772896175 10.865320436 -5.110651790 
-4.395475965 10.223699152 -5.290852677 
-5.212793806 9.866502502 4.289128453 
-5.240233370 9.858028135 4.304111594 
-7.619798533 12.174087636 -5.410516191 
-9.328769170 10.722962983 -3.028090760 
-10.139471598 11.376866184 -0.038795178 
-9.036507555 10.763400726 -3.721590426 
-3.877503436 18.685587259 1.586465410 
-3.670277017 18.724535270 1.557833740 
-8.137961443 17.013565338 0.936606694 
-8.153626157 17.032229200 0.879155728 
-6.163398873 17.249977094 4.620705312 
-5.692237460 17.524191066 4.366104869 
-7.719685866 16.750968509 -2.945676439 
-6.406384669 17.316983240 -2.992554619 
-8.869151870 16.443266002 0.817167005 
-8.308633926 17.172184662 1.057735079 
-3.814645214 18.945873557 -0.859480965 
-4.050477403 19.034270610 -0.490258177 
-7.292445882 8.560093226 -1.543166496 
-7.493522083 8.537806037 0.344047124 
0.588456973 11.275456103 -4.455134692 
1.667447824 11.585363783 -2.695057135 
-1.538741989 9.264063495 5.679005582 
1.239775422 9.569832995 3.845259785 
-4.623975448 7.533920958 -5.338646051 
-3.456228739 7.867916321 -5.621096646 
1.860822167 12.344099325 4.718507511 
-7.559674427 6.162367903 2.009446735 
-6.796961818 5.684482260 -4.191722081 
-10.776106469 7.453959704 0.136188340 
-1.418951247 13.969084338 3.656103837 
-2.139315709 13.694134408 4.164547082 
-8.323965358 11.626148095 -2.625300030 
-8.361890197 11.613325407 -2.340798802 
-2.075121537 17.367318143 2.492801990 
-2.188165515 16.321797463 2.849171557 
-8.698318371 14.450468415 -2.301475246 
-6.162283489 14.624763105 -4.975732266 
-0.639320115 14.194600103 3.240553264 
-0.029131073 14.356752501 2.489480772 
-7.248115983 11.669370117 -3.938430600 
-7.304020540 11.695954508 -3.907944643 
1.557976513 10.894068035 2.385074639 
-0.053968042 12.609233184 -2.151157255 
-3.578236501 9.670652104 -4.004122412 
-4.242584200 9.339389171 -3.943121683 
2.349540209 11.050556728 -0.902133479 
1.651829854 10.971135926 -2.163713608 
-7.976531131 7.239026658 0.144304190 
-7.401904868 7.715287526 1.050323544 
0.744251589 11.136814913 -1.736311714 
0.834731221 11.119376033 -1.548665047 
-6.655356366 8.309841949 1.626197805 
-6.805500097 8.363703877 0.346899092 
-1.909281179 17.281567287 0.519477976 
-1.696921187 17.292337319 0.156557935 
-6.923837092 15.512458164 -3.248551154 
-6.934925949 15.479585691 -3.261151085 
-1.030179042 17.293218509 0.457125135 
-1.428759643 17.277458666 1.332251219 
-8.860154129 14.275834372 -1.847169634 
-8.894733580 14.388059203 -1.774114335 
-3.030782818 17.235832012 1.740543495 
-2.816493692 17.265149540 1.622506680 
-7.796293421 15.352085410 -2.165504409 
-7.922382091 15.260582835 -2.115813582 
-5.277169729 17.456253794 -1.146931787 
-5.507917446 17.353802697 -1.110674251 
-5.976217256 17.226579458 0.412780394 
-6.922926135 15.850856709 3.102485025 
-5.708356649 17.455925382 -0.957021596 
-5.361714320 17.546299359 -0.982231563 
-5.267324858 17.552922721 0.011983854 
-5.565450585 17.428457104 0.425863035 
-5.722973629 17.279177917 -0.840032979 
-5.761898530 17.274012372 -0.909605878 
-5.414500185 17.401073623 -0.005572495 
-5.441065230 17.385278367 0.138315327 
1.426415251 9.267153735 3.727504016 
-0.895759602 11.012854934 3.971089498 
-4.668375588 6.871295632 -3.900284849 
-4.494688136 9.594233932 -3.870432716 
-0.297857855 11.689778863 4.602961163 
-1.715052100 10.713876343 4.179305053 
-5.003909179 10.461959347 -4.033291757 
-0.792513334 10.984478280 3.430637763 
-2.008178665 10.042645794 4.449741902 
-2.112028686 10.050031032 4.391520080 
-3.842308948 9.261647975 -3.659861345 
-3.742031743 9.287919934 -3.664033693 
-0.102269713 11.709018185 -6.410337593 
-0.582592068 12.529764903 -6.025710034 
-9.255625140 9.622367971 0.496180846 
-9.464911973 10.070846485 0.801526102 
-0.004329780 12.335066897 -4.399799565 
-0.094075170 12.285423854 -4.509968297 
-7.610903800 9.141445112 2.334933897 
-7.895773660 9.008949337 1.779623986 
2.516405868 12.119257905 -0.483601628 
2.440652622 11.983676716 0.126075843 
-8.135623637 8.323007471 2.323994136 
-7.896287755 8.614037364 2.739018019 
-0.679684732 10.242553178 4.252905635 
-1.309487503 9.899028845 4.757228424 
-7.101286605 8.175256789 0.131871157 
-7.083624678 8.128124799 -1.028034814 
1.683988155 11.020062521 1.661672302 
1.633243534 11.152741481 1.776485357 
-6.767433354 7.872426612 -2.749092133 
-6.648812446 7.827908339 -2.912270315 
6.839075366 11.775035962 -2.267082888 
-3.890462352 11.941131687 6.564596545 
-2.831016658 9.465997289 5.493554709 
-5.600537573 9.140717014 -5.830365964 
-2.166456632 13.468730838 -5.203124248 
-2.704352062 13.297754690 -5.458268293 
-8.348224650 10.700352030 2.747313423 
-7.578817096 9.690938544 2.857350512 
-4.972931051 11.735959840 -4.886815772 
-5.925660194 11.703469360 -4.644734073 
-9.292332522 13.551225002 2.976289277 
-5.063058994 16.127296361 4.391847487 
0.835364291 15.685097589 -2.544613402 
0.840446562 15.329542755 -2.101510687 
-9.942151385 12.244504687 -1.179367897 
-10.284992737 11.936602595 0.160568571 
-7.297603599 16.122568461 2.415225138 
-6.998987275 16.296755266 2.327112120 
-4.844863527 17.202208081 -3.892058704 
-6.414367459 16.690411964 -3.811928665 
-5.938282466 12.919803555 4.731072771 
-5.720676165 12.931597229 4.794825845 
-0.254946046 15.049161275 -4.807997854 
0.127581144 15.249570279 -4.057404852 
-8.905157700 9.756117956 -0.961170585 
-7.795576243 10.588840090 1.882217861 
-7.655039947 17.039119520 -3.474209077 
0.849295251 13.405349451 -4.541481166 
1.069030774 9.987832398 1.673533939 
1.119936759 9.383681927 1.888803824 
-6.291448771 7.600160766 -1.546703547 
-6.076799240 7.695289976 -2.155586176 
-0.631950730 10.757451201 -3.642746610 
-0.161196392 11.131256242 -3.016666873 
-4.843349507 8.989889810 3.359894254 
-6.370514545 8.703852782 -0.257227263 
0.500371268 10.585166777 1.394631713 
0.325312815 10.545588660 1.713389122 
-5.979686581 8.270003242 -2.283101130 
-5.428374882 8.421936515 -2.980782833 
-5.643798407 14.683165206 -4.086115868 
-3.340900974 14.849972959 -3.722392614 
-6.974160626 14.014000761 4.533097814 
-5.519070372 12.926734589 5.744117302 
-2.084574949 13.690186889 -3.561117741 
-1.272393323 13.876294979 -2.898310824 
-7.981753722 11.854197626 2.895802358 
-7.803844375 11.829401289 3.164570320 
-1.881551928 13.558754353 -3.835677897 
-3.094900936 13.111612395 -4.427674232 
-7.168694849 11.788284037 3.669382679 
-7.390186488 11.539653616 3.556384040 
-5.745076100 15.229193218 2.952008588 
-5.005184144 15.500204460 3.119615473 
-3.367028685 16.142378853 -3.737854647 
-3.313056407 16.198757412 -3.706730975 
-5.437485293 15.651351870 2.888557981 
-5.329680283 15.641862240 2.896656631 
-4.616656178 16.021910250 -3.719501517 
-4.790198226 15.960476184 -3.820757131 
-4.345203611 16.451518259 1.751917091 
-7.296913979 15.172071655 1.372830345 
-4.789572594 16.364569127 -3.170320376 
-5.070677030 16.198145902 -3.490299304 
-6.304053833 17.955610993 -0.198361323 
-6.174674818 17.994990743 -0.281125904 
-5.530289524 18.280187559 -0.511845051 
-5.371558411 18.321093869 -0.889897036 
-5.805262832 17.566856550 -0.873244648 
-5.741266946 17.567384939 -1.030405898 
-5.120112685 17.767869601 -0.379079467 
-6.090498219 17.467800503 0.490546321 
-5.277040408 16.373545135 4.271960870 
-7.214573639 17.728913479 0.982155805 
-1.292241848 16.736145790 -4.116916051 
-4.704876896 18.913536137 -0.965988049 
-1.677723741 10.198630498 4.991482952 
-1.978017257 9.889669082 5.232036225 
-7.088913439 8.371318408 0.481415418 
-4.895501999 9.302718563 -4.154845142 
-1.780446716 8.990599424 5.178300887 
-1.727800959 9.019667560 5.160333168 
-4.157799165 8.055465382 -4.041206571 
-4.175836363 8.030148737 -4.042965042 
2.306666176 13.348589934 -1.805378416 
3.906286135 9.376335720 -0.527446452 
-9.380321367 9.931743542 0.909813566 
-1.795486910 12.332251926 -6.182931131 
0.526342375 11.743488235 -4.568244088 
0.067575757 11.514346907 -5.137232647 
-4.480603508 7.654643818 -5.447804266 
-5.167672275 8.524259609 -5.142653329 
2.291182734 12.716877660 0.315536686 
2.313946316 12.731472697 -0.210647830 
-8.460681374 8.422750899 1.225253868 
-8.424860690 8.318267582 1.580985861 
1.564212253 14.436805774 -2.102766768 
1.239075207 13.781684752 -3.862299153 
-8.412777441 7.318323704 2.879214816 
-8.802939592 10.301287278 3.386733124 
-5.356295249 17.441322312 -1.156135359 
-5.254771211 24.368281827 -0.872860156 
-12.535763089 22.218796308 -1.675314490 
-10.977724550 22.480579158 -1.017286157 
-5.301803620 24.534941128 -0.285038683 
-5.162515892 24.804524460 -0.330292967 
-11.864550630 22.485608023 -1.693411744 
-11.803612711 22.510490100 -1.725436664 
-4.913021337 24.823776418 -0.886400397 
-5.001014353 24.789828989 -0.420061064 
-11.245868182 22.619453728 -2.464942902 
-11.685901520 22.415407510 -1.587802793 
3.459464977 11.352225926 9.593973160 
5.341005954 11.908466174 8.017661662 
-11.216140085 5.150013491 -6.749109542 
-11.611422206 4.853121348 -6.069701166 
7.056814526 11.864549874 6.072878886 
7.843820632 12.126525574 4.167218941 
-10.964921726 4.986877587 -6.539155406 
-5.918316755 8.682477300 1.838953230 
6.284736380 11.809089450 7.387342077 
7.319329026 12.735586624 5.220208809 
-11.431442269 5.416972818 -6.311506331 
-6.145116528 8.321779988 -2.393043000 
1.980170535 13.822176908 -1.841599157 
1.591495972 12.296254483 2.547766216 
-6.897256400 9.380779491 -3.780531957 
-11.382948900 5.910684167 -5.640341726 
5.244799332 13.248658302 7.811990266 
6.992116602 14.274937906 5.493138275 
-9.655205933 8.237218010 -10.603063488 
-8.489120093 8.121970331 -10.760400320 
-1.485605313 10.122220326 4.702728288 
5.142347738 13.464887303 8.311181260 
-10.469978036 7.587513830 -9.656970596 
-9.010096057 7.249302975 -9.521075749 
0.673134547 10.228243876 -3.842246057 
0.605292594 10.380043248 -3.707623963 
-7.082216518 8.206839882 0.026008240 
-7.052771713 8.137745634 -1.187814641 
2.112141787 9.962236884 0.519179923 
2.000146484 10.025354078 0.930630258 
-6.537620289 7.022883632 -1.945989574 
-6.503166444 6.973475376 -2.008588837 
2.354337667 13.244525429 0.304798030 
2.789390776 9.314434428 0.106228671 
-7.174572999 6.065203186 -0.509441240 
-6.920028067 5.860854905 -1.282341332 
-0.386108950 14.249636867 -3.862151173 
-0.695896150 14.412020016 -4.088155203 
-8.384262811 11.041151534 3.127444044 
-7.981144664 11.261946625 3.913137472 
-5.272187669 11.605767909 -4.853753095 
-3.621258761 12.464986025 -4.745142249 
-5.288593275 11.445162382 5.705290784 
-4.058343908 11.863485667 5.586464734 
-4.644794244 16.126241683 -4.362834643 
-5.388732435 16.360329010 -3.930977392 
-10.747693680 12.501611411 -1.298863263 
-4.877543451 16.265985335 5.653945856 
-7.790374209 15.910923099 2.249315788 
-7.807461771 15.928432537 2.164379266 
-3.592014482 17.317682803 -4.484007150 
-3.645744227 17.441351203 -4.158801312 
-7.225759268 16.096542761 2.372447740 
-7.888230566 15.805935681 2.161990175 
-4.247743232 17.388285052 -3.522179886 
-3.690593588 17.424674877 -3.878896258 
-7.460928279 16.877917000 2.305596132 
-7.535216565 16.691577200 2.263337326 
-3.500612986 18.278132480 -4.126511695 
-2.910451486 18.430846700 -3.088171072 
3.909736198 8.361606258 -10.556420384 
5.491173285 9.310316820 -9.449648921 
-10.753284120 2.981646467 3.175412778 
-11.378902227 2.911978539 2.477006521 
-0.582610951 10.782333452 -3.590283150 
-0.035530118 11.144544056 -2.929474093 
-6.321377536 8.735095957 0.429983910 
-6.368983487 8.859420582 -1.191021122 
6.404421358 9.150456466 -8.192936575 
6.046132360 9.130352518 -8.531095444 
-11.400738268 2.791215686 1.138060376 
-11.413703351 2.521428185 0.007376414 
0.079954297 23.034743404 -5.984612238 
0.121274347 23.188373178 -5.800483844 
-15.485296083 17.855233888 2.545074360 
-15.265206631 17.965817650 3.463597609 
-0.025674203 23.658821525 -5.382680473 
0.101469613 23.724968340 -5.467167758 
-15.600019818 17.939315735 -0.386278597 
-14.483712122 18.098554802 5.267943475 
0.743729234 23.617757440 -4.715431762 
0.875609663 23.665664497 -4.655835593 
-14.352619475 18.054894966 5.613155486 
-14.612843558 18.237763749 4.983685416 
-14.062079552 13.376139116 7.610013979 
-13.592089413 13.766441233 7.901004651 
-9.386854477 16.033342346 -12.085919689 
-7.914615178 16.884992307 -12.098670836 
-15.447863194 12.776486714 5.878288909 
-14.678137659 13.177601209 6.971155688 
-9.528104348 15.389121344 -12.390801245 
-8.747647723 14.841755521 -13.340099324 
-12.970305909 14.538382803 8.167189424 
-7.045178019 7.988972519 5.985494435 
-8.319371418 16.592234701 -12.057002020 
-0.404417730 8.632948221 -11.143715736 
-1.644076999 13.809979004 3.398771470 
-1.797346612 13.728230773 3.353474641 
-7.131181049 12.093811869 -3.994009280 
-7.107263047 12.243502716 -3.759328295 
-5.686925875 14.708920390 4.065906446 
-6.362648957 13.850975175 4.065740698 
-8.657257880 13.178007413 0.067156586 
-2.081326925 16.326936793 -2.660229777 
-1.426410847 13.829282141 3.403239025 
-0.097417007 14.034212186 2.107202062 
-6.805790434 11.659318803 -3.971207815 
-6.797546292 11.769117377 -4.007017910 
-0.637493441 10.741735527 3.645550718 
-0.146170376 11.123629431 3.006505310 
-4.820403846 9.002542806 -3.383526622 
-6.368487269 8.762407264 0.051885027 
1.054773161 9.963066828 -1.658986183 
1.409695046 9.453687331 -1.167071711 
-6.221871430 7.563751369 1.755416296 
-6.294487980 7.607133995 1.572357885 
-0.338712217 10.373195905 -2.608088245 
-0.159836569 10.418087532 -2.404091397 
-5.547244866 8.396954731 2.856528748 
-5.943723129 8.300136755 2.320697832 
-1.761794157 17.012245817 -0.194492195 
-1.655857230 16.990505820 -0.174922822 
-7.705882269 14.791132577 -2.272981621 
-7.812785159 14.762203320 -2.031285787 
-1.596357455 16.786565722 0.390009748 
-1.441255282 16.832091861 0.499497169 
-8.489040876 14.048047137 0.310739892 
-8.528479832 13.927528281 1.064790478 
-2.395102261 17.081851540 -1.381656936 
-2.597533664 17.150276841 0.092517309 
-8.161124217 14.794423389 -0.588007763 
-8.230047412 14.774870859 -0.293352538 
-4.312631094 16.745686235 -4.397201574 
-4.513158161 16.771399583 -4.109879564 
-4.531014673 16.700512817 3.077653657 
-6.161572420 16.255234354 3.420130265 
-3.948268052 17.518790316 -2.387654009 
-3.748024051 17.574726971 -2.212363632 
-6.613083732 16.492414558 2.082288879 
-7.405359587 16.458698813 1.142143785 
-5.006082225 17.011501162 -3.625597308 
-4.734833577 17.054179446 -3.707806890 
-7.004611244 16.234519097 2.352945768 
-7.388401942 16.106455123 2.188834271 
-1.379745114 14.620227158 5.163732899 
-0.702458288 15.164752700 4.166736163 
-8.275070707 11.826813188 -3.358094746 
-6.741233618 12.648878601 -4.259701906 
-0.028466841 12.249933409 4.417784078 
-2.232916845 10.592457351 3.896550204 
-8.142335264 9.732111697 -0.891523912 
-8.163703864 9.757812072 -0.872528777 
-1.598220229 10.340610031 3.981140206 
-1.485841500 10.466085128 3.882063237 
-4.246183900 9.256615956 -3.436539083 
-3.979036174 9.357608543 -3.457455046 
0.975848077 13.878307839 -5.759413020 
5.089410207 11.032466468 -3.885838215 
-8.442066971 8.305502573 -1.035626452 
-8.869355966 14.209565795 2.010157830 
-1.380627799 9.928263683 4.600844676 
-0.611204312 10.031370654 4.283214866 
-2.762962475 10.088747370 -5.628424687 
-3.068477840 9.545129749 -5.820111872 
3.371447652 12.653802891 0.390223306 
0.137387742 9.930948649 3.670610713 
-8.761025832 9.482262797 -3.959032032 
-6.996309205 9.302204558 -5.189499880 
1.312474009 11.985296856 2.795298628 
0.423145669 11.678018337 3.980690037 
-7.593791772 8.615717124 -2.770793349 
-7.323585105 7.968386466 -1.384012159 
2.093118113 9.776304771 3.985055925 
2.015321112 9.773468294 4.131520535 
-7.932646706 8.707706965 -2.131462927 
-8.288184812 6.461650444 0.338919368 
-3.954254612 10.007533205 -7.727769232 
-2.876022795 10.579894103 -7.737506127 
-8.298396275 9.009576579 3.994824359 
-9.310285040 8.881139943 2.160072411 
-2.853166677 10.525253253 -5.400866469 
-1.681519893 11.512450614 -5.270227731 
-7.545517584 9.477004517 3.750294294 
-7.981626073 9.371332754 3.044604194 
-4.225385017 12.238903630 -5.580331078 
-4.259710239 12.508139751 -5.427234987 
-8.577804779 14.066287229 3.678694329 
-8.526935833 14.110438460 3.599815241 
1.003590548 13.952528048 -4.483510084 
1.344094788 13.783884779 -3.787067359 
-9.605035849 9.341951914 1.745690323 
-9.435429128 9.190737775 1.967751804 
-6.598499144 16.454735615 3.233232201 
-6.590350604 16.663335087 2.532521981 
-5.465838565 17.192279768 -3.712744714 
-5.825464285 16.999943443 -3.835290898 
-6.829262767 15.540225327 3.182566224 
-7.137417033 15.381028645 3.131070086 
-2.037203403 17.258322349 -3.977882135 
-1.521867898 17.492157615 -2.907002144 
-6.110206059 13.894425612 4.842775650 
-9.127216357 10.287303557 3.106559250 
1.246529802 16.077362900 -1.173334546 
0.783006507 16.923706342 -2.812000703 
2.489668714 11.047788969 0.365062596 
2.028527587 11.070888581 1.135272063 
-7.675828954 7.573239960 -0.149192499 
-7.372128954 7.752959406 -1.017183164 
1.105962615 10.873116777 -2.484228226 
1.525803696 10.897862670 -1.720707498 
-6.707522735 8.595188840 -2.001472397 
-7.166411829 8.691893981 -2.214151377 
1.170850436 11.191374093 0.727949856 
1.132902466 11.186284271 0.813141142 
-6.754446620 8.301597244 -1.208486779 
-6.674843561 8.267394909 -1.698527157 
-1.204539815 17.522160317 -1.340987624 
-2.907380431 16.095289509 -3.430425069 
-8.608416718 15.243703119 1.488256986 
-6.868831635 14.365526537 4.807044673 
-1.567463754 13.855114526 -3.862554360 
-2.238611049 13.702606157 -4.232494706 
-8.573513396 11.591146315 1.706909280 
-8.371395402 11.689481433 2.329429007 
-1.490294023 13.939101014 -3.976517840 
-1.481445001 13.884145302 -4.033530933 
-8.052776573 11.411142118 2.917617303 
-8.404549733 11.352895711 2.199914283 
-5.253709461 15.868296129 3.985821499 
-4.871903258 16.095432448 3.837888219 
-2.972646103 16.763595627 -3.542879431 
-3.432283041 16.678778954 -3.490346654 
-4.810226981 16.369709834 3.211656104 
-6.140052767 15.727378680 3.500175513 
-5.530768493 16.089580059 -3.606616619 
-5.970661244 15.910601335 -3.717319913 
-4.572405659 16.671421525 2.796561532 
-7.092907547 15.503775564 2.330241891 
-5.213126870 16.427974273 -3.302312262 
-5.383754910 16.368124866 -3.442162335 
-5.688657438 17.457916866 -4.564284197 
-4.777162482 17.796444467 -4.184879596 
-7.031892415 17.093861441 2.991961716 
-7.012892577 17.060257208 3.113304467 
-3.658161752 18.729510889 -1.405242036 
-3.788416416 18.652592898 -2.048070978 
-8.189258179 17.052582832 -0.287520054 
-8.211020645 17.006500665 -0.696088136 
-8.189401823 17.218268668 -1.236381598 
-9.267418670 16.157795813 -0.350155322 
-3.601175593 19.151501931 -0.066484377 
-4.342630913 18.848234691 1.111299189 
-4.470544863 10.161372359 5.322166655 
-4.903408391 10.060475170 5.186183021 
-5.590725993 9.725713804 -4.141981147 
-5.568521870 9.735829406 -4.166315561 
-1.563789149 11.922212933 5.237028975 
-1.871065061 12.253457019 6.033930934 
-7.148760889 9.500510597 -3.345632384 
-6.603095209 9.744793167 -3.839137940 
-9.051505120 10.768223066 3.647201439 
2.560727265 14.847568946 1.598524572 
-1.232988645 13.184737883 -6.233966010 
-9.273505566 11.480410613 3.953694575 
0.207683407 9.091996575 4.592467232 
-0.775320226 8.872159853 5.275193756 
-5.135130219 7.606383104 -5.596985216 
-3.227100585 8.062797680 -5.811208093 
0.394993035 11.548875836 -3.742502952 
0.963225658 12.025329040 -2.221186360 
-7.322753730 8.510569021 1.570809517 
-7.543138216 8.101959819 1.104172708 
0.584219139 8.548910835 4.960919313 
-3.300572158 12.133850846 6.590864897 
-0.389926778 8.552001503 -6.328302360 
0.821969008 8.923255227 -5.520503359 
-2.673699890 26.237165908 -3.413892214 
-2.431149723 26.197030436 -3.897368979 
-15.152752545 21.367754865 -0.400820042 
-15.009726569 21.413557466 -1.329600769 
-2.776660340 26.239253957 -3.486148110 
-2.291262709 26.437228928 -2.520651147 
-14.316806226 21.923921902 1.014056025 
-13.575246458 22.381599994 1.374205559 
-2.628116695 25.956171092 -5.287072283 
-2.045277273 26.190630180 -4.206887113 
-14.354624759 21.891930386 0.503558416 
-14.719360013 21.657901454 1.059452265 
5.180683940 14.298249017 11.077129549 
5.029113108 14.645972554 10.804395985 
-12.216967517 7.755264617 -9.545250839 
-12.698949790 7.415061714 -9.063046541 
5.364651049 14.377760851 10.771022574 
5.418485990 14.214872297 10.821412976 
-10.287398488 8.900437958 -10.878772641 
-12.063605812 8.177578065 -9.700821045 
5.450900993 14.400295799 11.004900254 
6.571083299 15.350357752 9.113546758 
-11.799315068 8.114705019 -10.023692900 
-13.904383604 7.223133435 -7.818717584 
6.999349246 13.505382653 8.354205808 
6.326216649 13.460055920 9.158545172 
-13.192241754 6.469271915 -8.921354782 
-13.396345322 6.565243811 -8.884941237 
8.436012600 14.059749914 6.211818470 
8.563554811 14.122574973 6.136919067 
-11.016223905 7.268008395 -11.373063695 
-7.936429501 8.536392191 -13.145901961 
5.124717806 13.347254518 10.507100393 
8.591704234 14.219736155 6.373235731 
-10.729847795 6.980869050 -11.344473182 
-8.240605329 8.190722641 -12.905878526 
7.464687751 21.861320558 -3.396410779 
7.306031733 21.545819245 -4.725532577 
-18.279895709 11.671136723 -2.880751908 
-18.112491356 12.039712426 -3.771722566 
7.503863176 21.689392366 -1.820538561 
7.524510629 21.658169902 -1.581882172 
-18.050829251 11.366639897 -2.870840101 
-18.132744108 11.645795766 -1.943402114 
7.906522577 21.569158675 -0.571451573 
7.747694554 21.566662280 0.764750573 
-18.420361497 11.948512125 -2.103437424 
-18.502468523 11.890751903 -0.302106633 
7.697635405 20.151447787 -4.808967372 
7.331612229 20.336876016 -5.138335862 
-18.365986601 10.240694481 1.567103097 
-18.325170572 10.539450816 -1.492405952 
8.244484991 20.256111756 -2.401398500 
8.413913708 20.084625553 -2.091109133 
-18.189211105 10.163204608 0.103933660 
-18.143183553 10.219424578 0.667901932 
7.802995649 20.449597526 -4.009289300 
7.952430139 20.629191558 -3.129032846 
-17.896773045 10.720331138 -3.110651572 
-17.435085063 11.486118533 -4.584079695 
-0.694128578 19.373721662 12.383688929 
-4.527246966 18.212425591 13.226061753 
-14.080224670 14.211508471 -10.819361312 
-13.967573682 14.035961710 -11.027465490 
0.096811080 20.261744183 11.330868314 
3.304820758 21.600806982 8.734749143 
-13.938708959 14.790773505 -10.518584294 
-12.102877296 15.694261073 -11.639102313 
-0.054132415 20.298220455 11.353997953 
-0.026205664 20.222642411 11.470697590 
-16.152319143 13.730100412 -8.409210411 
-13.178358836 14.258181163 -11.709165024 
5.216644575 18.449701234 -11.561057884 
6.713715219 19.113899090 -9.615558487 
-17.902405904 9.674293569 6.752452116 
-18.945775558 9.531927263 4.386663156 
4.063744239 17.733962492 -12.828864704 
5.965382536 18.709219035 -11.140787065 
-19.388430686 9.327801964 2.789163582 
-18.071746606 10.524382006 6.937797597 
5.535799477 18.046418759 -11.308085235 
4.598738533 18.679518546 -12.406425931 
-18.697585894 8.584631057 4.495257588 
-17.657591015 10.923338665 7.536579945 
0.881968102 27.374912335 2.567524365 
0.997119203 27.268136447 2.563571866 
-17.788931219 19.477094579 -3.374566835 
-17.405661172 20.118361872 -2.789834835 
0.988842155 27.481562962 1.008089758 
0.468385922 27.460667995 1.229126697 
-17.925449493 19.388754165 -3.083809275 
-18.181247444 19.190841360 -2.503159264 
0.555306217 27.282470732 3.312494415 
0.177111179 27.240519582 2.977697330 
-18.007876092 19.525297725 -1.990554992 
-18.000807912 19.620307551 -1.815583655 
3.317830427 11.043431058 13.387272402 
3.273928459 10.483623611 13.024546899 
-5.241977522 7.991147206 -15.378558016 
-0.965118767 9.306272201 -15.267134795 
-1.273355636 8.665190659 14.244840202 
-5.893697558 7.039760664 14.125236251 
-7.881206302 7.381752983 -14.598690467 
-5.380647808 7.632055933 -14.909558318 
-2.271825289 6.066142391 12.351684405 
-1.920323933 7.518869895 13.702096038 
-5.300479095 8.574636563 -15.394247140 
-4.455710743 7.675801656 -14.887516556 
-0.169148044 23.940593327 5.127429011 
-0.369025119 23.408035928 5.791421300 
-14.270502663 18.250452160 -5.693191040 
-14.724467110 17.982869945 -4.885878442 
1.784354655 23.866510573 2.792131159 
0.408565493 23.674852856 4.968377139 
-14.133738233 18.113008136 -5.912784348 
-14.531985922 18.105792450 -5.197766337 
1.032339022 24.255269745 3.438594848 
1.606750825 24.962885832 1.442086783 
-13.998511382 18.109412514 -6.155330904 
-13.426690982 18.239398227 -6.991142243 
-0.549176118 10.767425894 3.616486211 
-0.011033801 11.134543392 2.952484041 
-1.733497848 8.735956901 -4.612513296 
-5.932633976 8.257140128 -4.390776693 
8.655200165 10.076645207 0.308369074 
7.817058111 10.042437318 5.609333000 
-9.668659463 3.884154987 -5.975561956 
-7.756820793 4.765674535 -8.285639909 
7.498114967 9.616279108 6.224687141 
8.724002451 10.383187081 1.187381741 
-11.259057253 3.141169460 -2.738824419 
-10.923918969 3.305693401 -3.557200383 
5.674277216 21.080570286 -2.355514976 
5.249789557 20.929859006 -4.753652646 
-16.917754606 11.574225955 -3.626374791 
-15.733226225 12.477960537 -5.753537532 
5.817023735 21.342580728 0.827078576 
4.959522212 21.502755054 2.100062854 
-16.435613326 12.550773975 -4.026955274 
-17.162885623 11.023174735 -4.577009948 
1.929195089 13.234708735 1.094807617 
5.375729646 21.282235029 2.579737339 
-8.125766603 4.788647100 -3.495744284 
-15.986276928 12.731928133 -5.133672097 
-1.650353147 13.176198229 3.858622275 
-1.489520732 12.900542692 3.952607114 
-5.026131431 11.573975252 -5.685396581 
-3.681909738 12.024290899 -5.420933358 
0.297844994 14.456489590 2.998018551 
-1.732175733 13.622709697 4.993372838 
-7.707439185 11.303247442 -4.220981584 
-7.415413359 11.192758779 -4.271208412 
-4.720906302 16.630980159 3.740527956 
-4.995064644 16.776492923 3.763043242 
-9.641983820 12.150802350 -2.568112925 
-7.499188019 15.436255349 -5.686043337 
1.823724403 10.017273612 -1.448007840 
2.162808428 10.019761729 -0.429738994 
-6.673382577 7.026509685 1.294812839 
-6.788724573 6.968104360 0.434895761 
1.083509248 10.161053068 3.719205856 
0.428461265 10.363623814 3.808089282 
-7.049592145 8.150447884 -0.577727424 
-7.050447589 8.117426364 1.108166850 
2.719049094 9.199091724 -0.311722969 
1.626476936 13.150120335 -2.315623842 
-6.990830784 5.923631011 0.121922706 
-7.148192035 6.049957197 0.240603779 
-2.249127873 18.112313089 -0.305992811 
-2.219706589 18.017229844 -1.751789499 
-8.923271093 15.346057127 -1.345404809 
-9.036856788 15.335110026 -0.625184614 
-1.668046363 18.117132779 -1.473494419 
-2.190656658 18.080508658 -2.003536150 
-8.704856094 15.534488391 -2.076580172 
-8.558749909 15.604563862 -2.169299938 
-2.562638941 18.760982441 -0.014423746 
-2.424092162 18.897733023 -0.229998206 
-9.596718041 15.665134492 0.203311697 
-9.911811496 15.554896554 -0.356347931 
5.573281758 11.944794211 -8.157087253 
4.167927882 11.124401113 -9.777026771 
-12.599807555 3.393190604 1.399095570 
-6.230641494 8.655405098 -1.040846111 
3.446384295 11.124425553 -10.247781846 
5.079495725 11.588805005 -9.007172430 
-13.025330805 3.857588077 1.338283267 
-12.628581124 4.198913657 3.416563498 
4.951947373 11.780475811 -8.918158462 
5.212736637 12.055912678 -8.349531736 
-12.363816435 4.411948327 4.178415565 
-12.575684713 4.804186818 3.822508278 
-5.990560421 24.736247025 -2.467288913 
-5.442485628 24.753908331 -0.906100628 
-11.671674268 22.581506539 1.377183944 
-11.422698441 22.615262653 1.057959973 
-5.322648564 17.466303157 1.382084975 
-5.932285035 24.043083783 0.290445602 
-10.646482437 21.972080199 0.049591785 
-11.603435194 22.468916204 1.657755945 
-5.043662166 25.060755506 -1.668980430 
-5.097063525 25.035423826 -1.665771735 
-10.947285036 22.783122866 0.367446444 
-11.281449107 22.672351939 0.298679321 
-4.786622934 8.973787495 10.897118600 
-5.252160093 9.166953118 11.134487194 
-10.039210987 8.821150812 -11.395043570 
-9.374110594 8.995995151 -11.777561373 
-6.050303887 9.561131202 4.403468097 
-4.805351075 10.320313224 4.943806261 
-6.104391484 9.636099577 -12.557373388 
-4.435676008 8.635496255 -10.811477377 
-6.038778981 8.844349708 11.204121065 
-2.661595105 9.406404593 10.859951330 
-8.233575687 8.844972286 -12.039891548 
-9.300368103 9.016647768 -11.809247499 
-1.712946571 8.987747226 -5.192686938 
-0.275684705 9.609793565 -4.255089217 
-4.169712522 8.055131317 4.039051647 
-4.394410851 7.943361036 3.974351154 
-1.850978623 10.130923949 -5.075256217 
-1.744783018 9.999464328 -5.110197775 
-7.142379012 8.376773096 -0.168030663 
-7.163374456 8.422243614 1.270973724 
2.616827309 13.500549594 -0.178505958 
2.454435566 13.303664705 1.457948083 
-4.725377964 11.080681067 6.997312825 
-8.861790800 9.855251171 -2.843324453 
-5.735511162 17.572836438 1.065326460 
-5.702965638 17.612336420 1.001766206 
-5.877400408 17.545731477 -0.414189056 
-6.165723214 17.472954177 -0.521666156 
-6.352983930 17.939780360 0.068351835 
-6.363470432 17.940534791 0.089970386 
-5.273850062 18.316405423 1.055949800 
-5.255055847 18.312829061 1.097539969 
-6.710869193 18.093230724 -0.353514590 
-5.151600362 15.719882395 -4.896786452 
-3.676242790 18.991803502 1.516555228 
-4.662066196 18.915871404 1.709207515 
-8.360370316 8.537468699 -0.672970288 
-8.399473289 8.384778603 -0.923915359 
-3.884967192 10.579163118 -6.273823897 
1.472512049 11.783577146 -3.796971095 
-7.539573680 8.662861698 1.628336177 
-7.997950443 8.357779337 0.549517508 
2.226617423 12.235994893 -1.922187967 
-5.103337754 8.611890612 -4.849740648 
-9.096997178 10.398186193 2.090265019 
-8.329956450 7.467455227 2.569875682 
2.477179482 13.952118699 -2.294368911 
1.763028192 14.251753828 -3.053436902 
-4.012800801 16.844180572 -5.349316691 
-4.449047874 16.639255671 -5.578972748 
-7.800611994 15.624410966 4.013124476 
-7.857757381 15.521382029 4.004719874 
-2.535092112 16.950627835 -5.037139346 
-5.176031249 16.414048935 -5.345945455 
-7.396260687 14.954119559 4.461933692 
-8.038726390 15.217981612 4.033944983 
-3.617956231 17.521834335 -4.634743809 
-3.556291892 17.893469920 -3.971387200 
-7.129213417 16.379870764 3.723667334 
-7.568173169 16.280293736 3.632367388 
-1.546449967 12.460461216 5.965157629 
-0.441394339 13.010455280 5.034861505 
-7.950381755 9.790426007 -3.383646831 
-7.166329615 10.170094111 -4.072647487 
-3.286446124 17.240602381 5.094786547 
-2.737656206 17.427908643 4.702174289 
-8.447506819 15.264581822 -3.912558438 
-6.880032113 15.822357838 -4.518588126 
-4.735364300 14.133017081 6.015646467 
-1.172869040 16.683876094 4.205343825 
0.855222695 15.599317834 -2.608897518 
-6.622372358 14.601433321 -5.111595673 
1.655246865 10.633488961 0.356818079 
-5.862852161 8.458855266 3.005113012 
-3.798148521 7.992672038 -5.515130882 
-5.077178595 7.491542929 -5.252954879 
0.874385440 12.356987591 -3.617145638 
1.493618620 12.684753564 -1.591881782 
1.112887130 12.389547025 -2.361985511 
-8.444240799 9.241422811 0.741282600 
-1.554743665 10.039075140 5.538042221 
-1.428087220 8.315051710 5.674627607 
-1.753425261 9.912666716 -7.107642468 
-0.795602187 10.384835561 -6.791084014 
-1.991349468 17.422361369 -3.447118643 
-3.627868285 17.121528326 -3.525095504 
-8.332173515 15.141892121 2.782614928 
-7.347737076 15.762086287 3.199802219 
-3.305216080 17.744709354 -1.466544111 
-3.500638264 17.677359651 -1.721370732 
-7.985467671 15.885029225 1.429217625 
-8.031671002 15.844438203 1.538280093 
-3.790768780 17.368891351 -3.273219956 
-4.207071681 17.338997035 -3.011301870 
-7.001422986 16.254493827 2.349562617 
-7.973253941 15.820144094 1.930200414 
-0.958945241 14.765498066 4.714586331 
-1.927431826 15.793060232 5.289275943 
-8.130276584 11.909923267 -3.430829067 
-6.221718138 14.230891615 -4.791896312 
0.137850407 12.482561145 3.910111895 
0.881906418 13.019855204 2.570241891 
-7.248954638 10.090946072 -2.925037033 
-8.315475296 9.605878692 -1.220944411 
-0.850201938 14.260183731 4.601226703 
-0.866287223 14.317926320 4.540272832 
-6.937683566 11.825959276 -4.009859345 
-6.989683047 11.828210153 -3.924805236 
2.280370479 12.343517534 -0.409867027 
2.283534697 9.700654427 1.726464361 
-7.117718124 6.548300086 -2.352575933 
-6.478287263 6.362768694 -3.129728193 
-3.986597637 8.711619251 4.357128719 
-5.489232378 7.996514290 4.594824047 
-5.793164449 7.265730967 -3.529899057 
-5.173245150 7.254963076 -3.904281689 
0.448100944 10.007475918 3.380044735 
1.259216353 10.137726515 2.505822919 
-5.818422468 8.000719839 -3.864694839 
-5.747180942 7.990063303 -3.968635176 
8.459398925 17.596689723 -3.602459137 
7.855045110 16.792736152 -6.557000402 
-16.210335048 7.916677727 -2.634819628 
-15.673705424 7.975142178 -4.799326008 
8.379412837 17.647781484 -1.711568507 
8.398834313 17.119126863 -0.840192500 
-16.019730842 8.383202000 1.130143893 
-16.146032566 8.275783891 0.361291002 
-3.182876491 9.834473561 -7.445396668 
2.279421937 14.251376893 1.447227032 
-14.262988990 9.340908372 0.375414003 
-8.790495764 10.371131345 2.482996640 
3.753566880 20.543262674 -7.447522621 
5.657579927 21.267022872 -3.271194850 
-16.948473232 12.681002449 -1.124531512 
-17.282979643 12.555909617 -0.131972223 
4.170324272 20.205868536 -6.893995169 
3.501605762 19.520137041 -8.295857131 
-16.434479810 12.564969317 -1.597931379 
-9.911558872 14.644651187 0.289728629 
3.020472194 19.964880583 -8.676030683 
6.029228580 20.865347748 -3.997430517 
-17.156809762 11.978921019 0.598785718 
-16.928126634 12.075027764 -0.087871411 
-1.150165028 21.254680417 9.346704457 
-1.554228922 20.942410452 9.894156913 
-12.385634440 16.895825621 -9.867954779 
-12.227506068 16.842723482 -10.202420157 
-1.709824697 21.080495193 9.274523039 
-0.880204284 21.503844524 8.777897138 
-11.685914697 17.289217150 -9.592262649 
-11.204802680 17.536827843 -9.742065890 
-5.096284162 19.560061954 10.864579590 
-3.434800592 20.451313821 10.283642806 
-14.336762056 16.338598873 -8.096956906 
-13.400678626 16.572136415 -9.100324129 
7.292577387 20.023916690 -1.817654921 
7.648225361 19.035563175 -1.556084456 
-16.698232922 10.200603939 -3.213826197 
-16.031554771 11.676383731 4.115308950 
7.241171940 20.080103833 -4.625040592 
6.473614770 19.036837924 -7.577024121 
-16.647721626 10.403591855 -4.729532340 
-16.990718802 10.508167843 -3.332181427 
7.621994330 19.862742721 -1.792089297 
7.711816920 19.562236854 -2.007532839 
-16.688470198 9.899058163 0.288430558 
-16.341057095 9.834902724 -4.237731776 
-1.310995371 17.514291698 -1.454114336 
-0.921551126 16.658363774 -0.173498919 
-8.809811192 14.546595477 -1.476057133 
-9.079616090 15.075984666 0.387800382 
7.724624615 19.801604083 -0.017429183 
7.754119973 19.756420080 2.286362053 
-15.358877668 12.060682033 -6.136751604 
-15.461380620 12.162207501 -6.023521705 
7.367842494 19.298782642 4.755318093 
7.460521959 19.195696944 4.705009840 
-16.182750737 11.737218531 -3.858695244 
-16.247523742 11.275681360 -3.492495555 
3.955009977 22.580970521 3.780462590 
2.725149780 22.202514074 5.946648968 
-15.211516547 13.952808466 -8.895880681 
-13.928776058 15.890918939 -8.326231082 
4.563856420 22.289305930 5.126045898 
0.538736435 21.465398942 9.217320107 
-15.104728525 12.547138502 -10.440064351 
-16.147801081 14.032098499 -7.496488095 
1.408759527 21.933076108 7.916730970 
4.102418775 22.087075322 6.247078691 
-9.888748790 5.842450707 -2.136465498 
-9.116829797 8.917589650 -0.916633942 
3.651811527 18.255129259 -11.296434801 
3.990476254 18.018026628 -10.825309961 
-17.280082686 10.772776516 -0.955560763 
-17.003105494 10.920871564 0.821647941 
-1.598274419 17.148381126 -4.151166812 
-1.002791986 16.626473002 1.014205272 
-8.912033818 14.581393924 -0.365744839 
-10.407087295 11.916300144 -0.384557219 
6.460328384 19.465404572 -6.897090028 
6.246191948 18.850169810 -7.734688457 
-16.859813998 10.711853505 -1.431960486 
-16.133265084 10.842308969 -5.611768344 
5.649523786 19.137034824 -7.033786351 
6.240616527 19.252856022 -5.819158419 
-15.569703674 11.660485295 -5.312554779 
-16.640356898 11.468047159 -3.219393376 
7.173056066 19.046994833 -3.309358698 
6.771312497 19.035402842 -3.770652339 
-15.998616174 11.694626831 -4.317487034 
-14.405126753 11.388769356 -6.511102080 
5.218615361 19.017634222 -7.430635955 
6.724031327 19.317105590 -4.128918370 
-16.353830569 11.112353609 -3.449054321 
-15.295378658 11.119302310 -5.429652182 
-9.804487259 16.806636019 11.760741888 
-10.327410270 16.859078067 11.308249898 
-11.333379748 12.991225240 -13.572814807 
-8.492645001 17.606496467 -12.610767914 
-5.653345913 19.232894942 10.796054363 
-5.883369463 19.206943550 10.668672839 
-10.672312872 16.647273779 -11.158443704 
-6.608564649 19.210854477 -11.041502214 
-8.793749275 9.217632323 1.986282849 
-5.745278791 8.502702118 6.464485743 
-7.372076712 18.778453616 -11.746133770 
-13.083111985 16.431150382 -9.179760608 
6.880477580 20.478815903 0.453710431 
0.966283524 14.372340289 1.117155924 
-16.552796256 12.016779901 -3.490850734 
-8.693235330 15.070988566 -3.342546049 
6.895848361 20.818856439 -0.422092117 
6.992706534 20.738544798 -3.232424459 
-15.938666809 12.478862296 -6.254928854 
-16.242907848 11.987524166 -5.377398342 
6.795936865 20.553606592 1.830644728 
5.978343893 20.546387432 3.891390308 
-17.095893085 12.046767809 -2.172112067 
-16.947909268 11.682923314 -2.392494899 
7.109651055 16.950138982 -5.354887178 
8.053927603 17.553155072 -2.007440601 
-14.368877705 9.561043653 -5.846192165 
-14.042789803 9.637574136 -6.049436366 
7.550576028 16.792656845 -4.822530878 
8.296802623 17.214105978 -2.828403959 
-15.017004413 9.402171333 -5.687972684 
-15.776384944 8.774561336 -3.515373023 
2.428365109 12.294658807 3.643168193 
2.117912529 12.274198180 -0.498082741 
-8.576928242 10.536637093 -2.713817634 
-8.301714509 10.046925780 -2.940574252 
-3.148845355 17.296811694 3.179506601 
-2.247178968 21.222947238 8.170817283 
-14.141819477 16.147260696 -7.566464075 
-5.826131313 20.326727338 -8.728369467 
-3.163461400 20.678502417 9.950488777 
-0.583668235 21.306387649 9.140477790 
-14.151226633 15.478644945 -9.147967710 
-14.790166396 15.414533832 -8.185704642 
-4.690545874 18.745770555 1.600029345 
1.077775773 22.274921259 6.973097632 
-7.306945004 18.898358351 -11.634458127 
-7.172490607 19.020996274 -11.543579984 
-0.240804185 12.467392423 -4.640737533 
-0.318015656 12.343734409 -4.759668801 
-7.856116563 9.840346270 2.159427086 
-8.306551153 9.590316547 1.257492762 
-1.233631687 14.714702983 -5.035153296 
-1.054086634 16.185302274 -4.141007010 
-7.826725663 12.158921722 3.748476238 
-6.901299802 13.936175809 4.600094290 
-1.994313355 13.765057766 -5.740212101 
-1.666869310 14.025368834 -5.300942218 
-8.750389960 11.039520374 2.222362687 
-8.506225305 11.116567609 2.605221105 
-3.761677480 17.569214171 2.198759734 
-3.793724621 17.541558402 2.394377213 
-8.123739626 15.849248725 -0.973807207 
-8.238699702 15.752761129 -0.920707238 
-2.249907859 17.257396616 4.029748847 
-3.545558292 17.198635932 3.237823153 
-8.609829418 15.059810239 -2.406926038 
-6.967592558 15.918172325 -3.295134668 
-3.720621433 17.583350670 2.182209334 
-3.337110585 17.701586389 1.716575402 
-7.891371805 15.847842620 -2.008904468 
-7.612407021 15.972959384 -2.218191147 
1.441063558 9.681262789 1.022555812 
2.700784612 11.017721149 -0.881013321 
-7.385379922 7.232486162 -3.011620364 
-7.035984878 7.477749362 -3.026498483 
-2.230570366 8.736894050 4.759891213 
-2.754666661 7.892523082 4.827366741 
0.171159445 11.793223528 -4.330562189 
-0.970452650 8.457452530 -5.474932651 
-1.624753855 9.528148425 4.433097192 
-1.510260172 9.590049439 4.328137323 
-2.397815885 9.002287275 -5.131947591 
-1.828797884 9.170473647 -4.837955245 
-3.222150037 17.280969306 -4.962622518 
-3.378067704 17.115080944 -5.278481721 
-6.792503173 15.958670521 4.439751283 
-6.921002791 15.825861211 4.489089665 
-0.531783987 12.956995478 -5.294262495 
-0.244441468 13.289794595 -4.665955736 
-7.678363978 9.951647406 3.688874697 
-8.192169398 9.760785189 3.076968994 
-1.312153113 16.643435151 -4.331257864 
-3.189169254 15.196816888 -5.622273471 
-8.232126687 13.867381692 4.582703559 
-7.525694500 13.373636662 4.881086209 
-1.684916449 16.655507800 5.475148139 
-3.724603880 16.883730411 5.041324021 
-7.050244400 15.122793350 -4.526693907 
-7.713961168 15.205306097 -4.306851754 
-5.129505106 16.604437880 5.509953641 
-4.514965408 16.726615605 5.413648806 
-8.229222932 15.207957755 -3.903624729 
-7.889711516 15.501376171 -3.937481165 
-3.476531232 17.734433075 4.440906289 
-3.809419766 17.632634311 4.430398544 
-7.193014107 16.481511007 -3.630650222 
-8.120875630 16.030829077 -3.341233376 
-4.523255290 6.797126455 4.426638325 
-7.104678127 9.933310619 2.500001067 
0.054458602 11.777381524 -5.375174618 
1.693036158 12.813930102 0.290269085 
-1.762464977 8.652035124 5.436381952 
-0.667666764 9.082601566 5.055710713 
-5.435107846 8.042924189 -4.111402863 
-4.491359018 7.602202628 -5.458334067 
2.801519776 11.606832801 2.886451361 
3.331782592 11.527451227 1.561547872 
-7.152792771 6.026324115 -3.858654299 
-7.089698271 8.496045282 -4.569704808 
1.306157252 26.069371734 2.179189686 
1.031766137 26.198765061 2.166314559 
-14.889705825 15.949287361 -8.040452088 
-16.476023293 18.061010263 -5.032179318 
-2.212330754 24.247818251 6.912568024 
-0.892690332 23.952666131 5.716995487 
-15.646452119 17.752232351 -4.963092754 
-15.747204351 18.505231823 -4.050177497 
2.035323585 25.739775655 0.899167847 
2.633056365 25.059896468 1.939221801 
-14.569929595 17.055206705 -7.269133485 
-15.322638086 17.904965869 -5.929368644 
8.951279162 11.770869127 1.311835225 
9.485462057 12.211446256 2.464496447 
-14.907836594 4.503406659 -4.467535368 
-14.490160910 4.436926360 -4.269577084 
4.388326742 9.569405914 5.074978925 
2.648140607 9.436991696 -1.775817585 
-5.076643582 7.960167186 -3.113670157 
-5.412593187 7.070718502 -2.454227619 
9.208408251 12.531107835 -1.137070844 
9.573926500 12.648267754 0.563162119 
-13.544183790 4.330579583 -4.349312413 
-13.710827583 4.465470633 -4.583968173 
7.852538956 20.035537784 2.432326508 
6.187862182 19.646721113 6.629393742 
-13.316682597 12.362070338 -10.522609622 
-12.873534340 13.239534723 -10.815515381 
7.019404212 20.486884567 -0.164521188 
6.314177486 20.101628526 3.641639313 
-11.698877662 13.213793710 -11.623835461 
-12.739512853 12.333471289 -10.883439798 
4.734196899 20.856619594 5.186033373 
4.838834487 20.274413084 6.255500691 
-12.327335433 14.427530830 -10.391882132 
-12.563497551 14.320344889 -10.500312677 
-3.320557921 17.928836320 -3.746399550 
-3.814468408 17.476857859 -4.934611584 
-6.036383723 16.840014319 3.943821063 
-7.436759596 16.234196629 3.933281048 
-5.427158657 18.248611719 -1.835111705 
-5.095778407 18.348696104 -1.778508479 
-7.082572199 17.547524500 1.594715247 
-6.569808571 17.843143324 1.326576862 
-8.694340074 16.385022218 1.088328239 
-3.012973855 13.843035205 -6.817071234 
-3.781550190 18.633627430 -2.398305554 
-8.403943019 13.259928658 4.543393811 
-2.338562811 9.646131192 5.592086273 
0.243007856 16.677960591 3.817178930 
0.777363638 10.758813704 -2.592748529 
-6.884208294 8.102299201 -3.396307961 
-1.428358905 9.420293455 5.020192000 
-0.998650343 9.596611945 4.774198266 
-5.562318105 7.775083826 -3.415706426 
-5.239741256 7.888248776 -3.647947420 
1.889449649 9.298625923 3.594501278 
1.746983405 10.188871712 5.933959388 
-6.048405172 6.637215325 -4.263081766 
-6.066526870 6.680714601 -4.392778385 
0.393835071 8.768561813 4.801599568 
0.579549902 8.555091359 4.682594550 
-1.506406647 7.910591686 -5.964932177 
-1.560990684 7.545732316 -5.901285117 
-3.875778041 7.865779331 5.484966809 
2.015430390 9.765039474 2.660401891 
-5.239439040 7.603457993 -5.545169761 
-3.595101344 7.710970269 -5.825990312 
1.362689525 13.377671256 2.432822755 
0.042835173 11.929681961 -6.089773813 
-5.228100851 11.324106230 5.264608395 
-5.564335060 10.826813207 5.231784638 
-0.848367565 9.643627625 -4.706378575 
-1.018570820 9.596766728 -4.798882832 
-5.328989609 7.867695818 3.599221476 
-5.953386928 7.635636749 3.050144632 
-2.643966222 9.422278280 -5.823390524 
0.788600461 16.729495222 -2.870835192 
-7.336078260 7.858114957 2.626570698 
-7.188127262 8.279236682 1.550905176 
0.834111812 9.172153266 -5.655345862 
1.813126304 9.280385060 -3.758276353 
-6.800783779 6.350462794 3.680341248 
-5.977675953 6.592148517 4.282895906 
-5.244156065 18.319315445 1.694076337 
-5.332510790 18.292504036 1.717603183 
-5.357256552 17.894310021 2.099673908 
-5.339359496 17.949595244 1.828461826 
-3.772688583 17.797787413 4.045432396 
-3.365617753 17.870649223 3.875163029 
-5.321978367 17.055373100 -3.735587581 
-5.307692770 17.048367926 -3.882608934 
-1.872530819 16.424524990 4.773477391 
-8.651529074 16.441752739 -0.941886426 
-8.121367491 9.986241728 -2.485458475 
-3.807123154 18.535664312 2.622829511 
-7.779533867 8.891701197 -0.102355986 
-7.861063924 8.516841421 0.043469553 
0.090243487 8.643030506 -5.065310810 
-7.007368226 6.725130285 -3.524214977 
1.486678965 9.201302087 4.350958318 
1.024704194 8.559912672 4.566561082 
-6.162960454 5.621388874 -4.357535319 
-6.092490665 6.053594887 -4.588772991 
-8.478130192 9.245472779 1.892955634 
-6.428595212 10.381605376 4.234339734 
-5.702221624 8.516070012 -5.841825212 
1.832693791 11.553133213 -4.067146444 
6.333117878 12.864538296 -9.369050809 
2.432193426 11.022450546 -0.304800555 
-6.400767038 7.706078922 0.797223227 
-7.274523609 7.313104688 2.424313585 
8.764137698 12.076701828 -5.964652934 
8.778425338 12.253699360 -6.780533303 
-15.268925756 3.820615760 -0.585555494 
-15.229071109 3.830224192 -0.957003424 
9.240171897 12.879026225 -6.147748490 
9.093649558 12.356167044 -4.978980830 
-14.712548506 3.658984201 0.374257044 
-14.551567003 3.831102248 0.711976781 
-0.037592265 24.444046497 -5.703136614 
-0.218469349 23.621359070 -6.024275053 
-16.536913736 18.660813492 0.644792461 
-15.907842916 19.447762556 2.114403100 
0.137152470 24.632041822 -5.904861756 
0.589851877 25.044977250 -4.516739470 
-17.108583549 18.943743102 0.276514293 
-17.305375758 18.976547679 2.115878885 
0.185485743 23.824694803 -6.857920221 
-2.158555539 23.033148667 -8.415799423 
-16.620464173 19.422211661 2.320932817 
-16.235741555 18.282094313 3.221788219 
-9.817011707 13.324637623 12.349009033 
-8.776060998 13.778480047 12.547823041 
-11.469245329 12.946541819 -13.001045614 
-10.422428408 13.281477140 -13.312841670 
-11.281636537 13.079020128 11.538450185 
-10.973241647 13.196817321 12.011998224 
-11.477353918 13.117385866 -12.958322418 
-9.454316121 13.989123000 -13.665486297 
-5.752800922 15.968621229 13.135762765 
-8.300350956 15.523887406 12.264671205 
-8.370061222 16.617508251 -13.071741782 
-10.075972633 15.323417949 -12.632236181 
