1.017201710 32.072131828 -6.235252591 
1.810758895 32.312087288 -5.130728900 
-22.601666590 22.631386012 -0.938003865 
-22.482509469 22.724409651 -0.628835362 
-0.047592664 25.360301222 -12.989107233 
0.949691189 26.737632736 -11.130165644 
-21.445549801 18.044374270 4.079117247 
-21.311885400 18.227123322 4.294817804 
-4.591707940 27.779261813 -6.251775467 
-5.447057975 27.476946987 -5.440449794 
-13.449689301 24.528341076 3.969097108 
-14.656943708 24.175780234 3.801315878 
12.389453651 20.267172940 11.398919634 
13.997228461 20.303227518 8.122020305 
-19.513584983 7.448838977 -12.593601972 
-19.462370338 8.650321832 -13.276900889 
6.503353138 24.639650456 9.193904014 
6.248563470 25.688430259 7.374978435 
-16.863590603 14.660462653 -12.907470578 
-16.787995040 15.452989375 -12.556662484 
5.617059423 16.315094236 12.959294014 
4.558463687 15.499810448 13.526019912 
-12.575996993 9.576303950 -12.807420647 
-12.413462848 9.720607629 -12.938680700 
14.472680386 13.231935867 9.638106240 
14.496045367 14.176407516 9.757760870 
-15.745569117 3.603429157 -15.069896626 
-16.430131894 2.734820121 -13.945202011 
6.552137742 7.597613157 13.439426465 
10.311594330 8.138614204 9.674192276 
-12.419296410 0.856006550 -11.938797745 
-10.595498936 1.350921879 -13.404332237 
12.279665970 9.384685342 0.379706954 
11.741076602 8.821668895 -0.823147525 
-6.717513720 3.616745379 -13.518674529 
-1.219163307 6.199539208 -3.613567951 
10.658689516 16.234599040 -6.357140595 
10.850081661 16.575865505 -5.306053629 
-17.654577901 5.133937918 -3.381284373 
-17.787468915 5.169051872 -2.161291269 
12.840563031 23.698346986 2.864282215 
12.921997082 24.232644029 -1.796075439 
-23.490301740 9.483985278 -4.362347010 
-23.275474609 9.279433212 -5.278120356 
9.804293104 17.683359707 5.829899671 
10.184503608 17.881149326 4.872275172 
-17.079271899 7.380471927 -7.348631354 
-17.332762281 7.275329644 -6.824805824 
1.830712800 23.953216941 -8.891422321 
3.659113617 24.874093889 -5.916001007 
-19.145171920 16.591317902 0.594817044 
-18.980961672 16.706526913 -0.075878102 
9.623608761 23.864659536 -9.451938169 
10.158479620 24.769555013 -7.504414814 
-24.046647437 10.991513950 0.408398118 
-23.779143390 11.697298755 -1.913517892 
7.077085139 19.591041850 -8.517043917 
7.802157082 19.221689210 -8.025503758 
-18.910966824 9.476185477 2.435126001 
-18.815378654 9.394554004 3.053070180 
-9.465430017 16.519695692 13.710945805 
-9.287544797 16.423765577 13.783900286 
-11.159663301 15.541431604 -14.230931223 
-9.751912600 16.116164165 -14.678180467 
-6.494579761 20.403979132 17.832668647 
-3.066778521 21.407757933 17.496061207 
-17.516524639 14.526928400 -15.331801607 
-15.929581524 15.914054312 -16.106983344 
-2.921726230 24.229808721 10.126757765 
-0.830891292 25.267290268 8.140095717 
-11.105986470 21.185813331 -11.360950047 
-11.298160385 20.911570384 -11.500679278 
4.839758126 10.570627606 -15.027194693 
5.454963163 10.705936129 -14.597533458 
-12.634589524 3.674181657 11.232150893 
-9.404968396 4.601548769 13.120528328 
4.692508077 17.947188222 -15.262662374 
5.011320205 17.914080572 -14.749176298 
-18.059878458 9.315227121 10.254792117 
-19.566375343 8.682439773 7.942010639 
11.647903137 15.118839398 -10.447332664 
9.945173795 13.933523245 -13.025293762 
-18.087522185 3.719964572 7.278826799 
-16.362546274 4.055863197 9.991846322 
-7.504187273 28.986953661 1.483628078 
-7.396418236 29.079830241 0.727622971 
-12.960601584 27.124407118 -1.417308930 
-12.231106196 27.451413592 -0.891132987 
-3.169850705 29.002399699 7.378112582 
-3.372376564 28.517872693 8.778651142 
-17.590592589 22.805404184 -5.904595334 
-17.393933099 22.898685829 -5.615735958 
0.578688589 30.337186934 -2.530588684 
0.506591542 30.478962759 -1.215388708 
-18.908109645 23.211781372 -0.133506652 
-18.795014792 23.302571039 0.835430651 
-6.585504462 5.985860067 14.627940420 
-5.286688619 6.588075319 15.152522241 
-4.093608920 7.399509038 -17.381616011 
-3.343296406 7.681202832 -17.169983877 
2.494487865 7.703883096 15.189665328 
6.518126072 9.400296111 13.602866653 
-8.694786865 4.754575945 -15.938741326 
-7.045404769 5.430602284 -16.647875908 
-8.090236511 11.404352525 17.503814917 
-2.513098095 13.691147840 17.777938205 
-11.263206005 10.634658502 -17.370224317 
-6.968966246 12.431301453 -18.495592479 
-7.114856570 13.931072516 -5.001968057 
-7.028274295 14.263570769 -4.798855874 
-4.983580147 14.762587836 5.253217693 
-5.714204636 14.544021494 5.086226839 
-4.153848260 7.082314911 -8.859798616 
-7.042063201 6.080639457 -7.785398024 
-3.146042455 7.178523149 8.604996596 
-3.156020850 7.137478470 8.586018335 
-4.148226859 8.348046360 -3.541177791 
-4.799916641 7.614567722 -2.831527166 
-6.208652943 7.633206358 -0.907605978 
-4.557060429 7.650099610 -3.028105591 
-6.432738651 14.718549076 4.421116808 
-6.046079414 14.848961159 4.641149337 
-7.219893799 14.296233687 -3.755403941 
-6.883541464 14.579073286 -3.863587108 
-11.383035599 19.008227579 4.231786688 
-10.928810332 19.232882623 4.425506745 
-5.768994252 21.161457916 -5.613594663 
-3.683319663 21.936908632 -4.289879042 
-8.046745240 11.346283810 -1.297558357 
-8.259686407 11.718198066 -0.157224072 
-0.027218858 14.914110182 -0.134866318 
-0.174425750 15.091305948 0.274395351 
-2.483428177 6.515525030 -3.341128921 
-3.998479036 5.549861298 -2.692374778 
1.563387810 7.780360098 -0.275022890 
1.113836817 7.702757721 1.210542777 
-2.639693604 3.677477366 4.786034622 
1.464712020 3.906467665 3.739093532 
-1.151264446 3.071983528 -5.003543919 
-0.516910901 3.086402276 -4.639161253 
-3.336667093 10.292868365 4.062803857 
-4.848081872 7.662001725 -2.612516834 
-1.846144947 8.017760127 -3.603335843 
-5.639260261 6.417622717 -2.117606456 
-6.141721876 11.687778161 5.246542417 
-7.021114223 11.306667153 4.932666597 
-5.231116946 12.044183004 -7.125605248 
-5.638425863 11.840974935 -7.083424943 
-1.618016684 11.766401962 3.568696524 
-0.721676058 11.102691214 2.382313491 
-5.414935619 9.957275607 -3.631912055 
-4.560457059 9.553560418 -4.076761996 
3.652644813 11.979746898 5.927961280 
4.636138737 12.196711618 4.515643673 
-9.135207218 7.056969888 -6.328239528 
-9.202376756 7.150548454 -6.414169500 
2.303745134 6.599235602 -1.114588091 
1.531508855 7.420227694 -1.742228956 
-4.833803781 4.642229156 -1.991792402 
-5.081026856 4.362010306 -1.606563054 
-2.527337910 11.245316708 -3.422098208 
-3.611040383 11.001528973 -3.796844740 
-4.906435721 9.915731172 3.777269588 
-4.593099954 10.902695894 4.551786109 
1.955748483 11.190692131 -7.130668930 
2.312371091 11.147297609 -6.869150207 
-8.803799508 6.981972548 6.535182806 
-10.494512348 6.697086688 4.100674313 
-2.072739948 17.191200596 -4.969648242 
-2.179491433 16.903111117 -5.294561596 
-9.712960444 14.180689001 1.278219067 
-9.796843342 14.156552928 1.233870260 
-6.283498835 15.905058583 0.003177891 
-6.469978554 15.799279708 -0.124945510 
-4.142896338 16.809038036 -0.796338138 
-4.049386791 16.790245584 -1.031362536 
-6.074195817 21.819173069 2.317216522 
-5.778735195 21.881623218 2.326701280 
-8.831412973 20.727324086 -2.927049926 
-8.898840868 20.659183258 -2.861725547 
-6.736728946 13.756589729 -4.859615031 
-8.082250347 13.451049712 -3.874423038 
-4.062199552 14.593024885 4.763494907 
-3.766987519 11.704781563 4.484543326 
-8.337657085 13.167416851 1.029104855 
-8.971186484 13.596099130 0.074016493 
-1.122479952 15.923380866 -3.056880840 
-1.034909277 16.626454984 -2.498749727 
-9.157347051 20.521844894 -3.735172373 
-9.124197670 20.589892695 -3.811552411 
-4.926871444 22.109401268 2.879164180 
-5.311543616 22.099134678 3.039028751 
-3.939706064 8.625175209 3.369532405 
-6.079515878 12.516727175 4.779384137 
-0.596522207 10.074197740 -2.400921411 
-1.887195838 14.362002232 -4.101273418 
-2.822080484 6.859300557 3.956211289 
-0.599788230 5.377652361 4.085070820 
-0.481761868 7.730530503 -2.840685972 
-0.046498559 5.509799606 3.945394677 
-4.735381089 8.454416757 9.013032208 
-4.929072962 8.586303836 8.939864619 
-1.170066916 9.979188964 -8.467001355 
-0.968711662 9.982273653 -8.405941006 
-2.727756963 7.115564326 -4.418373930 
-2.648941113 7.406200638 -4.648252863 
-4.886035118 6.812521269 2.748965251 
-4.976594567 7.586464944 2.980082809 
-2.151247535 12.324528435 -9.465168992 
-2.325143042 12.201017643 -9.539528277 
-7.962804616 9.671789980 7.804799310 
-8.984718606 9.278739619 7.164713024 
3.012192744 6.657116089 0.366545737 
2.130793851 6.508560473 0.913888424 
-5.786634041 3.230934758 2.454314739 
-5.508297058 3.620323499 2.215368367 
-0.032797438 4.803300770 4.100024221 
-0.330366469 4.559521936 4.207124194 
-5.326375675 3.088365343 -0.861278057 
-5.163877323 3.054697041 -1.496265618 
1.149043597 12.585733622 6.861039670 
0.771054529 12.974305251 6.822992610 
-7.306182664 9.399945641 -7.952597312 
-6.963094671 9.377290544 -8.120835329 
3.168647780 7.622945626 -2.394037219 
-1.614538800 7.905494972 3.630551177 
-0.251528134 4.735010297 4.005544966 
-4.192390115 4.612354019 -2.965834621 
-4.376112678 11.243871280 -9.748221665 
-5.387340255 10.937592473 -9.666994134 
-9.183836072 8.519276437 7.745523512 
-7.518728845 6.668110470 7.470801065 
-1.591106333 7.684151691 -3.386778002 
-2.739783681 7.344159235 -3.489564988 
-5.063374514 9.912717147 3.730821711 
-1.326923586 12.151687131 3.417838279 
-1.244329023 10.492679551 -3.289784873 
-1.376955728 10.250557642 -3.386459424 
-6.684885331 8.512746333 1.561799957 
-6.310540703 8.580864964 2.455473265 
-12.059482994 17.983696236 0.299841525 
-11.811931347 18.167971116 0.372345238 
-2.281651960 22.048808197 -3.216925516 
-4.021532467 21.506977211 -5.043269378 
-6.695756115 15.958964332 0.216428695 
-6.698429687 15.875868261 0.277005974 
-3.353493636 17.223828955 -0.828532032 
-3.441018762 17.180439193 -0.375940796 
-4.449849303 7.187024722 -3.183144126 
-5.580953307 6.692458758 -1.475514325 
-2.859148680 16.748308013 -0.720975312 
1.546082156 9.468978018 -0.612643439 
-3.955087626 10.141200666 3.676724029 
-4.063000416 9.085587203 3.532545516 
-3.493887537 10.604233769 -5.074556088 
-2.903110459 11.008229836 -5.049997755 
0.633590107 5.417902110 -3.601363950 
1.314821541 5.879770419 -2.710789776 
-5.460612315 3.820473379 1.423644267 
-5.208337244 3.397575635 -1.084524547 
2.896886839 10.095970388 6.373970000 
2.403117312 9.906381428 6.812933833 
-8.324848066 5.828201366 -6.669912653 
-6.314946551 6.493652440 -8.097061717 
-2.774514944 10.179978600 -3.889231845 
-1.238915468 9.933647676 -2.931021051 
-6.042028726 8.920157148 3.402639025 
-4.471945007 7.857121259 4.104613223 
-7.040228260 11.535445505 -4.371047510 
-5.972364292 11.854346431 -4.833549484 
-4.631878509 12.328044904 7.183288948 
-4.335983422 12.496584508 7.330141130 
1.160683734 11.765475577 -8.130552500 
-1.150772906 10.929642380 -9.153031331 
-10.042038134 8.109471375 6.678223861 
-10.310274416 7.593038619 6.167002884 
-4.691272748 16.702989790 -2.133385836 
-5.285789832 16.494424785 -2.183598413 
-5.892343196 16.274130036 1.026851032 
-5.739940804 16.348169021 1.116048850 
-9.911896382 13.200205512 0.858966670 
-9.790374619 13.104036094 0.955270494 
0.430288669 17.086461133 -1.848387970 
0.389198610 16.982947415 -2.347847422 
-6.110411786 21.682092295 2.280744659 
-10.158431691 19.921603427 1.652920323 
-6.588615429 21.576059725 -3.730803931 
-6.771787420 21.428932586 -4.202339979 
-10.999202981 17.919917481 2.685667165 
-10.522012129 18.144129302 3.107217034 
-1.779483842 21.357768233 -3.112766397 
-2.116465646 21.011199870 -4.425001274 
-6.607629428 15.033454964 -5.652009499 
-7.702079467 14.659875678 -5.202366067 
-1.223727256 16.946179484 3.366926020 
-4.799347884 15.586564152 5.441523994 
-3.780576374 10.871504509 4.048010439 
-7.808732797 12.138306231 0.700758381 
0.120217974 11.396030565 -3.657164723 
-0.670401801 15.108881341 -1.741695107 
-0.491108700 4.964476086 4.261742981 
-0.715496025 4.696599621 4.315280549 
-5.408208103 3.274377789 -0.689144876 
-2.936313551 4.312789473 -4.241562443 
-5.696831661 7.216264546 8.617645380 
-5.615003540 7.288302684 8.650018785 
-1.220763674 9.009863396 -8.587940874 
-1.230814015 8.971646805 -8.595873207 
0.071155107 8.334682009 -2.260068803 
-1.028700402 8.204608582 -2.852131829 
-5.045639976 6.793355753 2.206159182 
-2.397606049 7.447386889 -3.700380920 
-0.964572656 10.726249128 -9.768862988 
-2.037302099 10.269211542 -10.073597467 
-4.671186372 2.178865218 -3.650229587 
-7.677063871 3.644023919 -4.239374764 
2.171847180 7.702317605 -2.273910852 
1.726103016 7.900534540 -3.125149987 
-6.030930198 3.508967762 1.046085428 
-5.867462117 3.447918617 1.861556537 
-0.738976416 9.421807370 -3.464369795 
-1.856298387 9.019701016 -3.991399868 
-2.913769427 8.369699572 3.148524571 
-3.519378662 8.317634166 3.502906859 
-6.784945144 13.663936003 -4.797625734 
-8.975837302 24.695261305 -4.937096888 
-11.710951127 25.515948004 2.694996963 
-9.427922666 25.166171866 3.550997808 
-9.582407714 26.428662049 2.647783531 
-8.403685618 27.064988269 3.519743389 
-11.246884961 26.237815930 -5.702490509 
-11.001878557 26.383957826 -5.580114155 
-3.066865800 29.848920067 -2.334808539 
-3.125315608 29.902114541 -1.490911826 
-16.267747420 24.724403541 -3.573700569 
-16.805479699 24.518122487 -2.000724153 
-0.316165714 11.740969356 13.601888581 
2.594549270 12.458362683 12.776660730 
-10.065481185 6.711295958 -11.925414557 
-10.774865946 6.146077606 -11.380786039 
9.103089221 6.894809193 7.299409254 
10.154769497 7.238290558 5.252364696 
-9.214736777 -0.105888396 -7.746051442 
-5.367477524 3.490082414 0.081933687 
10.775722393 14.227287037 9.572142717 
12.308161133 15.074196091 5.905740463 
-16.465225958 3.541805821 -7.731514817 
-7.197638381 7.428902837 -7.763412381 
-0.602111039 9.075832378 -3.301924830 
0.223947933 6.977041482 2.607654634 
-2.575104188 6.039164284 -3.312919479 
-9.441738785 1.165997913 -3.410330592 
10.104609202 15.110859242 5.961984736 
11.279222701 16.219969964 2.599721540 
-14.945686400 6.680840165 -10.372333073 
-13.625928314 6.096939968 -10.736688968 
2.190200778 6.880486740 7.389576310 
6.727188507 14.002811114 13.601056282 
-11.724620203 7.188909504 -15.059879150 
-10.435798017 6.583786160 -14.850246047 
1.288350650 4.897825546 -3.370007757 
1.771536869 5.169543378 -2.848119465 
-5.305906285 3.114883252 -0.920606331 
-5.129395420 3.066461991 -1.577648731 
3.583422193 10.470235742 5.779129333 
3.037922134 10.511066500 6.292271834 
-7.839073826 6.729200662 -7.255349039 
-7.693232017 6.646884992 -7.350417664 
-0.630168738 9.225736896 2.785202683 
-1.913688973 9.523788514 3.119855187 
-3.861262030 9.136623452 -3.724396532 
-3.187926622 8.982650908 -3.984120870 
-1.169365929 12.854306814 -9.141035971 
-1.913747710 13.184815776 -9.299204232 
-8.984496534 9.308985039 8.326475817 
-7.592221070 10.040957346 9.276060114 
-1.788110285 7.608584986 -3.438401492 
-1.093783201 7.856932593 -3.052230800 
-4.543083039 6.641869376 3.239713786 
-3.472136086 6.751487576 3.692049071 
-2.567545429 10.943842957 -4.457752551 
-3.589001394 11.068537000 -3.817150338 
-7.596179126 8.525136533 1.196820808 
-3.415102139 10.951091161 5.001105594 
-12.340126495 17.715744276 -0.281729793 
-12.160441869 17.952744918 -0.545022855 
-0.760352816 21.876129952 -3.248156590 
-1.144875181 22.109346301 -2.581567244 
-4.598857741 20.766762688 1.312607529 
-5.022929527 20.433065603 2.084123573 
-9.222706988 18.719462468 -1.738317343 
-8.724626685 18.950367685 -2.491913642 
-5.669529265 15.701058275 -2.817265530 
-5.796353232 15.581409907 -2.911442216 
-3.950766790 16.309887369 1.040058218 
-4.398839279 16.137667466 1.762559119 
9.398660861 8.535547081 -9.921384735 
10.822456750 9.912214397 -8.129407488 
-13.844730212 0.500371702 -0.673702162 
-14.202067673 0.435919178 -1.587193206 
0.593396285 5.429699015 -3.611551216 
1.361334773 5.866091000 -2.669464326 
-5.353395368 3.402416498 -0.632545633 
-5.015622380 3.600325678 -1.439079242 
8.666748224 9.310863313 -13.264539358 
8.118441990 9.289002829 -13.677790598 
-15.538714284 0.541312162 4.079579585 
-15.840322097 0.113990470 2.351378389 
4.146431507 22.547193186 -9.684611414 
4.225840216 22.844118295 -9.488453765 
-19.929083979 14.708728595 3.487542763 
-19.571290318 14.891044093 5.077780970 
-3.202708718 25.087148297 -9.661022325 
-3.070006408 25.295426221 -9.723680192 
-17.911237382 19.623147166 4.347777817 
-13.718360672 21.007352773 9.913231999 
1.728818992 28.982515110 -3.661597772 
1.572273237 29.060983605 -3.547822173 
-18.436353812 21.656597240 4.508777465 
-18.698341060 21.716187190 3.541717187 
-16.258116023 18.322842026 8.742203821 
-15.613357542 18.803189879 8.964297753 
-12.762713005 20.390488693 -12.607177498 
-11.323528556 21.214005903 -12.559631161 
-19.762203496 11.505957332 2.665804801 
-19.333112436 12.061956866 4.197918487 
-6.123179330 17.295100266 -16.322163009 
-5.096938569 16.342576206 -17.222254843 
-14.855443196 13.119984609 13.194724147 
-2.418012989 5.404211153 3.934507173 
-10.829172052 14.882429179 -16.707347066 
-2.733638291 4.793795891 -7.911475584 
-6.470024089 11.693988791 4.836591644 
-6.596710274 11.524355263 4.786435926 
-2.731274205 13.086713972 -7.069746534 
-2.835875572 13.199362836 -7.063531997 
-2.841799912 10.188602757 3.914623024 
-3.775969106 9.110674039 3.702582928 
-6.206033152 8.662499956 -2.172649316 
0.039571163 11.332491776 -2.803956399 
2.250512429 12.447173774 7.316388468 
4.449357413 12.615225384 4.973985318 
-9.123131540 7.817228489 -7.233833459 
-9.037012504 8.093708614 -7.526086244 
0.635806487 5.403329938 3.600887439 
1.317748055 5.863703461 2.714413216 
-5.447592540 3.801896611 -1.527473412 
-5.252965235 3.464921565 0.914369314 
-3.965549706 10.064052110 -3.670899148 
-3.469831846 9.269188478 -3.575760564 
-3.236006984 10.674852126 5.024088964 
-3.642167978 10.633470990 5.211132310 
0.556942364 9.403135156 -7.988017117 
1.059172850 9.467618570 -7.732068531 
-6.774818941 6.457025914 7.897952636 
-8.298056909 6.054372276 6.797293407 
-2.061098957 16.076684064 -5.585103061 
-1.979547800 16.032695542 -5.570137974 
-9.710894890 13.091614262 2.532642439 
-9.146587476 13.331239004 3.086067974 
-6.888429136 15.939487745 -0.263097799 
-6.652142801 16.035618126 -0.715300453 
-4.030309952 17.053615837 -0.171471965 
-4.273274239 17.007491642 -0.211096884 
-3.664279190 22.443644721 -2.054623550 
-3.980633830 22.520138338 0.065481304 
-11.101934027 19.501381752 -0.448525703 
-11.098725366 19.513143413 -0.188752361 
-3.769845743 11.338954058 -5.054548596 
-4.280314393 11.330791195 -4.943112186 
-1.383403213 12.197450319 3.208042794 
-2.643034678 12.096633124 4.304620324 
-9.171957646 15.841769267 -2.799088496 
-8.914195641 15.960566818 -3.213603167 
-1.600708136 18.662661734 1.432305276 
-2.015953537 17.110696587 0.375882453 
-7.148351986 18.930309769 -8.361864780 
-6.311191467 18.870283387 -8.706544896 
-8.969823045 17.899190614 7.251463992 
-9.975038413 17.604925828 6.862773442 
-5.944813328 16.258926109 2.721468102 
-5.724040707 16.332475727 2.481248323 
-5.525090682 16.421585413 -2.429551674 
-4.352067077 16.826000151 -1.749190548 
-2.613176090 7.476395470 4.053515406 
-0.877172274 5.318397267 3.991760378 
-4.092250085 7.008735701 -3.145293087 
-3.979072660 7.480024392 -3.410612085 
-5.128346902 12.021053366 7.894873762 
-4.750564596 12.092831032 8.058953006 
-2.941493147 12.688688917 -7.586726427 
-2.394630672 12.863960152 -7.434227343 
-1.916687751 9.093923551 -4.917259098 
2.213776509 6.376165383 -4.441380949 
-5.120962841 5.052628204 2.047223845 
-5.262877339 10.249569682 3.575913601 
1.571477136 6.598563570 1.217468739 
1.417678305 5.722710444 1.366457292 
-3.898585542 5.315739692 -2.986289476 
-3.225040606 4.616775018 -3.181758926 
1.298499728 7.637330495 1.249188989 
1.830345488 5.746359163 6.945405745 
-4.521792254 6.179995439 -2.907502171 
-2.651736186 6.433004489 -3.460185905 
2.146783694 8.299092999 6.822892186 
0.547677776 7.637106830 7.709543250 
-6.592209149 4.888916071 -6.670841962 
-5.240087670 3.141778006 -2.621536938 
-3.294752710 8.891044915 3.410425791 
-3.291958453 8.725946210 3.486747774 
-6.087708874 12.922204766 -5.152376198 
-4.668829977 8.199131966 -3.351910752 
-3.700634604 6.178835259 -3.781936358 
-2.656634974 6.182131327 -4.427428042 
-3.685841445 6.204309810 3.059946053 
-4.921405066 5.608315682 2.207828196 
-4.116147270 5.390734210 -7.144910256 
-2.670153262 7.014597261 -8.328896275 
-6.209111902 6.069720243 7.875361493 
-7.404418185 5.696957762 7.126943427 
-1.316708405 8.348161841 -3.102733028 
-1.707541702 8.200894892 -3.153392131 
-4.483881849 10.217730172 4.049596576 
-4.671259793 10.058834476 4.142020899 
-3.229258097 10.338345873 -3.689130637 
-3.300682019 10.616179979 -3.887610987 
-4.448490939 9.902986204 3.910165618 
-4.386121095 10.281250458 4.116089646 
-10.982217936 19.453842320 1.692714687 
-10.394647459 20.060233397 0.398009494 
-4.568592702 22.477884642 -2.419361720 
-4.726502766 22.332336002 -2.942094079 
-4.614584135 16.780616822 -1.709512447 
-4.917870208 16.671382727 -1.738900243 
-5.754607058 16.404776378 -0.004439023 
-5.858204860 16.375185371 0.297060440 
-6.626258141 9.173178775 1.860292282 
-6.579482454 6.960678029 -0.622469882 
0.701908617 11.427662811 1.992058871 
1.607095028 12.590698755 0.638775541 
-2.172425470 11.353501669 3.252552168 
-2.885472176 11.268245707 3.631494118 
-5.057769969 10.287471553 -4.134883846 
-4.588987481 10.905461591 -4.573476994 
1.415022728 6.733427458 1.292151024 
1.548946600 6.493829204 1.727092108 
-2.323305241 5.573175954 -3.593550406 
-2.228869024 6.490021707 -3.597494115 
3.383564598 11.603839711 5.767876091 
3.373306347 11.390573760 5.857263703 
-9.447775667 6.680933345 -5.751830564 
-8.667054356 6.927909580 -6.672604034 
-0.671432374 12.002387093 -2.786027663 
-1.262806189 10.932777949 -2.883644961 
-6.882828285 10.113748109 2.792563084 
-5.155978361 9.325451893 3.882708102 
-6.385879138 11.574908153 -5.110998883 
-7.088969177 11.279579823 -5.056951284 
-6.297288642 11.714802217 6.685586030 
-5.591553531 12.000052811 7.034649955 
2.454223323 11.652654384 -7.104262895 
2.303010848 11.494112308 -7.282047764 
-10.623761729 6.650857206 4.062688744 
-11.182148771 6.595993760 2.721669645 
-3.976593211 16.785547405 -1.235645780 
-3.820800553 16.767119580 -1.472215445 
-7.055967662 15.613420326 -0.110869266 
-7.140098078 15.496698899 0.326248450 
-9.612501729 14.253954332 1.661205603 
-10.096407442 13.830068322 0.191032222 
-0.957735292 17.933279982 -1.182401003 
-0.918424620 17.671703718 -2.487566083 
-5.303937100 22.111437564 2.094996609 
-8.274548940 20.903882789 2.631467642 
-8.405460602 20.939536143 -3.090004423 
-8.544198349 20.890943240 -3.065119610 
-10.934441595 19.182469743 -4.609080574 
-9.818015106 19.479974671 -5.678818517 
-4.575080655 21.636015358 4.939915742 
-4.557004445 21.646349923 4.944746823 
-5.793648741 14.868220560 -4.696736537 
-6.667012201 14.625042264 -4.435081648 
-5.753993969 14.949317818 4.175295258 
-6.626879932 14.508225243 3.931101680 
-8.269544953 11.733611822 -0.155820908 
-7.932012824 11.199848772 1.841326027 
0.097080388 14.962453991 -0.217342304 
-0.419521770 15.116586568 -0.132724659 
-7.160850374 5.965627232 7.653080214 
-7.711710847 5.853759603 7.314724379 
-3.939388602 6.877397074 -8.516529566 
-3.844098518 6.905694347 -8.527296912 
-6.501001462 14.313471489 5.112148119 
-6.740612253 14.420073499 4.749480988 
-5.827064153 14.437085025 -5.314157633 
-5.057437040 14.820210527 -5.145647240 
-4.562736426 7.650939542 3.009675080 
1.253247469 9.709263782 0.146931351 
-2.458025464 8.421124837 -3.786080012 
-5.290836542 7.833294635 2.915357603 
2.339138842 4.026194101 3.611346831 
1.129335115 3.640915172 4.193293570 
-4.576791069 2.421308133 -3.199131835 
-2.709039203 2.566469630 -4.639534989 
-2.284076914 6.706659794 -3.741666589 
-2.032207810 7.566466468 -3.535264863 
-2.499694078 6.490112709 3.344513994 
-3.141547155 5.474144676 3.181491698 
1.126113224 8.653781843 -0.511929545 
-0.374330556 8.987580977 2.708545006 
-4.478881326 7.203052421 -2.863631028 
-3.952388417 7.481033539 -3.126394800 
-2.733289872 28.511188790 -8.432094609 
-2.652513246 28.498644542 -8.913061528 
-19.150168106 22.063464620 3.355856944 
-19.457612245 21.885706935 1.907016509 
-7.283234339 29.096988422 -2.139902628 
-6.861870878 29.364291796 -1.543837615 
-12.851774757 27.216810060 0.445175495 
-12.018211310 27.447869176 -0.125302095 
0.661365399 30.293024570 -4.178946647 
1.052547517 30.439207505 -2.416393233 
-18.734681109 23.185953133 -2.647808827 
-19.173115505 22.858877675 -2.026906819 
4.650838557 17.961378268 15.174630546 
4.260528122 18.288694878 14.883362968 
-14.621334211 10.680292755 -13.565370321 
-15.280148733 10.207031761 -13.066751209 
5.259964610 10.329397441 14.515651462 
5.315173301 10.115777798 14.507468385 
-7.163107425 6.132780014 -14.486662118 
-9.491097351 5.307332443 -13.640059676 
10.963101915 14.400408631 11.596442502 
12.112101092 15.600576256 9.013016144 
-15.955024922 4.493715435 -10.668280698 
-18.035678006 3.550056434 -7.320416932 
8.053937711 9.925722842 12.403692364 
7.219827510 9.830814030 13.214506197 
-12.232393125 2.983569097 -13.089449003 
-12.635839640 3.215607389 -13.208375815 
12.814280457 12.773596576 3.141057974 
12.973365626 12.753133661 3.126845645 
-14.290495619 2.961021473 -10.281192255 
-11.333789589 4.194570107 -13.327620570 
6.770286126 17.318080386 14.022758403 
11.567034368 18.638295884 7.954183030 
-14.776801165 8.665292941 -14.763813999 
-11.473349348 10.213810994 -16.951341222 
11.805092122 25.058534000 -4.577752896 
11.609968541 24.587725016 -6.354726750 
-23.652206821 10.922749105 -3.920483308 
-23.454157604 11.545211980 -5.045290863 
5.015391100 25.653707626 1.067493562 
4.988334155 25.618023778 1.260371212 
-18.359160493 16.150220544 -5.591662644 
-18.407719700 16.339792929 -4.795676346 
9.510815156 19.555596502 4.336737893 
8.900768932 19.281662960 5.670929234 
-17.775052580 9.720125423 -7.141338727 
-18.479318142 9.345927023 -5.232432257 
11.848470696 23.119134548 -6.921079939 
11.319341157 23.417563840 -7.380429036 
-23.806890868 9.551770953 2.187336925 
-23.779896508 9.997034826 -2.122286294 
11.469565399 16.657859861 0.223428057 
11.464088886 16.259322259 0.400939519 
-17.737702218 5.562902233 -2.884999700 
-17.837101228 5.607475877 -2.312259768 
8.504664939 17.161669144 -8.412523308 
8.936947263 17.493944505 -7.587893802 
-18.601749057 7.089153402 1.017978255 
-18.664655874 7.469129439 -0.960691711 
0.212297652 21.813194270 17.251102101 
-5.110287852 20.297426577 18.301394624 
-17.549270692 15.026182244 -15.033064612 
-17.382419313 14.762288842 -15.302418335 
4.833064170 21.933568622 9.095192881 
7.399177692 22.598697187 5.215996311 
-18.122539072 12.512487289 -7.771876004 
-16.727897925 13.380693328 -9.756346245 
-2.359342188 24.812035692 9.103557001 
-2.342229923 24.733213996 9.252853013 
-17.030673527 18.899447416 -6.604131887 
-15.422834620 18.867906158 -9.573470457 
2.445577693 22.166240082 -14.565791617 
4.354953752 23.028895523 -12.692683625 
-20.036694650 14.010987481 9.395674908 
-21.401927881 13.798591629 6.889129270 
7.595450156 17.579616855 -17.072330384 
10.203437635 18.761550451 -14.656683586 
-23.902803786 6.201362727 3.242204674 
-22.433668385 7.933772237 9.087147728 
3.191604573 13.850071830 -14.068550496 
1.703638293 15.141418690 -15.557171342 
-16.361440396 7.159739948 9.321953211 
-14.641140998 9.696702604 12.028967496 
2.678904935 28.024106873 7.742763525 
2.877571959 27.637236515 7.731121859 
-19.159338493 18.352697766 -8.594433823 
-18.977375272 19.442280020 -8.033766500 
1.263057487 32.861473970 -0.158909414 
0.627995082 32.867764003 0.191500012 
-22.339979702 22.663804543 -2.687559364 
-22.620254883 22.418070743 -1.985497700 
-4.751061406 28.002094210 4.777681501 
-5.103103986 27.889382765 4.557266206 
-15.246824752 23.716289824 -4.375190251 
-15.326473132 23.804578990 -4.306826482 
8.068362755 8.242037920 13.009180573 
7.429982854 6.963770721 12.136811763 
-7.046860948 2.792359763 -15.777745721 
-2.318863315 4.077901481 -16.401839123 
-2.312091194 7.270162361 19.487893246 
-8.323993103 5.210069370 18.724042974 
-7.858710081 7.267764780 -20.121500323 
-4.542095747 7.318868249 -20.356993324 
-3.716489679 2.277677898 8.541976948 
-4.372104875 3.026892090 11.560870592 
-0.299504177 6.210647520 -14.858668556 
0.626849977 5.726763228 -13.790927518 
-3.536220233 25.679378752 9.153645915 
-4.041481093 25.059302089 9.576425725 
-13.218473853 21.241997989 -10.218657948 
-14.180690490 20.744151635 -9.645207252 
6.852504494 24.003803936 4.997796664 
4.822345871 23.759909001 8.300237816 
-17.603053397 15.142633335 -9.020730198 
-18.285412339 15.077853757 -7.885435357 
1.625710076 29.495052102 1.705838937 
1.359192403 29.906146196 -1.062735612 
-18.283761926 21.527763310 -5.274936751 
-17.764384825 21.676428298 -6.496812034 
0.680333980 5.420359764 3.580689094 
1.376658762 5.853247732 2.674252734 
0.425079457 3.663301467 -4.174672590 
-2.269256588 4.378660442 -3.401841850 
11.004101643 9.644051303 -4.661347840 
12.211150523 10.200157016 2.243782591 
-13.880629658 1.171225593 -3.644221197 
-12.462291030 1.926909658 -7.658025941 
10.773320997 10.229071963 10.664889419 
13.490500753 11.503473195 3.816728879 
-15.034769892 1.341738765 -6.392800301 
-14.293503640 1.600353237 -7.627077260 
6.899879673 21.816928710 -7.686752780 
5.415372315 21.495500547 -10.249940925 
-20.488632174 10.418557430 0.446552136 
-19.975266692 11.261342263 -2.426892854 
4.559501270 26.634775048 1.847250390 
3.134983287 26.644260087 2.951474362 
-18.928014252 17.315222240 -5.329784190 
-20.568542713 14.896213524 -6.607898329 
0.968500788 7.838288819 1.810195876 
9.874219040 22.250558112 5.694145508 
-2.514016105 5.165147727 -3.299718394 
-19.264589098 10.271869177 -8.882306674 
0.343491604 8.607845809 1.628091324 
0.261783865 8.066700597 1.933095751 
-4.385105544 6.698752419 -3.335489906 
-3.176899231 6.833309282 -3.723861524 
0.465867212 13.374505624 8.400824854 
-3.547804836 11.553130011 9.768811396 
-6.654870854 10.379433065 -9.553136301 
-6.071289090 10.104423746 -9.514231136 
-2.968186288 11.325098735 3.668439735 
-2.809322129 11.674915209 4.071269646 
-4.983051624 9.044138716 -3.553517041 
-5.761754658 10.102661680 -5.948379404 
2.335389180 10.380599352 -6.898531726 
3.613969104 10.720266293 -5.674816151 
-8.854500548 6.352144810 6.265276339 
-9.910099429 5.930472102 4.808853625 
1.491056296 4.806401519 3.298239069 
1.691017254 5.171927432 2.915944271 
-5.365950492 3.055845115 0.617292252 
-5.128389170 3.037850698 1.467997600 
-2.069711294 9.522439616 -3.167934392 
-1.726943163 8.815184562 -3.442498752 
-4.021316508 8.655304728 3.944675795 
-4.069065600 9.066460849 3.714816267 
-6.419881451 20.024533106 2.657336191 
-5.273186191 20.241864295 2.165455404 
-6.551048690 20.038668420 -2.812215594 
-6.971672980 19.757699031 -3.017588162 
-3.263349381 20.987360179 -5.902088192 
-4.633030338 20.803304103 -6.134530061 
-12.429387378 17.638473489 1.379927714 
-12.439235044 17.701368020 1.130968697 
-6.342700318 15.335041645 -2.235647917 
-6.418332065 15.433863096 -1.906439319 
-4.309431644 16.247275323 1.888747607 
-4.870590005 16.143082288 1.910727719 
7.115607580 6.940942600 -9.919062495 
5.174289624 5.935660653 -11.380330517 
-11.103666499 -1.899109052 1.820343342 
-5.342892537 3.443933084 0.442996960 
-0.259315930 11.323627747 -14.349361875 
2.174253964 11.732416802 -13.712315830 
-14.226677597 3.966796162 6.744152937 
-13.221800020 5.161154834 8.825430465 
9.351653726 13.796826915 -11.641654500 
9.744587118 14.051037641 -10.881154172 
-17.634242054 2.727339129 4.571358179 
-17.742991099 2.780154423 3.816901142 
-10.481724722 26.353201182 -5.219136457 
-9.529899722 26.698884151 -4.059024713 
-11.158785486 26.303961008 5.441498515 
-11.141224000 26.175511994 5.271778252 
-6.871200507 13.543057373 4.830360320 
-9.385863535 24.057055548 4.603283027 
-10.188615931 23.423639786 -5.266688769 
-10.730222514 25.491207835 -2.876989653 
-2.668087132 30.026696365 -2.343614510 
-2.742106591 30.055595068 -1.740556515 
-15.572875410 25.381462306 -1.283723267 
-16.064784711 25.018185105 -1.234052175 
-9.710115937 6.961489909 12.341469059 
-10.241427686 7.305003506 12.601659244 
-8.332274446 10.247024126 -16.456853250 
-7.275062431 10.447410315 -16.682422666 
-1.989800193 6.049675441 3.299403840 
-1.516751541 6.284868761 3.251507990 
-4.297289424 4.451899892 -13.239229190 
-2.033647619 3.700689022 -9.813309395 
-5.034316575 9.118440099 16.647705901 
-0.861951645 9.586646596 16.115100022 
-12.589142639 7.335764678 -15.125520869 
-13.937386728 7.533469530 -14.491088099 
-5.622315612 7.272102779 -8.664640237 
-2.688836005 8.322689069 -9.034958781 
-1.233611277 8.994532526 8.592570267 
-1.693943713 8.809739950 8.687467135 
-0.561259555 4.937413647 -4.271287763 
-0.608250054 4.748582784 -4.300331624 
-5.382721819 3.288480775 0.847659181 
-5.215569931 3.377767299 1.759045723 
1.016217123 8.350969498 1.007136413 
0.227165714 8.311584771 2.106993624 
-3.854360926 6.693702849 3.754456785 
-4.219967750 6.880981382 -2.966656337 
-7.898556174 14.614866868 5.126019758 
-7.304846131 14.814598725 5.393467461 
-4.060999912 15.971443517 -5.318674901 
-4.729619157 15.664877006 -5.457956138 
-10.908242756 17.807927386 -3.025060143 
-11.005883961 17.792154870 -2.870084905 
-2.596013669 20.909031981 5.112840274 
-2.743456273 20.932666959 5.241287308 
-7.560823959 12.542487733 -0.628873264 
-3.344823775 10.460320296 -4.088230412 
0.040645907 14.781761155 1.519784333 
-0.460549220 15.191791153 1.701397975 
-6.018450987 3.558885473 -0.708981607 
-5.928542564 3.464543265 -1.448800881 
-0.362778375 6.486141542 -4.824346745 
2.046590189 6.343282207 -3.007804095 
-11.622697480 6.616180217 -1.438396078 
-11.144678177 6.539782227 -3.586052698 
5.935157181 13.028074409 2.061527255 
-1.320213912 5.703653931 -7.688750977 
-5.915578150 7.500094823 -1.564766987 
-5.206613126 7.544855439 -2.084636158 
0.831295216 9.894742705 1.311502796 
1.036509714 10.040487796 0.683272145 
-7.821014615 16.541665429 -9.344130088 
-8.645706845 16.181236882 -9.152039988 
-6.035558295 17.690337240 8.826912779 
-6.131784868 17.497813558 8.871956541 
-2.665579069 11.402585755 -4.810636493 
-4.843266436 10.917684966 -4.715830471 
-3.430161101 11.049110702 4.001722091 
-4.079110274 11.295189289 4.506166914 
-7.824630082 16.120272905 -1.260951109 
-7.876367262 15.920735816 -1.069188128 
-3.071281052 17.861721359 0.206740344 
-3.238411788 17.747582666 0.460002627 
-4.019684121 9.558854375 9.972106590 
-1.788346539 10.571749059 9.810279342 
-6.795171685 8.264615786 -8.556040642 
-5.082923967 8.967789427 -9.038072448 
-6.391423274 15.977544299 0.778729496 
-6.379931644 16.042604534 0.884761614 
-4.359908813 16.766094952 -0.605382780 
-4.025142702 16.920915916 -0.003783149 
-3.116552924 9.039370404 4.683096645 
-2.237151559 11.288651164 5.142897657 
1.190463019 10.175853879 -1.982034815 
-2.256475465 11.149680667 -4.898614149 
1.815491280 5.967945671 -2.605461906 
-1.448491643 5.343126773 3.827766966 
-1.036159583 3.111037031 -4.887999904 
-3.332344853 2.191283357 -4.397378754 
-2.604404785 8.050347753 -3.807775732 
-0.972957917 8.043972035 -3.310942984 
-0.793005338 7.245488125 -3.039713893 
-3.915276894 7.313206655 3.215573490 
0.760506017 7.055615316 1.478821498 
1.041811195 7.939171158 0.753886872 
-3.060071941 5.911887471 -3.508898234 
-1.945945462 5.895805256 -3.748181286 
-1.931992456 11.971090518 -4.379709000 
-3.120091458 11.780912870 -4.795361315 
-5.192514791 10.780246450 3.969821833 
-3.903379004 11.649161786 4.513613111 
-8.031532937 16.365183987 -3.923528004 
-8.394919843 16.166036631 -3.726024916 
-3.515225117 18.099968443 3.732457015 
-3.518534359 18.174402084 3.635449440 
-3.652433993 19.619675969 -8.332529787 
-4.339858065 19.733894006 -8.012426411 
-9.092252553 17.860723089 7.224070982 
-11.423883304 16.795067344 6.146883067 
-5.745011766 16.350528409 2.683885567 
-6.037649935 16.073471174 1.792745282 
-5.396953138 16.468783797 -2.287161179 
-4.008413674 16.815129666 -0.600568028 
-2.385996916 7.666679817 3.975743664 
-2.003119752 8.597863389 3.895813407 
-2.394608687 7.823895539 -3.359921448 
-3.864075942 7.563013710 -3.470504236 
-0.668554084 17.635592281 8.991448650 
-0.701485066 17.670361908 8.956476501 
-9.072087170 14.174363600 -8.563834764 
-9.218837931 14.124252196 -8.455295527 
0.472398700 7.626362072 1.954133146 
-2.830863939 8.897667574 3.290738323 
-2.387907718 8.782104791 -3.821400680 
-2.061586581 9.350895497 -3.844876167 
-4.931526941 3.653472341 2.459742690 
-1.523087976 4.249123653 3.472470088 
-1.049369244 4.359633318 -4.002254120 
-0.159959229 4.760679546 -3.797812937 
1.825545848 6.055445405 7.042084829 
3.031620695 6.410020910 6.242866250 
-4.845855581 3.792875627 -7.371689523 
-4.540214336 3.788444935 -7.430420376 
13.661527928 19.410487731 -3.706404603 
13.013076666 18.319605369 -7.761504373 
-20.809739437 5.723100132 -4.749621001 
-19.813208839 5.921155968 -7.819753725 
7.300901331 18.500923787 3.586982473 
6.918007865 17.942738931 4.355233463 
-15.907092052 9.540249277 -4.230752283 
-15.574446334 9.406725551 -4.961867815 
-3.521678188 5.943623270 -3.530683211 
-0.341399232 9.597857008 3.270776154 
-10.973953414 5.052704186 -0.651518825 
-5.988016050 7.370299849 -1.343744505 
6.919075283 22.837035892 -11.357316195 
9.853515448 24.000278592 -5.607887243 
-22.379542281 11.727512533 -1.245077025 
-22.690246764 11.511676677 0.185000225 
5.823436512 15.146995309 -8.259830737 
4.290273799 14.263549238 -9.448457207 
-15.365376079 7.255956713 -0.757371743 
-7.960578054 9.752066084 1.781750415 
-1.130386318 18.952445808 -12.225387880 
3.479166602 20.894384394 -8.928298015 
-16.850971121 12.986650919 6.038366344 
-16.693763120 12.612356085 5.426764895 
-0.746162470 25.652727537 12.668336730 
-1.090065505 25.150471123 13.429926573 
-16.023256817 19.430271735 -13.131645021 
-15.787198033 19.314944746 -13.611498884 
-1.100842911 24.264929658 4.858854345 
-0.450130285 24.400276916 4.153455118 
-14.717201971 18.510607021 -5.197765198 
-14.268674989 18.780778221 -5.382745370 
-10.425918403 20.384674850 9.546007074 
-8.792300572 21.358584644 9.160398913 
-11.328289523 20.689899430 -9.756325048 
-10.353032980 21.152304999 -9.787232194 
6.139763453 19.672137061 3.537499018 
6.047767115 18.618066325 3.636747695 
-14.197011986 12.021766664 -7.741081466 
-16.418781028 12.314811841 -1.306218966 
12.728679702 20.625818951 -4.282781177 
11.921175660 19.141031229 -8.421006212 
-19.560335154 7.358943570 -8.294729508 
-20.309938387 7.408001051 -6.472105724 
7.610227034 25.393846734 -2.061429096 
7.954516328 25.092553314 -2.141175153 
-20.814326863 13.602652340 -0.092153599 
-20.422196578 13.489694781 -5.126535058 
-0.774228889 11.988764656 -2.869186996 
0.256031571 11.344955560 0.012229199 
-7.366639594 9.401799381 0.536100652 
-7.744280037 9.928503206 2.116683293 
11.520509272 21.558316148 -3.602080861 
12.073919400 21.681126098 -0.553420100 
-20.699707176 10.715247142 -5.816421065 
-20.827197943 10.907323340 -5.707225505 
10.072936997 18.414597239 9.523250859 
10.091052372 18.581044171 9.550914760 
-17.578729394 10.114869880 -8.982426249 
-17.729511076 9.905985562 -8.652161543 
1.700262233 24.113716417 -0.970363197 
1.533043070 23.914639904 0.904198646 
-17.019763275 16.162235565 -4.188613899 
-15.082751262 17.630231645 -3.283871296 
4.659419647 27.459895996 7.088293882 
-0.777645497 26.218410027 11.710451509 
-18.680063574 14.495412198 -14.172027909 
-19.739693179 17.457311165 -9.917326058 
6.706202165 23.538971557 7.594812096 
9.466203815 22.825053129 5.045224005 
-5.781617956 4.918783945 1.530068851 
-5.087213334 7.146042217 2.547694224 
8.592393540 20.333354748 -12.652222468 
9.117015028 19.853169933 -11.732091966 
-21.433384006 9.599628088 -4.395472803 
-21.529013629 9.506582797 -2.006585333 
0.476326556 12.317114965 -1.899710566 
0.221717569 11.330940357 0.714876984 
-6.724003528 9.642945798 -2.236212231 
-6.668957290 8.090997847 -2.370316898 
7.977047799 18.451202797 -12.126045271 
7.499461270 17.726368741 -13.020201303 
-20.098144396 8.263860061 2.348799940 
-20.121463312 7.608780744 -3.500446199 
9.126830655 18.603364801 -11.290756441 
9.977145157 18.682428344 -9.845954152 
-19.968523717 8.346335260 -5.801436095 
-21.149487952 8.293400630 -2.924294240 
3.943042749 18.464589328 -7.697750572 
3.414978955 18.097269219 -7.959521312 
-16.605571812 12.241135197 1.111668060 
-15.761882743 11.279770998 -1.229674308 
5.174840602 24.450083983 -8.520887210 
6.812844668 24.792400475 -4.960601892 
-19.965241142 15.244134967 -4.247238116 
-18.912609768 15.256283499 -6.194986262 
-11.757593288 21.245816217 14.426828071 
-12.250140532 21.435708967 13.743469880 
-14.815830967 14.009185017 -17.749933269 
-11.793875433 21.443574685 -14.822794316 
-10.309885930 19.564927182 7.913564649 
-10.279532298 19.589150874 7.461321485 
-7.148815188 20.686675400 -9.964259133 
-3.974539860 22.266251783 -7.393144554 
-5.506795384 7.131855289 -2.041172268 
-5.546547333 5.436738390 1.771581279 
-4.208691256 19.753584086 -16.197963017 
-12.393026245 16.331328264 -14.683472987 
8.928715125 15.529012805 1.605346260 
0.692448144 9.020708502 -0.128836741 
-14.774316436 6.978137103 -4.680059793 
-5.994181166 10.400838959 -4.325907488 
11.691108832 23.368406518 0.591713420 
11.911971368 23.247748712 -3.417285111 
-20.339450352 11.674977326 -9.488199290 
-20.792405338 10.929459512 -8.320887201 
4.783952010 20.723949547 6.988719746 
3.363945636 20.161125500 8.772943792 
-16.082979427 13.180083438 -7.515736925 
-15.767660380 12.603462164 -7.735549110 
3.648350656 16.852413283 -9.602337817 
5.706747384 17.711841600 -6.951741104 
-16.433450476 10.235066028 -0.814237230 
-16.125840314 10.209943032 -1.025145657 
11.948067737 17.759849928 -8.014141311 
13.081408509 18.508424318 -5.253139073 
-19.980663804 7.679500122 -7.359924204 
-20.854847709 6.722991149 -4.127780835 
0.469282189 7.186984975 2.859968016 
0.561896734 7.394236915 1.480415124 
-6.036877718 7.418186232 1.202551139 
-5.844905632 7.404734331 1.405725355 
-6.680302874 15.972300104 -0.830137417 
-7.634396220 21.502555052 7.251219515 
-10.838923933 20.493484374 -8.026618724 
-2.451114237 23.200318826 -5.531940149 
-3.639874006 24.766680185 13.619533318 
-0.175240513 25.455871596 12.750230101 
-17.851500374 17.614060243 -12.635232751 
-18.827921092 17.622998782 -11.225625364 
-4.120209482 16.482510305 -3.463272902 
0.988198095 25.143168075 2.218149095 
-12.035217003 20.191269944 -9.022033982 
-12.043138635 20.091073667 -9.106024393 
-2.881359615 7.789572454 -4.018311620 
-3.422100475 7.922649235 -4.086778593 
-3.184805335 7.492897225 3.399244240 
-3.843329769 7.540522543 3.478253226 
-5.887837746 16.287723192 -2.708018952 
-5.882061015 16.136871085 -1.721311266 
-5.131028345 16.597219756 2.156680534 
-4.182565572 16.756543545 0.884333370 
-3.021417777 16.677729734 -10.344719118 
-2.359787688 17.133334127 -9.842800936 
-12.932237245 12.354374403 5.617083766 
-12.384988276 12.747785155 6.214603486 
-8.914511343 15.974383911 3.166631407 
-9.011410739 15.933873761 3.006593958 
-4.062068646 17.829753746 -4.129513203 
-4.508107115 17.778224251 -4.423240731 
-2.367714093 11.763131774 4.681955115 
-2.815298649 11.915706834 4.634862726 
-5.641448889 10.632596568 -3.775751904 
-3.476173988 11.799827694 -4.467839749 
-2.673662773 20.624915206 6.697535839 
-1.302282604 20.951913590 5.715404906 
-11.172840184 16.823212128 -6.376615770 
-10.504148623 17.103248982 -6.810182349 
1.608375665 5.248798901 -2.396492777 
1.744652399 5.882472835 1.026606178 
-6.000981985 2.410095154 -0.758777354 
-5.977042969 2.758452012 -0.440222815 
0.968466080 9.301945635 0.368777687 
0.569852337 10.179692492 1.261791449 
-2.090776556 6.762877624 -3.516524543 
-5.384251939 7.900217534 -2.393320627 
2.221717342 6.188047501 6.720616827 
2.575593520 6.523137662 6.545251941 
-3.082211126 4.341274395 -8.049713168 
-2.052980937 4.468915440 -7.826769565 
-6.458111148 15.940976280 -0.763470295 
-6.428469361 16.011124361 -0.891541226 
-4.021664826 16.866547423 -0.181291073 
-4.008477370 16.924830759 0.012545912 
-2.129852173 10.561526584 -10.013324233 
-1.249548186 11.125797825 -9.666899858 
-6.125202712 8.602305295 8.815798831 
-7.402747968 8.133671721 8.298100051 
-2.369990097 11.235773540 -5.185010260 
-2.269715257 9.806896378 -4.878568465 
-3.718199407 10.634960311 5.176261841 
-3.026950593 10.106723638 4.314499188 
-2.892817975 11.211790178 4.775645012 
-3.715066786 11.317682697 4.882496725 
-3.157312641 11.164397939 -3.952651683 
-3.570415799 11.433980296 -4.436368720 
-9.914876866 16.295452733 8.265106198 
-8.729934244 16.364632513 8.972959229 
-6.919166775 16.872581886 -9.001989327 
-6.296976648 17.387938733 -8.884707639 
-7.635254197 16.099178685 1.132652357 
-7.843538421 16.065488165 0.926831459 
-3.051486136 17.792901121 -0.166176544 
-3.384056708 17.763965107 -0.976157739 
-5.816394932 7.738907258 -0.783039383 
-5.347446120 7.043452341 -1.850785602 
1.201633079 9.086099843 -0.669585849 
-0.372204126 8.342096032 2.805528474 
0.004087690 3.358549137 4.925508061 
0.658708272 3.606306910 4.251435666 
-0.981919989 4.704213596 -4.202481823 
-2.726200670 2.314103379 -4.671899624 
0.298591278 6.659863241 2.560344154 
0.204770423 7.032256130 2.364681636 
-1.758500899 7.077948139 -3.510878150 
-2.295845067 6.028067508 -3.368718522 
0.414974671 31.422942064 3.153209536 
0.024981383 31.544244791 3.058329984 
-16.947545996 19.228688904 -11.976152552 
-19.667958820 22.072061051 -7.081248676 
-4.624270998 21.284759890 10.887527027 
-2.508020813 20.754874713 9.898532258 
-14.034567405 15.403698698 -9.699410816 
-14.399719655 16.588296816 -9.040872941 
7.519206275 26.603628141 1.008940868 
8.150201532 25.328213044 2.431602408 
-18.852363860 13.904256623 -8.866108168 
-19.701049532 14.786163391 -7.286723837 
12.718893225 8.159129049 3.083883292 
13.435664191 9.133036260 4.785201148 
-16.974960440 0.702602986 -7.893648666 
-16.315305161 0.369467529 -7.526510609 
2.335887094 7.129457292 0.546069515 
-2.473271897 8.750099549 -3.394920918 
-8.024258401 9.112831551 1.277642384 
-6.975271316 8.231725947 2.625046648 
12.245031688 14.949672552 -5.109652522 
12.855580945 14.871126550 -3.331350616 
-18.541138146 3.848935069 -1.988756367 
-18.862002901 3.944881784 -2.580039252 
13.050283031 21.192311032 1.003740645 
11.539018135 20.944006467 6.956941916 
-17.916071137 9.893635076 -12.293733201 
-17.657135078 11.178264030 -12.624640083 
4.021243749 22.912000257 -4.099502237 
4.333202754 23.350821664 -0.353453836 
-15.041780321 16.197833046 -8.407486830 
-15.970210841 15.101452858 -7.376570576 
3.700022172 24.842579173 8.914894917 
3.257114145 24.366507800 9.651178361 
-12.608036351 18.408525923 -14.255120538 
-12.790330017 18.402634420 -14.259434714 
-6.885566368 15.682922295 -0.267520194 
-6.363331328 16.018946687 -0.352951671 
-3.709661504 16.879443928 -0.995626106 
-4.072019524 16.902053891 -0.286261780 
-10.730888363 19.391332488 -2.926963665 
-10.285143394 19.629399506 -3.229298030 
-4.157804893 22.111719463 2.728534710 
-3.686164028 22.187422625 3.143877601 
-8.018040243 11.106098578 -0.771789105 
-4.850577398 9.057010228 -4.447051118 
-0.375293781 14.282332635 -1.424029064 
-3.775510855 10.036839484 4.223183615 
-0.026338592 5.021267784 3.987975220 
-2.268069468 11.748527133 4.629033716 
1.032810757 5.379004546 -2.820504381 
-4.739336897 3.348193157 -1.951585730 
-4.831035762 7.337890514 8.809462503 
-4.002564701 7.681055139 8.968350322 
-4.215607610 7.781911248 -8.732531186 
-3.358263029 8.087723443 -8.805517885 
-3.678137473 9.556865330 3.704300968 
-3.156126126 8.511259565 3.778346607 
-1.809645455 10.090453973 -3.203738134 
-1.364166228 9.377249367 -2.867982433 
1.004751906 9.523095276 -0.513465245 
1.203928044 9.252521716 -0.642284074 
-5.611696798 8.386051684 -2.463021855 
-5.610332087 7.931396062 -2.386548254 
-0.852881851 3.242340465 4.152031640 
3.371519472 4.440604413 1.474263862 
-4.345721282 2.504996051 -3.093354772 
-2.727482782 2.282810306 -4.610302930 
0.293178979 7.967953044 2.443936506 
-3.362753509 7.859799445 -4.272064264 
-4.060277388 6.371799804 3.071917161 
-4.639978089 6.126200998 2.464790740 
-3.718908059 7.788118046 -9.011610899 
-4.038896283 7.639847831 -8.968612723 
-3.602020916 7.994589812 8.800447915 
-5.267888398 7.370182332 8.492952395 
-0.050731051 5.012221021 -4.020122689 
-1.649665297 11.906836850 -4.280068490 
-5.089397479 3.240948338 0.960494629 
-5.112280958 3.248078030 1.598115951 
-4.220259817 8.224937365 -3.291423215 
-3.752904877 9.488318632 -3.686155516 
-1.964395531 9.185333140 3.191797071 
-1.825264042 10.125957689 3.236538959 
-10.494094755 19.548648246 2.964296722 
-10.634859910 19.506108088 2.743371725 
-2.197668954 22.342671350 2.894316107 
-2.196351264 22.469537275 1.885332640 
-6.957285009 15.654293240 0.162716954 
-6.820012316 15.804827884 0.211762282 
-3.680108992 16.840898461 1.471457446 
-3.871648648 16.889170243 1.360029055 
-2.638661302 10.833886439 4.511396732 
-7.944110097 11.174814990 0.934020828 
-2.984928942 8.359152777 -3.617793327 
-0.408732097 14.176799662 1.708427817 
-5.806304622 3.785075559 -0.539024266 
-5.819407224 3.528862098 -1.106867750 
1.355637347 3.418255335 -3.795480300 
-4.084854726 1.931957110 -3.647257918 
-3.731496227 8.288997063 3.226122911 
-4.175416807 8.007884028 3.187505341 
-1.118700146 7.558106742 -3.741615277 
-1.396075720 8.564915439 -3.662326515 
-5.280058430 7.123582321 -2.169990895 
-5.665923551 6.764137346 0.072468001 
-4.191895936 4.119109480 -2.864405595 
2.823600066 6.036250242 -2.913022596 
6.078874164 7.740372595 -7.469338780 
-1.857427753 11.555806044 3.108591610 
-6.232087903 9.718983705 -4.227439767 
-5.845315788 8.798043091 -2.652669303 
12.073514241 9.281106189 -9.364534644 
12.092706316 9.676218662 -10.362433715 
-17.942417722 -0.664947837 1.196938540 
-18.017244470 -0.653233634 0.643939014 
13.370511676 15.153534850 -3.215448438 
13.317906490 14.984755060 -2.512579492 
-18.590681075 3.346368479 -3.591952466 
-18.525412501 3.732244102 -3.165576855 
-1.490866142 21.721226641 -10.280763444 
-1.305429969 20.226658265 -10.234947025 
-17.035032491 16.616234310 5.755909264 
-15.346590039 18.067567372 7.422195994 
-1.245593995 29.453079561 -8.210754583 
-0.722012739 29.993549533 -6.580660847 
-20.679073350 23.111790003 0.945743117 
-20.760993941 23.215016964 2.821116724 
5.196025194 24.056923596 -9.231343920 
2.156110833 23.924319603 -11.800861779 
-21.417591156 16.650297582 2.559516409 
-20.942585423 15.334502620 3.291871873 
-14.180177872 15.086623848 9.478297304 
-13.254911569 15.614644314 9.912429515 
-9.247369019 17.884083297 -14.050060244 
-7.985320578 18.182621762 -13.976834852 
-15.381898737 10.905563693 14.520179407 
-14.920998772 11.049573895 15.213031301 
-11.471748945 12.358906027 -18.424539475 
-8.787976784 13.580594884 -19.123784996 
-4.464401735 21.079798899 14.854044639 
-7.284288311 20.276074353 14.954128307 
-13.501611690 18.095470248 -14.584833804 
-15.123509313 17.548805395 -13.206576676 
