1.478744308 33.428880135 -5.959232618 
2.262777065 33.666111640 -4.827011806 
-23.617897499 23.279661265 -1.760619426 
-23.575948859 23.408261357 -1.311807926 
0.195614106 24.731000114 -14.283127355 
1.340480847 26.388373378 -12.492201330 
-22.078388899 17.223589258 5.106525698 
-22.004898101 17.500332634 5.353742747 
-6.043653262 27.652152751 -6.321027671 
-6.892498332 27.312695884 -5.325808960 
-12.250589243 25.354321568 4.068121133 
-13.536369020 25.079190688 4.041611347 
13.829771915 20.279075543 11.633711376 
15.455376336 20.314008708 8.181958916 
-20.523043289 6.453510028 -12.939837989 
-20.547396845 7.818313242 -13.786749510 
5.817654161 25.884638356 9.525228060 
5.510115742 26.899013525 7.719990753 
-17.227196397 16.033598063 -13.242439639 
-17.132088115 16.831408417 -12.890528486 
4.945499959 15.267288374 13.721195238 
3.940094508 14.302806803 14.086481060 
-11.339290915 9.159837598 -13.460543898 
-11.195782093 9.239077797 -13.582670149 
15.672657251 13.935318977 10.080237599 
15.686635135 14.896759904 10.197555835 
-17.021606394 3.563950813 -15.776979585 
-17.701638875 2.536237410 -14.633202025 
5.896501541 6.551374169 14.217321270 
10.044757858 7.079964982 10.642733105 
-11.558567770 0.339836508 -12.998313508 
-9.667766205 0.766840464 -14.367627047 
12.156953323 8.543407009 -0.806247310 
11.482141737 8.128963490 -2.081085612 
-7.300699351 2.585287703 -12.666979549 
-1.929819904 4.960509287 -3.324229211 
10.733439254 15.190273091 -7.373676003 
11.099858677 15.581222396 -6.344375653 
-17.567911900 4.060649292 -2.396199229 
-17.672830288 4.057204770 -1.222978172 
13.663829730 24.891775414 3.031607639 
13.778640952 25.404480568 -1.947211713 
-24.894480955 9.809326226 -4.590804693 
-24.693668716 9.480587057 -5.557264045 
9.736956173 16.967935347 7.099951601 
10.213196186 17.135135880 6.126065025 
-16.473440113 6.979407996 -8.614095667 
-16.741261302 6.769681912 -8.059208381 
0.612240405 24.745073947 -9.026142115 
2.549348927 25.749528336 -6.279002506 
-19.031956073 17.945780566 1.126295581 
-18.970486657 18.044359194 0.507176079 
10.868472211 24.578007320 -9.718900638 
11.378026878 25.555527724 -7.662388709 
-25.365708241 10.582768091 -0.063313541 
-25.099443080 11.477921983 -2.495146000 
7.195715050 18.574349546 -9.556961745 
7.814432971 18.254127779 -9.117747396 
-18.780431443 8.453590367 3.467871323 
-18.619884902 8.445069892 4.143899439 
-10.542992993 15.540396136 13.808371722 
-10.378609466 15.473058429 13.972022103 
-10.005110608 15.411996127 -15.114140250 
-8.568526876 16.059200302 -15.530406955 
-6.159331333 20.876299968 19.172294498 
-2.549183852 21.973886130 18.737671175 
-18.746401873 14.253449554 -16.068239926 
-17.023522065 15.779690589 -17.063389444 
-3.612287452 25.252216934 9.347503344 
-1.703840991 26.175442928 7.403399829 
-11.374304754 22.364140639 -10.543043213 
-11.529522914 22.133045568 -10.736272452 
4.461820725 9.329297431 -15.694980274 
5.141829767 9.509386737 -15.372068257 
-11.744838600 2.919951182 12.109266269 
-8.384986612 3.820526376 13.813135032 
4.254616165 19.124794432 -16.005101355 
4.573000564 18.991641717 -15.630287564 
-18.813303496 10.386437620 10.898783870 
-20.457889311 9.661040263 8.556443776 
13.052035012 15.008920665 -10.065199745 
11.391956989 13.868989847 -12.845941161 
-19.147958055 2.901801970 6.699738950 
-17.433617471 3.120336811 9.665043769 
-8.780283855 29.255534648 0.828606181 
-8.732837082 29.406136089 0.240476589 
-12.142414981 28.314206334 -1.205065696 
-11.471123735 28.635691828 -0.503752568 
-3.162010148 29.229005403 8.819768672 
-3.485693685 28.726391410 10.218636739 
-18.129371914 22.655121154 -7.252431795 
-17.974387038 22.843504827 -6.953541909 
1.374782418 30.934576229 -3.597809491 
1.306090170 31.128783098 -2.248815359 
-20.205803099 23.005312717 0.501007913 
-19.956950369 23.245467768 1.716465993 
-7.693501542 5.038552819 14.560936017 
-6.324565805 5.572199681 15.295920728 
-2.773226539 7.086778908 -17.918942256 
-2.024158839 7.391531994 -17.722936356 
3.786414436 7.035904039 15.310932874 
7.830187856 8.763143458 13.553701639 
-9.485593066 3.529630024 -16.001096573 
-7.757551180 4.188371217 -16.929399120 
-8.768107728 12.374848910 18.357199903 
-2.770733952 14.804239434 18.685847578 
-12.097080446 11.561800056 -18.128030048 
-7.554871447 13.440172791 -19.372183114 
-8.121334878 14.981608162 -4.892068266 
-8.110374170 15.220086835 -4.591985693 
-5.021850959 16.211402432 5.420258616 
-5.713713726 15.985946744 5.309406328 
-4.124559277 6.309074989 -10.097135160 
-7.547884365 5.144004930 -8.783588466 
-3.100895565 6.333587184 9.793946551 
-3.032509446 6.332178992 9.796855046 
-2.977019136 7.493608691 -3.381845529 
-3.567912257 6.951070551 -3.243876239 
-5.353691461 6.638123144 -1.545254598 
-3.270442975 7.012812543 -3.287158164 
-6.724605377 13.779040195 5.498475889 
-6.351207456 13.917002372 5.721390311 
-7.420621823 13.349706625 -4.847256120 
-6.934042213 13.747785809 -5.061559392 
-12.513436786 19.912204996 4.045194795 
-12.128163678 20.061030768 4.350932259 
-5.565635778 22.558885301 -5.981809397 
-3.305714744 23.336073055 -4.462614371 
-7.381753777 10.197878900 -1.903873778 
-7.818585230 10.370057093 -0.500147960 
0.585450721 13.646308677 0.249368467 
0.476299433 13.805687031 0.502578276 
-1.154408952 5.913541321 -3.361834592 
-2.889760757 4.676632240 -3.060857035 
1.501267138 6.601587031 0.581820044 
0.744549041 6.456898620 1.873510010 
-2.879456302 2.246709246 4.948596945 
1.761710546 2.496865898 3.966144365 
-0.404689971 1.865732856 -5.344906570 
0.208429579 1.823160942 -4.707760598 
-4.791242892 10.225378423 3.970472334 
-4.044442220 8.411211217 -3.572363109 
-0.710624864 8.922518337 -3.749927148 
-4.244148520 6.499080492 -2.532564123 
-7.553611063 11.559466900 5.592311614 
-8.457319238 11.064848216 5.022556990 
-4.526608961 12.643237081 -8.254424285 
-4.951098168 12.337432908 -8.271079631 
-1.448303685 10.319997490 3.443616964 
-0.110193923 9.876288323 1.882082214 
-4.551676292 8.779901752 -3.565277965 
-4.515446102 8.197776744 -3.537397373 
4.974119459 11.788359422 6.516661181 
6.021448568 12.060220717 4.953825922 
-10.033096336 6.015701219 -6.816995832 
-10.114598229 6.185253730 -7.018588646 
2.513907899 5.247679552 -1.621576018 
2.176894243 6.201730603 -1.262603749 
-4.677147931 3.311104889 -1.413941069 
-4.849867709 3.045082480 -1.020718968 
-3.826008268 11.752487755 -3.850983931 
-5.002975665 11.384118251 -4.008331035 
-4.299763645 11.033748578 4.490711711 
-3.984777355 12.059279351 5.201071222 
2.618759757 11.517996857 -8.388766781 
3.087567659 11.352004170 -8.088357977 
-9.759299976 6.659249715 7.589851480 
-11.738111915 6.264224843 4.729568187 
-1.647900263 16.964230255 -6.347138515 
-1.937003833 16.585150474 -6.697914177 
-10.562267127 13.414501478 2.184166435 
-10.614035474 13.442038239 2.209108846 
-7.545613416 15.234107116 0.296163732 
-7.734760429 15.075727312 -0.204303668 
-2.740867261 17.189419935 -0.933138948 
-2.634233788 17.126090200 -1.150148487 
-6.711861493 23.001629728 2.886923404 
-6.285201383 23.127502240 2.893035737 
-9.267734866 21.987593541 -3.519317895 
-9.375096931 21.922838954 -3.414733365 
-6.598605671 12.759051102 -5.915294645 
-8.364378674 12.360986446 -4.802324393 
-3.923256236 13.541185503 5.764922526 
-3.146651325 10.385687502 4.533914335 
-8.678018958 12.059233805 1.915306250 
-9.691967827 12.500709765 0.713901248 
-0.387865104 15.257805033 -4.127600212 
-0.101074204 16.181741480 -3.527957860 
-9.721186407 21.674545898 -4.430054750 
-9.633674498 21.733364025 -4.561406206 
-5.241271586 23.342907707 3.592938940 
-5.731167816 23.299370272 3.755285382 
-5.327432815 8.946483611 3.056725260 
-7.316248786 13.290948209 4.787843826 
0.084859836 11.208424590 -1.787518261 
-1.587706662 15.787094679 -4.009059675 
-3.189650941 5.555441384 3.413631486 
0.104015226 4.108076050 3.932246070 
0.427422691 6.768669006 -2.227285773 
0.485503354 4.154283647 3.849844513 
-5.089178394 8.294287173 10.419646478 
-5.384748100 8.549365050 10.325699517 
-0.881593989 10.156051737 -9.886428155 
-0.680940056 10.241213294 -9.812951137 
-3.398758587 6.197662245 -3.504590645 
-3.035494587 6.206359091 -3.914495786 
-3.531132187 6.327626082 2.987148377 
-3.610123898 7.103624820 3.147184981 
-2.586736896 12.820377056 -10.766826331 
-2.835734997 12.594087728 -10.848869047 
-8.470235306 10.085385472 9.109103593 
-9.587520873 9.600903779 8.454177843 
3.151655923 5.361677894 1.023081256 
1.994450702 5.218559749 1.583015394 
-5.445057594 1.839417202 2.177364624 
-5.170247436 2.319622576 1.648753875 
0.623682982 3.511740034 3.929252964 
0.350608155 3.277561250 4.061100606 
-4.877564715 1.725555286 -0.599376994 
-4.802540193 1.672330672 -1.200188720 
1.283174845 13.408367901 8.059060078 
0.819572515 13.796934640 8.027471025 
-7.930515986 9.930796962 -9.160099482 
-7.486313650 9.835158914 -9.403896957 
1.917727497 6.911361819 -2.629890042 
-0.636450800 7.073652302 2.938862824 
0.817600166 3.783602746 3.723492470 
-4.246690645 3.398073309 -2.159300709 
-4.994540034 11.153469960 -11.066994861 
-6.114131353 10.712936820 -10.912351320 
-9.767533006 8.307168845 9.066186849 
-7.881582511 6.050474960 8.742276401 
-0.349241977 7.007676025 -3.029715977 
-1.598566413 6.451483266 -3.321778686 
-4.239788013 8.707304228 3.688050467 
-0.633942407 10.870341669 3.349408686 
-2.050785292 9.281628299 -3.199674675 
-2.308436156 9.134016977 -3.511391504 
-5.561122791 7.811594125 2.170652970 
-5.023796808 8.052558467 2.897267099 
-13.488934459 18.242712871 0.160583776 
-13.222830908 18.509373173 0.221789018 
-1.476442647 23.226856588 -3.523138449 
-3.487223400 22.659966016 -5.761055376 
-6.524132022 17.044681267 -0.743026440 
-6.656886384 16.921296944 -0.740042482 
-4.513781492 17.819628845 -0.174810127 
-4.633831589 17.753418008 0.238867470 
-3.125110619 6.598135006 -3.341550382 
-4.654317103 5.730704124 -2.062555038 
-1.644260424 16.229597382 -0.101720004 
1.365154480 8.277413648 0.209506682 
-5.313578101 10.617640484 3.912757393 
-5.486982287 9.358535405 3.696877530 
-2.900590804 11.787435613 -5.688360471 
-2.194827800 12.195697215 -5.516385065 
0.583995090 3.999365280 -3.938839906 
1.440544585 4.452281141 -2.985663879 
-5.119848237 2.493409410 0.923246400 
-4.812425131 2.008618608 -0.875218796 
3.899255867 10.161269741 7.432457450 
3.270430655 9.994193015 7.983301481 
-9.301942388 5.127606691 -7.496614848 
-6.967656924 5.969107475 -9.292118844 
-1.624324342 9.334534947 -3.595830015 
-0.464069698 8.835869153 -2.361408107 
-6.054110073 7.712474835 2.587405497 
-4.469630587 6.627223008 3.318190479 
-8.494525501 11.421191257 -4.405373958 
-7.384718222 11.669290272 -5.149627925 
-3.769067249 12.941114547 8.187753731 
-3.402383449 13.087882730 8.283190927 
2.120905334 11.757463423 -9.229368468 
-0.435453821 10.746145105 -10.411701789 
-11.165244111 7.427593285 7.312908904 
-11.406169445 6.751557807 6.636649124 
-3.918262342 16.936204186 -3.348732710 
-4.937728697 16.588410527 -3.597545606 
-6.812282296 15.878980048 2.088081784 
-6.570686508 15.992476941 2.261821453 
-10.899705106 12.158935646 0.595908740 
-10.794384199 12.095662576 0.632178872 
1.866469375 16.943488361 -1.633240994 
1.832421847 16.880683306 -2.157445791 
-6.223341085 23.058837113 2.751265914 
-10.901502259 21.071756607 2.157591892 
-7.190522394 22.772641259 -4.309783663 
-7.473589331 22.609419405 -4.695744740 
-11.957277154 18.220185856 3.744861766 
-11.436146755 18.476552099 4.195205940 
-1.182595897 22.214572110 -4.132285432 
-1.626333135 21.782448551 -5.563053705 
-6.339065091 14.557957378 -7.005209247 
-7.867663831 14.053195489 -6.519100776 
-0.613906568 16.592583565 4.644543714 
-4.877297192 14.944086469 6.749392113 
-3.060434630 9.615509543 3.860095451 
-7.514847435 10.712011962 0.600680453 
0.143443695 9.947013875 -3.825615104 
-0.001039723 13.832310373 -1.968189081 
0.321755584 3.771987511 4.048417980 
0.038572083 3.458099599 4.153735044 
-4.946712857 1.906003364 -0.481257966 
-2.860846387 2.856135146 -4.194331845 
-6.447002650 7.026060210 9.854944068 
-6.388386621 7.026022236 9.859459478 
-0.921681802 9.257754840 -9.994642934 
-0.834816557 9.173837549 -9.985840173 
-0.615148789 7.179599036 -2.828856042 
-2.281719301 8.322957742 -3.590204972 
-4.061137902 6.064012457 2.998315375 
-2.878685768 6.119176187 -3.339243203 
-1.086076598 10.888058738 -11.214167503 
-2.354990443 10.265520406 -11.497939162 
-4.912462910 0.743801714 -3.535889785 
-8.503181850 2.447590763 -4.364345889 
2.276762561 6.269022020 -2.532231391 
1.692947921 6.517459594 -3.586249596 
-5.623470021 2.200899440 0.543062874 
-5.418280561 2.084500230 1.601667392 
-1.404888264 8.126244920 -3.410886574 
-2.718869803 7.911265025 -3.594436253 
-1.582530530 8.900035405 2.875597345 
-2.173684442 7.930416564 3.092691097 
-6.637584338 12.644782391 -5.831253013 
-9.820925169 24.392422482 -6.087646977 
-11.246294509 25.969372709 4.002068876 
-8.853054952 25.500825560 4.850038446 
-10.570094323 26.535719397 3.716837340 
-9.126370070 27.329150613 4.759821729 
-10.904743752 26.812272078 -6.999690566 
-10.607960212 27.085907985 -6.797444015 
-2.158497154 30.951486271 -2.633021205 
-2.244021679 31.033380462 -1.761261996 
-17.646986393 24.872102067 -4.026717356 
-18.247244586 24.645256536 -2.186930737 
-1.567290309 12.071158978 14.276825879 
1.567217481 12.736398039 13.775210503 
-9.574346637 7.522484155 -13.034766653 
-10.358703255 6.810695664 -12.611586926 
9.418811981 5.475838634 7.171121011 
10.504610759 5.821578627 5.231210136 
-8.548898378 -1.395869659 -7.596103457 
-4.928809016 2.104099246 -0.047577902 
11.935464021 15.091634497 9.766074387 
13.500091914 15.893698508 5.712377646 
-17.877209877 3.184778805 -7.641143782 
-7.892499035 7.225971387 -9.030400675 
-1.552413504 7.968874745 -3.305020821 
-0.442526197 5.707599628 2.873090033 
-1.208335453 5.539833569 -3.421214571 
-8.659616233 0.152367936 -2.711344317 
11.069723477 15.881881927 5.184818805 
12.104912164 16.912035484 1.615236416 
-16.345283775 6.644049615 -9.960432180 
-15.027194156 5.841430328 -10.419167750 
3.004464935 6.315234052 8.460668379 
6.721347770 14.271531963 15.035432099 
-11.879408065 7.542545266 -16.467139308 
-10.650449419 6.818555079 -16.274403453 
1.187416141 3.487823336 -3.728963007 
1.943029803 3.736111003 -3.059216136 
-4.867187405 1.751348672 -0.645667937 
-4.782111113 1.684493878 -1.263374561 
4.314083558 10.933776755 6.954415742 
3.641699366 10.889387567 7.565946441 
-8.664711434 6.709365624 -8.458434580 
-8.417409151 6.554000406 -8.613889213 
-1.599402779 8.159189000 3.014896446 
-3.235297412 9.890378329 3.616944186 
-3.129241535 10.292264876 -4.229771691 
-2.328123955 10.091867101 -4.382535543 
-1.385204728 12.998369886 -10.577197780 
-2.221010785 13.299485858 -10.721308064 
-9.479874525 9.240418883 9.697539002 
-7.796641288 10.011963983 10.720825579 
-0.525506355 6.947448380 -3.128286881 
-0.100512357 6.901147319 -2.575171103 
-4.807232526 5.517728759 2.348807169 
-3.752595491 5.429261354 3.142176348 
-1.710722813 9.780248609 -4.257057090 
-2.797824517 9.875292922 -3.530260180 
-6.485218014 7.713490216 1.678671844 
-3.386776137 9.571837733 4.522006479 
-13.756664813 17.923848497 -0.563939786 
-13.520910877 18.298438769 -0.944413732 
0.209308967 22.959733890 -3.372358601 
-0.306297700 23.303132090 -2.540330431 
-3.687669728 21.891880911 1.496571122 
-4.189415682 21.558233339 2.495443535 
-10.678703115 18.812755184 -1.706221699 
-10.164087117 19.187526482 -2.530131233 
-5.027511555 15.029684063 -3.941969945 
-5.276910709 14.868998880 -4.073927485 
-3.969868827 15.402130973 2.181783074 
-4.534272956 15.182344707 2.857021987 
10.706940207 8.930919490 -9.409362925 
12.067320938 10.317065963 -7.483928392 
-14.595683655 0.302368199 -1.909323529 
-14.854818132 0.133418519 -2.856840837 
0.520042906 4.018088492 -3.972503988 
1.477893884 4.441400402 -2.961841822 
-4.913450839 2.025002926 -0.436334658 
-4.701050063 2.232706280 -1.036662841 
8.845176592 9.600775418 -14.683473299 
8.329811587 9.617739910 -15.083843505 
-16.566420235 0.366594799 5.100729005 
-17.040383662 -0.119358235 3.148149813 
5.316047524 22.007178834 -10.370252270 
5.380300312 22.396382057 -10.260746691 
-20.789991365 13.531007281 3.525850757 
-20.472906335 13.775990964 5.348813021 
-4.340851463 25.106955139 -10.574174738 
-4.144403739 25.405189062 -10.705130792 
-18.042478798 19.993094406 5.753477337 
-13.119347020 21.716906697 11.039239027 
1.818549959 30.251026426 -2.945825122 
1.660125622 30.338352772 -2.847583322 
-19.267129258 22.619304785 3.792940544 
-19.589908550 22.571784627 2.765528037 
-16.373455039 19.770627626 8.885585490 
-15.784353016 20.248071342 9.077834705 
-13.676433913 21.468441490 -12.242384808 
-12.285819951 22.274356015 -12.277713455 
-20.519015498 10.992515660 1.528599214 
-20.290184082 11.643561933 3.178878888 
-4.886539999 17.645847086 -17.013086101 
-3.870964306 16.692647722 -17.932381779 
-14.953704034 12.460251817 14.492571108 
-1.092114759 5.085712043 3.418993581 
-11.459633412 14.006691115 -17.689557702 
-3.440958501 4.141211307 -6.815469146 
-7.910009634 11.588300267 5.047735060 
-8.025737681 11.295756256 4.972567893 
-1.647387352 13.823576113 -7.711243381 
-1.722262929 13.838839789 -7.756690179 
-1.692042300 9.336066904 3.640730131 
-2.729388386 8.117800844 3.482279622 
-5.208502949 7.658602894 -2.531325432 
0.175057653 9.887399729 -2.956265711 
3.394993139 12.471415104 8.221506137 
5.782459281 12.681678367 5.563863290 
-10.102391681 6.985114609 -7.925270064 
-10.025053197 7.389305292 -8.336448262 
0.588517238 3.984199699 3.936619403 
1.442084171 4.436326545 2.990530730 
-5.110592595 2.473286210 -1.028464903 
-4.838051494 2.080989055 0.707784383 
-5.327948147 10.527543312 -3.910191932 
-4.853522338 9.558997183 -3.937202727 
-2.614309030 11.877181993 5.568643265 
-3.010237291 11.767481211 5.877534064 
1.132886135 9.442523894 -9.328265940 
1.793122367 9.436976935 -8.992923373 
-7.506956353 5.936575775 9.048067046 
-9.268856511 5.422110181 7.684388057 
-1.741462857 15.517687120 -6.894562226 
-1.770316825 15.487538479 -6.907414404 
-10.220615526 12.184253198 3.555372803 
-9.479929445 12.555132089 4.276026235 
-8.222036828 15.406891095 -0.004536866 
-8.013934548 15.511514091 -0.709632323 
-2.780324464 17.548920652 -0.738046351 
-3.097027986 17.532688754 -0.896708874 
-3.610794377 23.901671967 -2.024399583 
-3.992629410 23.942845921 0.390070135 
-12.036703577 20.569881934 -0.786170121 
-12.113485953 20.522501123 -0.473063018 
-3.243286934 9.986023654 -4.901546157 
-3.933673377 9.916853027 -4.863841989 
-0.947537451 10.817942576 3.010532911 
-1.906599297 10.842179441 4.216569660 
-10.535432211 15.503343195 -2.403915103 
-10.314333104 15.578343705 -3.061447825 
-0.446664671 19.267000103 0.774574010 
-0.689973986 17.187065624 -0.228239141 
-7.409633025 19.752669050 -9.538660107 
-6.339201604 19.643044012 -9.944037901 
-9.854148459 18.405523881 8.296185673 
-11.036451262 18.010402481 7.778410226 
-6.837079818 16.683367863 1.648423621 
-6.885016974 16.538723337 1.622340649 
-4.880446116 17.495445767 -1.681626547 
-3.872341151 17.725978302 -0.705938396 
-2.942453233 6.124841746 3.612072249 
-0.121293191 4.075384705 3.873332574 
-2.976768382 6.077300603 -3.266910684 
-2.740108240 6.749630987 -3.654357739 
-5.783604206 12.820588827 8.924849837 
-5.362190910 12.942255642 9.075684762 
-3.035395101 13.667787134 -8.664632286 
-2.441528748 13.933291789 -8.426025645 
-2.673122897 8.035865993 -4.256975165 
1.189089241 5.346255825 -4.306976446 
-3.953547730 4.345153711 2.561106532 
-4.295531823 9.161441362 3.482003713 
2.571729450 6.142511698 0.257935711 
2.219435864 4.866614271 0.500374231 
-4.636152094 4.259519957 -2.300405582 
-3.634689585 3.403443493 -2.485572681 
0.885824715 6.397623409 1.897673480 
2.353801520 4.982784579 8.073401679 
-3.348312083 5.331581306 -3.082661043 
-1.317130181 5.846253757 -3.421511125 
2.850195567 7.459536742 7.787401333 
0.991081049 6.698880839 8.735717330 
-6.738662880 3.680159305 -7.475247915 
-4.911813408 1.722220046 -2.535981781 
-4.723532913 9.175285786 3.339396053 
-4.743989087 8.870362030 3.471746885 
-5.946901373 14.282784999 -5.659596389 
-3.995640263 9.004790180 -4.365327073 
-4.117356008 5.259210246 -2.729253929 
-3.025765460 5.002242974 -3.653906093 
-2.315546312 5.724551889 3.199821249 
-3.765100944 4.840052786 2.655117111 
-4.371830009 4.266575169 -8.039655252 
-2.750446653 6.063550753 -9.432843211 
-6.342492616 5.273118226 9.090906529 
-7.669440952 4.774369769 8.226178638 
-0.164688054 7.678979055 -2.509601823 
-0.682575103 7.284713715 -2.666313901 
-3.705866411 8.990317286 3.898333920 
-3.941884595 8.797443559 4.026291092 
-4.485938374 9.717821746 -3.288697342 
-4.700860615 10.210332949 -3.819455307 
-3.155536761 10.425431225 4.336716289 
-3.218395120 11.009744534 4.601347406 
-12.146132897 20.328795373 1.790671287 
-11.455339793 21.050015767 0.239781439 
-4.415822219 23.919815050 -2.584661029 
-4.601275966 23.778070218 -3.097328952 
-3.628003659 17.202633481 -2.698192484 
-4.001658511 17.116380755 -2.783650295 
-7.011225280 16.031208604 0.635907995 
-7.183191045 15.990766870 0.772016663 
-6.396317401 7.882715789 1.223012752 
-5.706151993 5.951929956 -1.215144988 
0.566787087 10.057854670 2.471230295 
1.953913876 11.272988873 1.162814465 
-3.430602548 11.882963438 3.766718555 
-4.222804334 11.676606481 4.047621352 
-4.541659318 11.404728453 -4.917542097 
-3.981111579 12.053957886 -5.237162397 
1.413433534 5.399716728 1.886577920 
1.503229977 5.128769746 2.243132871 
-1.269414766 4.563623744 -3.582364986 
-0.944014227 5.802680159 -3.533392786 
4.298630495 11.910315826 6.862565971 
4.267164189 11.698735403 6.968792813 
-10.512497002 6.196919595 -6.624237635 
-9.584626790 6.588467864 -7.755272253 
-0.585185600 10.543370918 -2.761093394 
-0.560298100 9.746719049 -2.406099275 
-6.379143733 8.750779653 2.655953787 
-5.010060524 8.009407032 3.268194400 
-7.815599480 11.446392893 -5.373139181 
-8.523041715 11.030015089 -5.159084039 
-5.791826038 12.239232535 7.950148815 
-4.886249581 12.514644787 8.203980805 
3.643210244 11.506823829 -7.937587001 
3.498921355 11.265345701 -8.086371838 
-11.679851204 5.655522911 4.215649882 
-12.206446437 5.563728324 2.601361776 
-3.170558482 16.850000411 -2.450302542 
-3.156595903 16.728053167 -2.770957140 
-8.213583546 14.921806930 0.446472284 
-8.169022669 14.800220117 1.091656869 
-10.776531655 13.374227771 1.643154762 
-11.116531234 12.991308955 -0.429349213 
0.462651482 18.134255804 -0.914920763 
0.530192911 17.844298879 -2.452844433 
-5.287114878 23.549011498 2.344981918 
-8.599469175 22.229360054 3.148210026 
-9.264975233 22.042673522 -3.506621946 
-9.510969404 21.940462322 -3.370336316 
-12.084241752 20.073835176 -4.493256548 
-11.010721856 20.287712314 -5.913252545 
-4.284785279 23.049796383 5.156091300 
-4.231318255 23.041079232 5.225208593 
-5.929879831 13.963566228 -5.833166312 
-7.155959246 13.632731906 -5.386258370 
-5.575390638 14.168621232 5.394801026 
-6.593297849 13.659231459 5.117261241 
-7.861461834 10.375491556 0.188598616 
-7.140389352 10.103075588 2.388482055 
0.679355311 13.625666619 -0.269621903 
0.229577665 13.915406954 -0.647262474 
-7.597256068 5.020931289 8.676246506 
-8.291511194 4.896538794 8.251443724 
-4.002436220 5.976587332 -9.662802908 
-3.823831323 6.070244060 -9.723676718 
-7.506415714 15.366976094 5.022571319 
-7.817371694 15.364784883 4.472303333 
-5.905664683 15.872703791 -5.561917750 
-5.041105508 16.267243697 -5.333300197 
-3.283502223 7.007576903 3.289430265 
1.066998163 8.489544452 -0.630781078 
-3.189014018 7.210918662 -3.427981252 
-4.121864355 6.973099993 3.061332221 
3.134655195 2.814174401 3.776603879 
1.686741890 2.294244579 4.240462052 
-4.658436101 0.992739648 -2.910845208 
-2.624487773 1.111115719 -4.697796641 
-2.731347982 5.379091682 -3.335381545 
-2.811329962 6.338409362 -3.421454399 
-1.168720987 5.892318661 3.358381556 
-1.958409292 4.625888612 3.274873802 
1.441435841 9.093100080 -1.867351705 
0.125438401 8.399628543 1.469890088 
-5.787979787 7.109533366 -2.226180182 
-5.372161082 7.391380046 -2.802348260 
-2.628297105 28.625573848 -9.883074132 
-2.666236175 28.707247676 -10.357332703 
-20.010695744 21.802119799 4.505184772 
-20.482900248 21.649566135 2.918341377 
-8.590906154 29.398191312 -1.566235266 
-8.220566048 29.755274649 -1.181816318 
-12.022469631 28.386359696 0.172286026 
-11.249958002 28.577523183 -0.638788402 
1.744886920 31.091313757 -3.614709809 
2.087331838 31.225714407 -1.752697007 
-19.733376648 23.167213615 -3.711557069 
-20.230842368 22.791950458 -3.029916647 
4.198756872 19.139081812 15.908382230 
3.772016753 19.400305510 15.692915741 
-15.141883371 11.828970095 -14.299825685 
-15.831712007 11.273794037 -13.895864800 
4.932454001 9.052245211 15.141108018 
5.008787998 8.870482900 15.204182137 
-6.018625548 5.413707125 -15.037100449 
-8.476838689 4.607713456 -14.422089017 
12.392184300 14.361690183 11.303790710 
13.484366532 15.688575989 8.524655746 
-17.001760509 3.517607510 -10.384084619 
-19.043781201 2.664423075 -6.747107501 
7.835427564 8.868707227 13.385862545 
7.070600730 8.738106643 14.170318183 
-11.509809785 2.262895715 -14.132693651 
-12.035608181 2.452242855 -14.297734744 
13.604915027 12.431822613 1.962985882 
13.841511147 12.333034460 2.031513978 
-14.997460271 1.937240284 -9.518340921 
-12.190354814 3.073274589 -12.955050013 
6.885594899 18.585982739 14.736307035 
11.974393235 20.005938543 8.259434594 
-15.783599739 9.513822103 -15.392792620 
-12.261350870 11.115774766 -17.784821596 
12.895430350 25.659803261 -5.338919378 
12.655244366 25.213263269 -7.158487600 
-25.045879140 10.540313744 -3.717633121 
-24.886443429 11.272785365 -4.981797674 
3.958689215 26.543483984 1.537843612 
3.993067752 26.570212633 1.742940161 
-18.151638679 17.559224289 -5.910469918 
-18.239252819 17.724626647 -5.224260483 
9.778583064 18.650105621 5.449343600 
9.133450063 18.294916224 6.720512211 
-17.267996631 8.932838337 -8.260471132 
-18.132926829 8.409537460 -6.296511805 
12.628776204 24.280522222 -7.336179075 
12.125209698 24.546925773 -7.833535677 
-25.230790581 9.868694216 2.231148077 
-25.192016862 10.267189363 -2.372672418 
11.922816939 15.724070731 1.249237605 
11.960121072 15.280344628 1.362925831 
-17.281873424 4.648671576 -3.927186093 
-17.510599968 4.634651910 -3.350020105 
8.240580550 16.290969684 -9.553253850 
8.732018040 16.744679587 -8.823133418 
-18.509576756 6.414663337 2.308687504 
-18.771101766 6.729829316 0.292926771 
0.221193894 22.027912300 18.694601181 
-5.439132200 20.470080120 19.712770411 
-18.048118407 15.088208662 -16.403129237 
-17.955047358 14.801161814 -16.644112766 
6.088461436 21.878345865 8.353179931 
8.478245806 22.429298068 4.248032847 
-18.857772138 11.562365599 -6.943380342 
-17.686309729 12.443154346 -9.180085744 
-3.253013232 25.696417690 8.362851048 
-3.303412485 25.609392259 8.591226775 
-16.818402980 20.272075722 -6.156222442 
-15.538456678 20.171772319 -8.928454549 
1.632830500 23.334303650 -14.889637439 
3.626206448 24.218987375 -13.119880823 
-20.471552374 15.381042003 9.648103254 
-21.927033381 15.123881253 7.201399455 
8.859068692 17.553193745 -17.801843458 
11.549777470 18.762476410 -15.219820919 
-24.930513710 5.224434840 2.897005840 
-23.608975409 7.086157399 9.259866398 
2.570823641 12.566036784 -14.376838771 
0.876973908 14.020421404 -15.992311070 
-15.390569596 6.747161085 10.330310839 
-13.547244254 9.276232344 12.898669050 
3.405725934 27.765629513 8.981637565 
3.603917012 27.396099163 8.973831022 
-19.386013652 17.584312491 -9.814257885 
-19.350114775 18.854907775 -9.316591625 
1.463138791 34.086393871 -0.926565410 
0.844195943 34.160539534 -0.450318790 
-23.520966046 23.306040532 -2.119362735 
-23.818099432 23.074427571 -1.471493888 
-6.202046632 27.872070600 4.862483042 
-6.544116918 27.711700730 4.704058240 
-14.187466425 24.674898560 -4.672611718 
-14.284944387 24.730868405 -4.739128484 
9.397412207 7.855088294 12.546951943 
8.646803338 6.336500842 11.631083032 
-7.872481726 1.609452664 -15.557265803 
-3.051330612 2.825091414 -16.555176338 
-2.708318638 7.398727930 20.886594858 
-9.091546100 5.133215345 19.962932113 
-8.041914657 7.706240308 -21.501395002 
-4.519697616 7.607512429 -21.787350534 
-4.238645659 1.654005123 7.329450390 
-5.175950914 2.148930318 10.716942354 
1.046012264 5.929032330 -14.368812076 
1.936324036 5.517049598 -13.182096024 
-4.714769344 25.771808647 10.009311918 
-5.248600643 25.211470011 10.382381043 
-12.466053718 21.968825122 -11.236266619 
-13.634394875 21.413402194 -10.821428360 
8.208422622 23.588358954 5.342246457 
6.056312321 23.415128335 8.999055337 
-18.299473224 13.983950142 -9.570406682 
-19.064051236 13.963744788 -8.417017398 
1.675464023 30.685800337 0.863621644 
1.033016108 30.938598395 -2.040945878 
-19.283000224 22.369045936 -4.624266699 
-18.754266314 22.567863791 -5.900979504 
0.626791833 4.003807506 3.925953440 
1.495678356 4.428015504 2.963119037 
1.384240222 2.599688306 -3.895818501 
-1.038135801 3.596588861 -3.397901884 
11.218523070 9.822617545 -6.093812933 
13.109096905 10.456180604 1.122183037 
-14.981397611 0.872745289 -2.733710776 
-13.766168788 1.461298610 -7.196631897 
11.328634994 10.692773495 11.932433804 
14.435740221 12.077815356 4.768809785 
-15.997607353 1.287932992 -7.487903337 
-15.050466162 1.589213221 -8.874531620 
6.972876445 21.563651354 -9.122103581 
5.223345893 21.302799605 -11.683725580 
-20.991881501 10.017606528 1.756473845 
-20.784470905 10.834264495 -1.290077184 
3.796682266 27.806174520 2.266460830 
2.289109334 27.799714404 3.233025718 
-19.098497347 18.711895581 -5.717309258 
-21.120028911 16.133808150 -7.149946616 
0.551815111 6.562342155 2.381783965 
10.959607685 22.041510700 6.646865760 
-1.137574189 5.647020998 -3.348142072 
-19.717055744 9.361717114 -9.929208042 
1.143724219 7.760991724 0.751222332 
1.015653348 7.038139314 1.224136469 
-4.693213758 5.542244981 -2.501813931 
-3.481175204 5.477594509 -3.277867873 
0.505263400 13.603442417 9.841621981 
-4.022641636 11.418140751 11.142227115 
-6.718410619 10.518505806 -11.004547335 
-6.021893321 10.096608739 -10.972758725 
-2.232681642 10.106588901 3.343020097 
-1.872724728 10.579890392 3.854416654 
-3.609265458 8.551212777 -3.535723357 
-5.518135300 8.693990848 -5.659499056 
2.837607609 10.818471740 -8.196946397 
4.315485161 11.142326660 -6.882898967 
-9.870908304 6.265119844 7.308876762 
-11.063123413 5.697550263 5.672558071 
1.363238443 3.405202489 3.682656164 
1.873955671 3.737373564 3.109325545 
-4.895474093 1.690213790 0.415057462 
-4.771718978 1.660695459 1.143078322 
-3.396098611 9.920376903 -3.627072899 
-2.665553829 7.709692933 -3.279468796 
-3.282850156 9.694822449 4.653551108 
-3.384017078 10.214971966 4.296835843 
-7.168191984 20.478572408 3.825082701 
-5.690597614 20.851487959 3.423951468 
-5.970040642 21.061609316 -3.675805434 
-6.584920116 20.736666553 -4.028501887 
-3.175119236 21.738102501 -7.150434092 
-4.877718550 21.569142874 -7.352526839 
-13.719592108 17.876768950 2.018897404 
-13.721978734 18.037920744 1.740379009 
-6.974917391 14.133352712 -2.769368969 
-7.168227977 14.217098860 -2.197605144 
-2.936772469 15.938712443 2.275746723 
-3.491857435 15.884770360 2.310885934 
7.382101129 5.506119198 -9.905377467 
5.363968307 4.488854641 -11.400122641 
-10.343136827 -3.126846176 1.610846813 
-4.909484287 2.050374643 0.441639113 
-1.506688717 11.593744355 -15.057015416 
1.110238354 11.900051419 -14.696925720 
-14.281033874 4.426289010 8.128351571 
-13.167302690 5.762086390 10.154337885 
10.532007139 14.578503207 -11.995684868 
10.993951646 14.772455358 -11.100629018 
-19.062092887 2.562177536 4.319724967 
-19.081673454 2.422900482 3.359041830 
-11.582922094 26.326045430 -6.176333495 
-10.531438043 26.857603670 -5.108446987 
-10.860504395 26.869213281 6.753528354 
-10.938742016 26.772384388 6.588141070 
-6.758815594 12.470928312 5.813558158 
-10.128017335 23.684445293 5.803230218 
-9.963968026 23.308117549 -6.704039613 
-10.310308528 25.934860774 -4.202376184 
-1.689313132 31.077547795 -2.603418910 
-1.759104629 31.128842107 -1.847667716 
-16.920971525 25.648089518 -1.774514182 
-17.471344805 25.182159946 -1.586298089 
-11.159683195 6.803320105 12.400355314 
-11.680188318 7.075926934 12.687237564 
-7.721100488 11.028156940 -17.527518134 
-6.568837640 11.145760565 -17.751706978 
-0.639829221 5.515829620 3.154144289 
-0.341555281 5.510620706 2.869554739 
-3.852573675 3.101162780 -12.911113086 
-1.518194197 2.484781109 -9.193341255 
-4.566935656 9.569861956 17.954359667 
-0.335132298 10.105745961 17.373151959 
-13.955659446 7.121971486 -15.590626653 
-15.349605984 7.417655272 -14.839665408 
-6.362539242 7.093504175 -9.909495469 
-3.001388854 8.210125038 -10.455953164 
-0.933593963 9.236490993 10.000093756 
-1.373669686 8.985911877 10.100362240 
0.277095745 3.762863185 -4.056800960 
0.113977889 3.490966640 -4.141050832 
-4.932995993 1.923864373 0.594532293 
-4.871926803 1.987643016 1.478742563 
0.707609576 7.115969296 1.718470399 
-0.435842026 7.169215463 2.726829885 
-4.042299280 5.468803064 2.986125942 
-3.000818666 6.246862121 -3.457431845 
-8.036705094 14.001705587 6.442952423 
-7.357416154 14.242765915 6.734939427 
-4.072407479 15.364446397 -6.645490064 
-4.769419642 15.042500627 -6.777004903 
-11.818628761 18.082931684 -4.131972125 
-12.020719279 18.035848931 -3.890155914 
-2.369297091 21.622059073 6.365850173 
-2.481130977 21.688315338 6.462009843 
-7.318564956 11.104230639 -0.685482383 
-2.521979407 9.297974100 -3.767841673 
0.609411947 13.438945347 1.576971690 
0.298542724 13.952273192 1.572111598 
-5.583220999 2.245047538 -0.245234517 
-5.448386970 2.104278730 -1.231146108 
0.177813592 5.158787538 -4.539145193 
2.100037704 4.897719863 -3.199233366 
-12.978538302 6.304765673 -1.879354242 
-12.287815477 6.175500336 -4.416832686 
7.054464924 13.614520078 2.791797256 
-0.580558068 5.022858835 -8.746643943 
-4.765692738 6.995344261 -2.307887867 
-4.228421290 7.919587429 -3.099972591 
0.033629236 8.875912604 1.986861376 
0.544123106 8.849350682 1.364261547 
-8.587923121 16.893218014 -10.535034026 
-9.558468135 16.385026246 -10.272267269 
-6.052987634 18.404097936 10.099809375 
-6.078974572 18.128591144 10.187022617 
-2.250082601 10.016970767 -4.610285110 
-4.384094865 9.535784041 -4.652395233 
-2.753549429 9.782051058 3.737311244 
-3.309365642 10.058284187 4.523378365 
-8.659218923 16.045836364 -0.066616568 
-8.841236867 15.676845438 -0.002182691 
-2.407327499 18.274938554 -1.024761224 
-2.430370228 18.211766546 -0.662894032 
-4.228293085 8.895497221 11.255230775 
-1.761093061 10.051189695 11.173438661 
-6.925621647 7.598065191 -9.847659809 
-4.909669101 8.467389106 -10.398011714 
-6.812617307 15.882494889 -0.614559139 
-7.057913874 15.875152596 -0.396027391 
-3.660522710 17.104449796 0.629241425 
-3.661876676 17.157426971 1.389264287 
-2.269779200 7.903915752 4.325890040 
-2.109611479 9.839957655 5.250243502 
0.988564461 8.744322337 -2.196034463 
-1.428199635 9.949686479 -4.864908669 
1.854688034 4.544283396 -2.921694772 
-0.471323572 4.265943262 3.711103418 
-0.421003793 1.821815542 -5.185317049 
-3.059355980 0.760892050 -4.487632629 
-3.365168163 6.864826487 -3.427576038 
-1.490039939 6.680457066 -3.304717537 
-1.671017817 6.142553396 -3.416008010 
-2.598316108 6.720555133 3.425871025 
1.725020497 6.581607639 0.491718712 
1.897958932 8.216689410 -0.394240927 
-3.834037825 4.926018040 -2.761833477 
-2.567887169 4.684264921 -3.229223492 
-1.826065352 10.531496147 -4.154565963 
-2.793673117 10.360270928 -4.765809786 
-4.428642959 9.547108739 3.801591158 
-3.082007909 10.445878325 4.482797042 
-9.445861033 16.045130006 -4.087454565 
-9.798558420 15.785762459 -3.847074125 
-2.254178454 18.824898218 3.851112376 
-2.247999463 18.877818800 3.780301534 
-3.364447911 20.511252939 -9.451354185 
-4.040737260 20.650852604 -9.107513466 
-9.997409016 18.365103762 8.251729704 
-12.651840402 17.072629700 6.884746324 
-6.737961579 16.751240454 1.693360203 
-6.807714838 16.010936622 0.555498214 
-4.775391195 17.519820573 -1.488987010 
-3.635148921 17.168571709 0.764680710 
-2.730547010 6.293792262 3.619897435 
-2.661745236 7.298162075 3.833832239 
-1.278774584 6.930396304 -3.070876826 
-2.589212219 6.873269427 -3.634686449 
-0.197349089 18.560696296 10.017092930 
-0.223124595 18.658641510 9.917865731 
-9.973865437 14.532521139 -9.653787759 
-10.205812199 14.513325133 -9.457375392 
-0.266007394 6.703825451 2.810584291 
-4.246602218 9.124390796 3.562417676 
-1.393388225 9.821506155 -4.062308169 
-1.157149511 10.496029270 -3.862400601 
-4.726737228 2.250145099 2.117919082 
-0.278213504 3.490510530 3.445432289 
-0.083606154 3.275104729 -3.866476990 
0.935680624 3.838910684 -3.517932109 
2.360317149 5.364769970 8.211081823 
3.676382246 5.845243260 7.423802873 
-4.953889029 2.847738925 -8.478205783 
-4.573567444 2.914876487 -8.598720195 
14.861625479 20.097115155 -4.173282626 
14.179565442 18.915803374 -8.404844352 
-22.216314172 5.357110908 -4.881356484 
-21.137190411 5.561085973 -8.316861643 
6.565324500 18.900928080 4.782187809 
6.189584734 18.378611839 5.542408110 
-15.667900495 10.285427689 -5.462580193 
-15.288164082 10.094648653 -6.216691582 
-4.084612244 5.007220760 -2.563892940 
-0.926734531 8.262945814 3.314749224 
-9.890444304 4.080011355 -0.551026242 
-4.977507356 6.517084421 -1.957074008 
7.852808694 23.756734991 -11.999302062 
10.947751089 24.931583139 -5.863448461 
-23.772084784 11.797158262 -1.676096259 
-24.115520448 11.417544075 -0.113663225 
6.240549154 13.757171260 -8.104253834 
4.555850404 12.835686641 -9.303204109 
-14.695435939 5.964037490 -0.867133922 
-7.505026046 8.366734996 1.748788741 
-2.459158567 18.820753367 -12.813862991 
2.456425488 21.099318749 -9.948720811 
-16.510345536 13.587761970 7.323794493 
-16.420308188 13.173086596 6.746047322 
-0.299366139 26.503171500 13.766988333 
-0.691911623 25.998451716 14.549116973 
-16.932646360 19.654622557 -14.250734672 
-16.727940055 19.584804143 -14.694039900 
-0.631719716 24.707184159 3.549607317 
-0.059775532 24.845047261 2.819423233 
-15.421935407 18.330188214 -3.932618439 
-15.054913457 18.677372537 -4.157633885 
-11.813328166 20.162494563 9.152357016 
-10.215239939 21.115245049 8.947540645 
-10.241362593 21.512405090 -10.277640520 
-9.232062077 22.024436739 -10.122284441 
5.494683449 19.230387437 4.769753351 
5.319425991 18.229731168 4.840400203 
-13.124036973 12.475731223 -8.619969936 
-16.092201672 12.409796142 -2.725336513 
14.147202721 20.380712806 -4.522788581 
13.272095169 18.816630782 -8.867920739 
-20.241680977 6.204454408 -8.871440770 
-21.066232869 6.291668733 -7.030129227 
7.410344107 26.763454644 -2.523976379 
7.737998605 26.480228681 -2.537392113 
-21.737774993 14.675792474 0.261674051 
-21.440498183 14.515458060 -4.925297571 
-0.681373771 10.530397731 -2.834369571 
0.499657670 9.997668517 0.515945636 
-6.660568012 8.155194180 0.824509606 
-7.254817528 8.558978576 2.215062530 
12.141637861 22.351538927 -4.658006187 
12.920139126 22.446819267 -1.463173360 
-22.116308404 10.806711721 -5.477862528 
-22.251031743 10.925891458 -5.387864105 
10.391334391 18.418232540 10.947460412 
10.396791991 18.573510747 10.977819724 
-17.760788085 10.132564906 -10.430213666 
-17.871998468 9.928494354 -10.104209288 
0.870663633 24.053300507 -2.169455146 
0.990338026 23.987343231 -0.448604502 
-16.995851586 16.709319542 -2.835742132 
-14.972065439 17.960476355 -1.866550368 
4.432061255 28.591039275 7.982076011 
-1.416651572 27.231427114 12.544335011 
-19.181373285 15.099000728 -15.402444069 
-20.369449328 18.408801377 -10.827233638 
8.163586272 23.551881485 7.669517258 
10.891927177 22.590682439 4.840550763 
-4.472687411 4.869177178 2.169377412 
-3.852324351 6.570258680 3.068464778 
9.711549290 21.266711183 -12.731306571 
10.346230714 20.639626063 -11.706267082 
-22.441212642 9.777712119 -5.435830136 
-22.655229879 9.506303010 -2.934659814 
0.651703163 10.934990008 -1.458332154 
0.570569349 10.019102714 0.180420494 
-5.931414911 8.423615019 -2.379850181 
-5.470868975 7.303596053 -2.637351032 
7.907929463 18.292134268 -13.574892145 
7.436415120 17.627451418 -14.474766568 
-20.813033380 7.965447487 3.585469410 
-21.191745280 7.132226117 -2.630560695 
10.293134543 18.186231808 -12.062544983 
11.122589349 18.251828530 -10.641156071 
-20.788475725 7.207770335 -6.202778814 
-22.109897323 7.208147271 -3.095822206 
2.811292769 18.033949949 -8.512148379 
2.310489006 17.595566086 -8.770763628 
-16.249259391 12.332394289 2.523945705 
-15.680175641 11.227129652 0.226502876 
5.196056461 25.900766419 -8.364267729 
6.813660347 26.233907217 -4.733307830 
-20.607780464 16.452719501 -4.753263056 
-19.547190882 16.479355081 -6.675470701 
-11.775564657 22.522326940 15.134086570 
-12.351817878 22.735001382 14.400287571 
-16.056625466 14.070919002 -18.515798789 
-12.961967105 22.211176946 -15.242650777 
-11.248522634 19.386115377 6.810704156 
-11.185209490 19.474601465 6.322702850 
-6.149509445 21.455154468 -9.228875798 
-3.315107343 22.707957048 -6.168228098 
-4.397683764 6.496258865 -2.743739992 
-5.076914154 4.752752078 0.573455035 
-3.373262324 19.566545056 -17.379821278 
-12.233631973 15.868837946 -16.058307109 
9.198378807 14.100615373 1.477134280 
0.773390523 7.750871514 -0.841345008 
-14.081635072 5.703322086 -4.522854498 
-5.558518914 9.009428077 -4.290515252 
12.813705414 24.287503540 0.433820597 
13.062409529 24.043329869 -3.833792682 
-21.729760454 11.670272431 -9.931756353 
-22.180100722 10.807926363 -8.755831553 
3.888275314 20.969947254 8.114257451 
2.331002038 20.168649819 9.803755132 
-15.635442228 13.883648145 -8.713352650 
-15.233524855 13.184721908 -8.962891928 
2.432812527 17.077045018 -10.377967382 
4.770156658 17.963778401 -8.042185768 
-16.696852199 10.850957077 0.482396333 
-16.483373100 10.755832329 0.280307896 
13.209377224 18.335823259 -8.469459050 
14.366181151 19.123317395 -5.571253699 
-21.181947472 7.557269021 -8.179456686 
-22.196410723 6.440745093 -4.628014393 
-0.216632799 5.913419395 3.042917995 
0.233159043 6.333990073 2.427022174 
-5.068225008 6.547033710 1.856857654 
-4.850432401 6.783361201 2.273644675 
-7.870639792 15.438026741 -1.482982991 
-9.046307742 21.154455320 7.128215058 
-9.620245781 21.264163311 -8.251649511 
-1.264936192 23.653207079 -4.812130103 
-3.509419348 25.503446431 14.872670091 
0.109673684 26.248188899 13.942350764 
-18.730848325 17.730897880 -13.793975186 
-19.837456794 17.851975409 -12.254283296 
-3.523252710 15.816938332 -4.616690431 
1.178303549 25.538614895 0.826370961 
-13.310021335 20.040135521 -8.328262038 
-13.308633256 19.935800621 -8.396160167 
-3.209771820 6.459001998 -3.517550931 
-3.978119837 6.683548204 -3.554934684 
-2.031861640 6.607995998 3.280032286 
-2.567739766 6.850264128 3.633862709 
-6.817981151 16.688314253 -1.658049580 
-6.922460909 15.960513134 -0.714228555 
-4.561097962 17.593143518 1.256082509 
-3.636048242 17.187370601 -0.397736363 
-2.816054910 17.552257070 -11.494746554 
-2.103627753 17.994087734 -10.992983725 
-14.268553356 12.522915550 6.178804185 
-13.663841096 12.940759632 6.890594747 
-10.319858897 15.669622568 2.918599458 
-10.399072833 15.564928517 2.746044456 
-2.824758708 18.506762475 -4.504506088 
-3.341021315 18.445623684 -4.990704376 
-2.254562110 10.334473005 4.398471779 
-2.461622944 10.501387901 4.623916463 
-4.858029766 9.406945500 -3.647381597 
-2.673784212 10.584573028 -4.412902220 
-2.144014314 21.682809053 7.551911306 
-0.667445439 22.062739045 6.417407900 
-12.370602517 17.104012335 -7.161341407 
-11.577789812 17.496656700 -7.716823851 
1.625377127 3.864798117 -2.856991236 
1.460911552 4.734895380 1.880398509 
-5.387192210 1.093703607 -0.626661498 
-5.416250012 1.456400603 -0.095720982 
1.571263159 9.917027282 -0.808423111 
1.120696143 11.121626692 0.292837531 
-3.079022449 5.701076276 -3.355633744 
-6.545984310 8.217657091 -1.569139680 
3.186332390 5.649999128 7.674387030 
3.562499133 5.975736606 7.470423355 
-3.351192373 3.419982517 -9.148754297 
-2.079043820 3.523451772 -8.938003766 
-6.926122163 15.825434620 0.613284167 
-6.914541182 15.934188252 0.481820891 
-3.767763918 17.012444565 -1.610237747 
-3.627602612 17.162455310 -1.375575883 
-2.070204917 10.046601443 -11.377570834 
-1.134223745 10.687468232 -11.054113648 
-6.157293454 7.990823962 10.140521042 
-7.561992058 7.517111949 9.611175048 
-2.238776143 9.786724925 -5.281204151 
-1.617952959 8.543530791 -4.544269942 
-2.823184952 9.485100935 5.237064756 
-2.203789981 8.947195778 3.989237370 
-2.803963789 9.798391385 4.417039928 
-3.342878598 9.909492153 4.830680764 
-2.510605557 9.882471246 -3.685028235 
-2.750127462 10.230538932 -4.396940308 
-10.978918777 16.633128442 9.205187936 
-9.649170962 16.601048126 10.081545930 
-7.062574649 17.464621085 -10.328212555 
-6.279506017 17.997032054 -10.210804303 
-8.527283916 15.947728733 -0.012053842 
-8.619682845 15.934059822 -0.301333624 
-2.303639686 18.206991222 1.016488477 
-2.456924560 18.263966018 0.033202157 
-5.846100562 8.386150060 -2.089451278 
-4.485828017 6.291882417 -2.757691286 
1.129671968 8.142130531 0.440999186 
-0.882130901 6.989716484 2.999122058 
0.493958242 2.031017955 5.281434333 
1.127107202 2.229204279 4.355026109 
-0.154618594 3.510212266 -4.065023878 
-2.431639866 0.890699286 -4.796524376 
-0.425163373 5.436114298 2.881381369 
-0.686278773 6.066348022 2.998342118 
-0.432099600 7.632136327 -3.759651607 
-0.914773147 5.567073824 -3.470648205 
-0.057742290 32.789390130 2.955788930 
-0.474033338 32.910602892 2.939979046 
-17.382970904 20.444089534 -12.656616991 
-20.363548390 23.338618711 -7.285450150 
-5.311327275 20.175798714 11.541649847 
-3.056367692 19.653605268 10.683653081 
-13.189813411 14.711920209 -10.667804861 
-13.670030295 16.018824248 -10.169111281 
8.940104565 26.575873747 0.677663111 
9.568895178 25.243883003 2.100516045 
-19.988214612 12.988396090 -8.852833575 
-20.852008741 13.895658926 -7.179920779 
13.503105954 7.339498354 4.002057437 
14.255620112 8.402443271 5.746264357 
-17.347107359 0.041134436 -9.140090311 
-16.629260697 -0.461096923 -8.684670745 
1.442139799 6.826481630 -0.566092838 
-3.885297291 8.997483841 -3.667267984 
-8.639018596 9.902773756 2.339139579 
-7.221375007 8.944018456 3.874667801 
12.830604893 15.941418350 -6.005734968 
13.506551947 15.862021910 -4.182217694 
-19.848420298 4.162803886 -1.421236043 
-20.225046075 4.280680812 -2.181815564 
14.468662388 20.993872841 0.723269009 
12.994886403 20.865538810 7.022513987 
-18.812589278 8.835863269 -12.748540828 
-18.714809836 10.266667675 -13.048827354 
2.953671697 23.121064413 -5.072242067 
3.579638584 23.865231361 -1.492336138 
-15.567500170 16.852735244 -7.213900582 
-16.520063392 15.720639040 -6.174846486 
3.259785450 25.547464408 10.114304663 
2.668857124 25.083729142 10.777721356 
-12.267242813 19.320780123 -15.342019837 
-12.422637126 19.270327447 -15.373542431 
-7.528560935 15.343628759 0.997461818 
-6.727097513 15.879053337 1.053165363 
-3.596545576 16.839728774 -2.449645306 
-3.555194593 17.065827795 -1.640995495 
-11.937584660 20.163109314 -3.206447052 
-11.511675892 20.351348075 -3.552015843 
-3.854660352 23.510830504 3.012482201 
-3.280863655 23.538203090 3.519620166 
-7.406351717 9.919550000 -1.360066300 
-4.847014399 7.770536467 -3.760292836 
0.106886629 12.981744679 -0.971134354 
-2.896505927 8.903749263 3.954977155 
1.026841585 4.058756494 3.681853576 
-2.676371558 10.350019266 4.566660711 
0.839296548 4.031511290 -3.345022278 
-4.552096224 2.041786832 -1.329931365 
-5.426273250 7.070652607 10.114880042 
-4.501180029 7.382156010 10.306893535 
-4.376733897 7.743362429 -10.182413068 
-3.274652922 8.061825181 -10.262228426 
-5.031825015 10.081306868 3.565076441 
-4.401727092 8.455008386 3.022409717 
-1.084836452 11.291417573 -2.803959187 
-0.426338811 10.335661367 -2.293600092 
1.229476289 10.236175078 -1.765955913 
1.486394492 9.867055655 -1.935564454 
-6.792726314 8.958903476 -1.826955375 
-6.838749670 8.379023611 -1.738061805 
-0.120698428 1.985097507 4.264484126 
4.044642241 3.152995822 1.340514460 
-4.383686869 1.082140330 -2.770256199 
-2.648362622 0.826195730 -4.630020197 
-0.177356402 6.643431933 2.833986956 
-3.921978112 6.744825458 -3.516057791 
-4.183286644 5.033933036 2.504704080 
-4.887499440 4.938613294 1.655428283 
-4.133919809 7.595164384 -10.397310793 
-4.547304947 7.329076109 -10.300679610 
-3.657813836 7.990259873 10.258717045 
-5.511601229 7.217130939 9.923742244 
1.051178320 4.105023465 -3.716400283 
-2.085715183 10.516374300 -4.335388928 
-4.857752500 2.060887764 0.134416897 
-4.777287598 1.876975948 1.228304639 
-5.463966718 8.356731468 -2.540608485 
-5.107752374 10.001310059 -3.518427175 
-0.957225041 10.185484754 2.855450616 
-1.119804682 11.342302653 2.849246222 
-11.683170959 20.338773881 3.266978203 
-11.890662506 20.213859960 2.970975059 
-1.806907918 23.745980074 2.983137647 
-1.745615912 23.857512031 1.867260683 
-7.468599190 15.357035566 -1.170991575 
-7.493891347 15.490519508 -1.043626779 
-3.762326089 16.735511740 2.924289782 
-3.928741994 16.825210517 2.816710278 
-2.386305574 9.415214221 4.281729387 
-7.318697211 9.986386703 1.503888806 
-1.658582117 7.765163419 -3.484732846 
0.090838546 12.891194499 1.232781317 
-5.382596849 2.444219730 -0.148784354 
-5.344849208 2.152436646 -1.008988699 
1.385665994 1.960502813 -3.858458204 
-3.599990234 0.582213915 -3.915673001 
-5.172917741 8.509942421 3.192318170 
-5.613759377 8.233165911 3.088533172 
0.020075929 8.459340542 -3.878883460 
-0.328666661 9.560037417 -3.686901910 
-4.187724961 6.469418510 -2.882198440 
-5.056754066 5.714088763 -0.734629576 
-4.259651662 2.950242613 -1.992219248 
3.002003595 4.590433475 -2.989387468 
5.537602777 6.552692263 -6.816725509 
-3.069466114 12.042659601 3.758442669 
-6.144605853 10.705085195 -5.299230661 
-5.522192095 9.594995579 -3.830981811 
12.605054981 8.724519093 -10.604462468 
12.655822176 9.092208253 -11.575521766 
-18.613709888 -1.586694343 2.107730115 
-18.717676558 -1.651695174 1.445358222 
14.168056595 16.142662801 -2.497654764 
14.159385510 16.021544998 -1.923980154 
-19.681910108 3.725091170 -4.483669317 
-19.576210431 4.138334549 -4.093135499 
-2.049111719 20.676940039 -11.133695832 
-1.741764243 19.087636386 -11.036146179 
-16.667738843 15.999769174 7.026703364 
-14.801215169 17.616893724 8.698706184 
-1.787188231 30.801716805 -8.343684938 
-1.281014787 31.329349000 -6.762081672 
-21.273521481 24.439217918 0.825966712 
-21.430874105 24.506153152 2.702150244 
6.646745270 24.084287267 -9.386778377 
3.510340552 24.111623214 -12.311285627 
-22.526605276 15.758473409 2.237100430 
-22.025602237 14.431304991 2.916719654 
-15.040079538 15.374439985 8.334872342 
-14.244192056 15.919431055 8.883834111 
-8.374474366 19.046960399 -13.924185267 
-7.108094200 19.339130714 -13.825682648 
-16.161537101 9.918271743 15.259805087 
-15.742096815 10.128696053 15.992531811 
-11.292903110 11.701025070 -19.714822559 
-8.474930930 13.083767669 -20.459783941 
-3.712906131 22.294675439 15.152418546 
-6.602328444 21.417990459 15.554739112 
-14.938705332 18.026449001 -14.828642373 
-16.554168331 17.805710056 -13.077033624 
