0.639924068 31.650364276 -7.513441540 
1.530679902 31.978213813 -6.462465801 
-22.717437472 22.515001076 0.450189367 
-22.489795880 22.673222587 0.771636117 
-0.419793092 26.701776636 -12.861510176 
0.554888981 28.054601102 -10.859325037 
-21.971610630 19.271373139 3.664993866 
-21.770588037 19.503307784 3.941804939 
-3.942696451 28.461043087 -5.217945817 
-4.796986204 28.357633737 -4.565676180 
-14.137271880 24.340565459 2.765955632 
-15.145281493 24.041111858 2.494266865 
11.486933364 20.956560930 12.214129411 
13.277692472 21.026634848 9.082680533 
-19.284176428 8.590169377 -13.367371263 
-19.099528076 9.797624122 -13.995079154 
7.627803618 24.189115885 9.891749828 
7.457589230 25.425342596 8.033042139 
-17.091832891 13.588257465 -13.774883823 
-17.133914713 14.436020629 -13.456353526 
6.656356179 16.046589348 12.063081088 
5.928105598 15.476010365 13.231477076 
-13.548868108 8.665579736 -12.385078221 
-13.416999017 8.796471594 -12.619178709 
14.260160684 11.873328597 9.889503793 
14.353801692 12.828658475 10.113454338 
-14.727491379 2.673761085 -15.300320911 
-15.396371937 1.813957368 -14.161855395 
7.935233972 7.799897302 13.462882328 
11.639476759 8.402720952 9.313099881 
-13.596370033 0.213170914 -11.544392032 
-11.826940433 0.718431144 -13.187163728 
12.523805763 10.759660944 0.306593532 
12.139692836 10.164993307 -0.863047611 
-7.463743417 4.683839499 -14.028348329 
0.152145316 6.128521686 -3.889403004 
11.780173551 16.948611334 -5.925014863 
11.935657772 17.288296918 -4.779091005 
-18.534076653 5.091117157 -4.466924932 
-18.766353268 5.108299123 -3.162102933 
13.387150296 22.432215850 2.634686547 
13.454352611 22.967559341 -2.078836128 
-23.049846107 8.180538463 -4.114639658 
-22.807281958 7.973442671 -5.080126670 
9.979948023 17.031606060 4.606482122 
10.478998492 17.207512335 3.680360242 
-17.057048270 6.569243311 -6.211457265 
-17.246527538 6.493145882 -5.666367243 
2.888952721 24.037599771 -9.801190534 
4.917969667 25.110462357 -6.484449669 
-20.364035217 15.911534525 0.517822214 
-20.205791125 16.039866824 -0.212215548 
8.504390360 23.965416958 -10.283521609 
9.064796732 25.048495357 -8.335012932 
-23.868410894 11.940298948 1.419510681 
-23.675121715 12.478899073 -0.754930126 
6.007098305 20.487374162 -8.456878598 
6.849142760 20.247747360 -8.045471280 
-18.389187341 10.764673197 2.579631096 
-18.737612697 10.765333976 3.329075619 
-9.410229795 17.662847060 14.513794815 
-9.220505776 17.546811936 14.619215969 
-12.375129191 16.086263286 -14.654828112 
-10.897426966 16.764952765 -15.158181962 
-7.812071424 20.188043640 17.417990431 
-4.434682159 21.116755203 17.406964482 
-16.388640655 15.093234873 -15.932669940 
-14.774326738 16.603830290 -16.498586222 
-3.599410977 23.214229170 10.805830799 
-1.400871964 24.396776683 9.077448049 
-9.835076066 20.886618015 -11.858202371 
-10.027711337 20.685557814 -12.044768761 
5.310365296 11.687761534 -15.723490099 
5.955014026 11.830419932 -15.267819958 
-13.918503949 4.068708468 11.619916798 
-10.404723386 5.227138231 13.877157235 
5.260572490 16.832194008 -15.885966624 
5.736661805 16.848295490 -15.298765384 
-17.927594586 8.042798385 10.818699921 
-19.441210074 7.419345159 8.535895735 
10.751187958 14.051713919 -10.335642776 
9.234019000 12.739953944 -13.203507843 
-16.842800190 3.196803220 7.639740039 
-15.187949068 3.559975866 10.571366476 
-7.070324918 29.694901172 2.608091901 
-6.809696769 29.909247491 1.692885936 
-14.057575252 27.109488820 -2.283505607 
-13.248047500 27.585717595 -1.845713505 
-3.856186852 29.833648818 6.488194611 
-3.938296016 29.464339892 7.913935033 
-17.623683056 24.018429309 -5.210381768 
-17.374391669 24.126020993 -4.939577294 
-0.542220331 29.540351061 -2.783387322 
-0.577422785 29.680522328 -1.605662386 
-18.028683909 24.223947629 0.258980448 
-17.641584787 23.961068726 1.281525599 
-5.449302368 5.762968924 15.410716152 
-4.144353717 6.502860682 15.959533999 
-5.275602441 6.963675256 -17.987700623 
-4.471324589 7.140522859 -17.801569703 
1.385960399 7.346268668 15.962670345 
5.685664621 9.145335392 14.700899200 
-7.810783726 5.132866536 -16.953731476 
-5.994406880 5.811100418 -17.493002260 
-8.666078084 10.898181728 16.334370326 
-3.590201597 12.899353512 17.359207957 
-9.985980004 10.253955567 -17.788998969 
-5.603208239 12.145537553 -18.614177339 
-7.447179937 12.585785272 -5.187851300 
-7.350022686 12.919736156 -5.032775964 
-3.980964346 13.965215410 5.813417874 
-4.769532487 13.754228263 5.755405416 
-5.301927802 7.197786906 -8.070807321 
-7.736622968 6.216173802 -6.575824906 
-2.269617941 8.248999609 8.407158377 
-2.325399770 8.254898035 8.431455874 
-4.087967853 9.738242277 -3.400672512 
-4.898950198 9.005539259 -2.973558756 
-6.293594017 8.952322204 -1.364640164 
-4.644786442 9.047815146 -3.088991838 
-7.330060857 14.971956009 3.379034787 
-7.036958358 15.127595475 3.689828108 
-6.259202285 15.311201868 -3.803897270 
-5.927306470 15.601203860 -3.789736672 
-11.503086586 17.776437263 4.881869508 
-10.919365076 18.138378822 5.300425809 
-5.528468926 20.106655668 -6.498740308 
-3.108882264 20.975109999 -5.131820811 
-8.671607476 11.281403344 -0.049697291 
-8.765528499 11.950579659 1.128373531 
-0.322544252 15.231340360 -1.463441354 
-0.222437829 15.591955665 -1.033297140 
-3.652637303 5.749304487 -3.328749203 
-5.139738029 4.978930049 -2.114218427 
0.952749422 8.991232534 0.061708421 
2.077078706 7.663177827 0.193515265 
-2.742586491 4.300778398 3.538564519 
1.018243940 4.288924208 2.467753670 
-0.989965304 3.730419133 -3.780950799 
-0.530044892 3.768718330 -3.415594568 
-2.500257179 9.564517357 3.214401278 
-4.499520775 6.337241122 -2.324017235 
-3.121159719 8.477499700 -3.258586301 
-6.118689818 5.199754278 -1.618786273 
-5.450690413 10.705550877 4.531901815 
-6.198119648 10.290381811 4.429793382 
-4.653913745 11.062980274 -6.315010652 
-4.995971675 10.887220866 -6.283477800 
-2.395881715 12.320741406 4.591811831 
-2.001840167 11.044361836 2.947924881 
-5.341158944 10.853708033 -4.703964079 
-3.366121799 10.261130486 -4.260642488 
2.648630350 12.723463142 6.555299920 
3.732128633 12.880493485 5.339524735 
-8.766017821 8.159384525 -7.104221832 
-8.949051848 8.352116137 -7.089478826 
1.101713423 7.293620247 -1.268385532 
0.695699203 7.363570679 -2.864843794 
-5.730255427 5.580948804 -1.474514909 
-5.256661614 5.460989998 -0.756833865 
-2.304689962 9.893361399 -3.148952553 
-3.312112392 9.651028304 -3.576114598 
-4.214243687 8.731671601 3.512095856 
-3.856976254 9.714067226 4.468119023 
1.859951320 9.883451392 -6.647297463 
2.644081872 10.074066842 -6.031397859 
-8.265620032 6.012782480 5.683635376 
-9.454303580 5.770768510 3.956042410 
-3.418290385 17.286350432 -4.602701453 
-3.503087984 17.023017895 -4.850341598 
-8.753202888 15.089582898 1.733030835 
-8.942079798 15.171222128 1.685280805 
-5.844314341 16.147921012 -1.301377466 
-5.840219032 16.190565855 -1.313890360 
-4.758222932 16.632274930 0.446207314 
-4.618365644 16.706446990 0.246342177 
-4.731103256 21.800062116 1.928722966 
-4.545596423 21.895611423 1.661198756 
-9.712677571 19.850361031 -2.287485646 
-9.380058088 20.243995905 -1.613989812 
-7.828321448 13.783643230 -3.986895324 
-8.815450402 13.531724276 -2.683236521 
-3.011904477 15.447700066 4.416793151 
-3.002073398 12.820238148 4.853910455 
-8.253446541 13.017983233 -0.357641006 
-9.051750531 13.733918999 -1.318091422 
-0.797263090 15.754124276 -1.708453471 
-0.536106646 16.958211984 -1.231986773 
-8.411982557 19.537739410 -4.390819281 
-8.315016899 19.656970649 -4.473543956 
-5.331834305 20.851248924 3.336300887 
-5.214996313 20.892515542 3.744421211 
-3.432088773 7.325141153 3.304671734 
-6.146873408 11.139884051 4.530080843 
-0.110744857 8.766915033 -2.320728933 
-0.856789544 13.438564904 -3.881573903 
-3.610244780 7.999376961 3.777397171 
-1.999563628 5.381438105 4.138754916 
-0.702041949 9.003537309 -2.307440152 
-1.414140421 5.680315581 4.197095803 
-5.623536253 8.971557781 8.066764686 
-5.020074907 9.792556574 8.231675871 
-1.892272159 10.917071074 -7.722389070 
-1.423613769 11.038821012 -7.605217414 
-1.767385830 6.689774748 -5.339255241 
-1.612369098 7.317019403 -5.585540254 
-5.985516895 5.955477213 2.659938888 
-5.212373927 8.967681420 2.967535317 
-2.598790704 11.111913589 -8.932696785 
-2.761463928 10.991652636 -8.981949679 
-6.682545369 9.138600902 7.628490493 
-7.672649459 8.787284520 7.137696886 
1.807625247 7.366172165 0.338446025 
1.032577742 7.378809931 0.904327889 
-5.981406897 4.174539105 1.441347182 
-5.630753674 4.710947936 1.342520750 
-1.198524220 4.960289451 4.855004927 
-1.623256022 4.579529586 4.746269738 
-5.654454513 3.541504538 -2.142257476 
-5.195446408 3.478095406 -2.831364341 
1.201161458 11.189742802 6.896694255 
0.926226975 11.587635819 6.945727551 
-6.424027542 8.316415447 -7.974595056 
-6.027970546 8.334446824 -8.107958001 
4.422332540 7.076465826 -2.676779251 
-2.242662066 7.397397362 4.774301165 
-1.444872577 4.365466415 4.630328906 
-3.612155406 4.541498073 -4.237955102 
-3.710190993 10.168313600 -9.153059734 
-4.640165192 9.883558766 -9.124138916 
-8.463388976 7.528530194 7.072065524 
-6.635605357 5.989665144 6.620203977 
-2.711302263 7.000528900 -3.867281555 
-4.010543081 6.780627855 -3.665129361 
-4.707976925 11.020614396 4.508074389 
-0.585231485 13.328145884 3.239120019 
-1.750737650 11.716625284 -3.735390834 
-1.827137169 11.551120742 -3.647204200 
-7.069613529 9.806324370 1.924634809 
-6.590256583 9.942371079 2.627817693 
-11.096658342 18.628111241 -0.482957073 
-10.861785820 18.894003386 -0.358495110 
-3.167568200 22.001692520 -2.136417256 
-4.357876992 21.651793820 -3.690534931 
-7.778532908 15.075677447 0.169592169 
-7.816858984 15.033912955 0.337920260 
-2.082835397 17.210113510 -0.245245003 
-2.230618116 17.216100425 0.329455260 
-5.606442810 6.417287140 -3.034687262 
-6.293126123 6.329105917 -0.325127329 
-2.944230435 17.034314938 -2.087281164 
2.330701328 9.380560767 -1.769646501 
-3.643227871 8.784075418 3.562515043 
-3.632028369 7.753594498 3.488586493 
-2.833873468 9.374072319 -5.021406456 
-2.231273565 9.779380816 -5.049813460 
1.644861263 5.971146402 -2.810512644 
1.854006449 6.395747532 -1.524996970 
-6.378761909 4.656892998 0.784503035 
-5.120128949 3.940056037 -2.373216895 
1.650040593 10.717714671 6.477550230 
1.154330950 10.539198257 6.850285468 
-7.820647961 7.087992473 -7.002209631 
-5.816362411 7.802136354 -8.120304990 
-4.070831179 9.685633095 -4.052550897 
-2.315717322 9.646291714 -3.779503942 
-5.129392302 9.153373685 4.433855115 
-3.585209889 7.987886980 5.181456387 
-6.211727222 10.476522507 -3.989797247 
-5.202934464 10.730313131 -4.506081843 
-4.258239976 11.188337171 6.466387765 
-4.033357474 11.244802256 6.778967470 
1.187385689 10.823406518 -7.099251133 
-0.829576000 10.103932378 -8.068443076 
-9.133777324 7.451278335 5.845410582 
-9.282652265 7.006091021 5.418283006 
-6.043448500 16.350529241 -2.156036860 
-6.619200433 16.251654307 -1.829871960 
-4.657138789 16.875224291 1.283946599 
-4.549201585 17.052381281 1.335311433 
-9.801131288 14.350093533 0.071640315 
-9.738264680 14.273789740 0.185491425 
-0.384435096 17.854252572 -1.011084430 
-0.347577467 17.812050015 -1.491394050 
-5.794239960 21.361188725 0.958227729 
-8.906812899 20.133475664 1.061543228 
-7.093699838 20.957840090 -2.584253408 
-7.011039106 21.000877792 -2.890592046 
-11.392532933 17.499361002 1.411904736 
-11.049712999 17.608387507 1.924715351 
-1.335854375 21.341515896 -1.787299005 
-1.397455075 21.052069332 -3.222928570 
-7.901422608 15.138863660 -5.133359729 
-8.832854267 14.841108287 -4.394991472 
-0.578213021 17.745120798 2.418674621 
-3.833497876 16.579934248 5.231986365 
-3.117137226 12.078134905 4.287390489 
-7.782748017 12.744141517 1.964119128 
-1.052616325 12.087369804 -3.337411491 
-1.450516588 15.649791816 -2.772808415 
-1.702779199 4.934517386 4.956984977 
-2.035717353 4.625758307 4.778056148 
-5.749426387 3.771815363 -1.950287563 
-2.110434881 5.006060447 -5.135387060 
-5.736384358 6.298465306 7.564160565 
-5.665036386 6.357683977 7.603892829 
-0.310772551 8.399824271 -7.719910775 
-0.284875314 8.469590508 -7.692126089 
1.347198600 8.242985313 -1.699027141 
-0.224702162 7.073735400 -3.039300594 
-5.799487154 6.178474077 1.203717154 
-1.100458972 7.567481157 -4.214132755 
-1.173457896 9.501474865 -9.127992993 
-2.214130392 9.087409720 -9.341363279 
-3.944357061 2.881899527 -2.684266257 
-6.567492008 3.609475959 -3.383838033 
1.700503964 8.599305329 -3.238044116 
1.083531054 8.871029182 -3.906894525 
-6.001484266 3.832401957 2.405645713 
-5.747034357 3.953180966 3.163119704 
-1.416214433 10.639550096 -3.356740733 
-2.348991353 10.329885427 -3.930463131 
-4.016374840 9.196719011 3.384737681 
-3.939137744 9.642072369 3.322641097 
-7.874731557 13.698097421 -3.922944496 
-9.375508460 25.709097007 -4.055987798 
-12.243188447 26.387929257 1.740324917 
-9.729603952 26.204506412 2.659313064 
-9.749774972 27.043327532 1.403303331 
-8.905868134 27.591934166 2.322360652 
-11.467038748 27.021206552 -4.565583452 
-11.248280293 27.131928646 -4.420817076 
-3.940112026 29.314192247 -3.285312199 
-3.979312289 29.455402761 -2.506826791 
-15.898464464 23.832094546 -2.562289437 
-16.265806598 24.757305279 -0.730790306 
0.575344665 10.782856857 14.093590883 
3.643210444 11.591154420 13.111913634 
-10.365363341 5.352536123 -12.061043608 
-11.139497386 4.793962467 -11.436356652 
9.145933285 7.569189317 8.523250790 
10.425981361 7.982518430 6.408539167 
-9.592204106 0.407364888 -8.990412961 
-5.432784856 4.290566543 -1.065112275 
9.462228872 14.701850626 9.642210682 
11.501041181 15.310626152 7.025464393 
-15.962463378 4.382552333 -8.727626047 
-6.435040222 8.590865054 -7.591226910 
0.779114979 8.875431777 -3.363712972 
1.463595678 6.963058721 1.953919773 
-3.674072554 5.185236327 -3.181940279 
-10.717883910 0.815661653 -3.873822384 
10.447004106 13.934398718 6.635219311 
11.843762326 15.167066281 3.332433465 
-14.319117874 5.605156099 -11.008331071 
-12.880266031 5.084019440 -11.354666178 
1.401772101 6.092837858 6.547167867 
6.857462666 12.678849903 13.163640610 
-11.029996538 6.051607168 -14.640517402 
-9.534707489 5.585080895 -14.460481505 
2.329528570 5.409464767 -2.591680026 
2.683441068 5.847182903 -2.029242582 
-5.620211834 3.561508065 -2.207301656 
-5.154183344 3.473361497 -2.917895938 
2.989932501 9.206766479 5.711559757 
2.436080006 9.250911384 6.179916909 
-6.623020962 6.046562778 -7.164395746 
-6.423739705 6.061395577 -7.257528031 
0.741597673 8.974869827 2.696397867 
-1.624241043 8.171805202 2.899694204 
-3.260341735 7.890680670 -3.531111309 
-2.605828540 7.736016024 -3.724783490 
-0.632262277 11.695809256 -8.572174061 
-1.025867726 12.185586963 -8.880174549 
-8.439670993 8.203978699 7.666152513 
-7.132421506 8.881567507 8.637342801 
-2.928014143 6.906838216 -3.840109577 
-2.191919838 7.375809484 -3.777317236 
-3.740304434 6.532643203 4.378451749 
-2.384894950 6.902274324 4.562512727 
-2.919294428 11.804625370 -3.414147625 
-4.985167399 11.012974723 -3.726873267 
-7.727014483 9.887556831 1.479646748 
-2.225428363 11.682833552 5.093503033 
-11.341631215 18.566832233 -0.764338756 
-11.106967591 18.780877884 -0.955170010 
-1.935589322 21.998124977 -2.501296383 
-2.234746876 22.020526229 -1.705002590 
-5.787788534 20.872086482 0.585426452 
-6.070123662 20.663230343 1.182349233 
-8.391630255 19.711035224 -1.209723419 
-7.897366141 19.914291846 -1.900939224 
-6.965795437 15.392231551 -2.394037210 
-7.119436878 15.345535243 -2.513082304 
-2.769583563 16.859606630 0.532537746 
-3.180858103 16.812804392 1.603234539 
9.191739675 7.340563882 -10.616803236 
10.823461226 8.767665983 -8.938160368 
-13.416840920 -0.563307358 0.126372415 
-13.930172173 -0.616804007 -0.702750642 
1.600653635 5.950440561 -2.794118245 
1.893115349 6.360494641 -1.471116249 
-5.641705030 3.927720069 -1.895464415 
-4.520547361 4.090688216 -2.654036321 
9.620240481 9.646750327 -12.300203323 
9.091697473 9.664480222 -12.743363440 
-15.820119782 0.495926534 2.711900236 
-15.933407380 0.040730361 0.955985613 
3.254373645 23.430968509 -10.298900771 
3.390931463 23.828525162 -10.034353900 
-20.181026796 15.851665652 4.252251787 
-19.787358507 16.107815937 5.738993859 
-1.941621677 25.573209156 -10.018327838 
-1.850407702 25.934183640 -9.986576149 
-19.012574151 19.308520939 3.546171100 
-15.070176816 20.644657185 9.987382723 
2.819831754 28.408967439 -4.319200696 
2.730148880 28.528006404 -4.127712977 
-18.953692464 20.488819741 5.074844501 
-19.227403739 20.576277829 4.159656330 
-17.372203371 17.479499827 8.697244992 
-16.748157999 17.983539152 9.031159009 
-12.150029272 20.314475937 -13.861648882 
-10.518678268 21.320644905 -13.702012482 
-20.308850628 12.397194076 3.593960875 
-19.776877465 12.886106863 5.241030457 
-7.381060195 17.707249117 -16.772527138 
-6.329288913 16.662346264 -17.808191511 
-14.826609897 14.509795014 13.055488683 
-3.024540302 4.502561432 4.818640744 
-11.456405432 16.024436161 -16.203336548 
-3.392578236 4.944968403 -9.138078413 
-5.699156221 10.629735749 4.361192376 
-5.775137463 10.431709934 4.479763474 
-2.553247401 11.814006868 -6.520749188 
-2.812803147 11.808817815 -6.892312088 
-4.144833885 9.703184216 4.048620020 
-5.115451434 8.701327782 3.725456607 
-6.770269399 9.517279890 -3.123519713 
1.080157752 12.061084837 -2.212916950 
1.159874132 13.310894746 7.457580569 
3.545793431 13.655867759 5.229750368 
-8.953633300 9.175810639 -7.518335532 
-8.919847108 9.483693201 -7.664754912 
1.646852190 5.959237859 2.811655579 
1.874908286 6.380471429 1.537291808 
-6.406891117 4.616099266 -0.920805983 
-5.120008337 4.032999252 2.187732126 
-3.639990144 8.709740780 -3.561072233 
-3.045775442 7.934637486 -3.546423110 
-2.567180668 9.450665198 4.948881822 
-2.987735677 9.395352387 5.222470369 
0.943203769 8.462615621 -7.028798829 
1.633241782 8.866513687 -6.603301680 
-6.594867861 5.719256883 6.723742132 
-7.474737482 5.239616113 6.009333783 
-3.322752370 16.591335933 -5.273105391 
-3.168955598 16.723905275 -5.302934362 
-9.161242842 14.340034284 2.838190778 
-8.621077408 14.620359911 3.246508925 
-6.429532678 16.229921049 -1.550813557 
-6.098272409 16.464598549 -1.928258306 
-4.286210959 17.048560312 1.202387938 
-4.370982297 17.158129401 1.178090667 
-2.772720675 21.672522664 -2.806855281 
-2.809518809 21.958187089 -0.461216727 
-11.521773223 18.207456202 -0.124489567 
-11.453418191 18.400418400 0.585794910 
-5.135723710 11.598870077 -5.205336933 
-5.631596535 11.674558506 -5.090582685 
-0.502289141 13.278876737 3.102738738 
-1.916551840 13.269694909 4.555076424 
-8.597164187 15.385177550 -3.988860630 
-8.224984760 15.548402804 -4.362206962 
-1.516826478 18.042550924 2.682472008 
-2.133381872 17.228861482 1.767404846 
-5.959645116 18.213635397 -8.191657238 
-5.129173651 18.203406444 -8.355420233 
-9.185434675 16.674969050 6.610766207 
-10.155901807 16.448695484 6.091121634 
-6.368312618 15.452068006 3.781172327 
-5.906400680 15.734099357 3.734890351 
-5.000009730 15.909779216 -3.619429600 
-3.514419850 16.539496617 -2.835057940 
-3.515975586 8.539155182 3.965969184 
-2.272131091 5.260949765 4.105772880 
-3.981600145 8.369096323 -3.442386974 
-4.002912794 8.861997075 -3.634411444 
-5.310389514 12.257636418 6.528945074 
-4.728367501 12.541067709 6.730954066 
-3.282109287 12.989717468 -6.264275372 
-2.678336016 13.172695758 -6.096632107 
-0.717073686 8.857108407 -5.592240155 
3.488332011 6.009047179 -4.892452036 
-5.169231747 6.445805085 1.939809644 
-6.369821067 10.243405042 2.715511419 
0.847190700 5.710026297 2.017567391 
0.794407622 5.143318843 2.479310259 
-2.660178397 5.083835879 -3.592359406 
-1.971162153 4.626876125 -3.807972944 
0.645989314 8.854123121 1.471160842 
0.519400533 5.503100979 6.517292931 
-4.466763086 7.570190745 -3.049859717 
-2.771927979 7.828913637 -3.421660432 
0.776551532 8.562131095 6.911440666 
-0.786465357 8.064980531 7.718994089 
-6.121144414 6.093597756 -7.199901678 
-5.516734054 3.710077670 -3.870960385 
-2.779709681 7.591890616 3.378572894 
-2.733326844 7.442462404 3.434593140 
-5.416775095 11.833250275 -5.717356342 
-4.273027350 6.868572784 -3.163474369 
-2.935211926 5.770741785 -4.876942519 
-1.696166898 6.050557711 -5.437816502 
-4.785607376 5.343217048 3.045665000 
-6.030192264 4.922179064 1.698001328 
-3.738636538 5.218148412 -5.810008461 
-2.617272479 6.521532910 -7.018225175 
-5.327053271 5.730419165 6.845505118 
-6.262909679 5.496235263 6.339311285 
-2.293927014 7.664707580 -3.830736131 
-2.872743881 7.663990633 -3.716328399 
-4.098441939 11.225437368 4.941264329 
-5.793673739 10.297188150 3.340664286 
-3.160413831 11.477145302 -4.496472031 
-2.951253313 11.742942649 -4.644175206 
-5.666013568 10.481126526 4.280706152 
-5.658350353 10.643802236 4.578926147 
-10.301873642 19.237008457 0.490834354 
-9.522535350 19.830980313 -0.674683032 
-4.923225510 21.892249256 -1.200748419 
-4.840688135 21.800073069 -1.650955648 
-5.906597832 16.376237212 -2.059347677 
-6.228989380 16.325102832 -2.092543984 
-4.645276886 16.856655197 0.717062476 
-4.919712158 16.851177454 1.222932227 
-6.384429638 9.408478657 3.216633937 
-7.379469147 6.628065360 0.478572614 
1.585073909 11.796727670 0.974196007 
2.028983588 13.735090901 1.326947014 
-1.978624746 9.992295804 3.004757907 
-2.624577530 9.903279926 3.456189770 
-4.333034874 9.108376490 -3.943961094 
-3.859781264 9.712427944 -4.492490779 
0.794466407 7.823105494 1.909505895 
0.420284123 7.310290306 1.868158663 
-2.064877666 6.920927385 -3.856341703 
-2.235738216 7.890549062 -3.577286628 
2.665373720 12.592239150 5.087487560 
2.146670532 12.061148734 5.772230072 
-8.907885978 7.964894582 -5.861849704 
-8.217458649 8.249719275 -6.559379053 
-1.164766821 12.681164381 -3.906192145 
-2.606975532 10.822347685 -3.262026502 
-6.805305905 10.817412427 3.999039547 
-4.019751030 9.992489654 4.357212267 
-5.691314062 10.690075954 -4.281839028 
-6.278546159 10.308537964 -4.454394573 
-5.582875535 10.792817871 5.915872298 
-5.006202102 10.961617190 6.298880376 
2.358033915 11.099532318 -5.824769114 
2.226522635 10.917096686 -6.008120505 
-9.584631182 6.510832838 3.139193540 
-9.967150891 6.422160651 2.047071855 
-5.315369113 16.383932139 -1.240484768 
-5.184481927 16.452795517 -1.402235479 
-6.021933043 16.114427056 0.685281381 
-6.090856491 16.119630427 1.015064323 
-9.077182190 14.818125305 0.500020795 
-9.487682700 14.830025255 -0.579360984 
-1.943760665 18.144098567 -0.214041656 
-1.667024201 18.027111452 -1.357487514 
-4.578781469 21.518189604 1.058434146 
-6.990090219 20.673844163 2.123071573 
-8.861549672 19.889149562 -2.289392671 
-8.890465457 19.906850957 -2.130723450 
-10.984841444 17.975516761 -5.312716959 
-9.595921030 18.357266730 -6.487559441 
-4.162213479 20.637612570 5.827161115 
-4.080383620 20.654855414 5.812968264 
-6.826988206 15.089049059 -3.780883011 
-7.469264264 14.958282326 -3.335095399 
-4.837291547 15.920769745 3.761343355 
-5.687216398 15.541399753 3.811744653 
-8.280506335 12.781525184 0.769678798 
-7.878576177 12.452697706 2.468169651 
-0.241757319 15.690715670 -1.361129369 
-0.990077050 16.019869143 -1.039646077 
-7.929929900 6.262042025 6.524130863 
-8.433008584 6.190108544 6.161685748 
-3.186914867 8.054740229 -8.523828720 
-3.087613030 8.084520872 -8.516525589 
-6.824517038 12.985389419 5.406386272 
-7.064768775 13.078757394 4.994138466 
-4.950729671 13.598827994 -6.009784024 
-4.056735966 14.047634155 -5.750254380 
-5.706716525 6.925322308 2.668837388 
2.142289495 9.686454696 1.228482124 
-1.128324837 8.399929362 -4.213089919 
-6.541118918 7.241725023 2.698039948 
1.021766943 4.005458012 3.146714333 
0.368411743 3.996051846 3.071918747 
-4.140803391 3.339689264 -2.239564062 
-2.247212751 3.216205125 -3.487369515 
-3.113488801 7.829993678 -3.694639925 
-2.704792742 8.795028912 -3.533724696 
-3.666668498 5.720553466 3.347522450 
-4.396120687 4.864546084 3.048821513 
0.313093833 9.408100817 0.340168035 
-0.989443134 10.244749300 2.677934401 
-3.875477760 8.432770780 -3.145702267 
-3.237875609 6.306952193 -3.391559033 
-3.472467014 29.409050923 -7.656476146 
-3.219600542 29.477348682 -8.085841791 
-19.063087829 23.320465178 2.749986464 
-19.262151018 23.191706284 1.437801116 
-6.778689803 29.766986862 -3.258107449 
-6.144438184 30.170413813 -2.437712641 
-14.018074012 27.282832250 1.213161579 
-12.948920156 27.674321137 0.897322920 
0.455028843 30.167768699 -5.555002959 
1.010184149 30.424643015 -3.816078844 
-18.919946226 22.528384892 -1.428367284 
-19.518372833 22.743601682 -0.674634451 
5.222884120 16.853387367 15.806686793 
4.922673676 17.230800423 15.520916423 
-14.321031758 9.463559500 -14.184803640 
-15.002718525 8.968115869 -13.659842286 
5.687023395 11.440350393 15.248905564 
5.763979920 11.213402632 15.254289275 
-8.112472684 6.767297429 -15.292956098 
-10.561563560 5.911620798 -14.312550202 
10.213725078 15.579234612 11.539152880 
11.303137486 16.743706606 8.960668867 
-16.209860171 5.864220012 -10.769528666 
-18.368631527 4.891534049 -7.549019537 
9.316984069 10.221543722 11.883070549 
8.510876949 10.245586094 12.860867310 
-13.421561406 2.506849451 -12.530224419 
-13.841599491 2.764462282 -12.654891961 
13.168450105 12.367492151 4.430732723 
13.397014797 12.534966500 4.444670266 
-14.048308493 2.845148842 -11.653073762 
-10.716138408 4.180693608 -14.585386952 
5.618386185 16.526943227 14.074941461 
11.482849111 17.709766665 8.999039301 
-13.762151448 8.035780563 -15.488853364 
-10.326925532 9.621674308 -17.495776055 
11.269011128 25.652494357 -3.431364134 
11.182612334 25.231244300 -5.185426491 
-23.251291936 11.802195374 -4.930709823 
-22.996042649 12.538982362 -5.920712459 
6.373218881 25.954467252 1.208950216 
6.346752908 25.920287645 1.424626194 
-19.415583424 15.405283402 -6.123994365 
-19.552534696 15.642387145 -5.203682851 
10.179895203 19.462751527 3.112262572 
9.960003030 19.624315954 4.820214870 
-18.359157613 9.136062313 -6.012996247 
-18.907216909 8.834981585 -3.999152280 
12.421899110 21.861330533 -6.712008594 
11.956216084 22.196626592 -7.120404722 
-23.329894927 8.246135919 2.038105797 
-23.293892462 8.700486030 -2.338374726 
12.349936046 17.310160271 -0.644654710 
12.386034285 16.943814250 -0.402140565 
-18.944760509 5.385998969 -2.202421115 
-19.020628932 5.440685747 -1.580729955 
8.414755591 18.554713010 -8.490592446 
8.868567225 18.893161175 -7.629093165 
-19.258382782 8.312747348 0.852412324 
-19.233082608 8.748012225 -1.039657760 
1.079917376 22.484496955 16.384492105 
-4.088763021 21.080035388 17.746490139 
-18.397623469 14.936979248 -13.925582867 
-18.248589063 14.719879623 -14.201518981 
4.585335817 22.886085218 10.087917968 
7.446135692 23.688858222 6.095099893 
-18.753401834 13.360068255 -8.687069370 
-17.195945428 14.370663888 -10.630756215 
-2.768503210 24.108448220 10.240711425 
-2.632898069 24.266234217 10.541932293 
-16.758692630 18.483260801 -7.911235851 
-14.598023635 18.743869218 -10.700141156 
3.252300861 21.524525934 -15.510095222 
5.394446648 22.549186493 -13.500537028 
-20.605235568 12.909171313 10.041049734 
-21.945578041 12.686310177 7.545824582 
6.389276866 17.958384575 -17.668903258 
9.184379089 19.432764051 -15.345438980 
-24.129496921 7.248209192 4.140376382 
-22.341163316 9.116264023 9.833240623 
2.448668499 14.985436991 -13.732259629 
1.195508430 16.440631426 -15.680052328 
-16.298783445 8.399763874 8.678459618 
-15.024660410 11.043564481 12.030104392 
2.195824257 29.291024484 7.402553342 
2.433354679 28.936335498 7.450817211 
-19.792280708 19.573650762 -8.344089136 
-19.461173465 20.717194496 -7.710704347 
1.378164386 32.817532781 1.233474329 
0.643254962 32.798600798 1.590979282 
-22.143808266 22.532319326 -4.065308767 
-22.471818359 22.277391154 -3.371852050 
-3.878999982 26.982006473 5.170734045 
-4.278701357 27.658230328 5.665497054 
-15.805772741 22.884877457 -5.348796798 
-15.930172484 22.976561020 -5.261260224 
7.536646481 7.804381785 14.225822784 
6.959276438 6.596073100 13.404565610 
-6.235277912 2.945030104 -16.905611941 
-1.210386261 4.314632959 -17.225859520 
-1.520177752 6.215931904 19.023275344 
-7.266043877 4.311952573 18.529952336 
-7.737334694 5.920257342 -19.769479674 
-4.482334386 5.982591309 -19.939105330 
-2.780594284 3.316577739 8.500731760 
-2.977305012 2.907797917 11.521123266 
-1.301169787 5.238047063 -14.909237822 
-0.323536529 4.700987441 -13.715292056 
-2.311105539 26.261478828 9.492866192 
-2.824726460 25.528866483 10.089585142 
-14.525739873 20.792359905 -10.426624575 
-15.516526326 20.321130215 -9.671823140 
6.191224437 25.042158539 5.660641641 
3.998345884 24.756695834 8.840495201 
-17.573413972 16.381004668 -9.668852960 
-18.341409147 16.313308035 -8.544720748 
0.445910793 28.777309575 1.925904064 
0.313314831 29.180143626 -0.476162162 
-16.919352466 21.834268930 -5.266328813 
-16.404055780 21.962308697 -6.315775025 
1.685136675 5.963890081 2.775047917 
1.916813973 6.352947860 1.481875478 
-0.823118807 3.418352363 -4.755834797 
-3.478997096 3.724519903 -3.665763337 
11.555263821 8.578196859 -3.944197700 
12.582022517 9.243734768 3.198918282 
-13.264797269 0.191347452 -4.428472998 
-11.657916087 1.049828548 -8.398241422 
9.546876223 9.562803885 10.578669573 
12.355219332 10.844490854 4.308354106 
-13.669258225 1.560441999 -6.600087912 
-12.905983503 1.791867536 -7.682806236 
7.094534809 23.086443670 -7.134497250 
5.835911584 22.750762975 -9.789633328 
-21.295499850 11.036965781 -0.513349775 
-20.552137657 12.105897565 -3.384962218 
5.733182909 26.730191107 1.093533911 
4.344115071 26.843365067 2.271514584 
-19.966451821 16.552175011 -4.787477523 
-21.450478668 13.934585343 -6.096075689 
0.101009622 8.929430126 1.704703620 
9.713415985 21.335266464 4.644734953 
-3.558675430 5.941920414 -2.790541926 
-18.740728767 9.731083915 -7.699816591 
-0.232782766 8.139302103 2.812068145 
-0.491809552 7.693990208 3.053892770 
-3.515473560 6.633803284 -4.427546365 
-1.995458372 7.056255591 -4.442840060 
0.942029496 12.200068556 7.811085499 
-2.848232359 10.485957689 9.189847191 
-6.253490233 9.196169436 -8.926256883 
-5.583542241 8.990443317 -8.817762118 
-2.321535178 12.550838906 3.858461226 
-2.280549608 12.957198334 4.278871664 
-6.080821226 8.184552826 -3.455729850 
-6.205912988 10.460326124 -7.227963869 
1.753219826 9.125453451 -6.700777550 
2.960102939 9.481126198 -5.674335203 
-7.692971097 5.575249031 6.277742444 
-8.727459576 5.222000408 5.058069459 
2.518408569 5.276318204 2.476549487 
2.603121312 5.868174220 2.112956154 
-5.727804650 3.550712441 1.873608371 
-5.143108787 3.438308001 2.810396761 
-1.050025239 10.449789945 -2.934013961 
-2.187021530 10.131345122 -3.305531645 
-5.333494535 8.840402858 3.499186717 
-5.410360500 9.207245914 3.333986057 
-6.700924971 20.470192419 1.362674166 
-5.885702268 20.660286937 0.976987734 
-7.204811144 20.345795010 -1.615647609 
-7.402571921 20.214217125 -1.765195889 
-4.357265201 21.087668602 -5.037549100 
-5.581306769 20.855710997 -5.103982900 
-11.410578071 18.595099480 1.356950550 
-11.367415161 18.591794675 1.279683738 
-6.666341039 15.864166593 -0.983590789 
-6.630900648 16.076917954 -0.680379427 
-4.642040085 16.750945404 0.628350816 
-5.110725105 16.698412397 0.647200066 
7.002448335 7.675081027 -11.103421777 
4.927659188 6.599497154 -12.589729796 
-11.983770314 -1.731228826 2.893537099 
-5.346220978 4.150363675 1.652526660 
0.723296993 10.466568608 -14.853823658 
3.297101753 10.967993422 -14.057733955 
-14.575671551 2.665990496 6.368625468 
-13.475372989 3.787075045 8.716953051 
9.335037388 12.901477340 -10.567552451 
9.660822646 13.161335029 -9.801178651 
-16.663600820 1.929129860 3.959412089 
-16.636673174 2.307977090 3.097138843 
-10.517338793 27.119893944 -4.050857917 
-9.744769492 27.323597794 -2.823226176 
-11.405154880 27.098241793 4.317445810 
-11.164597858 27.012907972 4.148070085 
-7.993521773 13.700075963 4.011992069 
-9.887989114 25.083425299 3.791687867 
-10.236223106 24.655961753 -4.608036208 
-10.981761387 26.455580094 -1.891739291 
-3.131316706 29.165045650 -3.342793459 
-3.570456199 29.788675206 -2.837990009 
-15.327403092 24.731305461 -0.070255198 
-15.738067255 24.632044047 0.073170151 
-8.825983175 5.919171961 12.634470387 
-9.372871555 6.324399884 13.099813939 
-8.618904114 8.884927621 -16.587667750 
-7.594181004 9.094121488 -16.858337291 
-3.088149727 5.236976207 3.593140479 
-2.524813457 5.652588581 3.990087257 
-4.133207513 5.011200520 -14.510051515 
-1.683330138 3.969965787 -11.143976256 
-6.171227118 9.648242602 16.029797537 
-1.996506950 10.192543296 15.557730441 
-11.899998899 8.534028399 -15.334418557 
-13.377356506 8.812141868 -14.363004055 
-5.705505999 6.367835706 -7.602057096 
-3.099425698 7.297907033 -8.172015041 
-0.319895903 8.397235679 7.719737411 
-0.709363700 8.298516184 7.831638152 
-1.777287027 4.878610919 -4.956878666 
-1.921906589 4.714136164 -4.785675152 
-5.711903491 3.749429295 2.125706872 
-5.251080552 3.812237072 3.090549932 
0.314911770 9.542802294 1.212038138 
-0.413307558 9.558139882 2.121301545 
-4.485878151 7.898551694 3.432259397 
-4.376393018 8.265340472 -3.117917047 
-8.985907337 14.813819391 4.270368393 
-8.503734266 15.013873706 4.696315037 
-3.147360329 16.963672622 -4.951364274 
-3.804373993 16.690409189 -5.222394707 
-11.354756868 17.387553580 -1.768849670 
-11.418734703 17.398433931 -1.590254228 
-1.705236750 20.973871847 4.037496877 
-1.790018151 20.958376786 4.214554621 
-7.917015569 13.203598955 0.549812675 
-4.680328495 10.489933844 -3.668951948 
-0.153739469 15.472733834 0.320878549 
-0.532895066 16.057703113 0.602419128 
-6.064900255 3.897620175 -2.064506268 
-5.870635667 3.992047083 -2.746027185 
0.430705010 7.505333025 -5.360486002 
2.717432375 6.899351466 -1.910167532 
-10.512517666 5.859677270 -1.825025096 
-9.922078231 5.889428154 -3.800387659 
5.514182932 11.710009382 2.260567973 
-1.132819613 5.290042366 -6.362903966 
-6.770240759 6.651160395 -0.856745040 
-5.168465285 6.249362424 -1.554854607 
2.074774926 9.606720497 0.743029188 
2.088278017 9.889471176 -0.230036447 
-7.777436285 15.241192653 -8.832994214 
-8.576711101 14.911682737 -8.562560944 
-5.101825301 16.691506045 8.535781323 
-5.136601688 16.573064004 8.527747248 
-3.889127602 11.731827828 -5.404624943 
-6.225101721 11.157609470 -4.723158060 
-2.779722325 12.115463194 4.633286256 
-3.521811849 12.418861493 5.135043861 
-8.354353316 16.266873821 -2.545562748 
-8.343769523 16.209640717 -2.357312869 
-2.748871289 18.395967570 1.456889962 
-3.018690343 18.293830515 1.730663791 
-5.074382160 9.895429388 9.118433903 
-3.027383229 10.733206348 9.175530420 
-6.010992334 9.407438913 -8.373363359 
-4.317572508 10.065569108 -8.621904766 
-7.219320148 15.616716970 1.846138359 
-7.087125012 15.785235418 2.066971757 
-3.784563654 16.927542700 -1.869584707 
-3.113897822 17.262544429 -1.012279714 
-2.854016029 9.827256462 5.809752405 
-2.706983104 12.007756661 6.249486343 
1.709050755 11.000703157 -2.987515555 
-1.961161293 12.146933415 -5.836951863 
1.145942063 6.897669683 -3.405440870 
-1.176739066 6.570216289 3.210089629 
-0.685459206 3.867172004 -3.766012078 
-2.683080189 2.934006042 -3.402168932 
-1.246053274 7.993275087 -4.135052177 
0.407801085 8.231489612 -3.158010456 
0.498006284 7.036156478 -2.544297181 
-4.070420282 8.699108760 3.338770543 
0.159192801 6.197047050 2.402917690 
1.149407462 6.702838732 1.401867489 
-1.893199952 5.573817805 -4.199385139 
-0.654738011 5.801266265 -4.282390010 
-2.897803336 12.515375700 -5.233105524 
-4.388939117 12.158988912 -5.256813981 
-4.759267544 11.813774194 4.807156698 
-3.335789683 12.816856954 5.043711457 
-7.066492407 16.023381897 -4.875599386 
-7.495864739 15.745492653 -4.715318281 
-3.929839423 17.151060088 4.671539498 
-3.901290463 17.263366659 4.629082637 
-2.661758006 18.864100213 -7.697429962 
-3.282776060 19.040848624 -7.406093411 
-9.341639040 16.682498520 6.513284443 
-11.366998193 15.649135042 5.341473901 
-6.060649601 15.560543526 3.792755099 
-6.640496289 15.667950376 2.990739138 
-4.838065721 15.993829219 -3.476939642 
-3.066986687 16.969842968 -1.626679076 
-3.316925043 8.708233522 3.948696096 
-2.789586690 9.734103020 4.124168710 
-2.251858880 9.210388229 -3.451133245 
-3.914880007 8.947125166 -3.676221286 
-0.742544688 17.984110571 7.639095531 
-0.773211382 18.026308229 7.602467538 
-9.374879684 14.425851893 -7.221851883 
-9.470046057 14.427455978 -7.109881497 
1.453012053 7.184946559 1.059573337 
-2.353848500 7.584402085 3.190876905 
-2.049010153 7.437283500 -3.646525018 
-1.531657199 8.061888604 -3.704466159 
-5.057828870 4.651759000 1.490023075 
-2.731026300 3.539958196 3.472330980 
-0.693274856 5.704450371 -3.872564372 
0.007372334 6.115686338 -3.485461529 
0.853997678 7.056655568 7.137997861 
2.156183069 7.492618683 6.405691216 
-4.678506254 5.167239658 -7.568493471 
-4.436554668 5.172432960 -7.626867817 
13.450418246 19.090924568 -2.362056240 
13.063678812 18.053188261 -6.386699635 
-19.933530054 5.752992502 -5.838512366 
-18.745561082 5.974536745 -8.726002230 
8.697358162 18.489305059 3.529196305 
8.308640133 17.790590727 4.433511988 
-16.877234641 8.538719613 -4.132667272 
-16.594647408 8.446721699 -4.936674796 
-2.592203144 5.552056057 -4.497396616 
1.054948656 9.714786970 3.294021879 
-12.170485099 4.916612279 0.059109633 
-6.776396268 6.833391823 -0.316519511 
6.607425702 21.583921441 -11.893135549 
9.785421527 22.818562102 -6.358178921 
-21.874611394 10.659452783 -0.497769711 
-22.123695618 10.579428064 1.064639025 
6.082875417 15.886721211 -9.417432219 
4.763419545 14.929100038 -10.586827955 
-16.711967524 7.378442477 -0.402657310 
-8.357870638 10.306332375 3.006142631 
-0.593271377 20.185852306 -11.843594471 
3.908371279 21.994950106 -8.173454281 
-17.856274240 13.496165420 5.210928809 
-17.490615139 13.344045400 4.535447226 
-1.416361829 26.156959710 11.549787193 
-1.588895571 25.756419358 12.268918103 
-16.182022850 20.059431946 -11.893573477 
-15.865402304 20.085132613 -12.443361982 
-1.531567472 25.155859446 5.846115959 
-0.811346667 25.361836507 5.106572947 
-15.101345600 19.463529035 -6.145406329 
-14.559147484 19.811140824 -6.286765543 
-9.896268533 19.898691508 10.745579954 
-8.222253613 20.992023409 10.387460941 
-12.079197827 19.832663859 -10.566686568 
-10.915336612 20.359984244 -10.797580470 
7.385589310 20.306494684 3.524081063 
7.396175715 18.982123293 3.749008280 
-15.386262430 11.470950711 -8.227227145 
-17.715873302 11.934239906 -0.936756874 
12.263899202 21.328942268 -3.167304392 
11.759615572 19.860184823 -7.229180894 
-19.156963513 8.456340317 -9.061194088 
-19.988249984 8.487064739 -7.306441604 
6.547644744 24.556906360 -1.706145565 
6.989448069 24.460088512 -1.346256013 
-20.031991901 13.632086211 -1.249337653 
-19.307023223 13.792402837 -5.917739254 
-1.295243811 12.656389451 -3.983433077 
-0.385712221 11.505101333 -1.222562709 
-8.266262140 9.957724621 1.452731312 
-8.041081400 10.614145720 3.303516851 
11.903897371 20.243369218 -3.322904724 
12.481293795 20.394189438 -0.176645011 
-20.074439281 9.502677166 -6.121071562 
-20.218672202 9.678911086 -5.997886356 
10.000053967 17.239808935 8.770593753 
10.022982647 17.359628328 8.869442993 
-16.880098898 9.100718642 -8.322589040 
-16.528381936 9.441309290 -8.099771638 
2.160529080 25.318812443 -0.431678027 
1.785447515 25.106688711 1.596158909 
-18.083065397 16.379985964 -5.069885474 
-15.941352673 18.389346764 -4.089927816 
5.020768269 27.620273759 5.747184123 
-0.013859310 26.634536589 10.611412507 
-19.452517477 14.397212320 -13.010977225 
-20.223400594 17.357782689 -8.605771794 
6.003910315 22.685303752 6.738287816 
8.667844667 23.133263542 3.936735737 
-6.462338269 6.116349129 1.290675778 
-5.341629338 8.505817492 2.764869704 
8.727331365 18.970427609 -12.932909535 
9.190947990 18.499111794 -12.085613352 
-20.973282659 8.340243728 -3.999841313 
-21.040860767 8.278578442 -1.539871672 
1.011762950 13.385454072 -1.171225781 
-0.651782527 11.411946277 1.806921634 
-7.231680272 10.316371400 -3.352910356 
-7.856698738 7.414227421 -2.064730154 
8.803247184 19.393894926 -11.508931203 
8.506676845 18.507492853 -12.439904531 
-20.418121753 9.357911790 1.538691832 
-20.266831116 8.853907751 -4.127722726 
7.938128967 19.027352266 -11.892086321 
8.890194415 19.279280951 -10.498895618 
-20.345617768 9.223758324 -4.780272912 
-21.262091022 9.120453819 -1.798480272 
5.171176869 18.837944846 -8.251262080 
4.642746183 18.363709288 -8.579734936 
-17.894540274 11.915819210 0.679168672 
-16.887307688 10.737545396 -1.864180994 
6.300352305 23.651111547 -8.296506761 
7.982695421 24.182581689 -5.430481447 
-19.773576246 14.106062480 -5.036910724 
-19.514266426 14.025602131 -6.485666120 
-12.906915306 20.677138893 13.869775369 
-13.383544363 20.912390544 13.106554772 
-13.673113551 14.731175720 -18.107505964 
-10.545326332 22.079565672 -14.790200761 
-10.488684894 20.532142883 8.907057106 
-10.424889966 20.675609355 8.334219933 
-7.955840863 21.253071202 -10.955416159 
-4.643872932 23.211835046 -8.181126728 
-6.291467501 6.453404605 -1.103159979 
-5.748631575 4.677248215 2.931236015 
-5.560805837 19.398117811 -16.167666644 
-13.528479294 17.081142717 -14.352041254 
9.768678392 16.395160926 2.311426599 
1.161726464 9.081332742 1.189654472 
-15.909583163 7.125613893 -5.482065241 
-5.676746620 11.179945894 -5.446950749 
11.765008130 22.217128534 1.381419411 
12.095672446 22.254842103 -2.445358821 
-19.363632304 10.852189435 -10.058380938 
-19.834337683 10.073857726 -8.881162606 
5.106583481 19.437345844 6.549522853 
3.992171164 18.949849787 8.457679208 
-15.666399294 11.883776943 -7.202740141 
-15.297064886 11.350707219 -7.322539449 
4.901781058 16.682957942 -10.197260008 
7.072534764 17.605598671 -7.246358282 
-17.325128501 9.346095938 -1.421180611 
-17.005609522 9.312941178 -1.645164093 
11.031802921 17.167332047 -8.887897121 
12.332892546 17.936872813 -6.290804393 
-19.953251571 7.331962875 -6.006184501 
-20.603308514 6.579855971 -2.756666504 
-0.204668382 8.411625029 2.845583494 
-0.078372791 8.634517242 1.606558790 
-6.276616218 8.732485461 1.610845263 
-6.083838117 8.780211596 1.521416303 
-5.627370715 16.555714583 -1.541608051 
-7.290239912 22.822851511 7.570122422 
-12.115433617 21.025359184 -8.229919565 
-3.374380592 24.154209386 -5.980012853 
-4.659441345 25.022524061 12.698111653 
-1.229634541 25.849459485 11.915381996 
-17.449707078 18.718871020 -11.878483105 
-18.281462018 18.728343685 -10.559551462 
-5.245528705 15.976747075 -2.806810179 
-0.315043061 24.936984698 2.687514385 
-10.975231186 20.935746869 -8.498366672 
-11.022264291 20.840846174 -8.508567286 
-3.780516157 8.857321453 -3.960184299 
-4.238790781 9.059974712 -4.122366944 
-3.066720551 8.873031343 3.579053742 
-3.887691915 8.927712415 3.663460606 
-6.269591733 15.490986728 -3.791036193 
-6.170419361 15.832282619 -3.058124291 
-4.485480109 16.175083748 3.322265932 
-3.383571131 16.850382577 2.031464270 
-3.512674221 15.375564039 -10.466229038 
-2.832922277 15.834301566 -10.065598249 
-12.346532708 11.098390588 5.430289858 
-11.372704453 12.040588808 6.875170224 
-8.163158185 15.320525958 4.147241672 
-8.384274918 15.430393271 4.154265865 
-4.737563668 16.962798092 -4.993673291 
-5.140388574 16.775883036 -5.170970019 
-3.416758066 12.282093860 5.448538355 
-4.045543568 12.286546071 5.196067502 
-5.325756402 11.620974535 -4.713961036 
-2.858108366 12.973728025 -4.922333258 
-4.039271059 20.345918131 6.601946801 
-2.666677829 20.714345967 5.922778548 
-10.009980373 17.591321966 -6.474192865 
-9.340421265 17.880976231 -6.764935545 
0.926247080 6.257458500 -3.081784022 
2.672520388 5.726581260 -0.011032493 
-6.404575265 3.170288158 0.342653029 
-6.253699215 3.667923042 0.588538668 
1.042350969 7.929365999 0.622471896 
0.923780435 8.827039962 1.177857307 
-0.715752976 6.507631375 -3.486364182 
-4.835008677 6.612748977 -2.337700968 
1.231614617 5.401408124 6.126787628 
1.585451964 5.673902078 6.036076295 
-1.791104363 4.757239151 -7.712609884 
-1.047579851 4.345480464 -6.859722409 
-7.242783929 15.577109084 -1.862079099 
-7.295817173 15.674799347 -1.939618882 
-3.068789594 17.179813628 0.793025491 
-3.109279051 17.264492278 1.032491300 
-3.337432238 10.802298939 -9.351179676 
-2.515929372 11.132709573 -9.066236870 
-5.319521544 9.704245746 8.513849211 
-6.534796219 9.226288406 8.167845084 
-2.013508503 11.949471940 -4.037194787 
-3.522089336 10.105181244 -4.330453668 
-4.576483911 10.864387406 4.097064551 
-4.079967350 10.445349987 3.455649002 
-3.980382422 11.719546173 5.495898147 
-5.032209269 11.636896311 5.244504525 
-2.462056188 12.237459032 -4.521949355 
-2.989982645 12.600391344 -4.957344244 
-9.766998749 15.015462477 7.722772139 
-8.643292858 15.074114259 8.433659024 
-5.959177713 15.898877779 -8.711384961 
-5.310811165 16.445351499 -8.563577473 
-6.244851575 16.019323583 1.011373210 
-6.446084561 15.999569959 0.847016462 
-4.055450903 16.821602598 -0.111875299 
-4.334693277 16.806376003 -0.598086901 
-5.355838128 6.433267348 -0.597709661 
-5.735531145 8.343290987 -2.196511616 
1.672860882 8.715708640 -1.933149374 
0.935733983 8.496090874 2.325099734 
0.114883029 3.882269277 3.634432748 
0.450232681 4.133571055 2.970354170 
-0.518674977 5.981565406 -3.876350505 
-2.628321392 2.906813560 -3.406147933 
-0.272482976 7.931331407 2.666365894 
-0.182660970 8.377478790 2.303790115 
-2.858912014 7.888897735 -3.216602046 
-2.565950510 7.401361173 -3.430157767 
0.745025033 30.914494524 4.412859680 
0.382550094 31.064221432 4.325434512 
-16.621771644 18.056256510 -12.664214842 
-19.431727344 21.246909944 -8.189014040 
-4.631563358 22.584690620 11.401773139 
-2.450600212 22.031228775 10.474187395 
-15.171634332 16.126520712 -10.072371240 
-15.488614101 17.431596123 -9.299422588 
6.561147038 27.178660172 0.167995916 
7.326549373 26.160646545 1.661267801 
-18.894718297 15.166563508 -8.265982492 
-19.833516885 16.113152762 -6.856105149 
12.560582218 7.835858069 1.733161514 
13.478844598 8.753589308 3.436973638 
-16.862575602 0.016497369 -6.680812492 
-16.242159060 -0.235451304 -6.264507363 
3.282601759 6.213168880 1.014158560 
-2.024483151 7.429423020 -3.267405258 
-7.477610521 7.847186946 1.503515153 
-6.505402492 6.913555545 2.681816190 
12.449129772 14.969585495 -3.726370973 
12.925208445 15.026950038 -1.939981132 
-18.261361559 3.978245522 -3.352739265 
-18.472889104 4.172732518 -3.907360868 
12.315608239 22.250637998 0.461383348 
10.947123707 22.131724667 6.506731153 
-18.381377325 11.089243693 -11.738710984 
-18.014395543 12.433722601 -12.114843388 
5.258658887 23.556318709 -4.188178215 
5.555023473 23.953978226 -0.025795832 
-15.844871435 15.876133994 -9.505445955 
-16.848795926 14.715171884 -8.397533630 
4.696104315 23.861499165 8.940386231 
4.511647704 23.764490818 9.815414230 
-12.681046171 17.022924999 -14.429601321 
-12.861778319 17.019866215 -14.478202572 
-7.492456816 15.455375700 -1.506137956 
-7.325234114 15.738477744 -1.332319697 
-2.656781886 17.279779325 -0.167499472 
-3.276328808 17.301606239 0.795726587 
-10.770507092 18.087386218 -2.424348382 
-10.378399205 18.289144154 -2.830115251 
-3.186986047 21.202738356 2.297307388 
-2.696488438 21.258885340 2.794368797 
-8.493548066 11.140861960 0.541604083 
-3.850898931 9.984767468 -4.131826221 
-0.568373614 14.589880514 -2.773245199 
-4.842774857 10.287921793 3.352209628 
-1.252798890 4.641796686 4.539111074 
-3.142003024 12.673209031 5.218368573 
2.153987815 5.743124464 -2.070849689 
-4.168025976 3.585768116 -3.208230433 
-4.916963343 6.436725268 7.744523144 
-4.242520234 6.761042769 7.939198873 
-3.072083410 7.301994387 -8.088069564 
-2.242156639 7.686538182 -8.059437943 
-3.307803361 8.300506506 3.220460893 
-2.247787111 7.452792802 3.652802034 
-1.472413230 8.819026129 -2.735157122 
-1.147135029 8.011029720 -2.651487656 
1.334512769 8.176376241 -0.339805991 
1.568525042 7.916984657 -0.431052462 
-5.269407354 7.035749798 -2.348453517 
-5.210283393 6.596364778 -2.246600267 
-0.320025578 4.359216969 3.503773063 
2.286302895 4.717374687 0.632721031 
-4.132609117 3.475225526 -2.110289180 
-2.569610808 2.942621080 -3.384368116 
-0.564573423 9.066788032 2.336410806 
-4.031823138 9.089817400 -4.251273711 
-4.690536119 7.487460837 2.513172619 
-5.188450273 7.347039656 2.049646874 
-3.968947342 6.844178875 -8.011560363 
-4.322973144 6.758191177 -7.917132571 
-2.537212421 7.439856903 8.085348916 
-4.010995438 7.020335194 7.981943804 
-1.284211145 4.559899187 -4.495355086 
-2.442113030 12.882249355 -4.901368645 
-4.985336130 3.217179751 2.353227922 
-5.065781683 3.612989425 2.949986879 
-3.720615455 9.244721761 -4.106087482 
-2.810400966 10.279266997 -4.356973672 
-3.195841281 9.518239939 3.763435548 
-2.881059159 10.220039723 4.153312569 
-10.562520189 18.218143435 2.539964560 
-10.681641675 18.172612014 2.314602503 
-1.481726271 21.320097127 3.523836484 
-1.406959625 21.512522118 2.537020950 
-7.686400686 15.391052293 1.326019753 
-7.508384976 15.609256492 1.416422999 
-2.519859369 17.253764125 0.809755686 
-2.712592694 17.384902213 0.748344449 
-3.406479459 11.294945915 5.584981766 
-8.011006110 12.338928246 1.712570137 
-4.150762489 7.586450369 -3.597562056 
-0.664900941 15.187793983 0.771237341 
-5.946867568 4.170825313 -1.875388489 
-5.916735387 4.117757591 -2.374933968 
2.405648483 4.166788259 -3.255874994 
-3.220028332 2.841485813 -3.024528054 
-3.162349388 7.013664667 3.180639356 
-3.691790785 6.693464978 3.177128310 
-0.972738778 6.178122145 -3.577657585 
-1.057745807 7.205931996 -3.655130825 
-6.047775470 6.462807376 -1.205522910 
-5.842578468 6.533217980 1.443918372 
-4.047608239 4.011508046 -4.250397297 
3.814585480 6.791919360 -2.271931842 
7.025217813 7.671791930 -8.495623197 
-1.675433108 10.173484983 2.975625588 
-5.607036430 8.471770357 -4.301067049 
-5.215296019 7.558637135 -2.483718372 
12.309688010 8.700268504 -8.115242296 
12.512008866 9.182614780 -9.119666388 
-17.380697133 -1.078384115 -0.014503231 
-17.416603814 -1.054199597 -0.556986164 
12.937039155 13.963390664 -2.625984539 
12.841864697 13.954973677 -1.691649008 
-17.373150289 2.846793789 -4.060784314 
-17.315404299 3.255455910 -3.684821167 
-1.229795764 23.013777253 -10.745072667 
-1.159588272 21.473042746 -10.858930111 
-18.224992772 17.328857903 5.580384829 
-16.442126677 18.941356824 7.427860788 
-1.026705643 28.617532507 -9.309884031 
-0.352191251 29.257957459 -7.714632780 
-21.065217797 22.199737658 1.932490594 
-20.824241286 22.532904373 4.043528153 
4.388919548 23.103542700 -9.856848856 
1.418487285 22.816813675 -12.237203041 
-20.177144143 16.181277599 3.002881401 
-20.146647417 15.009721475 4.397397568 
-14.673234671 14.967712085 10.780910286 
-13.674465207 15.531170989 11.246778537 
-9.889023071 17.550072065 -15.246196684 
-8.543769484 17.920723110 -15.235048265 
-15.945665913 12.072664853 13.996530295 
-15.510838913 12.216783899 14.709630157 
-11.567591578 13.747418999 -18.293291626 
-8.755369004 14.962494628 -18.893583392 
-5.213616010 20.925789943 13.684197727 
-8.167955136 20.500883545 13.891194028 
-12.918488937 19.083771077 -13.787841694 
-14.220303938 18.486763825 -12.691063825 
