0.145993527 29.428556780 -6.677524781 
0.940035552 29.719861685 -5.812019791 
-20.591459537 21.355001741 0.569898732 
-20.415791341 21.419518377 0.774976984 
-0.489059332 26.493852001 -10.446521656 
0.185686755 27.505268188 -8.527973587 
-20.158652603 19.559065310 2.080698318 
-20.040437143 19.700857923 2.256158295 
-1.779492527 27.985321685 -6.208280786 
-2.658166845 27.867862363 -5.598128629 
-15.762650805 22.918278337 3.872140198 
-16.822009378 22.457473342 3.243861408 
9.622973105 20.192130583 10.864595007 
11.179415079 20.345926903 8.079179379 
-17.546735500 9.322342280 -11.842811697 
-17.385116784 10.322394164 -12.364566083 
7.768099803 22.224875869 8.476652150 
7.745245075 23.378593029 6.767564336 
-16.136343047 12.038193478 -12.173779880 
-16.172112208 12.761306100 -11.992587363 
6.860445294 18.405710806 11.532530390 
5.841700487 17.771288028 12.453983780 
-14.943727231 10.473662321 -11.565250631 
-14.806319417 10.561086886 -11.705359281 
12.119597175 11.957723929 8.754099241 
12.225788592 12.708729867 8.960316819 
-13.308882921 3.762656482 -13.662832930 
-13.937238213 3.041758146 -12.666370218 
7.730582657 9.650276280 11.908880896 
10.922060251 10.169699603 7.817876602 
-14.026082437 1.930771000 -9.887640028 
-12.453951129 2.410034755 -11.569149319 
12.506738030 10.930794902 2.727120838 
12.269367154 10.237833542 1.557624155 
-5.506777685 5.560465476 -15.163840150 
0.257016333 8.533142772 -4.166621962 
10.415981004 18.241420827 -4.393441600 
10.460303042 18.521272719 -3.304663932 
-17.759447929 7.257585207 -5.230746968 
-18.087018857 7.273188215 -4.011895846 
11.172570114 21.449276774 2.544766246 
11.339521887 21.914722343 -1.539461564 
-20.758198516 8.949192701 -3.923990168 
-20.554801123 8.793944539 -4.726292066 
9.934217684 19.148801685 3.423975997 
10.161544048 19.242759238 2.403200215 
-18.280731331 8.237159120 -4.945963363 
-18.450622272 8.169212010 -4.395453068 
4.150682394 22.391135401 -8.545919934 
5.861561906 23.240820967 -5.265904628 
-19.270302349 13.978839511 -0.454967466 
-19.097423818 14.124276444 -1.198472994 
7.257190078 22.455821469 -8.853615417 
7.760195435 23.308900198 -7.265349149 
-21.459147682 11.726035948 1.249876856 
-21.270092669 12.181992887 -0.724498507 
6.936185361 21.529373989 -6.473856522 
7.705065295 21.139494993 -5.960731133 
-19.224213105 11.392713131 0.390227568 
-19.185672117 11.300147894 1.007944161 
-7.338947199 18.352287322 13.458519758 
-7.210867787 18.307553229 13.499543195 
-13.340237635 15.745042554 -12.457354043 
-12.085376074 16.268885685 -13.105508228 
-7.048377179 19.481968415 15.227701212 
-4.153059439 20.304572570 15.141428966 
-15.180715480 15.013363055 -13.831915607 
-13.762652528 16.217494223 -14.330765049 
-1.504415597 22.298918683 11.614430856 
0.778270466 23.481299699 9.613826338 
-10.682940984 18.889726170 -12.942215790 
-10.764032252 18.581642074 -12.996578384 
5.539660603 12.930321051 -13.653680763 
6.080330877 13.063420332 -13.185134480 
-14.281219234 5.136326214 9.473193814 
-11.410302435 6.135903605 11.868349687 
5.503060278 15.711984560 -13.749048356 
5.893853376 15.785158577 -13.126309704 
-16.578038854 7.308602331 8.942544877 
-17.862220158 6.731854768 6.831146335 
8.951856745 15.420504850 -11.216934034 
7.148739935 13.962803935 -13.390839096 
-16.101677110 5.376790724 8.404496356 
-14.243358984 5.790400273 10.664635546 
-5.025909997 28.393001926 2.687831660 
-4.822047023 28.523171702 1.731018886 
-14.480256332 24.777606410 -1.771326310 
-13.745185033 25.218192868 -1.704961688 
-3.134661506 28.483232462 4.607807681 
-3.208735743 28.193651982 5.983557397 
-16.516845894 23.003849215 -3.306105621 
-16.285836270 23.101460552 -3.031904585 
-0.905023221 29.228101487 -0.404657393 
-1.098164706 29.188900524 0.711288349 
-16.421698596 23.538364663 -1.423168718 
-16.506945734 23.472701988 -0.805136876 
-4.490552960 7.870206543 14.689777490 
-3.227982549 8.501286990 14.939993497 
-6.601421628 8.044844003 -16.269204921 
-5.930268705 8.179751276 -16.169375668 
0.034514456 9.045509057 14.882574426 
3.964958273 10.581742050 13.778983520 
-7.201105945 7.135541643 -15.729539068 
-5.608442125 7.809094871 -16.176677682 
-6.708875009 9.525454257 15.918247729 
-2.107522523 11.511719238 16.034363758 
-9.723267924 8.834760415 -15.839796338 
-5.752366160 10.495188161 -16.845009658 
-5.102622757 11.969545242 -5.215841438 
-5.002538910 12.351067713 -5.221648888 
-4.997351739 11.968228985 4.887608949 
-5.654933759 11.750205521 4.720259578 
-4.120987162 8.605151833 -6.487950348 
-6.143659156 7.871177157 -5.802305039 
-3.312986863 8.762165725 6.279306962 
-3.330949148 8.754215222 6.283692445 
-6.466209459 9.921735188 -3.843089525 
-7.132257141 8.976739155 -2.031133767 
-7.866539585 9.500302699 0.398919402 
-6.997926142 8.959778131 -2.512595218 
-5.785721972 16.552364099 2.381688595 
-5.545147443 16.639193381 2.523527788 
-6.905992761 16.082143134 -1.598077494 
-6.720716367 16.235880214 -1.590149628 
-9.142679297 17.329106995 4.554240614 
-8.654527611 17.582338377 4.642225707 
-6.196236362 18.491998214 -4.817704968 
-4.357829618 19.212445310 -4.033681197 
-9.281887886 13.626227653 -0.187071858 
-9.124004098 14.292323913 0.608791061 
-1.244998085 17.372239504 -0.791944862 
-1.424140859 17.558167161 -0.279388758 
-5.013636523 7.756230778 -3.295624327 
-6.187019391 7.158390233 -1.942195842 
1.727731234 10.002216818 -2.001863878 
1.884932958 10.058017444 -0.132046242 
-2.184512515 6.445814825 4.525458275 
0.875967495 6.603204304 3.174871357 
-2.623004152 5.404224936 -4.427866025 
-1.871229699 5.543824902 -4.379018168 
-0.532658998 10.501845365 4.272510200 
-6.331853626 6.158597643 -0.748518891 
-3.988159381 6.213368206 -3.307224519 
-8.307379688 6.173501873 -1.241183503 
-3.412625018 12.015574303 4.629692167 
-4.236396852 11.681171088 4.729385130 
-6.668389577 10.935117293 -4.971569772 
-6.892879490 10.819833830 -4.776803119 
-1.932144544 14.562259092 3.793724781 
-1.968175054 13.429367610 3.364951654 
-7.088308132 12.227484851 -3.735320976 
-4.580625116 12.176171832 -5.108737922 
1.122210013 12.284196966 4.721347411 
1.937189281 12.495798961 3.755635789 
-7.382309025 9.013970628 -5.304146475 
-7.443147408 9.068633028 -5.329236335 
2.015424829 9.216995272 -0.104042204 
0.261143612 9.744391742 -2.711806760 
-5.070776822 7.197428626 -3.156749945 
-5.532594833 6.940642306 -2.657691643 
0.004209713 10.353110695 -2.581331228 
-0.957414816 10.172748277 -3.363834077 
-6.148300359 7.813746579 2.381110193 
-5.679586702 8.627714719 3.301637408 
0.650897634 10.650388370 -4.690443174 
0.860539896 10.666936592 -4.499581878 
-6.951767094 7.695928345 4.532093321 
-8.053913443 7.445661491 2.904313298 
-2.801120245 17.633964328 -2.283957435 
-2.743329868 17.517619693 -2.603104665 
-8.120319612 15.620208835 -0.546522205 
-8.184535145 15.590948827 -0.577928008 
-3.822151206 17.189702284 -0.467851768 
-4.017897540 17.182891551 -0.065842837 
-6.850250374 16.052541117 -0.629251858 
-6.768063838 16.130726686 -0.708106781 
-4.929788752 19.490008692 1.213381603 
-4.728418907 19.524123444 1.190058869 
-7.896153091 18.317986955 -1.798702734 
-8.030503036 18.233787193 -1.715989008 
-6.917919963 15.718132335 -2.845729386 
-7.599927161 15.520859114 -2.024861881 
-4.421630764 16.593643106 2.812730682 
-4.874807801 14.298652250 4.433828124 
-7.693911098 15.363101930 -0.614623154 
-7.622704608 15.689159418 -1.244535074 
-2.579058606 17.261521210 -1.050468441 
-2.765596038 17.505528090 -0.456554227 
-8.116091193 18.320170105 -2.313219895 
-8.104797156 18.342298123 -2.446844175 
-4.270256747 19.776972713 1.437061297 
-4.496374100 19.732199656 1.740551371 
-1.243169042 8.109148253 3.984028886 
-3.740926193 10.946490685 4.733778312 
-1.986269663 7.953269429 -3.619956398 
-2.380579575 11.592046006 -4.251387994 
-2.036120890 9.337443254 5.047864850 
-2.022432187 7.792594994 4.385235810 
-2.252959515 9.527000015 -4.095607673 
-1.161404917 8.090167379 4.147532194 
-3.965983854 8.724447104 6.313049663 
-4.076774445 8.747446078 6.256817878 
-1.676830570 9.554359172 -5.725961434 
-1.538145505 9.576412309 -5.673864436 
-1.454548282 8.962643618 -6.127632876 
-1.806526744 9.681142100 -6.089230722 
-7.468654456 7.832377874 2.256396807 
-7.586898046 8.599540707 2.644290983 
-1.261412260 11.448244926 -6.937625890 
-1.398389759 11.362969213 -7.012233519 
-7.064708342 8.905522780 5.244679953 
-7.737685306 8.635994286 4.719199408 
2.854676483 9.164332261 -0.914151922 
2.299675875 9.024809041 -0.349120885 
-6.429716611 5.906300005 3.084644809 
-6.147594773 6.184020627 3.200429000 
-1.220661181 7.339614913 4.395661464 
-1.712268315 6.991595600 4.540706434 
-6.204882751 5.733208692 -1.265768286 
-5.866940807 5.704127954 -2.149527654 
0.887984599 11.076527138 4.496007302 
0.695842713 11.310161611 4.550636630 
-6.152615940 8.436615283 -5.569073450 
-5.903734354 8.423314447 -5.690502177 
5.526087539 9.087877345 -1.890443569 
-3.533505208 9.432922971 5.018788179 
-2.260366812 6.647717488 4.517238046 
-4.033155251 6.901064356 -4.603067974 
-3.203739055 11.512269113 -7.199270365 
-3.944585309 11.280910747 -7.270285486 
-8.098498352 9.016304002 5.192411608 
-6.767948932 7.780021918 4.992572394 
-3.938838368 9.080088326 -4.069992854 
-5.001416437 8.983661923 -3.838672266 
-6.697414568 12.210406959 3.798126438 
-2.571857298 14.674980522 3.569087395 
0.403860242 12.777456927 -3.396631749 
0.361916231 12.458923595 -3.135852540 
-8.864021596 9.776471565 0.292743062 
-8.769499114 9.671789105 1.601231757 
-9.318523527 17.424767606 0.644482719 
-9.064313291 17.585497606 0.605897074 
-3.802509267 19.731888605 -2.705693618 
-5.066848496 19.336985761 -3.579869749 
-6.949421682 13.896684734 2.118816233 
-6.862097728 13.842141756 2.218984581 
-1.169313400 16.058768157 -2.173409888 
-1.090357103 16.109395824 -1.499827467 
-6.969403051 8.418868320 -2.886556048 
-7.392418936 8.490173407 -0.274830109 
-5.250749584 17.739100498 -1.835134275 
1.947771963 11.724758862 -2.259147334 
-1.302549603 9.313809325 3.232296099 
-1.333596159 8.470765449 3.225908694 
-4.720473030 8.370390040 -3.880018752 
-4.195097754 8.665234701 -4.174167601 
0.642031228 8.172295009 -2.996401879 
1.095927559 8.623174423 -2.104860338 
-6.039621819 6.374352625 2.461675544 
-5.944746054 6.073171768 -1.573881102 
1.019299229 9.912937860 4.278169194 
0.659838346 9.785293244 4.600139682 
-6.434631350 7.104002807 -5.011918311 
-5.034060018 7.587750695 -5.836052578 
-4.911859010 11.920794649 -4.469625269 
-2.780181262 12.008511692 -4.054924548 
-6.155543412 11.298084186 4.911253079 
-4.420748503 10.214276052 5.653148217 
-4.239608822 11.842326816 -4.342958917 
-3.235149840 12.115105127 -4.218010303 
-6.366040100 11.205107336 5.267736788 
-6.084211884 11.275573969 5.488315926 
-0.737906227 11.857677795 -6.047594568 
-2.483262665 11.210185561 -6.683757835 
-7.898044809 9.508827440 5.496436604 
-8.152532168 9.141240624 5.218829072 
-6.104426485 16.275827932 0.265366656 
-6.044087071 16.304254860 0.522338420 
-4.184025953 17.007356537 -1.089102060 
-4.083014401 17.078338974 -1.041364039 
-7.973286287 15.160350448 1.443172272 
-7.886140957 15.106200238 1.507717078 
-2.335732605 17.305480940 -2.341549179 
-2.401351063 17.241203210 -2.643838973 
-5.921404092 18.991264102 1.458432344 
-8.654735488 17.758605233 0.646567263 
-5.354079989 19.270087685 -2.676715639 
-5.455890574 19.161533728 -3.163112219 
-9.079433823 17.370309178 0.697241421 
-8.834938096 17.480081653 0.949514900 
-2.999891783 19.675510190 -1.209099915 
-2.993042781 19.559984475 -2.173680780 
-7.033458158 15.974898388 -3.030871473 
-7.476610040 15.834855075 -2.651693624 
-2.484134537 17.588033867 0.929903089 
-4.588368060 16.887304260 2.951029093 
-5.227293605 13.272092377 4.429473326 
-8.344719066 14.893912984 0.989897893 
0.143145473 14.199935317 -3.349374782 
-2.022072914 17.558355746 -1.389893277 
-1.989719223 7.319367754 4.638888298 
-2.245593127 7.036423375 4.665447484 
-6.312018899 5.926475195 -0.990955128 
-3.019176341 7.125412672 -4.393617309 
-4.206798428 7.661355020 6.266602784 
-4.147165732 7.705868340 6.280374118 
-1.889308754 8.562645057 -5.886323269 
-1.908340380 8.540186651 -5.893889388 
1.324670935 10.606598423 -1.163781344 
1.410397824 7.927835369 -1.466050396 
-6.910048980 8.272374301 0.702141332 
-1.362160103 9.967274869 -4.412113694 
-0.698470431 10.504386091 -6.972145080 
-1.441772070 10.179440319 -7.320482930 
-4.239544111 4.950644910 -3.919032434 
-6.019346773 5.902447658 -3.943975115 
2.015847033 10.461909661 -1.716395218 
1.733560539 10.610578391 -2.347352551 
-6.829017328 6.062404754 1.934577864 
-6.702606684 6.069636160 2.470672406 
0.668951695 11.864142965 -3.554453515 
-0.230997896 11.208465526 -4.718446061 
-5.459559919 7.263403813 3.621032666 
-6.115387815 9.122439664 4.254683589 
-6.984196209 15.667791908 -2.827016680 
-7.410151827 25.345074661 -2.685256605 
-12.577141551 24.551478093 0.192063613 
-10.534161750 24.612925852 1.018096566 
-7.624298368 26.162050159 0.638324997 
-7.079161919 26.601160773 1.075710642 
-11.896455964 25.039456722 -3.235578837 
-11.761004959 25.113258835 -3.181612476 
-4.794868796 27.722821091 -1.666830457 
-4.866517158 27.726820339 -1.057711366 
-13.576294844 24.508150415 -2.760456448 
-14.030294512 24.301588195 -1.549366908 
2.075134248 11.163387907 12.226419788 
4.618848292 11.857868174 10.909358058 
-11.002116759 5.219580943 -9.725034218 
-11.584777109 4.776989701 -9.054174297 
8.469894305 9.636980076 7.452028357 
9.507414409 9.978289608 5.385466809 
-10.490798183 2.399602127 -7.939920858 
-6.209125825 6.174493680 0.246794274 
8.594320269 12.480937377 9.192068557 
9.988080804 13.537219755 6.361137914 
-13.719054167 4.175414144 -7.829629768 
-5.816481234 7.902626298 -5.350590154 
1.172224689 11.266546601 -3.259389435 
1.572626899 9.382602347 2.033600997 
-5.183779991 7.079462196 -3.088325216 
-11.043869429 3.043000596 -4.771644684 
8.171130203 13.682626650 7.433279062 
9.757721799 14.822962443 4.517102159 
-12.234723498 6.838489124 -11.126368265 
-10.911247731 6.496719314 -11.380621119 
0.645351431 8.059139060 5.345524269 
6.754961322 13.390216385 10.848739515 
-11.477069255 6.583238853 -12.316786786 
-9.959246162 6.057122802 -12.121231915 
1.393956086 7.640304898 -2.736776634 
1.516951571 7.937737834 -2.395014318 
-6.165990940 5.761946201 -1.350137609 
-5.804092531 5.714447815 -2.265415862 
2.200736064 9.654196498 3.463490172 
1.857386462 9.690989274 3.868601379 
-6.316437539 6.815179953 -4.885616327 
-6.225649738 6.765771929 -4.947634143 
1.189503771 11.332028340 2.338624310 
0.604193557 8.735316281 2.133379276 
-5.347714772 6.966824862 -2.719554647 
-4.772330204 6.794396965 -3.189859355 
-0.779697901 12.668499561 -6.355915153 
-1.256744117 12.892525934 -6.573983911 
-8.059337063 9.532380697 5.673676208 
-7.175908892 10.001851084 6.488853802 
-4.176572227 8.974515773 -4.035904322 
-3.055535620 9.624538979 -4.027721888 
-4.113433124 8.866994198 4.911868814 
-2.869916290 9.261499457 4.819309119 
-4.233093929 13.175089568 -4.929247528 
-5.165427693 13.351658111 -4.348277801 
-9.779034560 10.002095293 0.190479638 
-3.427468261 13.626256783 5.908950738 
-9.629224084 17.239175679 0.324110219 
-9.501979343 17.368438316 0.185668321 
-2.579950488 19.731279844 -3.071327249 
-2.822689554 19.844692072 -2.595850445 
-6.302912981 18.543043027 1.013713490 
-6.686326976 18.321768607 1.239918709 
-6.419672570 18.457446465 -1.852733912 
-5.934058042 18.579013865 -2.378949377 
-6.822304639 17.041943245 -0.622299069 
-6.883627922 16.905271417 -0.672113546 
-4.011001268 18.042187971 -1.182534291 
-4.042749592 17.990387589 -0.332793701 
6.834080393 7.849110859 -10.867455246 
8.463067674 9.052011254 -9.409200436 
-12.392387561 0.977115831 1.694246807 
-12.938321940 0.923005943 0.884439383 
0.644385405 8.173705813 -2.963160806 
1.158430777 8.602013478 -2.026113760 
-6.200930420 6.074229091 -0.918014969 
-5.576721509 6.236228252 -2.264490447 
8.236817386 8.706598331 -10.543870062 
7.795648558 8.691751759 -10.940762500 
-13.487125902 0.885098922 2.175503054 
-13.573831566 0.547180329 0.730281912 
1.907785672 23.533895053 -8.284854146 
1.969135555 23.764863028 -8.072453524 
-18.205139780 16.934794413 3.355827989 
-17.876589447 17.096871540 4.623096217 
-1.059025332 25.000965595 -7.833516191 
-0.936783984 25.135199042 -7.888690233 
-17.563247375 18.910248458 1.643363786 
-14.957121800 19.629011369 7.789670792 
1.460907592 26.527635558 -5.023272899 
1.494691022 26.600069756 -4.922812063 
-16.755123432 19.853449181 5.877842954 
-17.051726862 20.005302198 5.062934410 
-15.941090594 15.536924695 8.454472857 
-15.380760313 16.002693797 8.747351989 
-11.004758339 18.274740421 -13.221959928 
-9.432369687 19.217997432 -13.179351028 
-18.222010634 12.452737400 4.827865543 
-17.553661890 12.926532923 6.205706675 
-8.458679029 16.575237251 -14.918096787 
-7.516047926 15.712009816 -15.920722519 
-14.667434579 14.307317585 10.643851537 
-4.984968068 5.922672229 4.985963458 
-9.531755041 16.519485580 -14.813314142 
-1.447758238 6.029498213 -10.094913274 
-3.692152565 11.986221923 4.467247604 
-3.824703813 11.868498319 4.417795942 
-4.884217900 11.732132398 -5.857989865 
-4.943972605 11.877666198 -5.741395010 
-4.977550437 11.942340787 4.460889413 
-5.845685531 10.978445068 4.116392624 
-8.129811888 10.586475010 -1.421596185 
-0.158859703 14.126058539 -2.483702815 
0.077501381 12.323158675 5.523487441 
1.851044923 12.567061231 3.879012216 
-7.199733108 9.346154747 -5.849997589 
-7.152852611 9.538294455 -6.004289240 
0.640087935 8.158413267 2.998954441 
1.103385689 8.606433474 2.104738791 
-6.015830245 6.361438211 -2.557396141 
-6.025917897 6.132929721 1.388533739 
-1.306013434 9.262318430 -3.221226317 
-0.816043739 8.622441860 -2.898303538 
-4.519226462 8.403294051 3.967783014 
-4.791452968 8.390247302 3.957129493 
-0.621321040 9.394352403 -5.425657417 
-0.288871152 9.474373760 -5.255465838 
-5.340689511 7.540392541 5.725501746 
-6.383901418 7.187304453 5.063321750 
-2.588195266 17.138166231 -3.028172893 
-2.469405040 17.120661456 -3.017168759 
-8.751960596 14.778354272 0.488879798 
-8.476295814 14.901304145 0.843973866 
-4.297830550 16.968465737 -0.666353812 
-4.032191484 17.063733551 -0.815529052 
-6.475473138 16.078560626 0.829971791 
-6.512438481 16.026179954 1.187756545 
-3.846656941 19.629832465 -2.057433347 
-3.870193777 19.781544247 -0.598572530 
-9.222895696 17.499677964 0.195892865 
-9.200374165 17.518851204 0.422150874 
-4.713070169 13.981765280 -5.349179586 
-5.073049864 14.032086143 -5.114602828 
-2.286867706 14.841924637 3.601262456 
-3.948027270 14.588170167 4.502284025 
-6.529992665 16.546240528 -3.480844953 
-6.209074101 16.651863935 -3.593677973 
-3.884293774 17.521720783 2.626008838 
-4.540840624 16.990764972 1.621913145 
-6.734401958 17.361334868 -6.056177260 
-6.166262457 17.350169506 -6.336229426 
-7.204299213 16.995893529 5.247270320 
-7.976436244 16.744162581 5.069555513 
-4.145191413 15.483258371 4.746832046 
-3.534272002 15.893898647 4.200603052 
-6.837538010 14.339696020 -3.802678945 
-5.199952095 15.095009063 -3.805543045 
-1.893989328 10.052546549 4.945018197 
-2.399827578 7.677947060 4.236832118 
-6.314724655 8.719444216 -2.886593270 
-6.334080937 8.965692188 -2.981447608 
-3.832620724 10.414675767 5.973595075 
-3.592169194 10.516495380 6.027988822 
-2.725301503 10.732373828 -5.567571661 
-2.319379944 10.862766181 -5.449006682 
-0.510554417 11.213457187 -6.135936642 
4.254851393 8.301139075 -4.724381995 
-7.400808638 6.335643220 0.999450300 
-7.174380868 12.320004998 3.677110257 
-0.337903559 7.552709858 3.054418180 
-0.147426899 7.285010337 3.108054332 
-2.530624054 7.398341449 -4.299690097 
-2.326820937 6.903937578 -4.555238595 
2.147081864 9.980640391 -0.066987146 
0.732883571 7.176991583 4.777070312 
-6.828269352 7.752467230 -2.524647706 
-5.189588630 7.656580872 -3.501970560 
0.873274597 9.942178465 4.919787221 
-0.394104916 9.456153654 5.774032939 
-6.351261714 7.176565720 -5.042857399 
-5.906829341 5.868801336 -2.847378306 
-0.519917966 8.448034606 3.554859075 
-0.499770685 8.374284619 3.516709446 
-6.431006762 10.325521278 -4.112131916 
-5.928036068 6.586778505 -1.418153607 
-2.920758793 8.029398082 -5.760145233 
-1.865571131 8.411141480 -5.962172801 
-6.297454059 7.215666088 2.750490164 
-7.185419507 7.013441512 1.289178026 
-3.632774873 7.619486645 -5.490701535 
-2.505384931 8.775487831 -6.135233668 
-6.023572254 7.663719891 5.558740576 
-6.815780852 7.424451873 4.979481928 
-3.503843936 9.727987157 -4.216696229 
-3.743257499 9.886871682 -4.126479637 
-6.028317560 12.559519218 4.334409971 
-6.127117937 12.462704206 4.378758118 
-0.738105392 11.453996618 -4.383589071 
-0.617489668 11.463632451 -4.050973875 
-6.886248387 8.810183291 3.015496005 
-6.684532086 8.921008532 3.216459826 
-8.736220081 17.753947385 1.599770915 
-8.310768045 18.175233471 0.615048038 
-4.849846502 19.682439866 -2.196159624 
-4.982184433 19.553118479 -2.548184217 
-6.459711271 15.995882844 0.270581776 
-6.758088314 15.821317802 0.217675503 
-3.372427812 17.117611589 -1.330289675 
-3.283270600 17.157002879 -0.537972972 
-7.122878743 11.709704013 2.991312245 
-8.291287820 8.875692039 0.551623058 
0.882434847 14.114241741 1.146818909 
0.993399767 15.168407915 -0.332346364 
0.280446457 10.417795251 2.243543982 
-0.340827479 10.388047847 2.814236522 
-6.122220664 8.186168362 -2.597236390 
-5.674569707 8.644515989 -3.297025219 
1.448392064 9.281751906 0.086152866 
1.553371310 9.142548917 0.755060589 
-4.411826799 7.464987366 -3.584361981 
-4.655961683 7.918132729 -3.706206577 
1.630764928 10.917443616 3.668993926 
1.579076852 10.851532363 3.749480319 
-7.383760425 7.526483717 -4.026451926 
-6.883913415 7.672596546 -4.618563556 
-0.830773781 14.820330690 -2.815280148 
-2.686121034 13.179354530 -3.811272530 
-7.892373532 12.735924284 2.995025859 
-5.368686376 11.870958255 5.073863503 
-3.622156080 11.894401540 -4.667487794 
-4.309179064 11.672102700 -4.821910903 
-7.353060996 10.747743781 4.259343922 
-6.884333852 10.938967495 4.767699197 
0.111081150 11.976402327 -5.569271230 
0.026456436 11.874579368 -5.661927915 
-8.618955983 8.621521594 3.842881835 
-9.142264163 8.534624198 2.903183978 
-5.450780650 16.672070982 1.161030075 
-5.179792832 16.799528957 0.994135981 
-4.848336232 16.915730187 -1.276731963 
-5.103286972 16.848088927 -1.072409067 
-7.363225126 15.945719015 1.791905278 
-8.119479720 15.500386544 1.304987994 
-3.678458801 17.522275878 -1.789651191 
-3.720671019 17.375053357 -2.466651390 
-5.403566308 19.323732911 1.680376423 
-7.561409867 18.375729243 1.605081346 
-6.668169229 18.854075863 -2.324478167 
-6.736198349 18.829883462 -2.404674343 
-8.660738668 17.526661619 -4.787101175 
-7.538992175 17.864984312 -5.304946533 
-5.189076069 18.930054557 4.445520667 
-5.143399664 18.927900342 4.486205932 
-5.441025777 16.636764878 -2.531424866 
-5.803679245 16.533274379 -2.550302136 
-6.182258352 16.411650610 1.805027580 
-6.623862353 16.197007591 1.675322198 
-9.046729042 14.332050793 -0.931891865 
-9.411044023 13.381383125 0.835161695 
-1.049806845 17.530578524 -0.000305727 
-1.698646125 17.457558271 0.779733366 
-6.241254336 7.811192053 5.731106266 
-6.673506912 7.698787926 5.453500823 
-3.881931040 8.560521274 -6.256772163 
-3.826965403 8.584923825 -6.263771658 
-4.489408649 12.346420384 5.276931935 
-4.725414860 12.530534817 5.304662791 
-5.752838794 11.671518894 -4.777347546 
-5.022057832 12.018722944 -4.843697412 
-6.991977429 8.970315918 2.465678652 
1.666652124 12.010821451 1.718623378 
-1.121445660 10.813448960 -4.436454298 
-7.599683942 9.419173756 2.603416652 
0.874614060 6.418647666 3.343475030 
-0.004920734 6.211753953 3.983266735 
-4.459642322 5.173675038 -3.795785131 
-2.819498241 5.374760461 -4.433703222 
-1.324402265 9.234929699 -4.534676429 
-0.604650274 9.987848657 -3.739831003 
-5.033600226 7.723368057 3.311837551 
-5.482879830 7.030937946 2.983661003 
0.530219076 7.736214955 2.082712281 
-1.390910567 10.156887929 5.068077780 
-1.937155581 7.307817172 -4.071090124 
-1.210480594 7.580303463 -3.760150044 
-2.884890997 28.207100654 -5.634102743 
-2.678445183 28.178093550 -6.112815088 
-17.454003301 22.478070225 1.143082996 
-17.495163077 22.437493483 -0.039666038 
-4.748735632 28.443119900 -3.184588670 
-4.235399174 28.683472481 -2.306365119 
-14.387495109 24.903414610 0.927449153 
-13.540049394 25.324380389 0.932219866 
-1.462842185 28.731549869 -5.179533845 
-0.913486986 28.950439959 -3.783680621 
-16.753238408 23.287374485 -0.643149527 
-17.196938561 22.981740401 -0.018981359 
5.488328084 15.725763225 13.676493420 
5.231681307 16.096542001 13.401516059 
-13.612037283 8.515535587 -12.068446608 
-14.206563591 8.090769355 -11.545555567 
5.863118468 12.759668625 13.222000631 
5.922286437 12.562612823 13.247368574 
-9.338273337 7.506192138 -13.335797512 
-11.493027725 6.686031425 -12.213765674 
8.206263040 14.382735412 12.192418108 
9.450910497 15.526244596 9.944745646 
-13.869645370 6.306776411 -11.232960517 
-16.154804015 5.332178467 -8.434967265 
8.379809446 11.981205534 10.502765654 
7.603835041 11.927607416 11.370146663 
-13.557108575 4.439546250 -11.072169154 
-13.865245732 4.620719928 -11.097134730 
11.221194634 13.476138246 5.357394354 
11.358733064 13.524849228 5.304252364 
-12.909424334 4.985720322 -11.672700687 
-9.656698804 6.312279424 -14.130841421 
6.637540160 14.878385168 12.614637929 
10.790941880 15.973058502 7.456125381 
-12.874772908 7.039596376 -13.463492493 
-9.890926234 8.455397840 -15.415866555 
9.693161680 23.827606654 -3.175243452 
9.590856179 23.457674037 -4.745485123 
-20.937021858 11.611404769 -4.232399900 
-20.706889541 12.146221903 -5.229764406 
6.986759304 23.877458335 0.119222692 
6.978374142 23.841761916 0.351470496 
-18.688102141 13.434712610 -4.913334468 
-18.820666326 13.665404433 -4.009470249 
8.934667518 21.355437389 2.243846481 
8.546662963 21.189910021 3.624709071 
-18.734226571 11.321623653 -5.028087354 
-19.175529731 11.079119243 -3.120045837 
10.263627420 20.933299750 -6.111837950 
9.845048600 21.185139194 -6.494636116 
-21.038053339 9.034220172 2.104305266 
-21.066078032 9.383523807 -1.673219023 
10.503114716 18.452064500 -1.722873349 
10.595992877 18.172494988 -1.477515719 
-18.541985544 7.385381555 -0.891742059 
-18.553066428 7.440642079 -0.295470572 
9.046030158 18.766051291 -6.157598902 
9.332402475 19.024616475 -5.252678958 
-18.737518162 8.315753127 -1.517308721 
-18.512875661 8.966867442 -3.344925295 
0.129755113 21.330036550 14.475791646 
-4.402825193 20.026732031 15.586701210 
-16.495575178 14.902512966 -12.422126897 
-16.367277374 14.677363515 -12.674710963 
2.380506508 21.958526410 10.482536859 
5.362897406 22.999496196 7.122755390 
-16.620037079 14.310479402 -9.337400012 
-14.948808878 15.228583098 -10.923605163 
-0.561017336 23.129273407 10.476464783 
-0.538182795 23.047019125 10.614486444 
-17.477696712 16.226726599 -7.383587689 
-15.143281432 16.388178867 -10.886537250 
3.988211102 19.919081391 -13.848346159 
5.822746824 20.742726670 -11.943016782 
-19.138025628 11.397952558 8.839956868 
-20.455219946 11.200268415 6.344391053 
5.202994856 17.610936488 -15.582786327 
7.575386499 18.820194313 -13.640118038 
-21.859470448 8.047217634 3.843733720 
-20.204803807 9.637036504 8.814928187 
4.478135634 16.294908262 -13.500630615 
3.230719715 17.368864306 -14.746545424 
-18.286213031 7.874672953 7.389139295 
-16.748139944 10.597007824 10.385407438 
1.293998841 28.432191759 5.321966442 
1.474407117 28.196910740 5.351623592 
-18.665711754 19.764364911 -6.205182556 
-18.316169090 20.652818418 -5.575723382 
0.867186020 30.447218947 1.240170183 
0.227175798 30.412331062 1.515884373 
-20.031279526 21.401269144 -3.696356525 
-20.344227719 21.157447744 -3.068971150 
-1.958761988 28.344795068 4.583707949 
-2.308352971 28.213381189 4.367716562 
-17.293909097 21.894778306 -3.709675114 
-17.349739568 21.986102166 -3.564571557 
5.493643150 9.047603246 13.824980039 
5.093388536 8.128842603 13.198166212 
-5.491547220 5.116922738 -16.125232247 
-0.848281852 6.472339272 -16.183802472 
-1.587846436 7.107066652 16.769254747 
-6.782008471 5.290176574 16.366219814 
-7.514991045 6.511499259 -17.428323131 
-4.587548045 6.664538459 -17.616056200 
-2.751972113 3.441446383 10.924398920 
-2.738256924 4.676019792 13.161782132 
-2.872589344 6.842793308 -15.824173421 
-1.928134723 6.040888646 -14.941914229 
-1.310025556 25.442309778 7.441662296 
-1.658683010 24.801924664 8.092986635 
-14.593781171 19.838205078 -8.198463013 
-15.320921363 19.437237393 -7.423858231 
4.228855301 24.732669213 4.269749766 
2.416410261 24.486394187 7.024352230 
-16.225240603 17.324937146 -7.887720641 
-16.809779756 17.283494180 -6.936465070 
1.622101297 27.206179216 3.352878785 
1.893582983 27.895748499 0.841055768 
-16.424684543 19.844497523 -6.564265696 
-15.782605835 20.011369591 -7.615798727 
0.696479693 8.171451797 2.960991012 
1.170021298 8.590321719 2.037197577 
-1.381322747 5.776251950 -4.641996474 
-4.701253289 5.801348045 -3.404210272 
10.530080488 9.374650283 -1.896123145 
10.537515387 9.635572703 4.440261975 
-11.755313648 1.838633380 -5.370853074 
-9.926443856 2.735348261 -8.585091828 
9.780984366 9.363139483 8.171750635 
11.611729317 10.361125024 2.051045369 
-13.246175501 1.425493307 -4.214280330 
-12.748800394 1.631265178 -5.267930414 
6.731456245 22.213790004 -4.901350822 
5.806006061 21.962609388 -7.497908361 
-19.428959404 11.165244004 -2.056322464 
-18.486188634 12.143223751 -4.651454565 
5.963927564 24.316199687 1.075932507 
4.827896277 24.470018213 2.358513874 
-18.506100315 14.625049725 -4.602383042 
-19.596177317 12.478779556 -5.533503261 
1.843718517 10.263969283 0.670673838 
7.806820820 22.576338933 3.804124332 
-5.147389376 4.153563929 -3.197253256 
-18.369283922 11.953856101 -6.803299777 
-1.171854308 10.326842268 3.262777313 
-1.213234646 9.984142106 3.373281360 
-3.873543755 8.983132126 -4.901364941 
-2.518916071 9.412584232 -4.644505650 
0.356348953 13.022690976 5.606600087 
-2.586304875 11.727733854 7.125266585 
-6.570044075 10.199745168 -6.741637306 
-6.132167079 10.028077644 -6.697471136 
-4.439731360 13.650330895 4.306230430 
-4.511698515 13.880498899 4.515346677 
-7.616177050 10.060145157 -3.590721873 
-6.271954633 12.802021987 -6.599183860 
1.403261987 9.613985340 -4.352175459 
2.243947087 9.816762838 -3.384112930 
-6.950710557 6.580641249 4.200421633 
-7.637013035 6.308364457 3.186864850 
1.649140375 7.534259753 2.614678318 
1.416891763 7.944030311 2.499029853 
-6.285320197 5.702452627 0.906326965 
-5.820908695 5.676486949 2.175386690 
0.462695057 8.671824369 -2.275319726 
0.036751646 10.995644758 -3.729497610 
-5.373661846 6.595840736 2.581346796 
-5.470488488 6.902818839 2.582826640 
-4.917062268 19.099825481 0.460606552 
-4.525218877 19.125197861 -0.310862108 
-7.650269043 17.998329581 -1.210035478 
-7.742807620 17.938505189 -1.009120418 
-3.342704641 19.504152361 -3.507056768 
-4.240680726 19.364654309 -3.743119279 
-9.972025302 17.090899500 0.113169340 
-9.928491110 17.136670306 -0.018445289 
-5.060553183 17.657495880 -1.280625650 
-5.016453102 17.791471806 -1.256353172 
-6.992786345 16.804070580 1.224699638 
-7.501461534 16.675278616 1.050038127 
6.591636102 9.709275133 -9.849069111 
4.789482403 8.727204636 -11.437745000 
-12.525952081 0.511855011 2.148838542 
-6.169793755 6.136784252 0.535523693 
2.117290310 10.855818368 -12.907826286 
4.275181368 11.348396770 -11.872937153 
-14.084528320 3.162931952 4.046495965 
-13.337905191 3.914029458 6.300558435 
7.024781744 12.323712905 -11.034349650 
7.371349578 12.611828317 -10.382801353 
-14.896330108 3.110288356 5.129350975 
-15.118897837 3.415089223 4.630942989 
-8.309958135 26.337109283 -3.422982471 
-7.654136305 26.442511437 -1.971128541 
-11.721264202 25.124822977 2.944039723 
-11.519160157 25.109852952 2.689759776 
-6.999297024 15.640394702 2.953335258 
-8.022407533 24.839913615 2.263504677 
-10.621367440 23.550104476 -2.484353707 
-11.538587820 24.726635983 -0.287286569 
-4.566921154 28.027759301 -1.750981482 
-4.677913524 28.008371041 -1.621115219 
-12.932148493 24.911832265 -0.413552440 
-13.373009430 24.687771165 -0.460432591 
-6.923525651 7.356251533 12.192888721 
-7.447974912 7.657219360 12.473405016 
-9.507099822 8.814954002 -14.332411138 
-8.630720455 9.014901950 -14.669073805 
-4.569010728 7.156119523 3.547856355 
-3.831726867 7.693446713 4.020691083 
-5.181570631 7.072603275 -13.780560535 
-2.972265125 6.022014599 -11.106804234 
-5.869856508 8.176311923 14.124554339 
-1.950376439 8.647274650 13.688985003 
-9.943607350 7.653444653 -14.200929133 
-11.215578297 7.853017603 -13.825268665 
-4.147668603 7.693652042 -6.300013946 
-2.121463193 8.449582690 -6.277038654 
-1.902626321 8.557533251 5.889892865 
-2.226362195 8.427768265 5.945946005 
-2.110613612 7.258749996 -4.650272474 
-2.076391509 7.128091036 -4.651204035 
-6.262972268 5.937172431 1.237310906 
-5.880958903 6.043609329 2.386486066 
1.682103562 10.671572635 -0.443163521 
1.431045322 10.557819250 0.906734795 
-3.398519711 9.007478315 5.295268780 
-6.532573842 8.175771684 -2.014688408 
-7.541606738 15.819342343 2.604477998 
-7.297255687 15.924378862 2.804054107 
-4.121075422 17.096321642 -2.736084986 
-4.591814683 16.930956718 -2.944744409 
-9.076533674 17.308129546 -0.942581049 
-9.118012420 17.307482002 -0.834565013 
-3.119754809 19.504704330 2.726221014 
-3.168900186 19.510268984 2.845836598 
-7.971106924 15.333870533 -0.608359093 
-4.994492437 12.678140689 -4.673363249 
-1.118426136 17.353765596 1.509833579 
-1.922316276 17.598782655 1.856040337 
-6.872487403 6.119060415 -1.523453388 
-6.831637020 6.080777712 -1.979987955 
-1.458208691 9.024555130 -5.386545891 
2.019859655 9.127039788 -2.562943587 
-9.040900133 7.286120806 -0.529577193 
-8.885557014 7.171608405 -2.024342432 
3.768977642 11.975338911 0.598775300 
-2.713398343 6.952960250 -5.583208357 
-8.113758858 8.538362591 -0.135655152 
-7.033630200 6.754886948 -0.093735754 
2.315470251 11.904591789 0.001532184 
2.062268572 12.266690443 -0.712089906 
-6.305377479 15.952710428 -7.042602585 
-6.905899660 15.691068705 -6.989792753 
-6.083352407 16.357868009 6.343853028 
-6.157699131 16.224693248 6.357750332 
-3.404305767 14.097140125 -5.195093956 
-5.848401047 13.545764117 -4.867205445 
-4.785509900 13.470124726 4.508682823 
-5.466462584 13.746008757 4.567800422 
-6.129607120 16.267402657 -3.511219320 
-6.073451556 16.420188651 -3.180120009 
-4.422637727 17.007358499 2.530934907 
-4.772692190 16.912225727 2.674854088 
-3.524323614 10.847483276 7.515039705 
-1.938304618 11.576688212 7.181466132 
-6.609536971 9.490637354 -6.024963451 
-5.355917149 10.007894528 -6.432886144 
-5.489348379 16.207259196 3.438770728 
-5.144355236 16.353974769 3.398250898 
-5.795330280 16.091091803 -2.934718556 
-4.658945212 16.505823839 -2.718184373 
-4.785433297 11.217353289 5.343928214 
-2.502259856 14.093688679 5.033556448 
1.583302130 12.934120659 -1.530646485 
-3.810325982 13.498463003 -5.045751960 
1.794940753 8.699367916 -1.917313699 
-3.273148329 7.483205374 4.016441367 
-2.255104867 5.603841317 -4.402207259 
-3.784575126 4.961349185 -4.148834518 
-1.197373932 10.388815749 -4.514636417 
0.132755199 10.636959215 -3.296082222 
0.838712731 9.425065766 -2.319370945 
-6.428526822 8.523095735 2.807382589 
-1.111582209 8.033957001 3.341262247 
-0.582308514 7.335159665 2.973010889 
-1.602522543 7.871127539 -4.913590344 
-0.639584586 8.176350321 -4.760507770 
-2.106644712 14.760619641 -4.776801452 
-3.866353535 14.498552297 -4.905083356 
-6.707710549 13.144366783 4.251236986 
-5.381733170 14.046921098 4.632551199 
-5.321481893 17.024315838 -3.522140644 
-5.666161782 16.852775094 -3.575922678 
-5.968138401 16.748028062 3.421875120 
-5.954297756 16.771355558 3.439620716 
-4.302190445 17.917789957 -6.180794711 
-4.824264443 17.938611159 -5.892907390 
-7.284608385 16.959464472 5.256808164 
-9.090881952 16.174165651 4.690574423 
-3.756281235 15.620631106 4.542418945 
-4.613047620 16.158230375 4.222641959 
-6.666573459 14.427773798 -3.758289935 
-4.654361985 16.146184969 -3.260783861 
-1.634658370 10.287232131 4.694302716 
-0.827521828 11.154263622 4.053275013 
-4.614117655 9.459682577 -3.931839823 
-6.289015473 8.969729298 -3.192580460 
-1.597845198 15.783575750 7.079472614 
-1.618010353 15.826365763 7.030432976 
-7.265783368 13.449885402 -6.523470543 
-7.366957772 13.415578695 -6.451200615 
1.852396167 9.457586842 0.319508978 
-0.113673119 8.394466206 2.754821524 
-4.380456464 6.853686289 -3.344839335 
-3.752242498 7.101233303 -3.790362724 
-5.330551044 6.341016012 3.208810640 
-3.986514205 5.611566526 3.524683462 
-2.989370068 6.384313263 -4.253251180 
-2.229073166 6.610478287 -4.278469960 
0.850421671 7.336822380 4.727694676 
1.742749343 7.565459748 4.017024744 
-4.645204421 5.544796276 -5.171719669 
-4.471556967 5.552337655 -5.231930170 
11.307854216 18.089230213 -2.895619584 
10.804989451 17.176624211 -6.434674015 
-18.109326833 6.450318988 -4.401395149 
-17.223047139 6.614668238 -6.952697188 
8.635445054 17.720150749 1.231190909 
8.404624700 17.113105254 2.109508451 
-16.305725818 8.157188236 -1.808060820 
-16.201700489 8.034001552 -2.582204015 
-2.465943604 7.817888060 -5.351735856 
0.893226597 12.132126197 3.174863893 
-13.029310895 6.964398178 -0.916000839 
-7.957783197 8.937421641 -0.075186942 
5.109257190 21.122211246 -10.043394716 
7.780905724 22.139711305 -5.177518873 
-19.672577545 11.673542222 -0.462735204 
-19.944878561 11.610359750 0.814839804 
4.987441543 17.830106391 -8.468561327 
3.826260789 17.020637004 -9.802791785 
-16.579762333 9.792497915 -0.577349253 
-8.891442170 12.407946543 1.925028985 
1.450643989 19.109643840 -11.100796982 
5.455683695 20.593299649 -6.939650416 
-17.449697600 11.751144703 3.575480568 
-17.280285604 11.604085023 2.859671060 
-1.565366149 23.935675764 10.589410335 
-1.875587392 23.592396430 11.216804996 
-14.220412698 18.930536130 -11.023680988 
-14.016614497 18.860480979 -11.466526255 
-1.983362922 23.319304006 7.362379691 
-1.210504788 23.633179638 6.756350180 
-13.299850719 18.784380083 -7.618271782 
-12.806505905 19.051038171 -7.776869247 
-7.732674685 20.867759535 10.227979560 
-6.052589680 21.796937124 9.662847215 
-13.417090550 19.142507908 -8.663926271 
-12.526833883 19.443676761 -9.234345950 
7.313146996 20.484174144 1.107484364 
7.529299799 19.374862756 1.362308493 
-16.213533273 11.164461784 -5.969641542 
-17.137320380 12.097785216 1.409933306 
9.968692137 21.044722201 -3.895563735 
9.349713697 19.803773089 -7.477054962 
-18.242596131 9.542510468 -7.095638332 
-18.845663087 9.604095965 -5.484608993 
8.089942147 22.762207085 -1.170844938 
8.296098185 22.417780097 -1.315306060 
-19.057952641 11.481129636 -0.696453714 
-18.407576693 11.568451889 -5.573634974 
-0.947434786 14.805623048 -2.916852767 
-0.253784200 13.914635827 -1.022738814 
-8.716211362 11.811219936 -0.043274505 
-8.713570333 12.571914676 2.045435356 
10.258840782 20.098711446 -1.547782978 
10.500263659 20.126728104 1.193004731 
-17.955289198 10.633492246 -6.451874913 
-18.081469665 10.772342508 -6.327299332 
9.455425192 18.502879538 6.773402992 
9.512540573 18.499900663 6.792686146 
-17.279237464 10.162177160 -6.179005910 
-17.370192624 9.813253520 -5.856473216 
3.292394709 24.133809530 1.354588817 
2.574180745 23.867408853 3.522392254 
-16.978327838 15.073899783 -6.787657296 
-15.352043012 17.066067791 -6.031452885 
5.070277838 25.216560750 5.432744647 
0.486263829 24.333288429 10.039648102 
-17.623456430 13.320285756 -11.838493717 
-18.579479908 15.654164640 -8.088260929 
3.888410126 23.586436556 7.512579396 
6.702938332 23.298539380 5.345911304 
-8.299011853 4.907981169 0.263862003 
-7.436041572 8.350527555 1.554568418 
6.377142948 18.601413156 -12.464912349 
6.796812953 18.255179829 -11.802078364 
-19.477776376 9.351648996 -2.381419944 
-19.352700209 9.408527834 -0.218753148 
0.119940641 14.979703710 -2.765247099 
-0.501493873 13.828680443 1.797127429 
-8.247709330 11.998714394 -1.933627475 
-9.035121404 9.516714329 -1.795645944 
8.051380687 18.680140659 -9.316712813 
7.699794131 17.971778033 -10.218400033 
-18.666192380 8.758693198 -0.029397509 
-18.107152051 8.606832082 -5.202795926 
6.920170471 19.383187023 -9.720454575 
7.718759155 19.537947804 -8.393420266 
-18.316641232 10.515487821 -5.087420952 
-19.335055949 10.408779372 -2.505053742 
6.077012673 19.276219894 -6.045853514 
5.602205093 19.062801517 -6.468211664 
-17.201230246 12.080155992 -1.637788314 
-15.997921725 11.333473043 -4.037321370 
5.042376428 21.653630770 -8.857292259 
6.900240373 22.014336529 -5.434333732 
-18.719423266 12.949384229 -3.182787768 
-17.759583112 12.842061398 -5.305557372 
-11.627555984 18.778804964 13.070314706 
-12.145344053 18.937853215 12.442648515 
-12.464701080 13.835833955 -16.205392519 
-9.485110537 20.041836363 -14.017674060 
-8.439091613 19.842459867 10.002511130 
-8.570359618 19.891784982 9.681295715 
-9.059143101 19.126950595 -11.327643155 
-5.277681179 21.497212269 -9.770276636 
-7.617833690 8.448288868 -0.713168806 
-6.439321637 6.653978473 4.152298251 
-5.748969306 20.157133747 -13.870927315 
-12.783209752 17.270311590 -12.053876372 
8.331009950 18.276573561 1.792085162 
0.585970992 11.430575800 1.326670468 
-16.051534497 9.478694018 -4.918022588 
-6.831026937 13.085664312 -4.495476964 
9.473513189 21.645730052 0.831796184 
9.749689800 21.657768109 -2.557499396 
-17.679052137 11.745722228 -8.560669756 
-18.089938579 11.085188215 -7.537161004 
6.533700795 20.343416845 4.810189369 
5.373548112 20.050935531 6.798239570 
-17.003920779 11.896368836 -5.179774194 
-16.745964072 11.400687133 -5.380327328 
5.944026744 16.430992778 -8.023030187 
7.587739635 17.233973089 -4.908373643 
-15.845297448 9.098902172 -3.324910721 
-15.520758770 9.111989598 -3.548648641 
9.531579201 16.679595598 -7.046721668 
10.586164226 17.305686983 -4.734428157 
-17.615716839 7.957674757 -5.852459793 
-18.297051720 7.253939371 -3.070301172 
1.876643748 9.596588467 2.464826040 
1.104405890 9.482992752 -0.330980027 
-7.918238328 9.022927177 -0.150180676 
-7.731347970 8.685616906 -0.253524315 
-4.425660059 16.990841051 0.519097636 
-4.933889472 22.262876429 7.516010679 
-13.137704627 18.928133143 -7.572427884 
-4.765093810 22.416295485 -6.936093945 
-3.818976009 23.288176368 11.226962970 
-0.801319066 23.983113450 10.430618295 
-16.143446080 17.291999674 -10.416482676 
-16.867274100 17.276808920 -9.230735820 
-5.200808618 17.814551909 -1.226474544 
0.523016067 24.381158799 4.892692589 
-9.607828644 20.430606397 -10.436492711 
-9.566662806 20.448056026 -10.406279987 
-2.168552107 10.324873910 -5.020361469 
-2.450336725 10.361396831 -5.112556150 
-5.478161731 9.110979481 3.627627279 
-6.268833954 8.949030393 3.215586793 
-4.018057250 15.557738328 -4.686531473 
-3.923167704 16.444770724 -3.723382091 
-6.308428876 14.660674108 3.831632299 
-5.165696386 15.937448385 3.395138195 
-3.390436511 15.059918945 -8.065142813 
-2.885459461 15.400212372 -7.682084373 
-10.340737666 12.124905557 4.529703106 
-9.881815934 12.328942055 4.986515662 
-6.204795331 16.630623323 3.575362238 
-6.334716200 16.593884918 3.590375750 
-6.447610494 16.565708508 -3.321076334 
-6.767001718 16.434469274 -3.407593734 
-2.552543291 14.532713715 5.196847324 
-3.607105855 14.621368392 4.719784733 
-7.187117974 12.985622973 -3.972975828 
-4.913583382 14.220301956 -4.623763128 
-3.606327252 18.557590965 5.022641290 
-2.610590129 18.825735222 4.405368228 
-8.904667451 16.204752057 -4.820133958 
-8.377862527 16.417756863 -5.090066956 
1.603337483 7.890124466 -1.421960112 
2.367102815 8.036406256 -0.679126592 
-7.156192013 4.953211918 -1.117772902 
-7.045721735 5.298607936 -1.018287878 
-0.239302541 8.201975520 2.660192138 
-0.465673220 8.308352157 3.091208466 
-0.234664579 8.859302471 -3.818190982 
-3.136663080 7.230161021 -3.950017604 
0.393770355 7.313296555 4.892490587 
0.625275390 7.493848347 4.755618400 
-2.657485704 6.116192786 -5.898398613 
-1.920495522 6.255216585 -5.649267655 
-5.468515514 16.209226258 -3.388316170 
-5.568368949 16.145944770 -3.571766809 
-4.611216504 16.557321712 2.557013592 
-4.675988604 16.507547383 2.718485784 
-2.149346302 11.565063247 -7.379527200 
-1.570156212 11.962564597 -6.994675875 
-6.134434576 9.723539307 6.230024789 
-7.038706309 9.392891393 5.803029529 
-2.653350646 14.039825178 -5.093679765 
-3.579810003 12.225453249 -5.508801118 
-5.423623620 12.880891214 5.150963305 
-4.677627541 12.327541014 4.866236136 
-3.022003505 13.945301161 5.459800528 
-4.553378032 14.002837063 5.046473337 
-4.455846636 13.614149965 -4.469289401 
-5.044135248 13.829806788 -4.590814430 
-7.823401716 15.731466100 6.462180940 
-6.976623381 15.812179735 6.836859228 
-6.720259149 15.778136541 -6.412416340 
-6.256116327 16.153562912 -6.351310446 
-5.975951740 16.396770276 3.394319872 
-6.256684184 16.308703397 3.246490412 
-4.449535448 17.038139623 -2.497017080 
-5.219546603 16.737558448 -2.856644027 
-5.779565204 6.583351770 1.783286236 
-6.996150851 8.557285136 -0.137724543 
1.299841224 10.960630805 -2.773768902 
0.709125572 10.909859419 2.378944577 
-0.952505129 5.943076295 4.340653122 
-0.225165665 6.260442128 3.917056222 
-2.650252983 6.954289940 -4.503349716 
-3.287579217 5.053310159 -4.322296488 
1.780060889 8.956785552 1.880275425 
1.859631467 8.947822087 1.128567489 
-4.284295011 5.938973174 -3.010286932 
-4.936625740 6.981994924 -3.144019028 
1.312192362 28.766975417 3.440549272 
0.989948850 28.916113336 3.382422675 
-16.106722680 16.929488650 -10.579864412 
-18.324828739 19.612258104 -6.783517348 
-3.274786861 23.366746457 9.550475697 
-1.471576276 22.941037718 8.452642014 
-15.604492568 16.715581933 -7.760284106 
-15.863420214 17.739517951 -6.925131305 
4.793606622 26.616473948 1.732748113 
5.398738805 25.559485102 3.004168458 
-16.608321827 15.610065454 -8.947146344 
-17.534203619 16.582657648 -7.466997829 
11.179320204 9.797941503 1.384850433 
11.881013953 10.481787069 2.859632186 
-16.241956253 2.062110198 -5.536283744 
-15.707899067 1.891959460 -5.233949552 
4.016219923 7.782016838 2.710303819 
0.234922366 8.199506955 -2.858944058 
-6.868048185 7.653866676 -0.833354894 
-6.481438083 6.781517202 0.263459573 
11.076558586 12.986706075 -3.456384135 
11.630857642 13.002490543 -1.610774388 
-15.986665757 3.211919394 -2.998283566 
-16.250190822 3.321987953 -3.441379363 
10.310951220 21.492005006 1.595108026 
8.735581717 21.182182061 6.790564148 
-16.108733112 11.878298019 -11.435050449 
-15.683138165 13.001115668 -11.773607784 
6.028211982 22.440515975 -2.177524487 
5.860445336 22.418717276 1.824307578 
-13.941899170 14.925172192 -10.668860024 
-14.999588946 13.891469413 -9.729741986 
4.490442414 23.535602128 6.544688737 
4.475281759 22.970625363 7.524425449 
-13.278995019 16.721494553 -12.097310962 
-13.496710594 16.648923189 -12.167222333 
-5.567134543 16.369709569 -2.660562676 
-5.743717318 16.264129972 -3.090272149 
-4.021151221 16.922977845 1.804298019 
-4.995232600 16.619735204 2.360804135 
-8.348345282 17.978151913 -2.408429708 
-7.971680384 18.156942125 -2.579306937 
-4.836592223 19.428304849 2.197580295 
-4.377353843 19.558942749 2.397626450 
-9.145201665 13.465193422 0.288815045 
-4.764683940 11.576759372 -5.715849941 
-1.363343250 16.808706929 -2.198523437 
-5.530245605 12.200492629 4.678829749 
-2.007520914 6.944811668 4.546529149 
-1.585537496 14.480095080 4.783687585 
1.318299798 8.007711101 -1.847807063 
-5.045502499 5.843592839 -3.221337417 
-3.643141493 7.932822168 6.324010852 
-3.069979917 8.170018103 6.354067848 
-3.995228603 7.890409155 -5.924509317 
-3.430716662 8.097369096 -5.987799277 
-1.033041021 8.632168441 3.986644937 
-0.704764998 8.550492736 5.162452931 
-3.287037425 7.827233992 -3.997023639 
-3.148322165 7.456091391 -3.898934980 
0.513251776 8.234601923 1.937736932 
0.681919483 7.995431170 1.820555685 
-3.304262941 7.382610106 -3.721571647 
-3.247036967 7.006477061 -3.602987440 
-2.310520374 5.650308865 4.008023126 
2.016055972 6.905366407 1.641424046 
-4.312966305 5.242521714 -3.761568430 
-2.876755695 5.092809637 -4.462864789 
1.281613389 10.487945996 1.658421011 
-2.344094836 10.078985221 -5.682337587 
-3.744443997 8.924423670 4.223043009 
-4.195170248 8.479317823 3.949581006 
-2.871344657 8.242286911 -6.362226774 
-3.092498191 8.153628519 -6.364094702 
-3.583119674 8.041662587 5.982214547 
-4.710647027 7.625122005 5.741917931 
-2.130423602 6.829437219 -4.575744270 
-0.906095210 14.626199985 -4.211131138 
-5.549650791 5.571612763 2.474491828 
-5.749558992 5.872490708 2.403646782 
-1.790641796 7.892373578 -4.678828313 
-1.114380298 8.574184772 -4.050894601 
-3.858366946 7.184871449 3.779885998 
-3.240020559 7.824784065 4.034100617 
-8.145185196 18.099661717 2.393548077 
-8.261212315 18.061762884 2.271991850 
-3.031279781 19.659381861 2.674880861 
-2.992731733 19.767274076 1.977495215 
-5.887375625 16.263161293 2.696872345 
-5.593188099 16.385438436 2.680683069 
-3.614307456 17.013757738 -1.339842701 
-3.680276903 17.046180634 -1.446629841 
-3.046477133 13.597357683 4.913585376 
-9.095580788 13.535736295 -0.095440531 
-5.516421729 9.571486050 -3.883958335 
-1.399054833 16.687543342 2.529124091 
-6.644283248 6.393748992 -1.202746377 
-6.734930032 6.179238995 -1.397460682 
1.225814345 6.232118494 -3.725084454 
-4.921828281 4.566787012 -3.101830283 
-0.938267187 7.966327390 3.283709703 
-1.414867116 7.494238880 3.368415458 
-3.377165478 5.902592383 -3.473913266 
-3.398323185 6.588616471 -3.605261640 
-7.360212388 8.467418406 -0.822348088 
-6.814751898 8.737638022 1.724741184 
-4.070773595 6.426217250 -4.483110669 
2.609381134 8.845652337 -2.728090040 
7.063822109 10.088938067 -8.675392252 
0.441320961 10.526519569 1.854716573 
-6.463029704 7.873247711 -2.114999181 
-6.398902852 7.203546387 -0.401733934 
10.998936863 10.423000844 -7.022510906 
11.054410453 10.738448285 -7.967120783 
-16.656855584 1.184988014 -0.496675801 
-16.636387305 1.203515449 -0.965127482 
11.835471445 13.297128115 -4.681241941 
11.689284111 12.937378561 -3.565379387 
-16.537894637 2.635913366 -1.793543493 
-16.440596229 2.920362702 -1.449180846 
-0.418755730 23.677800457 -8.558422320 
-0.475433464 22.483766329 -8.765291018 
-17.658712125 17.780523828 3.266223095 
-16.460390012 18.995104177 5.005141659 
-0.203429437 26.858499371 -7.858216633 
0.357906322 27.402689663 -6.326466849 
-19.469589384 20.571190154 1.106864308 
-19.489851378 20.720397688 3.145160479 
2.398533687 24.084808522 -8.878742249 
-0.468926393 23.483223611 -10.870166003 
-19.334195611 18.450881709 3.168060785 
-18.829596605 17.021303406 4.092034471 
-12.444670582 14.520978503 11.625794128 
-11.416477708 15.023025105 11.964863213 
-10.909889714 15.613796373 -14.203567353 
-9.684739903 15.967967759 -14.364607714 
-13.798955257 12.753040672 13.097318549 
-13.415120834 12.881899617 13.690548863 
-11.808708630 13.542946575 -15.889095475 
-9.370792405 14.629438019 -16.573411191 
-5.897762875 18.700350323 14.366236955 
-8.648087367 18.130294145 13.734506508 
-10.712483692 18.152331300 -14.173067933 
-12.341754534 17.138222310 -13.416963385 
