-1.642489213 4.368854164 -0.000975922 
-1.654043505 4.364497539 0.000980380 
-1.723465041 4.336249821 0.003081379 
-1.712398149 4.340763665 0.000721671 
-1.599057352 4.385140190 -0.012068125 
-1.625453517 4.375581774 -0.004137003 
-1.726228758 4.335049435 0.002722180 
-1.720838706 4.337202375 0.001978875 
-1.667938336 4.358911493 0.003407047 
-1.668459744 4.358683412 0.002259349 
-1.699511912 4.346286607 0.004778196 
-1.705499623 4.343701491 0.003775000 
-1.638504358 4.370620997 -0.001140096 
-1.680617276 4.354044461 -0.004377240 
-1.648450303 4.366579515 0.000659685 
-1.657389134 4.363155048 -0.003538064 
-1.710603711 4.341412018 -0.000213092 
-1.717838633 4.338795479 -0.000927386 
-1.646502903 4.367416778 0.000620680 
-1.632438534 4.372767420 0.003289880 
-1.672759811 4.357252730 -0.005456919 
-1.631108492 4.373428228 0.003661999 
-1.647728829 4.366917834 -0.000198040 
-1.638897226 4.370325518 0.001779648 
-1.571765280 4.395396485 -0.013947381 
-1.568478600 4.396402248 -0.015419755 
-1.672506854 4.356959933 0.002154525 
-1.661967175 4.361307732 -0.000853592 
-1.502105435 4.418491502 -0.040519766 
-1.578647525 4.392643035 -0.014125051 
-1.710769770 4.341582755 0.004492475 
-1.649688957 4.366108757 0.000420706 
-1.603340091 4.383942792 -0.007030878 
-1.581261663 4.391912484 -0.012413638 
-1.696174662 4.347579464 0.006733650 
-1.647265344 4.362861851 0.014587599 
-1.588966031 4.388968075 -0.011915560 
-1.616778607 4.378588577 -0.006262126 
-1.724413050 4.335689500 0.002112978 
-1.717743998 4.338568470 0.003961688 
-1.657544161 4.363216514 0.003227682 
-1.634622152 4.371749085 -0.001934357 
-1.704129387 4.344164001 0.007781670 
-1.723899098 4.335942809 0.007105961 
-1.668548298 4.358982375 0.006053425 
-1.661602418 4.361420573 0.005583585 
-1.707695603 4.342782427 0.003552235 
-1.700309296 4.345814667 0.006026320 
-1.712829494 4.340722040 -0.002142052 
-1.686720778 4.351441209 -0.004791390 
-1.593969883 4.386824076 0.013250835 
-1.571373879 4.394870245 0.019821351 
-1.711496348 4.341453758 -0.000790770 
-1.712053849 4.340922990 -0.003163844 
-1.658221614 4.362598090 -0.004174119 
-1.612607333 4.380197097 0.006201235 
-1.710435203 4.341460712 -0.007188691 
-1.662423180 4.361094692 -0.001887479 
-1.582646021 4.390985046 0.015609766 
-1.578347522 4.392549423 0.016942003 
-1.576927910 4.393111735 -0.016644100 
-1.575664294 4.393199398 -0.020695462 
-1.667435315 4.359210535 0.003446273 
-1.691613319 4.349287632 0.004605683 
-1.598657467 4.385179170 -0.012765728 
-1.561837522 4.398171543 -0.022388076 
-1.692720778 4.349183903 0.004272576 
-1.669397840 4.358551510 0.001823878 
-1.586912475 4.389491592 -0.011911588 
-1.571975107 4.394750855 -0.019904362 
-1.684921067 4.352165167 0.004273033 
-1.707438294 4.343037019 0.000315116 
-1.600494080 4.384585459 -0.008049489 
-1.613283882 4.379939564 -0.007168959 
-1.668450488 4.358690364 0.004087515 
-1.599221623 4.385307480 -0.007508598 
-1.599913291 4.384894718 -0.008077668 
-1.639159737 4.370174706 -0.003233441 
-1.672073191 4.357213195 0.004381022 
-1.717074567 4.338711805 0.003458957 
-1.607430320 4.382093845 -0.007328377 
-1.570841023 4.395302504 -0.020581291 
-1.656331833 4.363578788 0.003408637 
-1.628923941 4.373742855 -0.002203562 
-1.597581040 4.385455264 0.013043882 
-1.619991125 4.377309853 0.006563440 
-1.632201725 4.372694326 0.001604441 
-1.598348003 4.385225573 0.009462011 
-1.597726845 4.385418875 0.012402733 
-1.562444921 4.397882459 0.021691526 
-1.635119518 4.371441863 0.002870320 
-1.640143553 4.369935695 0.001175866 
-1.631198196 4.373413632 0.000434571 
-1.622881807 4.376760664 0.002852806 
-1.620788598 4.376829103 0.004529981 
-1.613385974 4.379897141 0.005697258 
-1.580391497 4.392152707 -0.011845051 
-1.576322871 4.393790481 -0.014839026 
-1.621993397 4.376708869 -0.001405687 
-1.615293246 4.379468810 -0.004427467 
-1.563779344 4.398531108 -0.016813683 
-1.552509260 4.402299260 -0.019984579 
-1.676736303 4.355624210 0.007375106 
-1.687387806 4.351294379 0.004239186 
-1.626724698 4.374739312 -0.004112714 
-1.582171293 4.391565112 -0.014403173 
-1.608579090 4.381617587 -0.009375539 
-1.692220884 4.349349466 0.007395984 
-1.636160281 4.371175889 -0.001339569 
-1.649408098 4.366064766 0.002339056 
-1.714588604 4.340027456 0.001132626 
-1.732556203 4.332276707 -0.001458301 
-1.638188970 4.370776268 0.000901837 
-1.541874832 4.404871572 -0.031730471 
-1.714913853 4.339836549 -0.002447255 
-1.720234625 4.337499382 -0.002093249 
-1.693095581 4.347117819 0.009285290 
-1.572640584 4.391504300 0.009503887 
-1.476407978 4.425236885 -0.025335990 
-1.659093102 4.358392907 0.024545305 
-1.582540743 4.390779797 0.014265604 
-1.563925502 4.397649388 0.020289544 
-1.727885735 4.334187079 0.003351707 
-1.740235436 4.329149451 0.002353725 
-1.498154990 4.419071093 0.043136009 
-1.538179203 4.406183965 0.028603688 
-1.700709157 4.345829989 -0.006847741 
-1.603782848 4.383471449 0.008748880 
-1.690373358 4.348011010 -0.008437168 
-1.701272128 4.345035151 -0.004290278 
-1.681978410 4.352920031 -0.003850353 
-1.657335186 4.363129090 -0.003765817 
-1.668267577 4.355430128 0.009805620 
-1.581202426 4.388929035 0.012733797 
-1.463187939 4.427479585 -0.049208462 
-1.511758187 4.413248262 -0.032683142 
-1.655062591 4.366452119 -0.028175521 
-1.541239378 4.405363318 -0.044586482 
-1.681681619 4.353132622 0.030843012 
-1.712470211 4.340654564 0.042261553 
-1.701215858 4.345735658 0.000758766 
-1.605969351 4.380540589 -0.002635641 
-1.697206058 4.344489041 0.019980687 
-1.727133123 4.332209048 0.010630577 
-1.611085778 4.380387350 -0.010112505 
-1.637031396 4.371062601 -0.000964009 
-1.450892429 4.435098657 -0.048730342 
-1.452094870 4.434707075 -0.051714208 
-1.711669529 4.341903791 0.031718012 
-1.519058494 4.412959350 -0.047057566 
-1.562510332 4.398112199 0.001507729 
-1.612264850 4.379574243 -0.027470733 
-1.620657046 4.377337136 -0.002875814 
-1.582017758 4.391388979 -0.013144447 
-1.632108353 4.372872823 -0.001550627 
-1.633790320 4.372252192 -0.001814358 
-1.419217456 4.441678248 0.040458324 
-1.763859156 4.317249833 -0.010560668 
-1.541449894 4.401283180 -0.025658181 
-1.435978374 4.435273815 -0.054655748 
-1.606629378 4.382620731 0.008788199 
-1.666002353 4.359790461 -0.003137829 
-1.562681925 4.397667907 0.015690846 
-1.570459523 4.394805824 0.014105133 
-1.637982333 4.370390608 0.000290237 
-1.616556310 4.378732217 0.006156447 
-1.578273963 4.392435647 0.014798411 
-1.478589516 4.425428433 0.044375791 
-1.500478429 4.418648596 -0.037704794 
-1.480322537 4.425336428 -0.043861049 
-1.670178870 4.358204689 0.005164785 
-1.685122241 4.352129231 0.006249241 
-1.496554756 4.419845562 -0.041793400 
-1.542403168 4.404772646 -0.027672283 
-1.689262337 4.350390000 0.001576817 
-1.661120348 4.361551216 0.002632443 
-1.597530436 4.385485923 -0.009676217 
-1.612357438 4.380334296 -0.002569129 
-1.655800436 4.363962002 0.002863944 
-1.666959864 4.359255809 0.003943986 
-1.571771103 4.394901097 -0.014848393 
-1.524517206 4.410338419 -0.031812013 
-1.668818825 4.358506574 0.006250975 
-1.640627469 4.366196461 0.018062809 
-1.658316281 4.362621918 0.004002371 
-1.683209105 4.352725251 0.002841887 
-1.585623655 4.389824209 -0.012218713 
-1.610048852 4.381015094 -0.004690712 
-1.615545016 4.379139063 -0.008166095 
-1.630384554 4.373531089 -0.004815835 
-1.637357562 4.370468051 -0.000900266 
-1.650361505 4.365822539 0.001152074 
-1.679714299 4.353708344 -0.009297665 
-1.683418637 4.352860971 -0.003421935 
-1.643211434 4.367192431 -0.001787003 
-1.669818607 4.357797265 -0.002210528 
-1.616175133 4.374692084 0.023262998 
-1.647824250 4.362659157 0.002021835 
-1.574316943 4.390483288 0.028870901 
-1.680758525 4.348698811 0.013389104 
-1.631445817 4.373193944 -0.000999972 
-1.662780530 4.360720906 -0.003943027 
-1.639648059 4.369891511 0.000889887 
-1.630944410 4.373198251 0.002431923 
-1.514280890 4.409798646 -0.046578443 
-1.524247479 4.406694592 -0.041326822 
-1.683468359 4.348557482 -0.023294300 
-1.693274026 4.344405095 -0.021993919 
-1.615265473 4.379440120 -0.004566769 
-1.610939110 4.380955878 -0.006298540 
-1.721952003 4.336842358 0.003152130 
-1.729998707 4.333355739 -0.002163189 
-1.377516876 4.454711707 -0.047829371 
-1.429355165 4.439688614 -0.062668891 
-1.793763590 4.305679134 0.011893441 
-1.603685717 4.383109569 0.000325336 
-1.753217716 4.323667595 0.010292918 
-1.687667774 4.348411077 -0.000152308 
-1.417332871 4.447505499 -0.080677940 
-1.451493116 4.434755878 -0.073961919 
-1.586387079 4.389604716 -0.011638899 
-1.589385810 4.388512819 -0.012911539 
-1.606273014 4.382361490 -0.003594116 
-1.634474117 4.371683304 0.002761175 
-1.636004497 4.370358064 0.030200208 
-1.459644939 4.427826151 -0.058682814 
-1.602453409 4.383062342 0.004065519 
-1.552009048 4.396552244 -0.047619690 
-1.711364233 4.341292168 -0.002518473 
-1.715973043 4.339552098 -0.002529578 
-1.541231970 4.405785835 0.024323254 
-1.647097481 4.367132918 -0.006352420 
-1.695478204 4.344750257 -0.000949529 
-1.699188218 4.344348712 0.015648142 
-1.609575379 4.381235520 -0.012511831 
-1.601490762 4.384752966 0.002499037 
-1.699014974 4.345250656 -0.001493603 
-1.706280435 4.339862648 0.000026268 
-1.543872898 4.403036640 0.018649831 
-1.633634492 4.369773315 -0.024362192 
-1.570917708 4.394467511 -0.024887127 
-1.530244856 4.408778576 -0.036872186 
-1.618278845 4.378024708 -0.004585818 
-1.589636368 4.388260520 -0.014859282 
-1.503433104 4.417502282 -0.046194803 
-1.489918273 4.422081562 -0.047651252 
-1.631792816 4.372783784 -0.001213658 
-1.679783265 4.354183640 0.007898053 
-1.709546885 4.338939085 0.021574480 
-1.475456681 4.424747919 -0.032072304 
-1.526193962 4.410202407 -0.031713400 
-1.469399834 4.426590365 -0.041768789 
-1.610429909 4.380666694 -0.010250514 
-1.613388148 4.379055886 -0.011649614 
-1.525653710 4.410095080 -0.028169696 
-1.582940199 4.390183412 -0.008809752 
-1.475734708 4.424231294 0.042868446 
-1.483209569 4.424163585 0.029494045 
-1.614373928 4.377612773 -0.003781899 
-1.433239875 4.438777615 -0.075717154 
-1.529957235 4.409032342 -0.035504292 
-1.551313585 4.401782160 -0.026013169 
-1.534529764 4.406622263 -0.034751239 
-1.633433815 4.371664621 -0.003118892 
-1.713342809 4.340116723 0.004858195 
-1.562489440 4.397577496 0.034775615 
-1.500172165 4.420094286 0.057732940 
-1.510541562 4.414024924 0.060148102 
-1.551489964 4.401701482 0.028210341 
-1.494462713 4.420415001 0.042805088 
-1.451578192 4.434905076 0.045375473 
-1.447217118 4.436220780 0.047174818 
-1.635777283 4.371550678 0.000651606 
-1.682990891 4.352909654 -0.002924812 
-1.542894398 4.405124402 0.023857344 
-1.512241451 4.414869676 0.037373256 
-1.570981784 4.395150068 -0.018164528 
-1.555348982 4.400288696 -0.023243543 
-1.634981451 4.371828392 -0.000104072 
-1.650573170 4.365723901 0.000567055 
-1.607935441 4.381681083 -0.005084509 
-1.598192888 4.385284734 -0.010154347 
-1.634748439 4.371898006 -0.000657750 
-1.610680832 4.380949975 -0.006755655 
-1.479970784 4.425589384 -0.047508883 
-1.583785913 4.390644212 -0.015136349 
-1.654243009 4.364206342 -0.000666562 
-1.601489038 4.383974992 -0.013077898 
-1.629405285 4.374022442 -0.002551443 
-1.597907858 4.385790390 -0.010282786 
-1.674590931 4.356404447 0.004220513 
-1.628934362 4.373918901 -0.006388629 
-1.649029298 4.366424442 0.001433014 
-1.573569995 4.394243539 -0.015453138 
-1.541804085 4.404622384 -0.034154329 
-1.716294780 4.339061174 0.006144766 
-1.627255837 4.375293886 0.005179112 
-1.619655032 4.376930676 -0.011127620 
-1.691656648 4.349037900 -0.008016963 
-1.639910485 4.369906056 -0.000962798 
-1.668052552 4.357955510 -0.001675046 
-1.587603460 4.385665893 0.001955493 
-1.423023695 4.443062607 -0.086540087 
-1.641606323 4.370478536 0.003984531 
-1.609271313 4.381018878 0.007676352 
-1.609870026 4.380920143 0.005805478 
-1.658273769 4.361923933 0.002139892 
-1.664536036 4.359466961 -0.000358351 
-1.556618730 4.396892851 0.008472112 
-1.586065906 4.387472054 0.020672550 
-1.455454756 4.432197989 0.031367293 
-1.703092003 4.340825481 0.001220842 
-1.621593499 4.376887876 0.001451292 
-1.587917961 4.389210249 -0.012994563 
-1.574869506 4.393688559 0.023267900 
-1.534085102 4.408158733 -0.019336378 
-1.513415380 4.409322241 -0.037064456 
-1.502207998 4.411711694 -0.026414085 
-1.736360557 4.328993555 -0.007674182 
-1.769530887 4.314328069 0.004664105 
-1.737524487 4.325880424 0.005695123 
-1.686851088 4.346822195 0.010693262 
-1.665676334 4.358503511 -0.000690574 
-1.645652508 4.363904155 -0.021827243 
-1.582655854 4.391025942 -0.012500140 
-1.605329968 4.382737825 -0.008399521 
-1.740177171 4.329220692 0.009197739 
-1.687635693 4.351281539 0.006140086 
-1.638154381 4.370488115 -0.002469917 
-1.624506688 4.375454513 -0.006439113 
-1.663429536 4.360840585 0.003932418 
-1.671798099 4.357323376 0.004335884 
-1.602520017 4.383905037 -0.011787698 
-1.619844657 4.377583787 -0.004805036 
-1.713591977 4.340234131 0.001231749 
-1.729274669 4.333980760 0.005335523 
-1.618715053 4.377888474 0.005510137 
-1.657057412 4.363196152 0.000090933 
-1.686606828 4.351417609 -0.005922562 
-1.676195790 4.355540175 -0.003017693 
-1.666188889 4.359985648 -0.002565676 
-1.690767220 4.349909833 -0.003589315 
-1.652342028 4.365103972 0.000488068 
-1.412937126 4.445841283 -0.028802131 
-1.673609713 4.356847437 -0.005201098 
-1.705775991 4.343677305 -0.003814752 
-1.694474466 4.348177876 -0.005351658 
-1.664292470 4.360184182 0.008735781 
-1.696722504 4.343599294 0.009664592 
-1.675850192 4.354101715 -0.000329028 
-1.655404685 4.361656060 0.014937431 
-1.720248396 4.336426795 -0.002402776 
-1.648965202 4.366429323 0.003120991 
-1.607375573 4.381987154 -0.004417328 
-1.711497897 4.341379382 0.005041248 
-1.721907878 4.336909569 0.002146104 
-1.710986413 4.341149290 0.002524145 
-1.637230203 4.371078285 0.000693319 
-1.695139859 4.348030779 0.006877016 
-1.688692483 4.350742917 0.006733346 
-1.411350031 4.447647215 0.031964088 
-1.476629487 4.426306206 0.022791487 
-1.406583861 4.450976718 -0.083305785 
-1.453571926 4.434338700 -0.074551527 
-1.519321597 4.412730938 -0.031874586 
-1.543603565 4.404620876 -0.024993188 
-1.586500832 4.388576922 -0.008369665 
-1.600190969 4.383632150 -0.004836018 
-1.648644675 4.361933355 0.005173077 
-1.590192704 4.387441627 -0.018078354 
-1.601265768 4.383055613 -0.003953739 
-1.625246936 4.373924762 -0.000554023 
-1.629370409 4.373746512 0.004906079 
-1.638522185 4.370355133 0.002758109 
-1.538259474 4.406807612 0.026304674 
-1.585092945 4.390466750 0.011976386 
-1.713004806 4.337769435 0.000381054 
-1.613416600 4.378184930 0.016463946 
-1.504783574 4.415023632 0.063923231 
-1.626329072 4.371774826 0.020503348 
-1.431582867 4.439371164 0.051768642 
-1.570133162 4.394978477 0.022462707 
-1.659992674 4.359717449 -0.025636507 
-1.558930558 4.398847079 0.033869022 
-1.612390985 4.379741089 -0.011774705 
-1.610241377 4.380953526 -0.006631856 
-1.512063940 4.414796590 -0.043270995 
-1.525418850 4.410194178 -0.038647725 
-1.566998185 4.395979071 -0.025213795 
-1.638512211 4.370458641 0.000202004 
-1.636429626 4.371180989 -0.001607196 
-1.563973931 4.396826428 -0.028447583 
-1.531259822 4.408241642 -0.035582905 
-1.550042800 4.401956437 -0.027149618 
-1.518727739 4.412269576 -0.041420893 
-1.597313950 4.385775840 -0.009578728 
-1.452357794 4.434707856 -0.043512893 
-1.502273566 4.417983946 -0.039166068 
-1.556574809 4.399968613 -0.023190263 
-1.598266179 4.385304104 -0.008966407 
-1.479673519 4.423019958 0.046290700 
-1.481716288 4.424686783 0.025516970 
-1.424129650 4.442802688 -0.080021313 
-1.483225057 4.424442849 -0.074122703 
-1.470520921 4.428657374 -0.048415692 
-1.480156696 4.425381305 -0.047107734 
-1.603407121 4.383197025 -0.009443476 
-1.634466424 4.371571431 -0.003536020 
-1.604657401 4.383293793 0.006858091 
-1.603495563 4.383534168 0.008561219 
-1.492886770 4.421230706 0.039890244 
-1.535664678 4.406976397 0.027400777 
-1.631606258 4.372999118 0.002448330 
-1.621982165 4.376735608 0.003538365 
-1.465417211 4.430640323 0.036533199 
-1.579139870 4.392407999 0.015986194 
-1.593661744 4.387017236 0.014180268 
-1.600421346 4.384562649 0.012118261 
-1.578590493 4.392535604 0.015255664 
-1.580391896 4.391876706 0.013502183 
-1.644512037 4.367779095 -0.001224301 
-1.623008749 4.376049146 -0.004084306 
-1.574654381 4.393542962 -0.024182394 
-1.613742098 4.379684617 -0.008260093 
-1.697921181 4.346986767 0.010809685 
-1.660526922 4.361815733 0.005978467 
-1.579944808 4.391577923 -0.026945141 
-1.582030157 4.391132009 -0.022981610 
-1.591257414 4.387856822 -0.014713244 
-1.508880921 4.411643892 -0.053038062 
-1.594769456 4.386905742 -0.012765015 
-1.550198797 4.401086146 -0.054297713 
-1.559647574 4.399068853 -0.020560858 
-1.563454390 4.397034276 -0.027045415 
-1.482407906 4.424816274 -0.041912540 
-1.552131931 4.402135117 -0.017182664 
-1.710097940 4.341434807 -0.005434161 
-1.693920242 4.347694289 -0.011426760 
-1.528061121 4.408853548 -0.014706292 
-1.692973380 4.350116726 -0.031498898 
-1.638450285 4.370263474 -0.002144696 
-1.520915340 4.412458078 -0.032019371 
-1.597836713 4.385608311 -0.011904300 
-1.596713463 4.385952719 -0.010185405 
-1.477874725 4.423231865 -0.043091186 
-1.482821271 4.423840425 -0.031906326 
-1.646712412 4.365324222 0.009864756 
-1.427173550 4.440878711 0.077032462 
-1.622412306 4.375922687 0.009858220 
-1.588035820 4.388028503 0.021264167 
-1.548857904 4.402097846 0.020489546 
-1.531788960 4.407483349 0.028776167 
-1.623634220 4.376000111 0.003314546 
-1.604626708 4.382952416 0.008090884 
-1.608728654 4.380883885 0.007995223 
-1.531156007 4.407874594 0.033959849 
-1.602350739 4.384054391 -0.008811766 
-1.595075295 4.386721798 -0.009853608 
-1.713817479 4.340250606 0.007040681 
-1.676116549 4.355667669 0.005453510 
-1.728614813 4.334087378 0.000096714 
-1.705434877 4.343637958 0.001868714 
-1.667996577 4.359099797 0.003092440 
-1.673400666 4.356723139 0.003682582 
-1.650968696 4.365712334 0.003416839 
-1.648031072 4.366546978 -0.001390669 
-1.702997241 4.344988370 -0.004915758 
-1.714538779 4.340072846 -0.001608613 
-1.570262235 4.393735626 -0.023668156 
-1.597569173 4.383619948 -0.005084370 
-1.471616564 4.428639385 -0.031780697 
-1.638002949 4.369640969 0.015969251 
-1.673876163 4.356562705 0.004529771 
-1.682178450 4.353333539 0.004264538 
-1.646458332 4.367256776 0.000677831 
-1.713106620 4.340554954 0.007195052 
-1.534752296 4.407599463 -0.027806756 
-1.551975386 4.401888142 -0.024311101 
-1.684173589 4.352336332 0.005074241 
-1.703009689 4.344774156 0.003529918 
-1.599869233 4.384841676 0.008233609 
-1.665317498 4.359874192 -0.004260586 
-1.711946409 4.340930223 -0.004913412 
-1.616072305 4.378688963 0.004542514 
-1.604551216 4.379974728 0.026895655 
-1.667650362 4.354702306 0.003007938 
-1.669670830 4.355527346 0.021262490 
-1.648531321 4.365019605 0.010661396 
-1.684713475 4.352200169 -0.005978487 
-1.698770722 4.346602355 -0.007976221 
-1.658234500 4.362898450 -0.003592924 
-1.637472299 4.371009621 0.001376264 
-1.539305417 4.404280179 -0.033145103 
-1.563103178 4.394819728 -0.001330055 
-1.647873838 4.362353520 -0.020440725 
-1.676187186 4.354487277 -0.009794011 
-1.593442825 4.385142131 -0.026617522 
-1.488428642 4.420167166 -0.062681670 
-1.678953878 4.351961245 -0.000101760 
-1.650866920 4.362301778 -0.002353403 
-1.523220089 4.408547094 -0.026928135 
-1.640877873 4.368854027 -0.002726614 
-1.727952140 4.331577378 0.015930162 
-1.678194261 4.351016025 0.012843089 
-1.630400156 4.373270681 -0.000658601 
-1.684915653 4.352029836 0.005692618 
-1.587102194 4.389479424 -0.008991995 
-1.473750850 4.430245616 -0.056375306 
-1.710828961 4.341206331 -0.002822239 
-1.717065119 4.338425149 -0.001954431 
-1.517322079 4.413032581 -0.033595899 
-1.509541530 4.415737175 -0.033517127 
-1.473318815 4.423615730 -0.047125791 
-1.491039333 4.417852691 -0.042905517 
-1.683238069 4.348778694 -0.017832676 
-1.652552630 4.360911911 -0.023258152 
-1.688548687 4.350411008 -0.000100086 
-1.708406876 4.342588423 -0.004063360 
-1.612644999 4.380251690 0.003276479 
-1.546977305 4.403805593 0.022435425 
-1.617792982 4.376615196 0.012091748 
-1.572704046 4.393051809 0.033160857 
-1.624548348 4.375553544 -0.013996190 
-1.553485890 4.401507096 0.002798628 
-1.708633402 4.342708703 -0.002015482 
-1.694606856 4.348344170 -0.000370583 
-1.603676366 4.383443327 0.008277932 
-1.644113957 4.368192501 -0.001393951 
-1.623319998 4.376040608 -0.006756834 
-1.527750594 4.409967521 -0.036332039 
-1.713861382 4.340372051 0.003796153 
-1.706542159 4.343314308 0.006768744 
-1.506424731 4.416620288 -0.038789903 
-1.511607047 4.414998673 -0.040156613 
-1.573879801 4.394012984 -0.019337308 
-1.656014366 4.363605759 0.001553360 
-1.491144577 4.423983020 -0.068709276 
-1.623602573 4.375085638 0.007358223 
-1.742982561 4.330346632 0.023064635 
-1.503904808 4.417373012 -0.049081972 
-1.581849037 4.391515225 -0.014973945 
-1.629328735 4.373797525 -0.003634667 
-1.524948978 4.410279016 -0.029971970 
-1.558171528 4.399280569 -0.018186524 
-1.440022712 4.435908626 -0.046336360 
-1.442644277 4.434586713 -0.052293848 
-1.595564238 4.383147167 0.008632605 
-1.679630526 4.350134753 0.011074745 
-1.566233609 4.396723090 -0.018269553 
-1.581829977 4.391152385 -0.016261143 
-1.544669947 4.403745273 -0.027874598 
-1.604624802 4.382779473 -0.008318745 
-1.644216797 4.368835157 -0.033236184 
-1.576677347 4.393079316 0.029126243 
-1.462775976 4.433601181 0.054125859 
-1.540423579 4.404594174 0.049655277 
-1.613970543 4.379682556 0.005562698 
-1.662770909 4.360997653 -0.003685299 
-1.436533731 4.439999144 0.041631909 
-1.443291078 4.437529066 0.046553646 
-1.692200957 4.349050033 -0.007125161 
-1.671638073 4.357605078 -0.004508199 
-1.541528169 4.405205246 0.028000086 
-1.510757019 4.415314619 0.035348348 
-1.675702981 4.355799676 0.006685829 
-1.635343440 4.371893622 0.000923655 
-1.716402875 4.339132893 0.009285364 
-1.719780964 4.337715192 -0.006531183 
-1.675219600 4.355978729 0.006308007 
-1.723217653 4.336230610 0.001066767 
-1.723895937 4.335995448 0.007244741 
-1.662033592 4.361211185 0.006269851 
-1.627028624 4.374998826 -0.001995217 
-1.608801468 4.381291794 -0.006863010 
-1.729760785 4.333431087 0.001788122 
-1.690004439 4.350081406 0.004191735 
-1.521300627 4.411777115 -0.037070394 
-1.602041182 4.383964105 -0.010820353 
-1.655536116 4.363999335 0.004504577 
-1.677268524 4.355211942 0.006009553 
-1.585416051 4.390329394 -0.013954384 
-1.530440834 4.408824504 -0.033167030 
-1.721197263 4.337089668 0.001620194 
-1.718837704 4.337989346 0.000895274 
-1.706573166 4.342986602 0.003134659 
-1.715228889 4.337381427 0.012847831 
-1.642891782 4.368480621 0.001414726 
-1.689462534 4.350155654 0.006389611 
-1.524060770 4.410980885 0.038092104 
-1.524762315 4.410312535 0.035411118 
-1.710757277 4.341385979 0.003149678 
-1.716657990 4.338895653 0.004045873 
-1.651506435 4.365228662 0.000324767 
-1.604320621 4.383552898 0.006831363 
-1.716657034 4.338988095 0.005815045 
-1.714800717 4.339704470 0.001926714 
-1.640423395 4.365876263 -0.023875407 
-1.473819922 4.424978618 0.039380092 
-1.684038714 4.349562562 -0.000123458 
-1.684800286 4.349413648 -0.022122237 
-1.571458775 4.393521752 -0.023208245 
-1.635893845 4.372350095 -0.030160185 
-1.502346197 4.421035156 -0.026573029 
-1.687055555 4.349686428 0.035875295 
-1.652295503 4.362360343 -0.002619713 
-1.703582483 4.343095813 0.001797248 
-1.679227827 4.350956922 -0.011532873 
-1.683615499 4.347726628 -0.019918719 
-1.460864895 4.429215373 -0.057947215 
-1.446522220 4.433230559 -0.017989909 
-1.704176805 4.342168008 0.015084706 
-1.721773088 4.334983315 0.010378847 
-1.592924791 4.387440135 -0.014480380 
-1.553003848 4.401091442 -0.028029169 
-1.725077888 4.335604656 0.007141338 
-1.723505095 4.336205174 0.001901406 
-1.591136370 4.387564872 -0.016816189 
-1.599775660 4.384869624 -0.010437950 
-1.640289873 4.369557988 -0.002985449 
-1.602945948 4.383754896 -0.008802486 
-1.525423668 4.410302910 -0.041452173 
-1.551642526 4.401426022 -0.033143601 
-1.646542400 4.367387493 -0.000821591 
-1.665918753 4.359549209 0.004232482 
-1.600249675 4.384927837 0.011152295 
-1.641543412 4.369123130 0.002650558 
-1.612818824 4.379778495 0.007447074 
-1.629495651 4.373776887 0.001584690 
-1.617051801 4.378625889 0.006836556 
-1.610252197 4.381012842 0.008388461 
-1.528673516 4.409901288 0.028765612 
-1.582552309 4.391395948 0.011927882 
-1.587523348 4.389663826 0.013133439 
-1.655882796 4.363817627 -0.002097971 
-1.603802418 4.383379605 0.009369283 
-1.667849481 4.358905673 -0.003610281 
-1.540267494 4.406009287 -0.023930606 
-1.570849144 4.395399261 -0.017948153 
-1.655423714 4.363962306 0.003020833 
-1.657135565 4.363166770 0.002833028 
-1.585034939 4.390574932 -0.009826969 
-1.569812989 4.396253152 -0.011605800 
-1.685920527 4.351660023 0.006844201 
-1.704070749 4.344395580 0.006858423 
-1.609089532 4.381412946 -0.006843737 
-1.487575082 4.423127892 -0.044223056 
-1.727686597 4.334645850 0.009290610 
-1.697971973 4.347309983 0.005628159 
-1.584625806 4.390220078 -0.015347429 
-1.561647439 4.398179421 -0.023492508 
-1.700420636 4.345863022 0.006466783 
-1.680257268 4.354098675 0.004475024 
-1.607135830 4.382072171 -0.009213467 
-1.611063441 4.380556396 -0.009098742 
-1.680435068 4.353855807 0.005344521 
-1.654647720 4.364330193 0.001573616 
-1.601302503 4.384393519 -0.009740600 
-1.625420484 4.375467215 -0.002524953 
-1.675884277 4.355788298 0.005040084 
-1.658697008 4.362549598 0.003444712 
-1.680279164 4.354193764 -0.003327391 
-1.704059779 4.344414918 -0.002213366 
-1.670967307 4.357566835 -0.002599765 
-1.628750348 4.374027653 0.000831400 
-1.665516689 4.360073875 -0.004918571 
-1.650336494 4.366114361 -0.000905908 
-1.663726685 4.360453047 -0.004665135 
-1.654588437 4.363811766 -0.002368635 
-1.689158060 4.350467051 -0.005666231 
-1.691824477 4.349425931 -0.005830352 
-1.613181589 4.379675188 0.002112328 
-1.558806376 4.399302006 0.019907203 
-1.634828742 4.371844300 0.001657751 
-1.655731427 4.363619963 0.004186296 
-1.730255323 4.333317402 0.003431650 
-1.708616779 4.342436057 0.005449212 
-1.639685200 4.370041511 -0.000479198 
-1.678612619 4.354416523 0.001136694 
-1.718350491 4.338331813 0.003950506 
-1.727747890 4.334543944 -0.002431136 
-1.601814915 4.384188590 -0.006602893 
-1.623331081 4.376200318 -0.003269207 
-1.675411140 4.355949061 0.004619008 
-1.735570591 4.331369360 0.002519921 
-1.632924365 4.372516660 -0.003742855 
-1.659872747 4.362252371 0.001570741 
-1.690975874 4.349766079 0.005584244 
-1.718531814 4.338458939 0.000045875 
-1.602557628 4.384090408 -0.006524706 
-1.616003395 4.379320801 -0.003470113 
-1.714557553 4.340125498 -0.001745488 
-1.692624956 4.349057065 0.005848131 
-1.622766093 4.376486327 -0.005517988 
-1.599553693 4.385189951 -0.002815504 
-1.728704347 4.334111136 0.001222515 
-1.702944507 4.344810457 0.005763302 
-1.697436619 4.347046995 -0.001537605 
-1.706971228 4.342995391 -0.003542622 
-1.696942220 4.347194440 -0.005899109 
-1.678225993 4.354862653 -0.005148805 
-1.700756889 4.345852316 -0.004041589 
-1.711394387 4.341351525 -0.005271136 
-1.699925815 4.345810530 -0.004783884 
-1.717151434 4.338982177 -0.005904405 
-1.676101970 4.355701532 -0.002853259 
-1.723096626 4.336366242 -0.003845913 
-1.719217308 4.337922434 -0.004312590 
-1.702439000 4.345189126 -0.002349777 
-1.599018483 4.385218467 -0.010504629 
-1.644218037 4.368250382 0.002775951 
-1.630045549 4.373777695 -0.005248596 
-1.657902580 4.362967922 0.001660590 
-1.610059289 4.381207250 -0.005812818 
-1.628985716 4.374014478 -0.001009326 
-1.688330077 4.350540756 0.007705016 
-1.719947136 4.337810934 0.001667001 
-1.525768503 4.409501390 -0.029852826 
-1.556742240 4.399658141 -0.019501892 
-1.700455480 4.345828375 0.003287674 
-1.707059492 4.343310158 0.001925588 
-1.626870823 4.374811007 -0.005535355 
-1.608706610 4.381660096 -0.008201216 
-1.595210592 4.386791868 -0.009685838 
-1.579021519 4.392274345 -0.016875868 
-1.545797044 4.403893849 -0.028932726 
-1.605945748 4.382691280 -0.009924151 
-1.606301272 4.382686318 -0.009977623 
-1.568281299 4.396391508 -0.021566711 
-1.575942244 4.393118768 -0.021925853 
-1.545421279 4.403292568 -0.036489552 
-1.609815101 4.381288018 -0.008060263 
-1.660915069 4.361783188 0.002294858 
-1.474867392 4.424435812 -0.039586834 
-1.488457443 4.422318302 -0.017388235 
-1.473721486 4.430293862 -0.020251653 
-1.670553301 4.354111616 0.004608821 
-1.613636838 4.380112163 0.005533968 
-1.560586441 4.398305987 0.023167293 
-1.465961784 4.429641432 0.046197069 
-1.454261708 4.433849472 0.042751569 
-1.518939681 4.413119711 0.031985194 
-1.621247828 4.376956181 0.005970930 
-1.542916774 4.405035052 0.024890108 
-1.515265036 4.414135184 0.033599483 
-1.646140991 4.367726219 0.001828667 
-1.587569890 4.389264439 -0.014643134 
-1.741184994 4.328730128 -0.001907422 
-1.718427242 4.338359286 -0.008930913 
-1.590764670 4.388506194 -0.011603497 
-1.623468151 4.376367650 -0.004095392 
-1.735507036 4.331337763 -0.002208039 
-1.765134879 4.318465267 -0.001914321 
-1.552993206 4.397843806 -0.013180247 
-1.597265668 4.386263325 -0.008032590 
-1.712930141 4.334057812 0.020517270 
-1.717180763 4.339114480 -0.007281302 
-1.552346291 4.400756764 -0.027859846 
-1.516375233 4.410704208 -0.040701586 
-1.533681424 4.405950425 -0.053063460 
-1.688345340 4.347494398 -0.007978667 
-1.603291637 4.383293801 -0.012711910 
-1.708319439 4.342572457 0.003458335 
-1.655907651 4.363765122 0.003776010 
-1.671952911 4.357427647 0.004062264 
-1.534536547 4.407151568 -0.033306532 
-1.559013591 4.400366746 -0.010960640 
-1.671544396 4.354743594 0.024754785 
-1.483156020 4.422391328 -0.042056881 
-1.569318790 4.395814528 0.018288677 
-1.504192649 4.417842136 0.038953525 
-1.515614167 4.413032738 0.031441241 
-1.494704594 4.419341540 0.039795937 
-1.385258356 4.455949763 -0.004660685 
-1.480081562 4.424442122 -0.035369551 
-1.421232582 4.446021810 0.070862202 
-1.445445651 4.436337065 0.080477416 
-1.578602292 4.391630009 0.022508475 
-1.730343633 4.328414571 -0.003755415 
-1.552984031 4.399718091 0.027026496 
-1.589827496 4.386864656 0.009584212 
-1.681523070 4.353639097 0.005926473 
-1.594977106 4.386387795 -0.016267809 
-1.723885765 4.335998905 -0.004225874 
-1.717364479 4.338713215 0.003248331 
-1.601385144 4.384478672 -0.011965493 
-1.600518229 4.384418110 -0.014830935 
-1.718292336 4.338391857 0.004729567 
-1.723483001 4.336260584 0.000812338 
-1.701877316 4.345245410 0.004217460 
-1.707437589 4.342712557 0.006742813 
-1.714838214 4.339767070 0.008535759 
-1.743786625 4.327574552 0.002157765 
-1.644982336 4.368062944 0.002235253 
-1.582689267 4.391103627 -0.011713071 
-1.709632052 4.341850313 -0.002508308 
-1.414939119 4.443828515 0.055643802 
-1.591801804 4.388122808 -0.011259612 
-1.630922672 4.373456185 -0.000784098 
-1.694745350 4.348218782 -0.003939033 
-1.718859141 4.338068753 0.001267943 
-1.635699941 4.371823743 0.000869100 
-1.658686839 4.362777194 0.003394982 
-1.711247620 4.341148877 0.002853800 
-1.713937410 4.340140516 0.000897398 
-1.724947959 4.335677360 -0.002648381 
-1.676716884 4.355416784 -0.004870127 
-1.635042399 4.371519953 0.002138225 
-1.611116762 4.380837260 0.009318891 
-1.566459106 4.396899351 0.015720182 
-1.670988160 4.357842794 -0.003818706 
-1.714589938 4.340166416 -0.003289187 
-1.713778011 4.340330704 -0.006578450 
-1.678478372 4.354896362 -0.004276558 
-1.676948931 4.355387121 -0.005080840 
-1.576035114 4.393359417 0.015205112 
-1.605080849 4.382770891 0.006932763 
-1.600535345 4.384553169 -0.009203452 
-1.606977575 4.382209149 -0.010371009 
-1.485416310 4.423999073 -0.043393480 
-1.505040980 4.417213265 -0.040062130 
-1.655683560 4.360586604 -0.007316714 
-1.619103022 4.374556511 -0.020661745 
-1.576715970 4.393560044 -0.011578980 
-1.553986259 4.398920430 -0.028221111 
-1.635086632 4.371769402 -0.003184390 
-1.658279679 4.362869922 0.004957607 
-1.531808135 4.408397544 -0.036933229 
-1.504892023 4.417210264 -0.042422202 
-1.591853517 4.387498575 -0.010147012 
-1.687058433 4.351008091 0.006682054 
-1.657631801 4.362305648 -0.001541096 
-1.675652421 4.354948654 -0.001980009 
-1.661321624 4.360629606 0.002479113 
-1.604683018 4.378954620 -0.001753297 
-1.424109429 4.442720722 0.089828790 
-1.477277243 4.425750389 0.071914941 
-1.490826909 4.418153605 -0.022974293 
-1.534599277 4.404672978 -0.013211466 
-1.531291010 4.403439959 0.042582703 
-1.555343549 4.398991043 0.000860421 
-1.571471802 4.395001989 0.015487092 
-1.596916824 4.385981490 0.008763307 
-1.683273511 4.352597481 -0.006300071 
-1.724385245 4.335791481 -0.006049412 
-1.632001903 4.372910815 0.000727158 
-1.634507149 4.371953728 0.001233921 
-1.574567355 4.393692503 0.019007182 
-1.557588155 4.399733856 0.022636503 
-1.568207240 4.396075403 0.027795166 
-1.614200391 4.380665291 0.006427351 
-1.594924894 4.386058858 0.017393904 
-1.593780668 4.387146161 0.012723675 
-1.682676256 4.350511946 0.005203619 
-1.724605704 4.332964601 -0.001154109 
-1.552521556 4.397074320 -0.006981744 
-1.464456548 4.425303429 -0.064231387 
-1.514852843 4.413739119 -0.035573870 
-1.600313952 4.384363725 -0.008552337 
-1.562724093 4.398253507 -0.019037436 
-1.705452898 4.343253307 0.010367308 
-1.514076815 4.411124182 -0.014458692 
-1.569035094 4.394681732 -0.015317087 
-1.596188155 4.381600826 -0.015007551 
-1.546952128 4.399879398 -0.021294932 
-1.599897430 4.384820818 -0.009994817 
-1.576476608 4.393047295 -0.017866255 
-1.710060090 4.341497536 0.006339507 
-1.708804523 4.342330648 0.005492269 
-1.612969143 4.379227365 -0.012700372 
-1.616457425 4.378586322 -0.011641186 
-1.605621330 4.383371821 -0.000268693 
-1.665253604 4.360914560 0.019713683 
-1.636249367 4.371350203 -0.002537485 
-1.674533880 4.356348782 0.003127958 
-1.653610561 4.364474315 0.002568140 
-1.679237547 4.354371594 0.006167936 
-1.591949993 4.387765464 0.009380227 
-1.658390474 4.362666949 -0.002466447 
-1.719409795 4.337777368 -0.001233713 
-1.688975597 4.350417478 -0.005304922 
-1.635545243 4.371411014 0.002678615 
-1.659840167 4.362285614 -0.002829414 
-1.701182618 4.345326353 -0.004384752 
-1.636253802 4.371161316 0.001086827 
-1.705022951 4.345224775 -0.008284625 
-1.699035738 4.346825179 0.006588622 
-1.480906337 4.429256384 0.003167095 
-1.638831432 4.369852774 0.018482497 
-1.474740547 4.425880759 -0.031210391 
-1.519955177 4.410945778 -0.029570385 
-1.703265850 4.344091324 0.029609390 
-1.597724100 4.384424473 0.013994517 
-1.654591875 4.360960176 0.000047515 
-1.709062083 4.338323960 -0.005149561 
-1.682619864 4.350763469 -0.009307805 
-1.694573788 4.345719382 -0.022152146 
-1.509447295 4.413634469 -0.055858860 
-1.512877036 4.410620574 -0.053453107 
-1.589813416 4.384754005 -0.008716305 
-1.608143659 4.377404630 0.002193812 
-1.666042260 4.358560376 -0.001901638 
-1.643967080 4.366253473 0.006211430 
-1.695239584 4.347472566 0.005430329 
-1.668785839 4.357957555 0.017535152 
-1.702016230 4.345098764 -0.001048646 
-1.703529686 4.344698890 -0.000398403 
-1.720625285 4.337607494 -0.001271184 
-1.734246812 4.331646155 0.001088456 
-1.587480804 4.390031957 -0.008731057 
-1.645029276 4.368059610 0.001546498 
-1.679168434 4.354552093 0.004636255 
-1.732753402 4.332296546 -0.000529126 
-1.629166988 4.374222858 0.000772287 
-1.623174830 4.376326310 0.005482442 
-1.693812337 4.348355410 -0.005885600 
-1.610518294 4.380841237 0.006006562 
-1.658367855 4.359807939 0.014847187 
-1.687717953 4.349951391 0.013672237 
-1.683675383 4.351268765 0.010727416 
-1.725584349 4.333259323 0.011714727 
-1.641473544 4.369518780 -0.001709174 
-1.654992186 4.364033070 -0.002467845 
-1.642061784 4.369077290 -0.000416451 
-1.632669036 4.372667566 0.000563030 
-1.573642268 4.390620251 -0.015734035 
-1.657848806 4.361965960 -0.004994245 
-1.663020509 4.359948285 0.008621029 
-1.692935418 4.347726663 0.009861741 
-1.464776439 4.429968952 -0.066291312 
-1.604950549 4.380803295 -0.019051024 
-1.616958500 4.377133218 0.007345972 
-1.683536717 4.350509537 0.010540150 
-1.661911461 4.360760797 0.000088978 
-1.581712863 4.390910691 -0.016929007 
-1.600185120 4.384083604 -0.000483657 
-1.623000165 4.375200291 0.000764721 
-1.578339488 4.392424662 -0.018721954 
-1.500329626 4.418835512 -0.043014997 
-1.681998699 4.353217180 0.004733114 
-1.720419040 4.337519566 0.003503358 
-1.613366896 4.379871933 -0.007151659 
-1.597984344 4.385892433 -0.006102491 
-1.609629407 4.381247202 -0.006428335 
-1.621631091 4.377026039 -0.003372272 
-1.510654057 4.410897331 -0.039744612 
-1.706093677 4.340462414 0.001065213 
-1.607559437 4.383410557 -0.018974103 
-1.514309350 4.412267686 -0.013276817 
-1.712261975 4.340950805 -0.003808163 
-1.669536665 4.358130024 -0.003486128 
-1.536336760 4.406954116 0.028197540 
-1.566491140 4.396131875 0.021683644 
-1.701614408 4.345307801 -0.004945902 
-1.691015566 4.349807861 -0.002541973 
-1.505438840 4.417113272 0.036304281 
-1.482005609 4.424958962 -0.033928913 
-1.727528652 4.334546010 0.000402764 
-1.654521650 4.364416877 -0.003439731 
-1.595735781 4.386020199 0.012765774 
-1.555991544 4.399902338 0.024611825 
-1.624791483 4.375431853 -0.008087667 
-1.595459004 4.386609342 -0.010957161 
-1.716000306 4.339169546 0.007275123 
-1.715926035 4.339323584 0.006819708 
-1.602272374 4.384027328 -0.012054791 
-1.656439238 4.363804945 0.003069274 
-1.736856305 4.330725633 0.005946138 
-1.735877182 4.331014567 0.002367095 
-1.536584507 4.406804051 -0.029892770 
-1.601733345 4.384216687 -0.008696637 
-1.627931653 4.374498940 -0.001356292 
-1.698647124 4.346489028 0.006067347 
-1.647477765 4.366700224 0.001117256 
-1.612851427 4.379934188 -0.007200129 
-1.689466729 4.350338343 0.006447851 
-1.503645086 4.418620004 -0.032587397 
-1.573565764 4.393560735 -0.023636581 
-1.501992919 4.417854735 -0.043133522 
-1.710040272 4.341906688 0.004382685 
-1.678488324 4.354807105 0.004786385 
-1.617533005 4.378234839 -0.005482563 
-1.605984058 4.382773784 -0.008079856 
-1.596678466 4.385942496 -0.012978958 
-1.705247004 4.343792529 0.006774434 
-1.657883155 4.363390173 -0.034069677 
-1.474297535 4.428616979 0.007292671 
-1.462767823 4.432822713 0.003829307 
-1.502171384 4.419645440 0.011497820 
-1.587416615 4.389380638 0.013741645 
-1.555688776 4.400438367 0.024234938 
-1.479187113 4.425553431 0.043039604 
-1.479197877 4.425575182 0.044267209 
-1.493914939 4.420993707 0.043771017 
-1.489733447 4.422380576 0.047104048 
-1.482060055 4.425036600 0.040018921 
-1.494686484 4.420517011 0.043317505 
-1.551253136 4.401829065 -0.024260366 
-1.589386529 4.389020526 -0.011383212 
-1.733808703 4.332026487 0.010861449 
-1.707866013 4.342752057 0.007928353 
-1.562023816 4.398916672 -0.016947171 
-1.695828027 4.347812341 0.005030284 
-1.732574345 4.332502642 0.008905546 
-1.675179891 4.356124581 0.006122339 
-1.665983776 4.359755580 0.005682872 
-1.588886504 4.389323310 -0.007960021 
-1.667844010 4.352876617 -0.021003382 
-1.681918267 4.350091760 -0.012940759 
-1.459094637 4.432637227 -0.043830625 
-1.453200230 4.435014839 -0.039649239 
-1.615842710 4.378862566 -0.004559089 
-1.557510643 4.399687800 -0.024728083 
-1.433844605 4.443015049 -0.030495477 
-1.467369575 4.430202427 -0.043326402 
-1.431210529 4.441941239 -0.043883249 
-1.701670406 4.342977898 0.024786327 
-1.517510315 4.412635769 -0.040374820 
-1.476292361 4.426551464 -0.048644003 
-1.576466229 4.392819803 -0.021596639 
-1.710597801 4.341514429 0.004798633 
-1.703897147 4.344427878 -0.002474030 
-1.697929195 4.346910741 -0.003373525 
-1.476261137 4.426641811 0.046193554 
-1.518957537 4.413045969 0.033601417 
-1.661957373 4.361251526 -0.002580433 
-1.706026479 4.343548083 -0.005691982 
-1.485207710 4.424149556 0.041995106 
-1.471942209 4.427651462 0.047872038 
-1.719442704 4.338008928 -0.000618405 
-1.703601477 4.344406714 -0.005630168 
-1.517158684 4.413518882 0.033951245 
-1.475584910 4.426559864 0.045349985 
-1.716800602 4.339077948 0.008494390 
-1.727100871 4.334662415 0.006691410 
-1.740581758 4.329203742 0.002914867 
-1.576554675 4.393121556 -0.022039727 
-1.630188607 4.373325164 -0.004287968 
-1.649338271 4.366329807 0.003664478 
-1.699939420 4.346198924 0.000092767 
-1.636499063 4.371368648 0.000758450 
-1.641589799 4.366410403 0.011015855 
-1.445072416 4.430532460 -0.051855853 
-1.608424696 4.381709768 -0.008629188 
-1.631018134 4.373432040 -0.004753904 
-1.566689094 4.397014131 -0.017759348 
-1.464726865 4.427747760 0.051581377 
-1.625126851 4.375318638 -0.006182228 
-1.470809271 4.428567568 -0.055918261 
-1.557518844 4.399719090 -0.022575195 
-1.491484957 4.421406940 -0.048740757 
-1.689211871 4.350390256 0.001958860 
-1.690376396 4.349772077 0.006182195 
-1.581736707 4.391364158 -0.011801836 
-1.644002000 4.368285756 -0.001526462 
-1.629114203 4.374124714 -0.003309717 
-1.628525272 4.374002743 -0.005035624 
-1.690845274 4.349755911 -0.003972715 
-1.671592279 4.357488623 -0.004468084 
-1.480884874 4.425142018 0.043237560 
-1.475402791 4.426951703 0.044985625 
-1.677283512 4.355343814 -0.004448723 
-1.650945179 4.365806308 -0.003027102 
-1.504782378 4.417201513 0.036082617 
-1.566002251 4.396616159 0.020995483 
-1.705688237 4.339990931 -0.004948978 
-1.488880576 4.418111561 -0.046323768 
-1.484625634 4.422074403 0.027415512 
-1.445905859 4.432785854 0.041929679 
-1.722855056 4.336386373 0.009094791 
-1.518186614 4.413220311 -0.035132992 
-1.737425008 4.330687333 0.008016813 
-1.693997451 4.348381341 0.006272787 
-1.595691349 4.386162230 -0.014413179 
-1.517736390 4.413197137 -0.033746745 
-1.734384843 4.331702513 0.001227309 
-1.738224675 4.329993126 0.004861041 
-1.501169104 4.418499230 -0.043076882 
-1.606681947 4.382095270 -0.010710915 
-1.682325442 4.353318638 0.009392030 
-1.706613800 4.343256706 0.008669993 
-1.609430503 4.379202582 -0.020367664 
-1.594623550 4.384847272 -0.031497718 
-1.715739393 4.337922487 -0.014328425 
-1.727896801 4.332569301 -0.010155259 
-1.611650333 4.380638594 -0.008062486 
-1.685510578 4.351775391 0.006108824 
-1.687960535 4.350888667 0.006408317 
-1.630557423 4.373558132 -0.000814746 
-1.564513943 4.397224013 -0.022861605 
-1.612383824 4.380129562 -0.007840633 
-1.717294208 4.338704542 -0.002093568 
-1.713555883 4.340256772 0.001637715 
-1.689472257 4.350455967 -0.003451278 
-1.669370564 4.358388148 -0.004348057 
-1.707382914 4.342979547 0.005894380 
-1.707437888 4.343174541 0.004955791 
-1.635981873 4.370542524 0.006323698 
-1.672448949 4.354817935 -0.006092078 
-1.684740769 4.352042074 -0.000752814 
-1.645494433 4.367003422 -0.016856337 
-1.698326582 4.346799027 -0.003619631 
-1.711783319 4.341173518 -0.000187975 
-1.725465365 4.335351380 -0.001133984 
-1.718609688 4.338250723 -0.002666078 
-1.478927393 4.425860453 0.009129727 
-1.452331055 4.430015206 -0.029986150 
-1.720531597 4.338624561 -0.008353057 
-1.678849892 4.356128004 -0.000344430 
-1.493395689 4.419595285 -0.046090240 
-1.565279181 4.396431214 -0.022277387 
-1.700553306 4.342233294 0.011417505 
-1.625830431 4.374243536 0.001999013 
-1.612327405 4.379509625 -0.007788105 
-1.611501453 4.379849609 -0.010422418 
-1.650169062 4.365563149 0.009083427 
-1.708197626 4.341855131 0.008419279 
-1.649139559 4.366250934 0.001171623 
-1.631709259 4.372895105 -0.003440066 
-1.637619242 4.370625025 -0.000984546 
-1.636211128 4.371365597 -0.000805719 
-1.628582058 4.374152859 -0.001849513 
-1.693005906 4.348670858 0.007089431 
-1.714071925 4.340106426 0.004209058 
-1.719599850 4.337760513 -0.002331175 
-1.700221707 4.346251909 -0.005421553 
-1.661041358 4.362565450 0.008098264 
-1.688603114 4.350603258 -0.015599809 
-1.660146969 4.363626554 -0.000739081 
-1.621262515 4.377744810 0.016209414 
-1.648966043 4.365372666 0.001704121 
-1.586973468 4.390482319 0.002680583 
-1.648311724 4.367105402 -0.016413814 
-1.536891353 4.406728149 0.027315619 
-1.590011500 4.388288320 0.013728029 
-1.709295981 4.342082962 -0.005874686 
-1.694116374 4.348439245 -0.004605043 
-1.622446091 4.376618904 0.005254422 
-1.636490499 4.371159498 0.001876224 
-1.650734436 4.365559035 -0.000050416 
-1.701603108 4.345121091 -0.005029614 
-1.455217521 4.431915653 -0.046252693 
-1.467857961 4.428127602 -0.033005206 
-1.403978088 4.446851784 -0.044114680 
-1.700627914 4.341820144 0.009894173 
-1.677469430 4.352747549 -0.012976119 
-1.642681679 4.368378907 -0.032904454 
-1.647121059 4.362904965 0.004301723 
-1.645599254 4.367063605 0.024516497 
-1.709957476 4.337170145 -0.008215992 
-1.641113967 4.365549416 -0.003202726 
-1.685361159 4.348134695 0.025557908 
-1.630742132 4.371613301 0.021907796 
-1.586295030 4.389920169 -0.016099012 
-1.607592913 4.381965049 -0.012514478 
-1.715735440 4.339422381 0.008549938 
-1.659220811 4.362144619 -0.000939166 
-1.703829268 4.344502977 0.002554889 
-1.658154496 4.362855925 0.001477548 
-1.624806900 4.375450673 -0.002487312 
-1.601522048 4.384253502 -0.009606605 
-1.563641386 4.397797953 -0.023288843 
-1.537957920 4.406863610 -0.027837892 
-1.695096624 4.347915821 0.007040494 
-1.668728769 4.358589672 -0.001088713 
-1.646743745 4.367429805 -0.000707297 
-1.628481929 4.374565075 0.002050814 
-1.648912861 4.366262852 -0.000137478 
-1.630668672 4.373541576 0.003059608 
-1.527424918 4.403829290 0.040164692 
-1.693695055 4.347863932 -0.000019845 
-1.476774257 4.425522558 -0.044283678 
-1.457383019 4.432130656 -0.036255017 
-1.696582385 4.347433576 -0.003856669 
-1.673984694 4.356772119 -0.003942997 
-1.619268511 4.377600492 0.004384919 
-1.611846919 4.380693876 0.007651746 
-1.573819062 4.394587318 -0.015880337 
-1.513189368 4.414912061 -0.035971800 
-1.687758204 4.350969937 0.008557777 
-1.673047893 4.356952769 0.006170676 
-1.565579292 4.396926371 -0.026391260 
-1.486039586 4.423751651 -0.047009799 
-1.701007226 4.345743131 0.007890575 
-1.685735263 4.351788572 0.007016636 
-1.522486190 4.411638731 -0.034706980 
-1.544740575 4.404274149 -0.028405949 
-1.682803788 4.352965360 0.008964862 
-1.665399148 4.360079884 0.003668797 
-1.707055778 4.342933655 0.004849557 
-1.598948445 4.385168750 -0.010392744 
-1.611734733 4.380501472 -0.005816517 
-1.688660932 4.350475758 0.004410508 
-1.718268965 4.338318494 0.005131226 
-1.706158030 4.343389213 0.003917014 
-1.705060417 4.343857115 0.003472878 
-1.709393300 4.342008994 0.002809882 
-1.666158850 4.357196270 0.000312205 
-1.579904322 4.393314750 -0.035161067 
-1.421402066 4.445028163 -0.014768507 
-1.702181556 4.345792474 -0.006910773 
-1.586715990 4.386717348 0.007947261 
-1.687898601 4.350801575 0.007140398 
-1.416722277 4.445596638 0.052273308 
-1.584926140 4.390095810 -0.046297280 
-1.638521206 4.370282788 -0.001708808 
-1.659726380 4.362309404 -0.005505597 
-1.698428696 4.345998312 0.005199722 
-1.704990592 4.343242544 0.003186873 
-1.695788853 4.347672680 -0.007894780 
-1.641571900 4.368875522 -0.000094845 
-1.650666983 4.365664468 -0.000172192 
-1.641544686 4.368298888 0.003176315 
-1.457777589 4.431231491 -0.055100364 
-1.476005484 4.425086798 -0.056692464 
-1.695472683 4.346724089 0.018499084 
-1.702591026 4.343439140 0.019855260 
-1.729088077 4.334137892 -0.027578207 
-1.442051707 4.436971121 -0.052278174 
-1.471316356 4.431429242 -0.039658513 
-1.625759137 4.374624888 0.022779306 
-1.626026256 4.370670714 0.007102850 
-1.520569750 4.408937202 -0.041747040 
-1.517317835 4.409951520 0.010482783 
-1.530702252 4.405442177 0.014445410 
-1.654432257 4.364428076 0.003910579 
-1.658794150 4.362481478 0.002467699 
-1.703669066 4.343872610 -0.002638274 
-1.689313866 4.349814912 -0.011603357 
-1.564695192 4.395158565 -0.014177983 
-1.692065026 4.349043454 -0.008503897 
-1.527407579 4.408078111 0.062880899 
-1.487844403 4.421769994 0.061994753 
-1.615393028 4.378228786 -0.006114622 
-1.696563336 4.347233930 0.007071330 
-1.679926983 4.353464553 0.001672929 
-1.644243172 4.367849685 -0.000703053 
-1.716695150 4.338971554 -0.004380590 
-1.716499028 4.339248251 -0.004994651 
-1.598341633 4.384969503 0.010716499 
-1.644953613 4.367644689 -0.002404408 
-1.705176141 4.343708028 -0.007227098 
-1.702744557 4.344785855 -0.004068134 
-1.541594526 4.404813152 0.029980028 
-1.574532009 4.393467030 0.018837709 
-1.707645472 4.346472987 0.022092472 
-1.662429430 4.358811686 0.000408381 
-1.699444496 4.344232752 0.019294112 
-1.425758003 4.443582471 0.009246648 
-1.561031075 4.396601094 -0.032491934 
-1.598330542 4.382381060 -0.015229336 
-1.726706784 4.332932452 -0.035520185 
-1.502647290 4.417502351 -0.015662501 
-1.700469734 4.344090886 0.002006723 
-1.693002793 4.347139861 -0.005959269 
-1.627078104 4.372204927 0.009522055 
-1.676710352 4.353728467 0.016305121 
-1.599795225 4.382573945 0.007772206 
-1.448167692 4.433200030 -0.034704177 
-1.524570020 4.406312187 -0.037910840 
-1.455497286 4.422108684 -0.029380493 
-1.540667370 4.405108328 -0.015395138 
-1.530798565 4.408992191 -0.029143320 
-1.454283672 4.434320490 -0.033531675 
-1.465068515 4.429587947 -0.046745993 
-1.585293661 4.390506478 -0.009823808 
-1.568209812 4.396596107 -0.014226618 
-1.703381776 4.344747802 0.002194937 
-1.699731014 4.346152966 0.002454075 
-1.587052361 4.389893815 -0.011186611 
-1.593525350 4.387298619 -0.006759856 
-1.707848316 4.342824135 0.005573982 
-1.681691750 4.353544079 0.004491053 
-1.655199465 4.364020737 -0.001658040 
-1.648119336 4.366807123 -0.001638816 
-1.515434815 4.413571873 0.033990856 
-1.572966981 4.394497088 0.016226445 
-1.657374866 4.363132183 -0.002191518 
-1.633665893 4.372220225 0.002332136 
-1.539005929 4.405694001 0.028248414 
-1.612640581 4.379957377 0.006466190 
-1.659873238 4.362311915 -0.001377904 
-1.708160659 4.342678548 0.000380805 
-1.605357439 4.382716330 0.007731947 
-1.580995630 4.391533099 0.012910306 
-1.655494306 4.363699352 0.001343244 
-1.636309134 4.371157229 -0.006346971 
-1.579196523 4.392192272 -0.018971952 
-1.581714698 4.391457948 -0.017938576 
-1.597371127 4.385571742 -0.010385292 
-1.647456926 4.367140937 0.003099543 
-1.578118022 4.392349800 -0.022032163 
-1.610468936 4.381216563 -0.004972911 
-1.615814335 4.379026265 -0.008840031 
-1.626911228 4.374673655 -0.004516987 
-1.688594230 4.350698871 0.009544495 
-1.604826293 4.383062214 -0.007963462 
