-2.199891188 5.717346760 0.022891080 
-2.217826014 5.710393669 0.021900115 
-2.320212021 5.667850772 0.009457525 
-2.304406794 5.674566263 0.008874661 
-2.135706995 5.742063186 0.011922546 
-2.175506751 5.727217223 0.018230707 
-2.324291873 5.666059098 0.008636460 
-2.316590536 5.669275987 0.008746415 
-2.237398383 5.702274168 0.024602206 
-2.237963608 5.702054576 0.025747204 
-2.285555221 5.682615575 0.018309022 
-2.294101211 5.678993474 0.014536646 
-2.197502766 5.718627515 -0.021262913 
-2.258060567 5.694314979 -0.017128034 
-2.209491654 5.713412452 -0.023649386 
-2.223568582 5.707920785 -0.025939469 
-2.301353367 5.675890177 -0.004760960 
-2.312282114 5.671538720 -0.000115603 
-2.206530360 5.714630267 -0.025162067 
-2.185725804 5.722849897 -0.022223725 
-2.246109507 5.699167354 -0.022827973 
-2.183643926 5.723941994 -0.019622554 
-2.208712335 5.713893285 -0.023312144 
-2.195819708 5.718939031 -0.022229119 
-2.098242568 5.756376617 0.009074972 
-2.093414443 5.757903385 0.007759478 
-2.244970763 5.699132415 0.022781939 
-2.228015409 5.706006701 0.023896458 
-1.994657381 5.791944120 -0.019590134 
-2.107441043 5.752621481 0.010461088 
-2.301632915 5.675840943 0.014180664 
-2.211633615 5.712669724 0.023631283 
-2.143830915 5.739514778 0.014511316 
-2.111845322 5.751384066 0.009382185 
-2.280800745 5.684504459 0.022207468 
-2.215658269 5.705634445 0.038971917 
-2.121987793 5.747356598 0.011403134 
-2.162788912 5.731745907 0.017669163 
-2.321705273 5.667033284 0.007290914 
-2.312284435 5.671179070 0.010516824 
-2.224248832 5.708007883 0.020872635 
-2.188544652 5.721614563 0.022241570 
-2.292243340 5.679494361 0.022973662 
-2.321037099 5.667275030 0.017656086 
-2.240048028 5.701610742 0.024177898 
-2.230016941 5.705371670 0.025657578 
-2.297568816 5.677486843 0.013858623 
-2.286335600 5.682169768 0.020585255 
-2.305068427 5.674357354 -0.011521716 
-2.267293007 5.690166276 -0.020521578 
-2.128428988 5.744435663 -0.013191327 
-2.094645484 5.756731540 -0.006024119 
-2.302747413 5.675645305 -0.003988247 
-2.303787690 5.674810159 -0.008766452 
-2.224463474 5.707311564 -0.028702060 
-2.156780213 5.734008891 -0.019631111 
-2.301397130 5.675673202 -0.020120252 
-2.230726609 5.705203739 -0.020199395 
-2.112349213 5.750546094 -0.009254405 
-2.105974800 5.752945005 -0.007292573 
-2.104360695 5.753502765 0.008421402 
-2.100584735 5.754433397 0.005416781 
-2.237810296 5.702284552 0.024194542 
-2.274117054 5.687242925 0.018602043 
-2.135018098 5.742032394 0.013144427 
-2.081138846 5.761609850 0.002184568 
-2.275235532 5.687031878 0.019679872 
-2.241737133 5.700987711 0.015332260 
-2.119043240 5.747998539 0.014216790 
-2.095851220 5.756548078 0.004123155 
-2.263423753 5.691670536 0.023590258 
-2.297387229 5.677740897 0.002477168 
-2.139480650 5.740503248 0.017635601 
-2.157201761 5.733898176 0.017905695 
-2.240566922 5.701029759 0.023431345 
-2.138915475 5.740998224 0.016818937 
-2.138136878 5.741140690 0.017102635 
-2.193725641 5.719734155 0.022521559 
-2.245581790 5.698911741 0.024422902 
-2.311759701 5.671211338 0.012632771 
-2.149781703 5.736685458 0.017842427 
-2.094072016 5.757381362 0.003028369 
-2.222645933 5.708358325 0.024693568 
-2.181338431 5.724004474 0.025601604 
-2.133214602 5.742540869 -0.015125455 
-2.166836478 5.729940706 -0.020869704 
-2.186251790 5.722329829 -0.026304604 
-2.136389448 5.741523366 -0.016993367 
-2.134054398 5.742298025 -0.014852005 
-2.081986375 5.761262781 -0.004199153 
-2.189625910 5.720908430 -0.025461872 
-2.197522815 5.718287481 -0.024721741 
-2.185429611 5.723324308 -0.022061765 
-2.172782550 5.728351737 -0.020831830 
-2.168412624 5.729035057 -0.024599797 
-2.158179063 5.733406795 -0.020746272 
-2.111716877 5.751101087 0.013361353 
-2.104815145 5.753798465 0.010228323 
-2.171259721 5.728404078 0.023845493 
-2.161834988 5.732320616 0.020482815 
-2.087365053 5.760570607 0.006477481 
-2.070761383 5.766331626 0.003283495 
-2.251868912 5.696556680 0.027548398 
-2.266972079 5.690387383 0.022235282 
-2.177146774 5.725940105 0.022522886 
-2.112479042 5.750947340 0.010127267 
-2.149721852 5.736590771 0.016455211 
-2.274496704 5.687227552 0.025359615 
-2.191150054 5.720521325 0.024098208 
-2.210833672 5.712634433 0.028472675 
-2.308459785 5.672603045 0.002753657 
-2.333866177 5.661378451 -0.003181671 
-2.194927215 5.719519512 0.021582171 
-2.050772909 5.772297462 -0.009695251 
-2.308183487 5.672714048 -0.000260468 
-2.315680279 5.669360526 -0.000567588 
-2.276269589 5.684179169 -0.006355638 
-2.103996326 5.750022484 0.030413082 
-1.965673891 5.799121313 -0.000189769 
-2.227993085 5.701670741 0.040699711 
-2.112448327 5.750255578 -0.010308620 
-2.084671932 5.760730951 -0.002743667 
-2.326646879 5.664834016 0.007953425 
-2.344435549 5.657221959 0.007365187 
-1.986446327 5.794047514 0.020937356 
-2.047148273 5.773645420 0.004239849 
-2.287761182 5.681836125 -0.019105356 
-2.144246991 5.738815035 -0.017305791 
-2.278333126 5.682252863 -0.015694362 
-2.289637152 5.679992611 -0.007207464 
-2.255452470 5.695088172 -0.017250517 
-2.222983665 5.708303188 -0.020943775 
-2.242697879 5.696505703 0.008683541 
-2.118828960 5.745069760 0.035838127 
-1.939431161 5.806277749 -0.033642478 
-2.010479313 5.784213370 -0.016828124 
-2.212210133 5.715725251 -0.027722859 
-2.051486929 5.772048728 -0.015939840 
-2.268062018 5.689049218 0.045078353 
-2.305666327 5.674253030 0.040304403 
-2.286936396 5.682014091 0.003855943 
-2.150002895 5.732715437 0.025626104 
-2.283316520 5.679162142 0.034870646 
-2.325172119 5.661657941 0.015589509 
-2.153066069 5.734853718 0.016324272 
-2.192436237 5.720238816 0.022656785 
-1.920952149 5.816519224 -0.030173391 
-1.922784696 5.816002681 -0.035914375 
-2.309136596 5.672800806 0.039521944 
-2.014139175 5.785371799 -0.028556710 
-2.088125761 5.758236912 0.024207767 
-2.152060225 5.734331523 0.002786345 
-2.169261902 5.729357960 0.021717595 
-2.112290560 5.750719532 0.011572906 
-2.185763218 5.722841022 0.021467585 
-2.188605422 5.721675475 0.021677381 
-1.883235719 5.825855612 0.042283752 
-2.413543018 5.620720819 -0.034095912 
-1.979806292 5.790729966 -0.078688267 
-1.856127410 5.828974297 -0.135550799 
-2.147149499 5.737583016 -0.014801391 
-2.234612759 5.703214470 -0.023837755 
-2.085194170 5.758994898 -0.011871331 
-2.096018519 5.755216329 -0.012407798 
-2.193999315 5.719146917 -0.024145407 
-2.162005913 5.731931121 -0.017991926 
-2.106714775 5.752022232 -0.009672337 
-1.962678686 5.801521917 0.026500585 
-1.992224157 5.792196215 -0.013162841 
-1.962953813 5.802284356 -0.022911471 
-2.243180284 5.700156798 0.023271312 
-2.264476775 5.691345179 0.022980192 
-1.986500019 5.794218426 -0.021573094 
-2.053560909 5.771344154 -0.004950803 
-2.270981065 5.688707851 0.010419880 
-2.228071219 5.705841061 0.026758691 
-2.134491957 5.742060726 0.016233608 
-2.157309109 5.733779710 0.022898946 
-2.220570937 5.709434030 0.023522042 
-2.236747409 5.702447500 0.026383850 
-2.097889034 5.755856952 0.009183574 
-2.026606808 5.780033388 -0.004696675 
-2.241301822 5.700782303 0.022883917 
-2.205894830 5.709532529 0.047157860 
-2.225281362 5.707093384 0.023203430 
-2.261082413 5.692558879 0.019126079 
-2.117880313 5.748292797 0.013493405 
-2.154267757 5.734713817 0.021443951 
-2.159692529 5.733040804 0.015954415 
-2.181829509 5.724454815 0.019520845 
-2.193437968 5.719255043 0.026405208 
-2.212906889 5.712164201 0.023913974 
-2.254642110 5.694471884 -0.024038645 
-2.261665502 5.692660750 -0.012665630 
-2.202966662 5.713122241 -0.030991825 
-2.239923113 5.700322394 -0.028290335 
-2.154809192 5.730231770 0.001451200 
-2.231569575 5.697353068 -0.037184973 
-2.096414653 5.752613013 0.002740983 
-2.279878074 5.677441374 0.006135644 
-2.185855006 5.722727354 -0.023898054 
-2.229601773 5.704970249 -0.026994482 
-2.197748932 5.717656275 -0.020112528 
-2.185303688 5.722446070 -0.020193708 
-2.008257763 5.782355588 -0.030285997 
-2.022536292 5.777652104 -0.024516240 
-2.262558625 5.687598365 -0.033964530 
-2.276661437 5.681525689 -0.027002205 
-2.160645122 5.732877817 0.018044574 
-2.153794301 5.735409849 0.016433819 
-2.318886374 5.667883209 0.011364261 
-2.330150119 5.662982727 -0.004692928 
-1.828023990 5.842737395 -0.046583264 
-1.888068580 5.825433205 -0.064846251 
-2.452603080 5.605705631 0.039998113 
-2.165209508 5.727157334 0.058583402 
-2.377104999 5.641935862 0.003378564 
-2.286450238 5.677460921 -0.027306619 
-1.865711393 5.837605529 -0.088510943 
-1.910390154 5.821810517 -0.086265883 
-2.119139209 5.747728907 0.014824401 
-2.121972626 5.746886627 0.011372024 
-2.149802427 5.736056516 0.021679852 
-2.190625005 5.720201074 0.027391039 
-2.188005031 5.722442603 0.038902139 
-1.928581450 5.808980880 -0.040287561 
-2.146391962 5.736249714 -0.023490838 
-2.058802572 5.764352960 -0.024917803 
-2.302389455 5.675508391 -0.011269190 
-2.309551379 5.672690251 -0.005645401 
-2.053400429 5.772073336 0.001985629 
-2.208952521 5.713497184 -0.028870689 
-2.285543812 5.678572222 -0.017818625 
-2.285241699 5.680436974 0.013300932 
-2.161294258 5.730611758 -0.037550527 
-2.143867089 5.738795164 0.022412510 
-2.286841036 5.679653258 -0.012745446 
-2.303088834 5.669881758 -0.013024486 
-2.054100406 5.769592747 -0.001221342 
-2.188651178 5.719091034 -0.042521738 
-2.092377164 5.757082551 0.000221163 
-2.033686301 5.778323279 -0.015962593 
-2.165331434 5.730670580 0.020792360 
-2.121701472 5.746790392 0.011142061 
-1.993012117 5.791990120 -0.027501689 
-1.974561842 5.798437190 -0.029314247 
-2.185106846 5.722836041 0.023913485 
-2.254919633 5.695019045 0.031845496 
-2.303068365 5.671100817 0.035224341 
-1.961489292 5.799442957 -0.016817187 
-2.029810159 5.779557827 -0.008886878 
-1.950516692 5.803786448 -0.025923888 
-2.152414963 5.734635624 0.013524830 
-2.157940234 5.731994556 0.011404285 
-2.030409137 5.778452596 -0.006834907 
-2.114561520 5.748209769 0.016744571 
-1.934820268 5.803109206 0.143684205 
-1.953795123 5.800278858 0.117441498 
-2.077229552 5.760146638 0.018169153 
-1.884231147 5.827903365 -0.083063062 
-2.033923384 5.778126486 -0.016111375 
-2.066215724 5.766752236 -0.004215532 
-2.039618363 5.775054521 -0.012013098 
-2.185700809 5.721560777 0.025194299 
-2.312656909 5.669363052 -0.009177328 
-2.081005694 5.760494933 0.007806206 
-1.978780551 5.799113195 0.040363738 
-1.993904886 5.791091048 0.047063912 
-2.065012080 5.767363063 0.005769833 
-1.982277824 5.795396116 0.021123360 
-1.922047797 5.816184959 0.024682976 
-1.916424145 5.817895128 0.027181854 
-2.191052089 5.720870862 -0.023229022 
-2.261023540 5.692697861 -0.019262363 
-2.055396925 5.771367297 0.001832893 
-2.008807522 5.786858513 0.015740712 
-2.095151361 5.756854430 0.005780349 
-2.072218716 5.764650211 0.001949172 
-2.191108398 5.720729252 0.023758986 
-2.212881573 5.712007982 0.024127087 
-2.151734455 5.735534239 0.021313069 
-2.135784439 5.741607520 0.016632591 
-2.189537914 5.721397679 0.022904413 
-2.153860279 5.735200398 0.017279005 
-1.962131374 5.802886559 -0.029943640 
-2.113970079 5.749968182 0.009696004 
-2.217000128 5.710211095 0.025618899 
-2.138337908 5.740614706 0.013026804 
-2.181914856 5.724507646 0.022072504 
-2.135012701 5.742488590 0.014632309 
-2.248378214 5.698018601 0.024545309 
-2.179009950 5.725392844 0.018378366 
-2.211348879 5.713006242 0.021916996 
-2.100507284 5.754820958 0.010250226 
-2.050271069 5.772257672 -0.011429502 
-2.310088263 5.671923572 0.017073413 
-2.180090411 5.725005552 0.024682868 
-2.166044338 5.729383919 0.016669957 
-2.277224967 5.684754708 0.008683881 
-2.196212310 5.718686575 0.021390645 
-2.257704904 5.690610804 -0.041540111 
-2.140901266 5.733571087 -0.036856867 
-1.871013280 5.833010991 -0.098671897 
-2.176242940 5.730841508 0.000208239 
-2.150138348 5.735915601 -0.017557520 
-2.151545148 5.735459583 -0.019495975 
-2.225015908 5.705824848 -0.018224215 
-2.234657290 5.701872505 -0.021257736 
-2.080861367 5.757735267 -0.015444879 
-2.113962469 5.747015908 -0.002288745 
-1.933192904 5.810973639 0.011813628 
-2.292287915 5.674212940 0.022224876 
-2.170743405 5.728809566 0.024717530 
-2.119772755 5.747993643 0.010764980 
-2.110020222 5.750717649 0.047988687 
-2.044839649 5.774685574 0.000473188 
-2.019561325 5.774848137 0.007512277 
-2.009061801 5.776318106 0.027790914 
-2.348083836 5.653164694 -0.025295675 
-2.394332718 5.632412020 -0.003994167 
-2.348464767 5.649020696 0.011183042 
-2.270557425 5.682531634 0.034702888 
-2.235600417 5.700440546 0.019173985 
-2.201197596 5.713334004 -0.006646525 
-2.113704599 5.750145570 0.011597237 
-2.145821045 5.738191480 0.015539501 
-2.344248695 5.657238381 0.025366976 
-2.268481970 5.689809521 0.023863755 
-2.194242657 5.719448007 0.022378857 
-2.173159050 5.727354338 0.020875696 
-2.231913935 5.704577993 0.027203172 
-2.244500725 5.699372744 0.025704269 
-2.140325602 5.740381707 0.011831212 
-2.166956903 5.730300182 0.018838776 
-2.306045055 5.673892957 0.004072258 
-2.328786693 5.664263752 0.015693156 
-2.165516976 5.730739900 -0.018994030 
-2.221934829 5.708681889 -0.021057303 
-2.266788248 5.690343695 -0.021385962 
-2.251855647 5.696452956 -0.018311123 
-2.236286320 5.703496228 -0.017740642 
-2.272615289 5.688355834 -0.012609164 
-2.216548738 5.710804492 -0.019420092 
-1.858083786 5.834786966 0.002117580 
-2.246921282 5.698863696 -0.021761408 
-2.294430868 5.679028120 -0.013311263 
-2.278137230 5.685538748 -0.019494251 
-2.234084972 5.702814610 0.030327087 
-2.282067803 5.679552533 0.012188664 
-2.250530132 5.695209322 0.008427081 
-2.221685142 5.706855106 0.023489544 
-2.307092342 5.672475406 -0.012289757 
-2.211494805 5.712761498 0.025850198 
-2.150008349 5.736432518 0.020993347 
-2.302812086 5.675335523 0.018532264 
-2.318196092 5.668715848 0.010777240 
-2.301112536 5.675551571 0.009030497 
-2.194355377 5.719722140 0.022655250 
-2.278147162 5.685620017 0.025397404 
-2.269703803 5.689323237 0.022760820 
-1.853855047 5.833649066 0.121008813 
-1.937106229 5.807415253 0.102129527 
-1.851731518 5.842176472 -0.093883899 
-1.912354420 5.821518852 -0.088099869 
-2.020821213 5.782715693 -0.010597946 
-2.055791369 5.770714462 -0.003216492 
-2.120205513 5.745700103 0.018267824 
-2.139939351 5.738305943 0.022781676 
-2.218865407 5.703340360 0.029503766 
-2.121158926 5.745825697 0.006235899 
-2.143437725 5.736170483 0.021614077 
-2.177716386 5.723130934 0.024086138 
-2.180640877 5.724748261 -0.019755348 
-2.193746940 5.719710179 -0.021665549 
-2.048622863 5.773844880 0.004945546 
-2.117577169 5.748979505 -0.011968890 
-2.310859745 5.668060380 -0.013839073 
-2.157365421 5.731712813 -0.006879546 
-1.989016183 5.791978170 0.056568889 
-2.171504890 5.724656902 0.000031553 
-1.895225803 5.822238326 0.034833503 
-2.092388140 5.757120740 0.002884738 
-2.228434160 5.702923006 -0.042892259 
-2.073484682 5.763820849 0.010955685 
-2.153134210 5.734666880 0.015957382 
-2.153300048 5.735128661 0.019560929 
-2.006876743 5.787660181 -0.025477255 
-2.026307888 5.780730724 -0.017971708 
-2.087096507 5.759066003 0.000276321 
-2.194837094 5.719242770 0.025203355 
-2.192275171 5.720205804 0.025662931 
-2.081493969 5.761010600 -0.003636079 
-2.035059071 5.777518705 -0.013532444 
-2.063696684 5.767553909 -0.003089849 
-2.016437420 5.783847169 -0.021320391 
-2.134353282 5.742273102 0.015428696 
-1.923056678 5.815907496 -0.020500802 
-1.992709274 5.792175117 -0.014858751 
-2.074180988 5.763976329 0.001513075 
-2.136154258 5.741619863 0.015306928 
-1.939278754 5.801479762 0.149338145 
-1.953140490 5.800684549 0.110749205 
-1.868700334 5.833767346 -0.087096105 
-1.948356390 5.809950651 -0.086419009 
-1.948589734 5.807398497 -0.030914973 
-1.961704652 5.802903491 -0.028368201 
-2.144374805 5.738273201 0.014896063 
-2.189822163 5.720745274 0.020468977 
-2.146393501 5.738183756 -0.018095867 
-2.144461475 5.738703673 -0.016492387 
-1.980962822 5.796232678 0.016856286 
-2.044215472 5.774522836 0.002239855 
-2.184295673 5.723278654 -0.024816175 
-2.170801752 5.728761614 -0.021168205 
-1.939561582 5.810467810 0.008857479 
-2.107334938 5.752592338 -0.008973688 
-2.127737542 5.744868518 -0.011368375 
-2.137851391 5.741102849 -0.013807732 
-2.106992803 5.752644807 -0.009852958 
-2.110122091 5.751397719 -0.012988656 
-2.202874098 5.715511329 0.027285926 
-2.172066065 5.727662990 0.024128129 
-2.097784007 5.755650896 -0.000628188 
-2.157425918 5.733679053 0.017042705 
-2.283213181 5.683475705 0.030021249 
-2.228643235 5.705563159 0.031142951 
-2.103235273 5.753706097 -0.004545932 
-2.107612804 5.752492094 -0.002485215 
-2.124693032 5.745902062 0.010976680 
-2.000600723 5.786334241 -0.042171159 
-2.129641532 5.744343464 0.012950429 
-2.053900538 5.770210702 -0.040743262 
-2.079411247 5.762331160 0.003738332 
-2.080868658 5.760964637 -0.000435246 
-1.967826091 5.800871237 -0.022224706 
-2.070526420 5.766106750 0.006166407 
-2.308608524 5.671074008 0.006664947 
-2.282484379 5.682058674 -0.004190186 
-2.037038283 5.775781484 0.003502474 
-2.284111452 5.683609023 -0.028036113 
-2.193627536 5.719353596 0.026030768 
-2.022971468 5.782639828 -0.011776319 
-2.133970710 5.742629591 0.011786913 
-2.133961188 5.742471959 0.014231239 
-1.937588154 5.801891643 -0.144100087 
-1.953396877 5.799854548 -0.121409893 
-2.122798345 5.743524134 -0.007544672 
-1.875449851 5.830919374 0.084303866 
-2.168883848 5.728001155 -0.015172756 
-2.118094818 5.746573450 -0.004510326 
-2.063963920 5.766545715 -0.003329975 
-2.038191987 5.775186150 0.005624569 
-2.173318205 5.727380094 -0.018524590 
-2.145715486 5.737748649 -0.015237132 
-2.149968651 5.735247232 -0.021163651 
-2.035308772 5.776749406 0.011246649 
-2.141811512 5.739747675 0.015934396 
-2.132010398 5.743485131 0.014958136 
-2.306353902 5.673647044 0.020133179 
-2.251092485 5.696708945 0.025313876 
-2.327638836 5.664655939 0.004349912 
-2.293926672 5.678936384 0.011250165 
-2.240311650 5.701585631 0.013188608 
-2.246720800 5.698468571 0.023485677 
-2.214831526 5.711475797 0.026365304 
-2.208302868 5.713501192 0.026603750 
-2.290722590 5.680737858 -0.009041904 
-2.307159163 5.673606450 -0.004389357 
-2.091650929 5.755800963 -0.005487772 
-2.133463607 5.740068995 0.012369445 
-1.955624772 5.804462433 -0.015426066 
-2.197741768 5.716127724 0.034901703 
-2.247470234 5.698373890 0.021390285 
-2.260374883 5.693306158 0.015846136 
-2.207224910 5.714348676 0.023690203 
-2.304439746 5.674471057 0.023074038 
-2.043068910 5.775321788 -0.004036119 
-2.067527880 5.767062524 -0.002537218 
-2.262498976 5.691914616 0.025320019 
-2.290844110 5.680443308 0.012339593 
-2.139004880 5.740734862 -0.016329989 
-2.235821715 5.702932288 -0.023331641 
-2.303756547 5.674677072 -0.013123324 
-2.162258635 5.731550619 -0.021479701 
-2.138574504 5.737325706 0.007054420 
-2.259609582 5.686619024 -0.016716396 
-2.243200611 5.696887898 0.035379989 
-2.216611433 5.708811685 0.029158909 
-2.262689467 5.691821090 -0.024978048 
-2.283146873 5.683531433 -0.023996924 
-2.225829701 5.706690477 -0.022329157 
-2.194491534 5.719211243 -0.020028587 
-2.045196325 5.772815149 -0.017094555 
-2.087914983 5.756376561 0.020102064 
-2.214270786 5.706931938 -0.042556832 
-2.249589722 5.696314963 0.002488293 
-2.122646242 5.745143152 -0.005877115 
-1.966532870 5.799531073 -0.054179737 
-2.260902071 5.688765003 0.026802081 
-2.217531083 5.705233905 0.032110774 
-2.027117671 5.777679352 -0.009944449 
-2.198652498 5.716757950 0.018725750 
-2.330574800 5.659939444 0.026594840 
-2.262058699 5.687728308 0.018267601 
-2.183916864 5.723244250 0.023283586 
-2.264273418 5.691345803 0.018969096 
-2.121308263 5.747065359 0.014279735 
-1.947668006 5.811649891 -0.058944721 
-2.299785525 5.675819227 -0.002976880 
-2.309515304 5.671476576 -0.000877740 
-2.016812431 5.783470292 -0.008919095 
-2.005591093 5.787078942 -0.015036069 
-1.951623014 5.801805131 -0.028718322 
-1.977680427 5.793052538 -0.023622303 
-2.264178607 5.687332270 -0.024287703 
-2.220808003 5.704426342 -0.047627427 
-2.270452372 5.688132343 -0.012472352 
-2.298112223 5.677171290 -0.012148429 
-2.157640889 5.733667666 -0.018927771 
-2.061455048 5.769090527 0.000192566 
-2.163989383 5.728859459 -0.019262499 
-2.093989414 5.755265278 0.011255221 
-2.183010241 5.722304036 -0.035532764 
-2.081909175 5.760103348 -0.026267006 
-2.298635158 5.676906731 -0.007850045 
-2.278794257 5.685100069 -0.004978363 
-2.143408276 5.738632185 -0.017212818 
-2.203610279 5.715265797 -0.024934870 
-2.170072609 5.728673782 0.019793935 
-2.030900898 5.779771839 -0.018133983 
-2.305908354 5.674179538 0.009607916 
-2.295396350 5.678402448 0.019188917 
-2.000599669 5.789397223 -0.017389098 
-2.007346571 5.787297488 -0.020743968 
-2.099339482 5.755090360 0.004849396 
-2.220247858 5.709042568 0.024950671 
-1.968176851 5.803636067 -0.057912942 
-2.182042100 5.721556816 0.037930556 
-2.354489680 5.655046204 0.028541577 
-1.994872075 5.791876392 -0.032655546 
-2.110712250 5.751087917 0.008315258 
-2.179938292 5.724566172 0.022092888 
-2.029061001 5.778812233 -0.006326122 
-2.078035061 5.761939360 0.006177113 
-1.907163969 5.819262246 -0.041305290 
-1.909571597 5.817840792 -0.056452744 
-2.146058524 5.733095440 0.031430606 
-2.271106136 5.682633494 0.024905141 
-2.089066685 5.758680436 0.006844216 
-2.110827670 5.750724529 0.009087895 
-2.056661253 5.769581484 -0.005677876 
-2.144521374 5.737716964 0.017559207 
-2.212843218 5.712251803 -0.057032493 
-2.099198469 5.755065092 0.004693200 
-1.934124536 5.814273316 0.037165370 
-2.045091627 5.772939473 0.024453363 
-2.158521578 5.733310543 -0.018915781 
-2.229800869 5.705254720 -0.027468417 
-1.901827713 5.822919006 0.018062493 
-1.911885439 5.819464678 0.027020946 
-2.274253265 5.686997724 -0.027290466 
-2.244452029 5.699659867 -0.023987674 
-2.051957833 5.772070205 0.005273770 
-2.007100516 5.787104043 0.010823539 
-2.250848450 5.696755157 0.025324105 
-2.191939375 5.720834772 0.020293874 
-2.309529540 5.672033433 0.028722551 
-2.314463736 5.670114110 -0.017022776 
-2.249447453 5.697406092 0.025782943 
-2.319984786 5.667824813 0.005441729 
-2.320733614 5.667396905 0.020100453 
-2.230387364 5.705009630 0.029056796 
-2.179105813 5.725743109 0.020119287 
-2.150880638 5.735690233 0.020829165 
-2.329453646 5.663707648 0.005576307 
-2.271142367 5.688468977 0.021917195 
-2.021576564 5.782568787 -0.016840091 
-2.140441774 5.740193778 0.013633450 
-2.221084871 5.709125014 0.024979422 
-2.252123694 5.696276976 0.027767737 
-2.116447262 5.749542807 0.007684935 
-2.035276375 5.777964789 -0.013223553 
-2.317049022 5.669113266 0.006377960 
-2.313758415 5.670353402 0.009019877 
-2.296590521 5.677228290 0.003358128 
-2.314802672 5.666011306 0.025823019 
-2.198857719 5.717918187 0.021081735 
-2.269721951 5.688915693 0.019361773 
-2.024549941 5.781683528 0.019534175 
-2.025635419 5.780501783 0.010652172 
-2.302386790 5.674938099 0.008299042 
-2.310541366 5.671470236 0.008553183 
-2.213900622 5.711587107 -0.022931166 
-2.145827715 5.738593509 -0.015334343 
-2.310738453 5.671435566 0.012685690 
-2.308278642 5.672546809 -0.002984735 
-2.201572777 5.712403640 -0.041050057 
-1.958544287 5.800451835 0.019364441 
-2.256365846 5.691499189 0.016773039 
-2.268698136 5.686068477 -0.031929197 
-2.094662804 5.755481159 -0.001832356 
-2.188389124 5.723887217 -0.011134937 
-1.997447496 5.794126264 -0.014682740 
-2.269300627 5.687518044 0.052164938 
-2.213155293 5.708607127 0.021129464 
-2.288061743 5.679878450 0.009134897 
-2.258773743 5.689770392 -0.010417222 
-2.266573019 5.684785818 -0.026810637 
-1.928152589 5.810217041 -0.041355364 
-1.898421623 5.820394291 0.016625825 
-2.291126645 5.676868805 0.036972773 
-2.316904758 5.666437042 0.014908035 
-2.125588186 5.745767068 0.010400563 
-2.067169561 5.766676646 -0.005304153 
-2.322529844 5.666768539 0.020799382 
-2.320303529 5.667830654 0.007828077 
-2.122528003 5.746473763 0.008417124 
-2.136998399 5.741436468 0.015437622 
-2.197310417 5.718219230 0.022136836 
-2.142562934 5.739389376 0.016546785 
-2.025340368 5.781302191 -0.023333275 
-2.063352338 5.768093701 -0.013290580 
-2.206932225 5.714519933 0.022659604 
-2.235258620 5.702850937 0.029735406 
-2.137688843 5.741487428 -0.013495624 
-2.197479486 5.718074215 -0.024474620 
-2.157354440 5.733434145 -0.019077620 
-2.181799180 5.724197970 -0.024809503 
-2.162367613 5.732002103 -0.018509712 
-2.151981595 5.735938259 -0.016311053 
-2.035204533 5.778397862 0.007263700 
-2.114050588 5.750297569 -0.011957978 
-2.119530605 5.748356385 -0.011308498 
-2.220000228 5.709411859 -0.026712918 
-2.143369518 5.738874979 -0.017743642 
-2.238773818 5.701675766 -0.025299995 
-2.052600711 5.772175262 0.000558193 
-2.095971599 5.756670637 0.006766007 
-2.220154087 5.709385218 0.025532444 
-2.223228402 5.708089385 0.023844663 
-2.117766556 5.748985544 0.015082851 
-2.096407538 5.757162221 0.011913770 
-2.265146700 5.690862609 0.027417912 
-2.292131967 5.679852960 0.021231225 
-2.152366181 5.735519759 0.018747547 
-1.974382657 5.798840657 -0.027758086 
-2.325500165 5.665535727 0.025301160 
-2.282962010 5.684032291 0.022816443 
-2.114733893 5.749626948 0.009427638 
-2.080528864 5.761907615 0.000492455 
-2.286730712 5.682138389 0.018880166 
-2.257381877 5.694332077 0.020783643 
-2.147771267 5.737174012 0.017450707 
-2.153443556 5.735048415 0.017247642 
-2.256515467 5.694455036 0.024971020 
-2.218615620 5.710027834 0.023187638 
-2.140226137 5.740333709 0.014541027 
-2.176876350 5.726413731 0.021314574 
-2.250580656 5.697014253 0.023748366 
-2.224825934 5.707324862 0.026538334 
-2.257658417 5.694543040 -0.014079629 
-2.292215229 5.679973478 -0.008410425 
-2.243300083 5.699656374 -0.024768275 
-2.180989883 5.724448986 -0.026234753 
-2.235828357 5.703380328 -0.021096272 
-2.213175624 5.712566898 -0.019228614 
-2.232836819 5.703867505 -0.028524852 
-2.219663113 5.709051791 -0.025274127 
-2.270617345 5.688972974 -0.017232716 
-2.274470229 5.687392236 -0.017423810 
-2.158384589 5.732826150 -0.025508971 
-2.078496625 5.762746156 -0.004433706 
-2.191184648 5.720594426 0.027168579 
-2.220734402 5.708753972 0.029058410 
-2.330076202 5.663526148 0.009791851 
-2.298391883 5.677158653 0.016687155 
-2.196325390 5.718631505 0.024913664 
-2.253648460 5.695643407 0.017699860 
-2.312812341 5.670908814 0.012612930 
-2.326556118 5.665176762 -0.005009852 
-2.141660773 5.739684791 0.018661880 
-2.173032131 5.727771162 0.021773296 
-2.248770467 5.697622658 0.026550522 
-2.337947852 5.660296768 0.004383281 
-2.186269750 5.722649969 0.020277969 
-2.225735860 5.707216580 0.024112729 
-2.273088680 5.687815513 0.021152805 
-2.313398089 5.670869036 0.000058907 
-2.142372585 5.739806714 0.016472929 
-2.162229499 5.732369296 0.020574105 
-2.307213054 5.673688674 -0.004360651 
-2.274737719 5.687038002 0.023756249 
-2.170955217 5.728769939 0.018023718 
-2.139649785 5.740670601 0.021032416 
-2.327840479 5.664649662 0.005665573 
-2.290714188 5.680406065 0.017337930 
-2.281795324 5.684171658 -0.013951685 
-2.296020043 5.678157751 -0.012532586 
-2.281491508 5.684122139 -0.023605572 
-2.254289801 5.695480620 -0.024363939 
-2.286855041 5.682260602 -0.015856807 
-2.302461509 5.675531244 -0.017041569 
-2.286001917 5.682104934 -0.021381521 
-2.311111616 5.671751769 -0.017147325 
-2.250878442 5.696999021 -0.019289704 
-2.319210204 5.668332727 -0.010256630 
-2.314204451 5.670370703 -0.010379198 
-2.290213469 5.680942600 -0.008854291 
-2.137145255 5.741347469 0.015449222 
-2.205103373 5.715443664 0.023577130 
-2.181765668 5.724486963 0.019374260 
-2.223517172 5.708023403 0.024594065 
-2.154101370 5.734995865 0.020236668 
-2.181525082 5.724319394 0.025349501 
-2.269314671 5.688968930 0.024582920 
-2.314799778 5.670351240 0.005224076 
-2.024521056 5.779151719 0.015381358 
-2.076100715 5.763068427 0.006259988 
-2.286775934 5.682166604 0.011078638 
-2.296347929 5.678421782 0.004806421 
-2.176100381 5.726618337 0.019376547 
-2.151125746 5.736272678 0.016122215 
-2.132191910 5.743520623 0.014805384 
-2.106844707 5.752554876 0.008185940 
-2.057196146 5.770480859 -0.006951608 
-2.146061524 5.738199885 0.015108092 
-2.147286046 5.737823779 0.015083479 
-2.091107331 5.758671196 0.001898046 
-2.100399230 5.754757368 0.001973287 
-2.053608500 5.771135567 -0.015798921 
-2.152437560 5.735784247 0.016837106 
-2.228510988 5.706063994 0.022706464 
-1.935605238 5.802923539 -0.138139197 
-1.962699912 5.797779151 -0.096780057 
-1.938495532 5.812859889 -0.082005070 
-2.244966460 5.695600399 -0.000187842 
-2.159371720 5.733616151 -0.015619801 
-2.079065116 5.762100442 -0.003701583 
-1.944163415 5.808271266 0.027479388 
-1.925278105 5.814863078 0.019386147 
-2.020165828 5.783598843 0.010125001 
-2.169117128 5.729470275 -0.017916813 
-2.055669826 5.771142091 0.003210384 
-2.015327476 5.784939504 0.013179286 
-2.206989312 5.714928266 0.022326344 
-2.119239389 5.748150692 0.009356078 
-2.345803942 5.656744997 -0.001884542 
-2.313262637 5.670681985 -0.022842849 
-2.125103626 5.746411486 0.011483583 
-2.171954264 5.728412817 0.021264885 
-2.337518418 5.660497564 -0.004431108 
-2.380944606 5.641093701 -0.004007073 
-2.072700956 5.760823488 0.011292145 
-2.135657357 5.742647766 0.014479200 
-2.308400022 5.664701826 0.014231535 
-2.311566807 5.671722922 -0.016611728 
-2.063983322 5.766356032 0.007838291 
-2.013263997 5.781924472 -0.017798102 
-2.031731815 5.777877412 -0.040072931 
-2.264687113 5.687167401 0.012359670 
-2.141366046 5.739485634 0.013466877 
-2.298322689 5.677273800 0.012889874 
-2.222236278 5.708437709 0.025398414 
-2.246345497 5.698818726 0.018450323 
-2.039600567 5.775631277 -0.013074537 
-2.080459465 5.762792384 0.010531849 
-2.239210313 5.699122653 0.025912779 
-1.966887291 5.798266953 -0.019767215 
-2.092886568 5.757685724 -0.003393377 
-1.997817767 5.790965367 0.022014478 
-2.016597336 5.782734211 0.010389634 
-1.984235938 5.793154584 0.018200288 
-1.825198516 5.844014181 -0.074336052 
-1.939151840 5.805444917 -0.122717502 
-1.870606773 5.835577883 0.071035247 
-1.900512550 5.824719065 0.096973398 
-2.104548580 5.751981731 -0.000450411 
-2.338178893 5.653251141 -0.007990825 
-2.068434830 5.763562325 0.003608405 
-2.124883521 5.742901538 -0.016418227 
-2.258965570 5.693748383 0.023855734 
-2.128721196 5.744259165 0.010231198 
-2.320369638 5.667782937 -0.008251597 
-2.311380161 5.671570910 0.010003158 
-2.139290293 5.741003383 0.010082570 
-2.136599330 5.741433699 0.010733834 
-2.312445252 5.671046102 0.018302612 
-2.320304810 5.667872029 0.005406320 
-2.289595898 5.680855469 0.014565236 
-2.296851879 5.677581926 0.018789842 
-2.307283012 5.672961885 0.026387673 
-2.349524466 5.654903971 0.006180195 
-2.205836471 5.715244188 0.024030893 
-2.113977069 5.750301144 0.011734195 
-2.301324026 5.675691717 -0.003499190 
-1.864598570 5.832075545 0.044794978 
-2.126402193 5.745798410 0.013873328 
-2.184498994 5.723534133 0.023537060 
-2.279101085 5.685522874 -0.010054117 
-2.313980203 5.670375103 0.004430099 
-2.192111524 5.720729709 0.024175278 
-2.225730237 5.707399721 0.022907560 
-2.302993055 5.675064925 0.007401376 
-2.306777335 5.673579145 0.001645478 
-2.322065775 5.667165181 -0.008695039 
-2.251303481 5.696670718 -0.025428939 
-2.189926195 5.721099986 -0.022494858 
-2.153397144 5.735350116 -0.016517035 
-2.090838781 5.758665527 -0.007104721 
-2.241817861 5.700637563 -0.025803918 
-2.307688581 5.673375856 -0.014389072 
-2.306113883 5.673890643 -0.019237860 
-2.254789300 5.695697649 -0.017074364 
-2.252543557 5.696279746 -0.024243413 
-2.103941529 5.753603022 -0.011157197 
-2.146716621 5.737422748 -0.021416451 
-2.139998197 5.740226583 0.016396651 
-2.148132732 5.737315942 0.015965821 
-1.971091300 5.800011777 -0.023566892 
-1.999005427 5.790283986 -0.020286402 
-2.222340532 5.705422412 0.004501726 
-2.163944838 5.728309590 0.000650165 
-2.105946824 5.753314401 0.013031096 
-2.070843460 5.762953218 -0.001357537 
-2.189493351 5.721207631 0.023997566 
-2.225057382 5.707563599 0.025177209 
-2.035716930 5.777862820 -0.016519727 
-1.997497860 5.790695476 -0.022183712 
-2.125563968 5.745378877 0.013553774 
-2.266206914 5.690294880 0.018330395 
-2.224451492 5.706154035 0.018522112 
-2.250658146 5.695327691 0.016698149 
-2.247460314 5.694734587 0.045272456 
-2.167323441 5.722980854 0.036195365 
-1.872160147 5.832774285 0.104897190 
-1.943107964 5.810629006 0.083315495 
-1.988095502 5.788177770 0.007702420 
-2.049254337 5.769189477 0.010695412 
-2.033508161 5.771951576 0.015747465 
-2.076774318 5.761848940 0.023551165 
-2.097158264 5.756142013 -0.009089565 
-2.134422548 5.742541259 -0.015752597 
-2.261719048 5.692121983 -0.026346431 
-2.321726496 5.667016003 -0.016323015 
-2.186065521 5.722749090 -0.024164781 
-2.189632382 5.721297869 -0.024095599 
-2.100047189 5.754812629 -0.006918526 
-2.075079767 5.763960520 -0.001851097 
-2.087882035 5.759492717 0.005356835 
-2.161025964 5.733359971 -0.007321620 
-2.126210338 5.745269407 -0.004313507 
-2.127724809 5.745015441 -0.010579450 
-2.264066514 5.688402791 0.029583252 
-2.322281043 5.663569651 0.020124020 
-2.090722057 5.750584487 0.035820990 
-1.938902295 5.804305345 -0.050916294 
-2.014203326 5.784204562 -0.014129257 
-2.139203070 5.739526543 0.018489495 
-2.083697377 5.761276559 0.003975857 
-2.293425013 5.678220226 0.024374671 
-2.014756858 5.781857497 -0.000089948 
-2.093878615 5.754820759 0.009036188 
-2.138067758 5.734759339 0.013247919 
-2.067604237 5.760997190 0.008973145 
-2.137729902 5.741272500 0.013785920 
-2.102693163 5.754146298 0.004686986 
-2.301548884 5.675566175 0.013044460 
-2.299126763 5.676774057 0.017086264 
-2.158015398 5.732102133 0.007398128 
-2.159796637 5.732361941 0.007292869 
-2.149066454 5.737160799 0.019685352 
-2.234658360 5.704082511 0.028450406 
-2.190269381 5.721215414 0.020975590 
-2.248274115 5.697931913 0.022412944 
-2.217903165 5.709986121 0.025608427 
-2.255611997 5.694736614 0.027127554 
-2.127125644 5.745190778 -0.015924675 
-2.225335178 5.707224381 -0.024129018 
-2.314905276 5.669716236 -0.009164944 
-2.270332003 5.688643044 -0.020757324 
-2.190007613 5.721035080 -0.021391069 
-2.227338758 5.706606158 -0.021616200 
-2.288242772 5.681259012 -0.013773888 
-2.191808174 5.720264917 -0.023360470 
-2.305899445 5.673871443 -0.016092056 
-2.290532192 5.680584621 0.007938234 
-1.972652185 5.804176067 -0.007980849 
-2.193346237 5.719617307 -0.000945367 
-1.947093419 5.804897852 0.006571398 
-2.021418222 5.780721531 -0.015432032 
-2.302570722 5.673830805 0.041421593 
-2.139177297 5.739149673 0.041476585 
-2.217470407 5.706322719 0.020986503 
-2.302491059 5.670106921 -0.002652364 
-2.263381750 5.688630867 -0.026799418 
-2.275764208 5.684212085 -0.032606328 
-1.996967667 5.789352221 -0.042935239 
-2.004949674 5.783029862 -0.035853662 
-2.126658960 5.740323599 0.024442522 
-2.155802119 5.728603228 0.032571468 
-2.234566176 5.702251188 0.012417013 
-2.202404840 5.713758274 0.016031938 
-2.278759503 5.684186554 0.012160278 
-2.242286916 5.698739052 0.030344399 
-2.289378545 5.681134373 0.001477987 
-2.291361481 5.680472955 -0.000481226 
-2.316064545 5.669840295 0.000129004 
-2.335734998 5.661061765 0.004820487 
-2.121626680 5.748196742 0.011570961 
-2.205534124 5.715339649 0.023222662 
-2.256100949 5.694972439 0.019923047 
-2.333565385 5.662066999 -0.000868020 
-2.182099225 5.724703815 -0.020656520 
-2.172013529 5.728120900 -0.019519592 
-2.277206587 5.685673687 -0.023374551 
-2.153833623 5.734884531 -0.020384883 
-2.218003487 5.706641982 -0.006808631 
-2.262711454 5.691154304 0.005119960 
-2.260215130 5.691018735 -0.007572787 
-2.326691256 5.662557851 0.020492225 
-2.199981943 5.717650531 -0.023651654 
-2.218986365 5.709783285 -0.026328242 
-2.200319599 5.716844051 -0.027052855 
-2.187922394 5.721901694 -0.023639785 
-2.104004259 5.748644429 0.011932514 
-2.220633489 5.707373452 0.019733483 
-2.231200034 5.702976750 0.029155305 
-2.274798770 5.684964803 0.028353634 
-1.932278124 5.812572652 -0.056888976 
-2.142539736 5.738363110 -0.027371974 
-2.178218426 5.722241691 0.040954254 
-2.275594076 5.681955235 0.043823207 
-2.227685353 5.705424732 0.023486535 
-2.110431514 5.750941238 0.005087798 
-2.141324774 5.738642719 0.023940054 
-2.173109935 5.726076333 0.026272342 
-2.105021937 5.753149345 0.005991454 
-1.991564802 5.792967891 -0.025593445 
-2.259555560 5.693154481 0.024388897 
-2.315922631 5.669696045 0.011777692 
-2.156903935 5.733890913 0.018212756 
-2.137013659 5.741872817 0.018079206 
-2.152668036 5.735497483 0.018893505 
-2.170406881 5.728978209 0.021508848 
-2.006518690 5.782538786 -0.018414616 
-2.298567524 5.672760457 -0.000084565 
-2.135608275 5.745350541 -0.008574982 
-2.016603203 5.781740955 0.007359862 
-2.303565381 5.675101915 -0.011357189 
-2.239349628 5.701161175 -0.030433332 
-2.044834497 5.774612204 0.005647846 
-2.087487031 5.758814862 -0.006115724 
-2.288177160 5.681509970 -0.016613556 
-2.272645228 5.688325380 -0.012248710 
-2.000629291 5.789651186 0.015106904 
-1.927401612 5.812088415 -0.099608941 
-2.326039135 5.665337537 -0.000306134 
-2.219729422 5.709744769 -0.023147714 
-2.131093663 5.743140314 -0.014391524 
-2.072674079 5.764436819 -0.000268699 
-2.173444805 5.727363007 0.018074811 
-2.132090152 5.743431562 0.013857144 
-2.309596952 5.672080403 0.022074353 
-2.309015614 5.672411707 0.021717214 
-2.141167416 5.740003492 0.011835735 
-2.223785549 5.708304250 0.020933008 
-2.338833200 5.659830320 0.015455393 
-2.338873229 5.659619947 0.010631319 
-2.044710023 5.774596402 -0.007786562 
-2.140963771 5.740097629 0.015044319 
-2.180269744 5.724912293 0.023711794 
-2.283373547 5.683153796 0.027072572 
-2.207788153 5.713703332 0.029362014 
-2.156484007 5.733877103 0.019474952 
-2.271426926 5.688468372 0.020383251 
-2.000587157 5.790627255 -0.012485405 
-2.096060281 5.755779899 0.002618628 
-1.992435713 5.792124816 -0.022518845 
-2.300849531 5.676166021 0.014923215 
-2.254820896 5.695355003 0.021850960 
-2.163909615 5.731213113 0.019187719 
-2.147065195 5.737870353 0.017150999 
-2.132169296 5.743188433 0.011999846 
-2.293353704 5.679214555 0.020628432 
-2.232303570 5.704329880 -0.056883514 
-1.933917296 5.812747064 -0.035614807 
-1.926336324 5.814879073 -0.041352876 
-1.970703020 5.800212621 -0.031745813 
-2.119430642 5.748064118 -0.010765674 
-2.072347273 5.765109750 0.000874855 
-1.960497463 5.803069183 0.020797566 
-1.961904854 5.802594075 0.024295436 
-1.982086104 5.796205929 0.025803222 
-1.975935746 5.798380379 0.029688246 
-1.968133019 5.800927732 0.019624460 
-1.982813797 5.795611334 0.023351814 
-2.066739842 5.766991234 -0.001454823 
-2.123301444 5.747099266 0.011464590 
-2.333390645 5.661951097 0.031291338 
-2.296943055 5.677539295 0.026779722 
-2.084062611 5.761669396 0.003968137 
-2.280188864 5.684924854 0.017885858 
-2.332330660 5.662530555 0.023523400 
-2.248458310 5.697624608 0.032073389 
-2.236760127 5.702696152 0.025256581 
-2.124354051 5.746787834 0.014579194 
-2.242772440 5.692954716 -0.029749333 
-2.263090934 5.687559804 -0.028684581 
-1.930293975 5.813691534 -0.021449728 
-1.920442372 5.817398214 -0.014177916 
-2.161924578 5.731887056 0.020348159 
-2.074813629 5.764004463 -0.000954466 
-1.900006791 5.825584442 -0.001623647 
-1.934633662 5.812197240 -0.019221584 
-1.896966072 5.824030140 -0.028546415 
-2.286629055 5.679169993 0.031821357 
-2.014190989 5.784620717 -0.018987205 
-1.956027792 5.804716783 -0.030988929 
-2.101658541 5.754049295 0.003565404 
-2.301867159 5.675564605 0.016007578 
-2.291859908 5.680073700 -0.010338986 
-2.283183669 5.683774382 -0.011716500 
-1.957580569 5.804240607 0.028506143 
-2.019882530 5.783618289 0.013305966 
-2.230044294 5.705277988 -0.023963053 
-2.294508671 5.678877305 -0.018388813 
-1.971500405 5.800030043 0.023361231 
-1.950006344 5.806365817 0.028394218 
-2.314245548 5.670579689 -0.002948361 
-2.291229139 5.680033279 -0.019602576 
-2.017007877 5.784381358 0.012080363 
-1.955392700 5.804590716 0.024274899 
-2.310534658 5.671812088 0.024955945 
-2.325670129 5.665254982 0.019402803 
-2.343944980 5.657735990 0.006192243 
-2.100805115 5.754839066 0.000844511 
-2.181494790 5.723965665 0.023759566 
-2.210975816 5.712853538 0.029699055 
-2.286174070 5.682632951 0.002875098 
-2.193187522 5.720089889 0.024786276 
-2.203313923 5.712001807 0.037496854 
-1.916971278 5.811089531 -0.045567614 
-2.150016266 5.736482386 0.017829386 
-2.184316239 5.723577989 0.018109960 
-2.089759242 5.759264759 0.005014074 
-1.890057311 5.821604472 0.114473510 
-2.175041182 5.726720932 0.019249464 
-1.943176798 5.808346775 -0.036934266 
-2.076311244 5.763665317 0.000371458 
-1.977722258 5.797366769 -0.032530142 
-2.270618568 5.688707842 0.017093084 
-2.271589938 5.688074296 0.026441952 
-2.112729193 5.750521103 0.011839682 
-2.202985813 5.716083177 0.022028313 
-2.180670682 5.724935075 0.021324172 
-2.179655636 5.724925531 0.020401786 
-2.272893690 5.687944693 -0.017324239 
-2.244514291 5.699475716 -0.024159235 
-1.964025931 5.801956878 0.022370627 
-1.957222039 5.804386989 0.026683134 
-2.253344955 5.696142421 -0.019139563 
-2.214893250 5.711789591 -0.021084638 
-1.999394971 5.789901340 0.013878640 
-2.087346627 5.759266703 -0.004824560 
-2.295209700 5.674435734 -0.004857296 
-1.920004541 5.810758231 -0.104412970 
-1.972913975 5.796798308 0.011280892 
-1.919577665 5.812278147 0.031071391 
-2.318703688 5.668161205 0.024805191 
-2.018817226 5.783843642 -0.014277562 
-2.340013484 5.659623213 0.014506673 
-2.277621410 5.685841447 0.020650361 
-2.130445844 5.743623361 0.012135417 
-2.018160210 5.783836654 -0.012667506 
-2.335785389 5.661158156 0.004328141 
-2.341154805 5.658641650 0.014093668 
-1.992207912 5.792460984 -0.022969544 
-2.146394467 5.737603263 0.015961907 
-2.260258579 5.693122436 0.028183577 
-2.295618477 5.678202342 0.025020816 
-2.144222992 5.736650755 -0.002566573 
-2.121968276 5.745265862 -0.011742276 
-2.307860908 5.671090503 -0.008502179 
-2.329881642 5.661405933 -0.019789585 
-2.154823844 5.734959711 0.015618748 
-2.265197787 5.690864384 0.021293355 
-2.268402402 5.689565158 0.023544886 
-2.184127199 5.723560354 0.022508374 
-2.084314539 5.760647246 0.001221409 
-2.155836301 5.734139025 0.018899415 
-2.311921033 5.671277003 -0.001560386 
-2.306579440 5.673498914 0.010866396 
-2.270831545 5.689098665 -0.011320363 
-2.241507678 5.700912514 -0.020076893 
-2.297282099 5.677751713 0.011704572 
-2.297200892 5.677924215 0.011243280 
-2.189416979 5.720512385 -0.012922136 
-2.244048824 5.696741898 -0.010207475 
-2.262972383 5.691211881 0.000205560 
-2.209198518 5.711914523 -0.032923055 
-2.283988203 5.683494475 -0.012475890 
-2.303129811 5.675350503 -0.001014613 
-2.323346448 5.666507546 -0.004570003 
-2.313237318 5.670874757 -0.008451789 
-1.941870891 5.806533441 0.077037157 
-1.931026839 5.807085678 0.001331219 
-2.306155017 5.676584969 -0.015014796 
-2.247454105 5.700978882 -0.019272230 
-1.980471498 5.794177810 -0.027338099 
-2.085946815 5.758822864 -0.000278653 
-2.291044338 5.675343235 0.027826500 
-2.175893325 5.724813531 0.028408789 
-2.158334989 5.732193278 0.015177728 
-2.154985538 5.733427305 0.015018579 
-2.214465245 5.711033968 0.028196637 
-2.297117759 5.676817362 0.013115648 
-2.210707167 5.712899574 0.024012759 
-2.184206841 5.723297852 0.020920834 
-2.193286929 5.719635077 0.023900867 
-2.191808710 5.720515485 0.022590902 
-2.180989489 5.724764949 0.021564232 
-2.276174679 5.686112999 0.027581828 
-2.307134543 5.673207486 0.012950111 
-2.314969724 5.669834218 -0.002777211 
-2.292379365 5.679702595 -0.004993779 
-2.247073589 5.697269743 0.032546587 
-2.269912565 5.689130333 -0.011184028 
-2.232360569 5.706102258 0.012760022 
-2.167954642 5.730364403 -0.008566975 
-2.209618673 5.711976108 -0.013943176 
-2.121753308 5.747759879 -0.017802581 
-2.212524082 5.712093364 -0.033783361 
-2.046058448 5.774215058 0.004718429 
-2.122716700 5.746744137 -0.010811181 
-2.300183439 5.676250121 -0.018085248 
-2.278179922 5.685723391 -0.015844514 
-2.170980686 5.728842946 -0.017128795 
-2.191962628 5.720475329 -0.021271057 
-2.213018830 5.712024165 -0.023077141 
-2.288346793 5.681197250 -0.016270892 
-1.928582007 5.810427868 -0.023385452 
-1.949213806 5.805493150 -0.018671980 
-1.860434359 5.831849077 -0.021606322 
-2.290696738 5.674987355 0.023520061 
-2.261386458 5.689286603 -0.001056119 
-2.202429836 5.715856942 -0.008942955 
-2.227543396 5.699721271 0.033109240 
-2.207959000 5.713565021 0.046970227 
-2.303893519 5.669009105 0.005397412 
-2.201621864 5.711673944 0.023456434 
-2.266293695 5.685215771 0.042845820 
-2.182069432 5.723354677 0.032463981 
-2.116788844 5.749356292 0.006194020 
-2.146676612 5.737846469 0.011885303 
-2.308909884 5.672598396 0.019906427 
-2.224473089 5.707195181 0.024987849 
-2.291888398 5.680133460 0.008187345 
-2.224101369 5.707907666 0.020457576 
-2.175463718 5.726590139 0.023261009 
-2.140781393 5.740006877 0.016015396 
-2.083067217 5.761449172 -0.001374567 
-2.047531435 5.774358768 -0.008149514 
-2.278471485 5.685299333 0.025392682 
-2.238544830 5.701844985 0.021578884 
-2.208324966 5.714394017 -0.020051260 
-2.180944685 5.725311114 -0.018635920 
-2.209844601 5.713196752 -0.024187116 
-2.183334947 5.723975122 -0.020242404 
-2.031264414 5.772401290 0.016808478 
-2.274320001 5.686008057 -0.015632386 
-1.911763642 5.816075952 -0.112923040 
-1.899703276 5.820730004 -0.104769511 
-2.280887717 5.684629002 -0.016202186 
-2.248508236 5.698369645 -0.016331111 
-2.166972282 5.729930843 -0.021731693 
-2.155654931 5.734722413 -0.016524075 
-2.100017826 5.755668924 0.006846712 
-2.011382374 5.786383202 -0.015136077 
-2.267499388 5.689835949 0.030937059 
-2.245905741 5.698829324 0.028322721 
-2.084909630 5.760579197 -0.004289337 
-1.971129962 5.800004691 -0.030916605 
-2.286985224 5.682012910 0.026221415 
-2.264593271 5.690991824 0.030090127 
-2.024293133 5.781784529 -0.014497799 
-2.056214358 5.770893096 -0.007140203 
-2.260663169 5.692858912 0.026955928 
-2.235020066 5.703420406 0.025720515 
-2.296253472 5.677982819 0.013388830 
-2.136957407 5.741488301 0.013465785 
-2.156233741 5.734169754 0.018294130 
-2.269540141 5.689009291 0.019763019 
-2.312533756 5.671038871 0.015346140 
-2.295108482 5.678487109 0.014635814 
-2.293841917 5.679059830 0.012851492 
-2.299018553 5.676645562 0.018968274 
-2.239495894 5.697256098 0.025499913 
-2.101225065 5.756345921 -0.014379672 
-1.870435180 5.832769417 0.025535597 
-2.292924084 5.679912329 -0.002044684 
-2.132066829 5.738358067 -0.024743890 
-2.266544815 5.689754489 -0.009665360 
-1.873897771 5.832921286 0.051284131 
-2.101062384 5.756218305 -0.032448637 
-2.194236426 5.719184336 -0.026084510 
-2.225805168 5.706933639 -0.026531829 
-2.285020017 5.681603764 0.007172869 
-2.294078510 5.677687068 -0.002122741 
-2.277881947 5.685521073 -0.017609460 
-2.197913219 5.717190925 -0.024612567 
-2.212939144 5.711112988 -0.021598193 
-2.199489144 5.715380945 -0.020606665 
-1.927994264 5.811464098 -0.040447896 
-1.952270571 5.803439884 -0.043777525 
-2.280705061 5.682410889 0.034108322 
-2.291246159 5.677367260 0.033576799 
-2.334814355 5.661393847 -0.024386573 
-1.904946905 5.820443869 -0.028258657 
-1.951757040 5.810230296 -0.033602118 
-2.181136303 5.723918025 0.045850346 
-2.181771468 5.718745882 0.036252469 
-2.016670663 5.781117426 -0.028527975 
-1.960486004 5.799523529 0.056667016 
-1.974881377 5.794416792 0.063100349 
-2.218767769 5.709920950 0.023240473 
-2.224083187 5.707449790 0.023925614 
-2.292311467 5.678579192 0.001222203 
-2.271919555 5.687062120 -0.022406196 
-2.095400138 5.753014302 0.012913650 
-2.274446593 5.686500511 0.000196721 
-2.016572028 5.784024653 0.057385650 
-1.961283758 5.803549375 0.064776988 
-2.158039405 5.732048994 0.019678535 
-2.279230041 5.684743458 0.018946317 
-2.257343496 5.692593319 0.018055645 
-2.204345968 5.714213668 0.020607149 
-2.310068543 5.672103687 -0.014223161 
-2.310097900 5.672274091 -0.016030892 
-2.135409124 5.741507344 -0.016003022 
-2.205656261 5.714647674 -0.027531083 
-2.293482419 5.678883495 -0.024453546 
-2.290388432 5.680472236 -0.013629853 
-2.051314157 5.771930238 0.006400254 
-2.099729100 5.754675841 -0.006706982 
-2.304739122 5.677519631 0.003353059 
-2.233609562 5.699890761 -0.023481814 
-2.280693735 5.682240417 0.015397274 
-1.876073796 5.830822156 -0.034039960 
-2.071073399 5.764460363 -0.020916482 
-2.126835031 5.742766842 0.002081063 
-2.335536981 5.658136775 -0.056423503 
-2.002687605 5.788244056 0.007450387 
-2.285861215 5.679616520 0.019834379 
-2.273329855 5.684662362 0.015733155 
-2.176575892 5.723241844 0.029371543 
-2.250938078 5.694042110 0.033795887 
-2.142195746 5.736304715 0.033889919 
-1.923053574 5.811852950 -0.014719946 
-2.021939737 5.777502422 -0.018503256 
-1.943485958 5.794602584 0.003561798 
-2.061408723 5.767278776 0.020605992 
-2.036901814 5.777105955 -0.006285884 
-1.919354027 5.816723259 -0.004954421 
-1.942666153 5.807226477 -0.027548546 
-2.118789588 5.748752199 0.013221056 
-2.093490691 5.758043596 0.008628446 
-2.291395845 5.680377328 0.007326863 
-2.286006063 5.682548496 0.008804221 
-2.120459698 5.748069373 0.012519723 
-2.130318857 5.744223162 0.016390940 
-2.297717446 5.677567091 0.015709899 
-2.259810508 5.693448367 0.017789813 
-2.219724694 5.709584877 -0.023276246 
-2.210023742 5.713534583 -0.022437144 
-2.014115758 5.784674146 0.008765621 
-2.099141315 5.755283585 -0.009880109 
-2.223317259 5.708076300 -0.023596737 
-2.187812940 5.722092957 -0.022001118 
-2.047939949 5.772930595 0.001304530 
-2.156408050 5.733703073 -0.022698964 
-2.228074900 5.706595349 -0.016570529 
-2.298524141 5.677352966 -0.000218582 
-2.146696652 5.737508915 -0.020022137 
-2.110502916 5.751038619 -0.013727838 
-2.218456434 5.709580969 0.028645665 
-2.189810549 5.720954359 0.021015082 
-2.105409360 5.753102596 0.005041658 
-2.109727664 5.751727099 0.005356636 
-2.134107011 5.742133363 0.017303983 
-2.208873875 5.713900500 0.027037107 
-2.103195938 5.753617261 0.002547768 
-2.154156192 5.735207982 0.019866525 
-2.160131284 5.732598426 0.017809223 
-2.177821910 5.725662131 0.021677432 
-2.268887016 5.689394947 0.030795943 
-2.145743723 5.738112690 0.016951492 
