1.227213637 17.320476692 -1.369124396 
1.245910737 17.349247877 -0.971460662 
-10.888823838 12.497022079 -1.314109271 
-10.824150861 12.522858258 -1.479406049 
1.104930216 17.178245699 -2.710782862 
1.285955071 17.275391419 -1.722703463 
-10.797993893 12.476026217 -1.818240956 
-10.804206190 12.508336903 -1.701523064 
1.124151977 17.385555091 -1.003046407 
1.115557653 17.385541635 -0.859695700 
-10.907164464 12.599545486 -0.417805183 
-10.884206003 12.587080302 -0.847326578 
1.449281443 17.240111841 0.699945224 
1.288618702 17.261650600 -0.406222566 
-10.696257328 12.663483929 -0.805949587 
-10.649610846 12.729521473 -1.118386986 
1.021710159 17.346034601 -0.722578455 
0.875532156 17.323174231 -1.362770637 
-10.695897131 12.642381210 -0.899978005 
-10.646560611 12.694158955 -0.825691753 
1.255707534 17.302454657 0.688240966 
1.440233953 17.210816230 1.137871826 
-10.743264453 12.649613774 -0.342973154 
-10.713790311 12.664476747 -0.425273212 
-0.345781948 14.923391670 5.127400889 
-0.365584226 14.922188832 5.120008447 
-6.247250643 12.835243473 -6.803281723 
-6.760126770 12.603459648 -6.681407131 
-1.529191829 14.544732442 5.496376724 
0.046936934 15.079824731 4.763488113 
-8.120209994 12.040054632 -5.703590520 
-7.135575178 12.465993529 -6.460538162 
1.313938698 15.577184975 3.500374254 
1.561082617 15.575322325 3.171021904 
-2.902908074 14.153280441 -6.882069396 
-4.067370689 14.929142009 -6.761419307 
1.086289493 17.132493677 -2.943370274 
1.080750892 17.236066563 -2.446645854 
-10.902676722 12.501409543 -1.252141907 
-10.940232564 12.571736655 -0.704408869 
1.323003182 17.333426775 -0.479169755 
1.172709929 17.288700554 -1.822210228 
-10.944478294 12.548058767 -0.275751767 
-11.005483787 12.470171722 -0.518429866 
1.216049945 17.358857431 -0.626183376 
1.193018848 17.347764373 -1.055883983 
-10.924059973 12.637080979 -0.136227034 
-10.906750246 12.633777576 0.042644874 
0.967896187 17.251222763 -1.241708888 
1.135797950 17.348652320 0.470730618 
-9.975554295 13.094303134 -2.443771097 
-9.750851280 13.196043201 -2.719050049 
0.978649886 17.248552203 -1.415338054 
0.996045543 17.331710746 -0.859239492 
-10.656256678 12.683093662 -1.195500956 
-10.268711776 12.956464375 -1.901749643 
0.994947514 17.386140219 0.104211164 
1.361010498 17.264860353 0.438157012 
-9.987936617 13.128887727 -2.282594538 
-10.063976110 13.096364750 -2.065659627 
-2.973580898 14.024940318 6.193783589 
-2.936854057 14.077404122 6.124554870 
-9.005437715 11.742006843 -4.930514263 
-8.521206373 11.923109148 -5.373833286 
-3.724478929 13.824125784 6.322391812 
-2.581068717 14.199273444 6.009130005 
-8.524505078 11.896978787 -5.390837910 
-7.933124855 12.159439667 -5.792411123 
-0.630330134 14.909651912 5.206360861 
0.532863321 15.332999493 4.184498217 
-7.075525656 12.495951610 -6.430651646 
-7.145860175 12.411233841 -6.229743053 
1.198986216 17.095388550 -2.530863662 
1.258078247 17.126806073 -2.227858607 
-10.826049209 12.482781908 -0.211962295 
-10.439811272 12.837411753 1.159356605 
1.222262338 17.077499308 -2.568155461 
1.107640314 17.191880383 -2.124825569 
-10.849245066 12.441386053 -0.298050457 
-10.905810007 12.304742618 -1.174609944 
1.393129248 17.120560098 -1.886827150 
1.155263035 16.955921859 -3.206463685 
-10.769381547 12.585926377 0.170691280 
-10.588387592 12.604998751 1.236360853 
0.688758177 17.137150819 3.350052929 
0.947662899 17.242757679 2.517680637 
-10.590646045 12.766526076 -1.211382977 
-10.254698087 13.014831037 -1.829322141 
0.868880922 17.159809575 3.040373367 
0.637860506 16.980881306 3.911080826 
-10.644884994 12.704660354 -1.050914700 
-10.675224048 12.731901686 -0.805936967 
1.395206081 17.260567887 1.050759885 
1.281393760 17.258654543 1.667580964 
-10.230410089 12.983684522 -2.159251484 
-10.424283920 12.918414513 -1.465496262 
-0.234287845 14.862227543 5.077647232 
0.221157709 15.042507207 4.669689658 
-9.517397030 11.604880766 -4.258305282 
-9.421142422 11.645868224 -4.375626715 
0.522803834 15.090260433 4.467224474 
1.583222697 15.487756412 3.081057446 
-9.142320050 11.707847150 -4.769169238 
-8.722346253 11.832605969 -5.216768915 
-1.762494752 14.437971495 5.922737645 
0.281343375 15.101857059 4.594900959 
-9.755695569 11.501110030 -3.896370434 
-8.891588241 11.754749455 -5.060244232 
0.626337992 16.927329987 -3.510986905 
0.571134434 17.003562688 -3.341567305 
-10.971986670 12.167489199 -0.059846668 
-11.030611446 11.991086312 -0.667652997 
1.168622910 17.095423224 -2.363903401 
0.254333447 16.580652271 -4.959082818 
-10.949007400 12.296730276 -0.553716868 
-10.975555306 12.279490309 -0.525941814 
-3.233026092 15.750195645 -6.001641153 
-6.876095945 14.309436759 -6.420587997 
-9.054419526 13.609874766 -5.122664041 
-6.146910040 14.569081515 -6.457962167 
1.235442538 16.999979040 2.892913010 
1.512917172 16.965508624 2.529256139 
-9.955588186 12.562236993 3.696393626 
-10.379099299 12.411147295 3.042927690 
0.033220942 16.555628510 5.279658668 
0.533457978 16.879046232 4.284774065 
-10.881956974 12.595481831 0.438684649 
-10.413444282 12.903426388 -1.367037682 
-1.157424798 17.971958966 2.864826811 
-0.246766307 17.944240842 1.925999857 
-10.359956790 14.038845009 -0.217437470 
-10.340088358 13.815699412 -1.036549827 
-7.326021719 11.914403247 5.971814830 
-4.402623577 13.116130036 6.473739451 
-7.210585001 12.024712671 -6.968342796 
-4.814267151 12.805949848 -7.596451749 
-0.961200839 15.039904342 6.010841562 
0.857111464 15.594034240 3.849048316 
-8.235035572 12.362715228 -5.628218240 
-6.615265859 12.997735127 -6.413847650 
0.775346720 17.340856831 1.703102728 
-4.642028291 12.928544858 6.537496868 
-9.551637168 11.551533101 -4.382678438 
-8.874200841 11.881491947 4.961172984 
1.587758261 17.005434553 -0.034178126 
1.399238060 16.959994917 1.167664281 
-9.483304621 13.191324524 2.648627330 
-9.202820541 13.358447661 2.958744864 
0.528292561 17.197081784 -2.468918857 
1.620957529 17.385272005 -0.907091537 
-9.780263369 12.866816663 2.924611898 
-10.618784389 13.172568011 -2.255749852 
1.472650061 17.092962823 -1.468490370 
1.353301768 16.969817175 -2.655019388 
-10.595727446 12.614496584 0.886894741 
-10.611221772 12.582852665 0.932074816 
0.328227347 15.236174823 6.779654673 
-1.850698390 18.109835318 -0.837568804 
-1.443377412 15.176994960 -4.958294965 
-2.357909484 14.821920912 -5.825306052 
1.929535773 16.787190480 -0.113594350 
1.430839230 16.764722559 -1.658823735 
-10.599312855 12.392403931 -0.713652073 
-10.623497635 12.319371367 -0.433275351 
1.816876122 16.770257042 0.160107082 
1.961992580 16.702327587 0.458360085 
-10.527368240 12.210836796 -0.836629849 
-9.574396721 12.751903283 -2.687975232 
-1.065710922 14.659644932 5.243211482 
-0.633720033 14.832805412 4.902425199 
-3.274631503 14.052470745 -7.020888615 
-3.207749183 14.051506925 -6.975092335 
-1.074154070 14.612211159 5.258994750 
-2.200428465 14.239865150 5.906195505 
-6.541032332 12.566045385 -6.544896998 
-6.895971462 12.502741703 -6.591588936 
-3.400882320 13.856942869 6.313486323 
-2.844601508 14.017582528 6.286209892 
-5.925068816 12.865371783 -6.919582044 
-6.063606173 12.826734616 -6.893616735 
1.370044223 17.043215827 -2.592989668 
0.255078392 16.744672505 -4.719154019 
-10.762195511 12.559792014 -0.940057421 
-11.021088416 11.917824524 -0.325258388 
1.067599667 17.506644319 -0.720819803 
1.141023858 17.304288276 0.745080849 
-10.283276948 13.233840086 1.521899820 
-10.493305389 12.908294977 1.204475209 
1.262699236 17.230324266 -1.983674595 
1.241425843 17.285638967 -1.623038730 
-10.604266685 12.768940068 1.212342408 
-10.721284680 12.758624526 0.492449832 
1.217964975 17.103134651 1.931286631 
1.151970650 17.229056757 1.458943275 
-10.511657899 12.198361531 -2.128701059 
-10.540970448 12.468685074 -1.941659214 
1.875755425 16.904692634 0.538990266 
-0.467350122 17.760817859 2.136348216 
-10.496117021 12.934229463 -0.544492104 
0.449629813 17.442924182 0.469268511 
0.430416180 16.940398066 3.825915269 
0.273788137 16.967696800 3.763478967 
-10.105709841 12.969432181 -2.515665129 
-10.020577173 13.001842743 -2.654361779 
2.728090655 15.397012321 -0.168545886 
2.703912678 15.179717714 0.156174360 
-6.723949967 12.080574176 -6.203332543 
-6.778248478 12.156791170 -6.262052697 
2.057127833 15.677060385 2.111672572 
2.121838996 15.707216871 1.914324406 
-9.048171351 11.246433570 -4.849741084 
-8.400273150 11.460751798 -5.424603218 
-1.901706639 14.974114331 5.034383309 
-1.516034175 15.144637654 4.689940806 
-9.830576617 10.790971649 -4.699047979 
-9.821214274 11.295293279 -4.294489999 
-0.487091873 16.846527388 3.671129634 
-1.274008658 16.601223973 4.757688586 
-8.918564498 13.983320365 2.444275663 
-9.514057804 13.892300155 0.881252044 
1.859407679 16.850932632 -0.681205975 
1.901484492 16.838373833 -0.616061264 
-10.727810821 12.187815384 -0.455354994 
-10.791752809 12.062613873 -0.777088254 
1.475645397 16.876205338 -2.888796921 
-1.042081579 16.574803240 4.067770316 
-3.149531996 16.130479352 6.338486963 
-8.922251756 14.185771572 -5.277038476 
1.033327103 17.212354215 -1.093220363 
0.875147417 17.163057556 -1.776436720 
-9.326892234 13.356174801 -3.086998679 
-10.107712700 12.662835811 -2.609957288 
-0.218137152 16.273038712 -4.342342118 
-0.826147688 15.802222855 -5.379765776 
-10.516822116 12.077705776 -1.914012882 
-9.224549125 12.869962267 3.812061307 
-0.536778247 17.288500279 3.654086408 
-0.825103422 17.146916843 3.923463249 
-5.415559280 15.241782351 -5.329279007 
-7.245283188 14.467145296 -5.286577426 
-2.514897827 14.085003157 5.999393840 
-2.116553695 14.261562598 5.775765225 
-7.864761605 12.104152850 -6.043525201 
-9.874004413 11.424151824 -3.689013949 
-1.117624896 14.680633605 5.167260991 
-0.862887342 14.776118878 4.994518978 
-4.465077519 13.447834386 -7.319114799 
-3.782428723 13.771935815 -7.168681022 
-5.632672347 12.543323723 6.671007076 
-0.698819236 14.390276666 5.163125722 
-10.418746877 11.481992681 -2.047294644 
-7.579501101 11.986693376 -6.597912961 
1.504471862 17.220247450 -0.289596125 
1.603377174 17.047572042 0.362732428 
-10.226154569 13.144441088 1.300280276 
-10.607634880 12.863603442 0.303758882 
-4.349094559 17.122174807 -5.025884914 
-3.816197511 17.197627089 -5.109321109 
-2.228802490 15.476983592 4.871040530 
-7.498824058 15.413217236 3.077187762 
1.942872379 16.859151235 -1.680512049 
1.928050744 16.910947675 -1.064330465 
-10.397842944 12.601679440 1.180377379 
-10.843396383 12.243591580 -0.476089038 
-0.393346952 17.734005628 -2.254521205 
1.198203773 17.484325203 0.150238749 
-10.091427760 14.124166003 -0.917748762 
-10.536780634 13.439903099 1.560971994 
1.706150774 17.039508955 0.521395309 
1.649735656 16.912997567 2.068256362 
-9.001124361 13.612056526 -3.246733875 
-9.253299915 13.423458520 -2.964098073 
1.449392052 17.146966874 0.944184888 
1.211873333 17.142893199 -0.975329191 
-9.699668230 13.279675620 -2.472947018 
-9.538222900 13.227289387 -2.720583932 
0.658149188 14.963350964 4.286201680 
1.636939079 15.330321238 2.879091027 
-7.789043026 11.910669676 -6.017245659 
-7.829369047 11.889495098 -5.997254516 
0.805241598 15.118079808 4.159950533 
0.930491795 15.160827957 3.949354021 
-9.011444067 11.530687181 -4.866575493 
-9.290218224 11.475713564 -4.511257071 
2.273677128 15.453337983 1.353819530 
-2.976713302 13.759709048 6.251593969 
-8.962961629 11.466921961 -5.012743679 
-9.589451985 11.315943242 -4.154681424 
1.280944674 17.300699184 -1.322140728 
1.225781599 17.220858626 -2.232117198 
-10.819624978 12.703974948 0.111238892 
-10.533277190 12.900958183 1.129800404 
1.275573215 17.284090974 -1.188940106 
1.003312539 17.066354561 -3.157679074 
-9.729783214 13.230469885 2.531072169 
-10.939739816 12.464148242 -0.697639864 
1.029536923 17.612776263 0.337170277 
0.151750665 17.772715288 -2.589460111 
-7.835465565 13.662933455 -5.830930821 
-9.808789957 13.936793090 2.564180350 
-0.444444026 17.626992085 2.359241974 
-0.388300909 17.482719242 3.216320856 
-6.141187160 15.275657745 4.151017447 
-9.601392377 14.534642320 -0.571753763 
0.762701597 16.684528597 3.968826337 
0.809308455 16.701104721 3.879579476 
-10.643760009 12.289547011 -1.404069318 
-10.680127012 12.238934275 -1.409594799 
-2.123374821 15.919605645 -5.421637610 
1.451689940 16.782432523 -1.869436599 
-8.517040341 13.574838388 5.877823448 
-7.891224707 13.619810843 -5.980812371 
2.010521458 15.923433931 1.874117009 
2.319025921 15.971381059 0.879468266 
-4.484609372 14.228436998 -7.245936002 
-2.669435985 14.816312782 -7.255513581 
-1.966471910 13.589821961 6.229617603 
-1.320609049 13.491072477 6.100719109 
-8.167605845 12.201796198 -5.583875701 
-8.497811572 11.793240239 -5.476563190 
-1.564428572 15.025715980 5.743852905 
0.186093211 15.486783044 4.340222338 
-9.402225639 11.238241905 -4.412380938 
-8.712728693 12.232258705 -4.917857599 
1.306391533 17.066973174 -2.602755178 
1.182045453 17.206681862 -2.365865499 
-11.117401751 12.296692018 -0.159108537 
-10.877407503 12.623724583 -0.033047861 
1.244691045 17.301671083 -1.277222541 
0.916959360 17.248963804 -2.528688271 
-10.710479848 12.728829549 0.928582732 
-10.776260041 12.687369069 0.643271799 
1.153347633 17.174606334 -2.567053718 
1.220126973 17.250349776 -1.982322851 
-10.700983046 12.582208023 -1.844085889 
-11.010072454 12.465777107 -0.595869421 
1.362578529 17.079080321 2.028217513 
1.453642241 17.147007136 0.663368753 
-10.863930263 12.414645962 0.168955302 
-10.817175058 12.422049306 0.535686972 
1.529628861 17.083442884 -0.431823377 
1.254251659 17.013814289 -1.605938525 
-10.778498870 12.408232783 0.229213708 
-4.074628130 14.982602404 5.420786222 
1.371823708 17.202327356 0.479124146 
1.129292782 17.139548001 -1.216105795 
-10.877478967 12.320488232 0.706663713 
-10.596760631 12.610238085 1.616263313 
-0.484854267 14.970155477 5.479185735 
-3.689469826 14.754805228 6.500390454 
-3.653299775 14.791615763 -6.760823379 
-4.735410100 12.998546132 -6.765382029 
-4.527814693 13.410876709 6.558241514 
-2.929809352 14.008682286 6.278617743 
-2.637849592 14.296900045 -6.737433829 
-2.197866821 14.502325184 -6.509639093 
-7.734446487 12.737605351 5.793105399 
-4.647846071 13.408888649 6.520878963 
-3.303834747 13.983129808 -6.995128413 
-2.839662159 14.187648029 -6.879366055 
-1.776493696 16.527303333 -5.491034654 
-1.985102981 16.259946160 -5.837377134 
-8.923395760 14.033879356 2.299314268 
-9.538132899 13.922637446 0.661286896 
2.222139012 16.510149743 -1.958636480 
2.250309807 16.565289583 -1.393990506 
-10.699868924 11.970288440 0.355069367 
-10.757294373 11.906830975 0.267662945 
-0.306835247 17.321112640 -3.513786591 
2.108755632 16.515503541 -1.727977481 
-10.486909013 11.979133521 1.777199513 
-10.782370692 11.779034842 0.576518004 
1.343830905 17.162684383 1.594800525 
1.318501292 17.214504042 1.311961643 
-9.492772581 13.346030480 -2.792632284 
-10.138696976 13.000813715 -1.883746834 
-0.532137441 16.203714003 -4.606536557 
1.296649420 16.407143118 -2.794188035 
-10.338688485 12.782477609 1.703685066 
-10.160009062 12.347489260 3.077411644 
1.724423377 16.980695692 0.246703369 
1.464125279 17.513638954 -0.057988600 
-5.855359115 14.696404920 -6.053593893 
-10.498894599 13.554899955 0.841376894 
-3.375747798 13.777760343 6.296667644 
-3.715887356 13.618173916 6.406032882 
-6.552091435 12.478369495 -7.263588955 
-6.281313541 12.654731914 -7.337879521 
-2.727154754 14.011951620 6.061003731 
-4.286267761 13.407721444 6.511953262 
-6.449598209 12.668697592 -6.845433819 
-5.849952318 12.843374419 -7.405966850 
-2.711321193 14.232338141 5.897350900 
-3.050259621 14.050972345 6.068856754 
-5.531909151 13.186306988 -7.594880416 
-3.921523753 13.751221480 -7.417770750 
-0.880194541 15.969171555 -6.440916031 
-0.286894524 16.327128195 -5.681733445 
-10.205666406 12.585517589 1.817476690 
-10.460678676 12.564283161 1.204297898 
-4.232662310 17.195089441 -4.925637682 
-3.533651111 17.301520591 -5.001011880 
-6.709596975 15.488685548 3.734595467 
-8.287301241 15.567205669 1.704461995 
0.427033958 16.287055051 -5.363110051 
0.140587431 16.265558339 -5.572010461 
-10.594142057 12.434645064 0.695966729 
-10.769369975 12.239307277 -0.042934314 
1.382915855 17.201287045 1.723884540 
1.340234533 17.200955401 1.866457884 
-8.978958167 13.600615183 -3.433336841 
-9.436547391 13.414220288 -3.008377700 
1.050667940 17.276644804 2.051503810 
1.196574282 17.249011442 1.953511797 
-7.558607407 14.177817335 -4.554669733 
-10.095615422 13.124758078 -2.000531673 
1.148430077 17.138877103 2.645314282 
1.066531710 17.163997953 2.683062139 
-10.192657262 13.083527888 -1.751027029 
-10.071225535 13.108918466 -2.137347762 
-4.233856376 13.480967312 6.494746783 
-3.848870365 13.627109198 6.430694811 
-10.031431461 11.416181645 -3.358809581 
-9.635906174 11.517005971 -4.089611658 
-5.568931429 12.945768303 6.582290530 
-4.808925907 13.236049063 6.567839487 
-10.118635178 11.385168205 -3.188911691 
-9.841502533 11.485761948 -3.658717724 
-3.397428554 13.845823621 6.286784838 
-3.020853128 14.624573116 5.904533140 
-9.836960690 11.510879562 -3.736041619 
-4.533797456 13.880658364 -7.739475346 
1.668925851 17.063710970 -1.155255426 
1.501318881 17.073888275 -1.178039302 
-9.977032823 13.138589582 1.733242470 
-9.954691766 13.209844143 2.037628262 
-0.385500664 17.724454999 2.309142518 
-0.668063168 17.055831966 4.021976010 
-4.287436483 14.733133177 5.856150691 
-7.449271120 14.264177669 -5.854851390 
1.091284381 17.187445422 -1.967287411 
0.993800182 16.711741074 -4.117498384 
-10.186120135 12.943262499 1.868691192 
-10.233412015 12.897774806 1.797923326 
-4.361216960 17.111069081 5.033447019 
-3.773650957 17.221320807 5.068024290 
-2.231587860 15.539710088 -4.701508295 
-7.235476202 15.453328245 -3.307199059 
1.432740947 17.226302768 0.314459069 
1.648972860 17.038869210 0.811693102 
-10.384436487 13.017616745 -1.023503204 
-10.285741451 13.051923971 -1.314589976 
1.629226273 16.976475987 -0.764681973 
1.738814124 16.965372976 -0.303641982 
-10.788564364 12.315141814 0.068181209 
-10.394858880 12.696808620 -1.064804893 
-1.022819025 14.448001044 5.637703880 
-1.023054542 14.407900758 5.650550967 
-3.536536168 13.637269923 -6.981210660 
-4.290982292 13.304598994 -7.153871904 
-1.838321283 14.166678619 6.373513320 
-2.225052957 14.031931008 6.483259938 
-7.784927247 11.900026858 -5.816867335 
-8.794930657 11.494922546 -5.100347061 
0.760967031 15.243631315 4.217914962 
-1.888281582 14.169650149 6.058964608 
-6.174403332 12.502985815 -6.556525258 
-6.863553944 12.205426663 -6.317708348 
1.426279989 16.996184349 -2.752745712 
1.363350523 16.942013530 -2.844045029 
-9.389117766 13.223790720 2.773657587 
-10.504668411 12.440322442 1.728615835 
1.241926832 17.310200862 -0.195043171 
1.206752430 17.302949615 0.499117691 
-10.644247030 12.776597688 0.838456856 
-10.948060273 12.525493798 0.116164001 
0.799765783 16.865246072 -4.010404426 
1.107238204 16.951901720 -3.436209799 
-10.871125933 12.515556086 -0.012273134 
-10.834458347 12.555446623 -0.906832099 
1.787291809 16.950472160 0.624097369 
1.413611035 16.959791307 -1.194544285 
-10.651650574 12.210599510 2.130697016 
-10.736500335 12.315345340 0.242742597 
1.693268821 16.939161916 2.054552452 
-0.130883866 17.762736858 1.621284563 
-9.916211256 13.206718708 2.974535045 
-9.822499755 12.976991549 3.211441350 
1.138156357 17.197986706 1.396836130 
1.131762008 17.218995990 1.106986757 
-10.747691360 12.423785184 -0.697674065 
-10.624468609 12.518157967 -1.031738681 
2.627246416 15.448954796 0.692529182 
1.793097401 15.796899979 2.448733317 
-4.774436529 12.760371217 -6.632045071 
-9.274908417 11.928364950 -4.315090415 
-4.602913176 14.396575685 6.018832223 
-2.921526727 15.216004170 5.321409276 
-2.654990318 15.654612828 -6.198466825 
-3.715495944 15.173887580 -6.682861096 
0.657561249 15.791315640 3.831663810 
-2.987038574 14.101232437 6.409732184 
-6.395934388 13.340956072 -6.596910408 
-4.796894436 13.904088325 -6.803905850 
1.666580294 16.953310643 -0.786393790 
1.443867810 16.938921931 0.991746805 
-10.446512444 12.395010378 1.127931261 
-9.565697328 12.982471011 1.782319986 
0.810128111 16.503982317 3.411572289 
0.340550458 16.276946607 4.143458489 
-10.031490317 12.677874844 2.122867358 
-10.449158109 12.729790885 0.544888921 
-7.915511194 14.537792980 -6.255193381 
-7.511855017 14.670863827 -6.412187738 
-7.255044537 14.932840284 5.688998047 
-8.485427404 14.429879271 5.173427824 
-0.163863977 16.142565367 -4.416147417 
0.907633545 16.647894334 -2.682396833 
-10.485716804 12.470153995 -0.938756795 
-10.030597805 12.697929941 -1.889427217 
-0.098476277 16.506556735 -3.866770796 
0.279135830 16.361224263 -3.838060260 
-10.647995605 12.182027495 -1.627017348 
-10.439432790 12.387132726 -1.799061185 
0.735767929 17.537508353 0.561674702 
0.778985852 17.459350333 1.189486697 
-9.600448697 13.239743938 -3.125197007 
-9.897040246 13.019906251 -2.965779057 
-1.559851510 14.467801720 5.798337354 
-2.210256738 14.248081113 5.838469458 
-7.594752074 12.081529121 -6.006300378 
-8.332254500 11.827827653 -5.533107756 
-1.380786026 14.509201049 5.441832148 
-1.616660162 14.579653840 5.494426857 
-4.834139602 13.292640369 -7.490567418 
-3.693105516 13.826541382 -7.209864796 
0.118514555 15.119620801 4.206502359 
-4.630036663 12.566221160 6.748848110 
-1.986211095 14.487806461 -6.410840814 
-2.040109726 14.685462783 -7.546236145 
2.028982291 16.763364241 -0.563748536 
1.746742114 16.831032088 0.273422804 
-10.409083662 12.544810408 1.084236752 
-10.562785617 12.379485750 0.486714265 
0.014379686 14.941381197 -7.009601605 
1.072245623 15.329741687 -6.135469230 
-10.681404832 11.927057539 0.973452990 
-11.068606566 11.562328080 0.832530988 
1.964837141 16.655323756 -1.714082843 
1.928040575 16.667216224 -1.583011021 
-10.274200076 12.350251803 1.500626155 
-10.641530760 12.086822062 0.715138778 
0.152079969 16.853982037 4.078073720 
1.354491719 17.456450599 -0.307793413 
-8.444195154 14.011119055 -3.795668169 
-10.709798951 13.234917720 1.157460944 
1.630462685 16.969734018 -0.393845628 
1.266586316 16.994119303 -1.232479555 
-8.769030684 13.473899470 -3.582543487 
-9.211956106 13.341874007 -2.987568217 
1.197223304 17.217327446 0.182532599 
1.381305951 17.149808172 0.006658652 
-9.733689172 13.067625612 -2.553731225 
-9.145645793 13.280228713 -3.382073706 
0.144649747 15.191511447 4.856876191 
0.579310867 15.292926930 4.501096282 
-5.260980568 13.134838034 -7.003986399 
-5.888769459 12.813080849 -6.624181443 
0.457398050 15.540447577 4.358390612 
-1.425490344 14.768672498 6.035558269 
-8.476963393 11.894164804 -5.497133392 
-9.350559402 11.710523112 -4.542855132 
0.812204945 15.395758226 4.143573583 
-3.520995601 13.764702112 6.360712313 
-7.718130084 12.109304330 -5.974588015 
-8.179953729 11.970408705 -5.707303646 
0.504343641 16.759783327 -4.604809619 
1.176132160 17.182498816 -2.402274503 
-10.710011501 12.753003052 0.479780536 
-10.769182617 12.671880334 0.783117517 
1.587642573 17.041517363 -2.031689193 
1.133648772 16.790544792 -3.806968811 
-10.798649618 12.366228056 -1.665873865 
-10.395322490 12.422863011 -2.942110401 
-0.094799905 17.978160550 -1.417185284 
-1.985849808 17.829768007 -3.586037114 
-10.196929697 14.162304829 0.371534392 
-10.569616542 13.602859351 0.856898260 
0.245317290 16.463105895 5.221079692 
-0.266279146 16.423106116 5.522987961 
-10.866215810 12.329269923 1.096845771 
-10.900616617 12.299615544 1.026351666 
0.968712275 17.008691194 2.739282386 
0.958409903 16.886748107 3.427777856 
-10.902137588 12.177756176 1.017879115 
-10.969970714 12.144752469 0.006825671 
-6.220987890 14.555550744 6.477749098 
0.345179990 16.797861870 -3.057214898 
-6.514110447 14.535866829 -6.411851757 
-5.478081330 14.868343135 6.474282274 
-2.053695336 14.608385923 5.909960581 
-3.054324337 14.435428835 6.384783323 
-5.763721563 13.185315226 -7.459914204 
-3.911399087 13.921232109 -7.004310122 
1.243758638 15.258488208 3.537636439 
-0.253021147 14.752421928 5.405075872 
-7.439545354 11.853337421 -5.949825255 
-7.019783652 11.957347526 -6.174460470 
-1.256070104 14.682171311 5.180063601 
-9.082207081 13.027581113 3.370736651 
-2.333470270 14.612151392 -6.686607290 
-0.956461213 15.048011003 -5.828861242 
0.886125573 17.115608667 -3.206302976 
0.861477023 16.954845065 -3.775729426 
-11.018401457 12.424334036 -0.475907466 
-10.876792913 12.484894056 -1.326774584 
0.780098958 17.100179890 -3.397981481 
1.117706873 17.182388649 -2.536792439 
-10.622821042 12.764829470 1.022538446 
-10.281074418 13.033755476 1.724100367 
0.533603596 16.755366891 -4.627053720 
1.052458063 16.935523774 -3.621612335 
-10.715630575 12.732691920 0.499578857 
-10.758794020 12.636907711 0.890527845 
1.258698324 17.074126387 2.528746856 
1.027770610 17.191881875 2.248151855 
-10.518903206 12.692911381 -1.189104080 
-10.634974152 12.608469491 -0.926545411 
1.211184700 17.127817964 2.303265863 
1.256474644 17.093020149 2.389656169 
-9.929554551 13.132885588 -2.009372050 
-10.367302530 12.875618036 -1.235119776 
1.354499133 17.042203557 2.493829690 
1.269978460 17.223434526 1.143561179 
-10.423253532 12.744284311 -1.466004096 
-10.822132598 12.498993355 -0.185031596 
-2.463800082 14.116971389 6.024290232 
-2.989302481 13.955775151 6.208417483 
-5.890979801 12.886972347 -6.949726310 
-5.960442031 12.893542559 -6.895306442 
-1.329971490 14.499998676 5.722676232 
-1.211871303 14.551628204 5.659521687 
-4.540722565 13.446470311 -7.103626577 
-2.851438862 14.167702482 -6.829324475 
-3.830829309 13.667942768 6.418963735 
-1.114009468 14.662027996 5.256961382 
-4.647696877 13.400702990 -7.006357955 
-3.122811558 14.032744250 -6.940212019 
0.903201017 17.033965288 -3.395588085 
0.674580958 16.897856183 -4.055452127 
-10.881270490 12.590161424 0.309525582 
-10.841420615 12.590675192 -0.212826375 
0.978786773 17.131915902 -2.860778479 
1.005388644 17.145013023 -2.764293585 
-10.832456787 12.560920235 0.399006881 
-10.684257386 12.711752585 0.790023212 
1.330076294 17.130753501 -2.234064276 
1.346194115 17.209558243 -1.597271558 
-10.784307672 12.663621755 0.561329794 
-10.598837765 12.757978769 1.349288626 
1.224670640 17.280408515 -0.887736234 
1.006074142 17.336509418 -1.075430676 
-10.828796051 12.660208380 -0.320729951 
-10.504890195 12.866036096 -1.454527538 
1.299717293 17.339475486 0.338343586 
1.396680441 17.302427266 0.543686098 
-10.698427768 12.748260295 -1.088313023 
-10.698907992 12.757776714 -0.853128894 
1.156616334 17.334539387 -0.569340912 
1.130080378 17.374209604 -0.194259652 
-10.181140273 13.044763162 -2.198004827 
-9.738383195 13.349500593 -2.595195979 
-2.165142760 14.299511243 6.157388587 
-4.011315502 13.601938636 6.552861327 
-8.066713719 12.023976039 -5.765904705 
-7.961566558 12.030722712 -5.828261209 
-1.534491286 14.590543944 5.856596042 
0.188378134 15.344837588 4.761037675 
-8.052852901 12.063971955 -5.765269882 
-7.092233695 12.451210949 -6.264067810 
-1.527497603 14.593789851 5.789786247 
-1.588446105 14.585025485 5.864271008 
-9.148506780 11.688966925 -4.810950546 
-7.633769301 12.180780777 -6.030225972 
1.168307990 17.228231574 -2.028759000 
1.276376542 17.277310489 -0.932681181 
-10.887373470 12.506710304 -0.398709760 
-10.823592030 12.476812142 -1.440090714 
1.095505196 17.118120458 -2.847793017 
1.351170918 17.170952491 -1.885506216 
-10.687256934 12.569882478 -1.837240821 
-10.910848760 12.460198331 -0.254611696 
1.327839189 17.198029169 -1.824362189 
1.119414396 17.143737433 -2.695382478 
-10.902228000 12.410191042 -1.325220435 
-10.915752839 12.549887329 -0.120498122 
1.079549041 17.393342112 -0.165010171 
1.000442752 17.416733727 -0.395022446 
-10.926944395 12.573725576 0.038606266 
-10.861825817 12.626632763 0.194539303 
1.013358540 17.301152199 -1.149439727 
0.935037190 17.325259041 -1.096355650 
-10.935898455 12.554636664 0.214507829 
-10.970885995 12.519991790 0.589440759 
1.198370620 17.374676567 0.265561692 
0.880895379 17.453908409 -0.302537333 
-10.919941903 12.584610056 0.898108030 
-10.847346169 12.666782875 0.869431860 
0.519180561 15.294190816 4.311623880 
0.669641142 15.405444378 4.296828025 
-7.663697108 12.271964439 -6.192663469 
-6.042109864 12.878889443 -6.917365185 
-1.310008129 14.597843807 5.735073386 
-3.825693980 13.674047608 6.470772018 
-8.755395440 11.841503087 -5.196590545 
-7.794793405 12.165332993 -5.893035117 
-2.071414049 14.112042241 5.944525881 
-1.992298203 14.249356231 5.906993497 
-7.756658204 12.214666604 -5.909281704 
-7.443889696 12.292115903 -6.066872103 
1.126252911 17.240461635 -2.144926354 
1.369889843 17.205605278 -1.731324769 
-10.283303164 13.036122161 1.623901324 
-9.990165021 13.176659256 2.239050934 
0.740730319 16.913198703 -4.053383504 
1.154472444 17.191328721 -2.409934144 
-10.351376424 12.989198595 1.533245551 
-10.032169026 13.165493586 2.025207832 
0.884920587 17.053046779 -3.438301020 
0.486909735 16.830908798 -4.460390742 
-10.417741687 12.924113614 1.358393635 
-10.705458553 12.777839842 0.669176046 
-4.229215171 17.154200974 5.019594248 
-3.491731419 17.293210673 5.053638871 
-2.483272063 16.816752299 -3.792124076 
-7.680915635 14.767939305 -5.309585250 
1.820914894 16.963088041 0.465288458 
1.065776385 16.820844352 3.507126370 
-9.182330158 13.205828368 -3.146934685 
-8.048727403 13.705134996 -4.272697760 
1.094184150 16.646110278 4.064389919 
1.652952575 17.014319915 0.994140989 
-10.232549193 12.740778220 -1.396121382 
-9.998630553 12.837178253 -1.889476553 
0.763477323 15.471016526 4.145553601 
1.613391143 15.674728342 2.775603444 
-7.232396146 12.223741379 -6.241854785 
-5.845059958 12.793622847 -6.608957058 
-0.303547169 14.949559654 5.102967464 
-1.139318326 14.718213370 5.601703171 
-6.906825509 12.375464216 -6.357749604 
-7.198894659 12.154408589 -6.306561557 
-3.488712059 14.314140820 6.131249347 
-1.214844576 14.666821287 5.695533876 
-7.416901345 12.009858949 -6.156525766 
-6.254290005 12.649382644 -6.522649104 
1.586301537 16.876473481 -0.490480918 
2.263427722 16.505894538 -0.159562980 
-10.324487108 12.721358726 -1.982412214 
-10.042348577 12.258520862 -3.600952780 
1.067524898 17.062139197 -2.818253642 
1.084305516 17.275798516 0.490898056 
-10.575882034 12.692269837 1.356535678 
-10.647575694 12.687541480 1.122180200 
1.476870283 17.488541191 -1.168689707 
1.205559609 17.658070934 -1.184963666 
-9.182665364 13.896727177 3.863451423 
-10.285276650 13.007890840 1.322491715 
2.253601498 16.601643377 0.668677870 
2.322380535 16.442424851 2.183047250 
-10.319651769 12.278864287 -1.280811321 
-9.883057995 12.432164842 -2.439438997 
-1.176687487 16.589007137 5.418851760 
-2.282328929 16.199902222 5.900812025 
-8.653697662 13.971841125 -3.013602590 
-9.501790857 13.940532398 -0.705842731 
2.245671730 16.446131614 1.563670245 
-0.013566895 17.607356695 1.639395278 
-10.223966642 12.130820824 -1.979238220 
-10.338559474 12.053733226 -2.087887087 
0.350492311 15.339870839 4.582408898 
1.744799680 15.706322470 2.380732619 
-6.852675526 12.380884854 -6.341480524 
-8.110883185 11.922310923 -5.682886231 
1.348282157 15.466940436 3.442552241 
1.752648090 15.720818283 2.389955891 
-5.558567814 12.942468673 -6.896565632 
-5.171310478 13.071983327 -6.878713700 
-0.036494326 15.442679509 4.898128693 
0.124976641 15.511496320 4.697132723 
-9.204260404 11.572355342 -4.794113663 
-8.420630797 11.856916873 -5.519650648 
1.510262421 17.119471335 -0.771717061 
1.570467156 16.955900288 -2.247463765 
-10.349603589 12.325917623 -2.895021990 
-5.282808725 14.980598010 -4.995569662 
1.319256052 17.002019724 -2.596745425 
1.397200861 17.124410634 -1.547696671 
-10.166346934 12.571634631 -3.002004690 
-10.656917654 12.265257381 -2.177639879 
1.434274941 17.128088938 -1.352734013 
1.396090503 17.184604247 -0.856527921 
-10.733175912 12.299477856 -1.771496878 
-10.604927530 12.331801922 -2.210697173 
0.797852408 17.343995483 -1.294685326 
1.132090367 17.373007209 0.440569537 
-10.519694650 12.866129301 -1.314552606 
-10.283699326 13.002740197 -1.823228204 
1.294816138 17.002796965 2.938252216 
1.048781661 17.375670299 1.286752710 
-10.925811948 12.476143226 0.961996792 
-10.957689635 12.531422344 0.339635776 
1.237208949 17.285134506 -0.672721588 
1.174376886 17.345528383 0.228955347 
-10.114052560 13.102594917 -2.014726275 
-10.301706401 12.951088275 -1.861382129 
-0.035869787 15.034788568 4.876287913 
-0.241727583 15.043822348 4.962605662 
-10.460127491 11.514710920 -1.636850736 
-10.393090035 11.511487914 -2.035566374 
-2.192290757 15.201699341 6.129558560 
-0.178730802 15.710209253 4.818434003 
-9.882099833 11.619540307 -3.527884892 
-9.890274002 11.286638689 -3.653862881 
-0.738131410 14.861541554 5.365760804 
0.638016067 15.473073237 4.251290631 
-10.291285431 11.452860608 -2.562127567 
-10.412780856 11.468216167 -2.050027171 
0.918742959 16.646400965 -3.968420987 
1.387807061 17.052150710 -1.254206960 
-10.646216664 12.289537607 1.371322663 
-10.781828459 12.168260804 1.087567650 
-0.584853133 17.619895360 -2.599826146 
-0.247115897 17.524046365 -2.831388316 
-6.466140593 15.264753350 -3.934736660 
-7.827022821 15.061117178 -2.948408648 
-0.639993126 16.184530765 4.418574647 
-1.789859115 15.984264944 5.236822045 
-9.940485085 12.964921270 4.084833982 
-6.635584390 14.197225089 -6.703839124 
0.962956476 17.030192210 3.367047428 
1.194437414 17.130111156 2.554680597 
-10.873799537 12.538242463 0.001254190 
-10.992287941 12.410729764 0.499632781 
1.228190286 17.312284535 1.425492212 
1.241920339 17.312109926 1.263535907 
-10.100844989 13.131726181 -2.001953327 
-9.944769898 13.210422542 -2.216627233 
0.486263966 17.496628865 3.311381081 
1.353359003 17.297728358 -1.299222039 
-9.831705042 14.499700158 -1.216683116 
-9.810541989 13.963545213 -2.134706032 
-7.190107339 12.608609823 5.904218880 
-7.475352311 12.219996808 5.910182016 
-10.372853745 10.876916902 -2.597440967 
-4.922788807 13.379747288 -7.873370810 
-3.661415967 13.743627370 6.132539362 
-5.507896810 13.024735028 6.300248099 
-2.947364633 14.021314174 -7.493739829 
-10.540765821 12.393051236 -2.426448506 
-2.577152126 14.527364205 5.709455512 
-3.850230015 13.368243969 6.396195412 
-4.395670016 13.731675126 -7.207084237 
-5.528627827 13.291778475 -7.173073816 
1.354488095 17.166550808 -2.089443034 
1.229974815 17.067094989 -2.893737678 
-10.915830471 12.554249715 -0.478261799 
-10.926888702 12.501269240 -0.559822232 
1.782499474 16.986124960 -0.450252163 
0.861236315 16.938793968 -3.512980270 
-10.642140438 12.307143883 -0.266466827 
-10.749012808 12.123977884 -0.785083039 
1.482435013 17.141569162 -1.087573688 
1.297828282 17.232535982 -0.155287188 
-10.754727049 12.540779122 0.451389811 
-10.871186435 12.434905658 0.043644667 
1.390423918 16.878792111 2.641840848 
1.488382931 17.055304856 0.655129629 
-10.801284871 11.970941149 1.769673861 
-10.876892956 12.099687399 0.580691431 
1.465115177 17.177497555 1.048819106 
1.439883039 17.201494124 0.038672450 
-10.838754499 12.468419290 1.128312500 
-10.680223596 12.632652055 -0.689299348 
-0.313562694 17.865286673 1.664527813 
0.964006439 17.138001445 -1.575190219 
-6.277849005 15.641658474 -4.456026305 
-10.531919908 12.755167607 -0.661788383 
-1.084311581 14.610043631 5.149722424 
-10.396027435 11.269431434 -1.615290598 
-5.749739975 13.851378190 -6.715567703 
-6.171220116 13.414211081 -7.043212292 
0.898487036 15.336687651 3.920168254 
-1.074475307 14.703608328 5.855210190 
-3.144312228 14.857908229 -6.351907669 
-6.362452935 12.744163920 -6.304289119 
-0.806368865 15.998738340 4.534512178 
-3.220010629 14.610098818 5.855149291 
-6.001797716 14.342099543 -6.890340635 
-5.462881180 14.335698582 -6.953918461 
1.829531838 16.716374822 1.145248842 
1.697368305 17.085904306 -0.735209619 
-10.707379166 12.129520913 -1.818531251 
-10.877206310 12.039194163 0.040555922 
0.789789163 17.095421884 2.371628423 
0.897011103 17.234044648 1.810501168 
-10.577353549 12.562517525 -2.314078223 
-10.739770540 12.437041359 -2.053197315 
1.717411794 17.105187842 -1.254152950 
1.307111467 17.263309120 -1.063608302 
-10.803238555 12.649940950 -0.248639421 
-10.734406865 12.440506971 -1.971906685 
1.720942355 16.970352052 -0.162789175 
1.624974475 17.057389178 0.582049188 
-10.695101779 12.184204798 1.974908945 
-10.572251022 12.601188239 -0.941722193 
1.529956088 17.065713155 1.178114840 
1.626402989 16.886241225 -1.218557816 
-10.772346239 12.813911135 0.219143720 
-10.387043278 12.567870721 2.839378434 
1.636513378 16.994410666 0.045228242 
1.511011165 17.028841135 -0.048086217 
-10.819671389 12.150426708 0.334263970 
-10.752573984 12.256916662 0.511948688 
0.437114210 15.693672902 4.056342910 
1.403300887 15.734650682 3.048470139 
-9.903739177 11.981020542 -3.715296613 
-9.669867079 11.629385066 -4.183300571 
-1.668894886 14.412347677 5.293882584 
-8.372431557 13.086053422 4.965015091 
-10.634728808 10.710485138 -2.103472594 
-10.437754110 10.290538816 -3.034488259 
-2.141883978 14.557242252 6.113009198 
-0.578732654 15.073736731 5.209408659 
-6.688415412 13.013826286 -6.740669204 
-6.562384444 13.019884754 -6.801869508 
0.748239658 16.963118827 -3.783133196 
0.256132599 16.543650180 -5.224752049 
-10.845657723 12.552948208 0.431781226 
-10.965658936 12.436532004 -0.602814616 
0.940692972 17.123495579 -2.954258507 
1.166515958 17.126029504 -2.652280290 
-10.156114181 13.029895509 2.136897259 
-10.345184897 12.926175459 1.753961114 
-7.301217090 14.532932428 -6.502216725 
-0.196141168 16.825264333 -3.768677470 
-9.392133778 14.258188283 2.238865166 
-5.406056438 14.848734343 5.387535570 
0.947102626 17.375846200 -0.932686678 
0.926366199 17.387964806 1.533727393 
-9.450387874 13.505288479 -2.903529386 
-9.889117074 13.172684328 -2.519175859 
1.067773201 17.353532911 -0.591495447 
1.165677751 17.138752794 -1.537672230 
-9.147580829 13.594870322 -3.218855502 
-7.620954182 13.907143590 -5.257501342 
0.651791931 17.337138774 -1.801708110 
1.239533048 17.352935215 0.992986290 
-10.093022308 13.090329596 -2.242907104 
-9.778956397 13.277157051 -2.558755831 
0.160090862 15.242759634 4.625075151 
-0.222211037 15.019994607 5.015166672 
-8.612514414 11.811787222 -5.377654480 
-8.548413273 11.825138683 -5.435365732 
-0.167186621 15.080415138 4.966535032 
0.269050095 15.281739627 4.770316441 
-8.327571701 11.884848836 -5.617813122 
-8.129326236 11.998053509 -5.768731182 
-2.225261003 14.319609058 5.858283788 
-1.235418730 14.710357274 5.659750185 
-9.595426425 11.626382124 -4.165591229 
-9.146627618 11.676749085 -4.873922647 
0.534315890 17.237239023 -2.999949407 
0.836539097 17.125327399 -3.083164697 
-10.834165613 12.653207616 0.419479310 
-8.990250794 13.707883484 3.327262610 
0.371051049 16.887288156 -4.310370185 
-0.345739419 16.449000612 -5.693577229 
-10.939880802 12.502034122 -0.339885929 
-10.812403274 12.642602174 0.318923991 
0.803677449 17.141515352 -3.113342087 
0.820211441 17.101701528 -3.236788376 
-10.200042364 12.964984010 1.932497166 
-10.924714640 12.508326418 -0.007737344 
0.143560774 16.886811163 3.955431184 
-0.330421628 16.662405745 5.249956460 
-5.189500092 14.520694389 -5.686935907 
-7.863935374 13.838020759 -4.838125065 
1.256549163 17.153540013 2.497586122 
0.962578784 16.997191497 3.588575426 
-8.418612561 13.893377937 -3.916705938 
-8.456976816 13.922166747 -3.834717358 
0.462328837 16.627266929 4.968285554 
0.535447472 16.644297392 4.914722802 
-9.022021428 13.690156865 -3.260756599 
-9.204172644 13.538731263 -3.123099261 
2.053461645 15.790942463 1.910352151 
1.382800736 15.574719619 3.343139046 
-9.066361498 11.509683966 -5.044729711 
-8.951216723 11.713878999 -5.074573761 
1.787677440 15.661733004 2.777338161 
-0.329347847 15.158089495 5.257107376 
-8.702013695 11.682753082 -5.333261778 
-9.542266073 11.483110224 -4.385359761 
0.438244079 15.414545055 4.484482124 
1.461112751 15.561978413 3.333319365 
-9.212808536 12.327636082 -4.261395110 
-7.239526077 11.975622776 -5.994335212 
-2.088089437 15.876525776 -6.982288454 
-2.029880885 15.822796075 -6.988340431 
-10.466691993 12.914984874 1.326735748 
-10.013692376 13.155002170 2.086402634 
-5.218516995 14.590793709 -7.660077124 
0.677510932 16.986134308 -4.175428695 
-7.081887059 14.062453356 4.871406407 
-7.827041198 13.521471139 5.551106440 
-0.319811710 16.580242703 -5.511255692 
-0.530234230 16.335838870 -6.019568380 
-10.389053060 12.908576150 1.306998515 
-10.939336187 12.546855619 -0.601244476 
1.006620078 17.217353823 -1.481548897 
1.142945668 17.283637779 -0.774199804 
-8.603031699 13.795986484 -3.665005100 
-9.388899290 13.495199554 -2.868251193 
1.293711492 17.277151068 0.629151901 
1.032361276 17.380582369 0.310000621 
-8.947366433 13.701392898 -3.305888756 
-8.056242347 13.991225272 -4.156330621 
0.845248236 17.243908418 -1.687742749 
1.050622118 17.366043249 0.173352654 
-9.299619550 13.474071005 -3.063005364 
-8.581058123 13.713608379 -3.789386734 
-6.081069278 12.768451868 6.528766973 
-6.476592675 12.619639654 6.453364091 
-7.612315887 12.091425894 -6.052505492 
-5.472952794 13.025790828 -7.410384091 
-3.884148328 13.704910382 6.425403931 
-4.129375353 13.586526156 6.521801940 
-6.868566706 12.454017800 -6.347952135 
-3.999099236 13.753588355 -7.249952357 
-5.921311359 12.553886500 6.380715101 
-3.104986333 14.632225267 5.500051077 
-4.666590992 13.485771441 -7.379721933 
-8.151063791 12.119950870 -5.761281345 
1.170324173 17.060152185 -3.104651840 
-0.257120933 16.087348126 -4.675215835 
-10.578198422 12.803934049 1.069413351 
-9.797426767 13.309335586 2.326522367 
0.964574959 17.021294133 -3.550325344 
0.579464940 16.641378559 -4.864059041 
-10.872822106 12.637113261 -0.368506875 
-10.911368558 12.563029252 0.138505752 
1.348142362 17.154443111 -2.362462154 
1.254761454 17.313773140 -1.225941620 
-10.413600814 12.978045633 1.589913444 
-10.462590609 12.903296702 1.494123769 
1.184168074 17.254446742 -0.719784755 
1.157940716 17.322317072 1.033739411 
-8.477105181 13.806529125 -3.866244856 
-8.293179776 13.945495669 -3.942583759 
1.308514492 17.235950807 -0.432522117 
1.427966166 17.246417989 0.619920726 
-8.829866168 13.651347044 -3.615891724 
-9.549015937 13.297516697 -3.013859202 
-2.133542273 16.530551397 5.401617966 
-0.148545463 17.131320514 2.928839885 
-4.999557900 15.087704348 -5.225247389 
-5.027050746 14.924951268 -5.230389303 
-5.477404986 12.996751759 6.670462134 
-2.339316515 14.296769406 5.870356418 
-8.191654971 11.966763022 -5.692309523 
-2.492808409 14.344772573 -6.754077721 
-3.198640603 13.973273168 6.246366877 
-1.825526086 14.444787363 5.677851549 
-7.697494683 12.090957099 -5.996127871 
-8.194695120 11.920260555 -5.725812922 
-2.197888121 14.607949942 5.602387151 
-0.413022606 15.051049999 5.021942874 
-3.618637176 13.819468536 -7.076292996 
-3.499926906 13.932610242 -6.974933855 
1.572366477 17.008012074 -2.193365522 
1.858301271 16.733755396 -2.315258007 
-10.721942495 12.810182873 -1.410648172 
-10.418565382 12.556688544 -2.790713100 
1.738141039 16.972240280 -0.355757498 
1.251640332 17.038719144 1.372332671 
-10.773451200 12.211660539 -1.467924391 
-10.708073387 12.517238666 0.138876189 
1.629492120 16.834695955 -2.326752571 
1.544718559 16.993050388 -1.426829008 
-10.149623366 12.281484589 -3.317211301 
-10.427819187 12.167535968 -2.818109930 
1.166893067 17.323792630 -0.565011790 
1.303556270 17.288426340 -0.021804992 
-10.057928308 12.754320614 3.284241644 
-9.855673257 12.811039394 3.629853884 
2.070314620 16.711708307 -0.120146794 
1.514863500 17.161345965 -0.008366387 
-10.357226935 12.288903139 2.611090987 
-10.773502160 12.150451704 -0.540305867 
1.072984292 17.244276339 -1.102089019 
0.698607092 17.087614040 -2.461551190 
-10.759634860 12.455971772 1.813039869 
-10.852198316 12.515617718 1.230645021 
0.193514348 14.381936987 4.737273634 
1.783238628 16.615732577 -2.122929163 
-7.610557402 12.914161857 -5.639143599 
-6.764478118 12.994299343 -5.898291373 
-2.275388200 14.921155202 5.501417243 
-4.549497616 13.705821823 6.229561314 
-4.671837040 13.927735081 -6.892230450 
-3.319639152 13.939200670 -7.310529829 
-0.507275606 15.177927434 5.208369768 
-0.535846440 15.300288255 5.061326940 
-6.439477523 13.014659448 -6.661364139 
-5.682371072 13.183365609 -6.730191647 
1.404711773 17.217790813 -0.771698491 
1.439815460 17.169899722 -1.264655494 
-10.663440476 12.637188001 0.852486918 
-10.678238892 12.650828412 0.606784081 
1.651421981 16.965365174 -1.038761259 
1.269961217 17.103455365 0.035085906 
-10.872781401 12.011090342 -1.283282072 
-10.629357706 12.085016427 -2.219037749 
0.984900574 17.157371943 1.381943885 
0.060913149 17.824489673 0.145992856 
-10.726236048 12.509455708 -0.917341980 
-10.725959773 12.658896218 -0.310700102 
2.062570772 16.664221255 0.364715508 
1.511156442 17.055555994 1.481170208 
-10.576437660 12.377862743 -0.063207739 
-10.820097669 11.944398365 0.165220182 
0.924641941 16.877115187 3.895160746 
1.177348780 17.104151532 2.746374760 
-10.901994864 12.443479433 1.072065669 
-10.845491679 12.578376510 0.767282669 
1.607966352 17.109553239 0.923024021 
1.450068327 17.158152335 1.164920032 
-10.741310091 12.568087986 -0.366326642 
-10.857544952 12.421492061 0.898286250 
-1.886864229 14.157343628 5.712547060 
-1.034161708 14.666208976 5.057168973 
-7.991718925 12.109480523 -6.364059381 
-2.369024740 14.258014525 -6.590986984 
-2.461187573 14.863575085 6.340220860 
-1.149990774 15.310830498 5.608490138 
-10.894777277 11.276538468 -1.612130783 
-7.701566201 12.993138758 -6.129613552 
-0.977070166 16.067002911 4.943639749 
0.267447233 16.553154770 3.531613070 
-9.665270843 12.077020158 -4.237156822 
-6.198153904 14.106281144 -6.466340116 
1.411124723 17.153786884 -2.247269687 
1.257321236 17.205163325 -2.182128363 
-10.957358253 12.568602047 0.016021760 
-10.766238804 12.632951467 0.773331345 
0.990272115 17.367816254 1.011761017 
1.307020080 17.335010820 -0.547950533 
-10.492164396 12.896566109 1.394984982 
-10.338897266 12.989377427 1.620937653 
1.010587293 17.024491648 -3.466142026 
1.350306784 16.990387660 -3.178503169 
-10.907134355 12.584243004 0.155750911 
-10.771222643 12.707775889 0.642507310 
1.437800280 17.218277868 0.886492960 
1.527383573 17.180103953 1.085477901 
-10.660058055 12.706393469 -0.955454690 
-10.553677544 12.804620400 -1.068679719 
0.901314788 17.020028438 3.640573787 
1.211203567 16.823210416 -2.075398691 
-4.881711183 14.842664285 -5.831171958 
-6.081288068 14.187289815 -5.759667050 
1.169202589 17.273912293 -0.534486569 
1.343656557 17.269495507 -0.049176635 
-10.403223046 12.846693108 -1.628444862 
-10.387810697 12.902280005 -1.480366199 
-0.192698419 15.032202662 4.957903149 
-2.060889111 14.375583626 5.762640771 
-4.234215106 13.617593003 -7.132738285 
-3.898985326 13.742823455 -7.154501970 
0.418345623 15.298533415 4.270055010 
-1.239395829 14.672147860 5.289465156 
-3.265991349 14.024198970 -6.973465326 
-3.909122967 13.777173649 -7.125387574 
-2.065102753 14.407522873 5.760757723 
-2.517820605 14.263245692 5.960454232 
-3.532684067 13.869495857 -7.054514601 
-3.697570389 13.841081624 -7.151706404 
1.036681960 17.283008699 0.917779877 
1.559355274 17.107690193 -1.487586467 
-10.399758818 12.898176654 1.396749089 
-10.852821915 12.565682358 -0.032661474 
0.922929115 17.402823230 0.327715179 
1.021782394 17.310690806 0.868098295 
-10.882702714 12.541796801 -0.718325850 
-10.946248686 12.442500054 -0.837627555 
-0.314145484 18.168481891 0.358689270 
1.189087428 16.975897176 -3.073340442 
-10.577507598 14.006901453 0.176345500 
-10.838668085 12.250779622 -1.071356818 
-0.280321566 17.383440010 3.492818981 
0.608032339 16.585454234 -3.277693346 
-5.712754770 15.715148065 -4.079457691 
-9.631050440 14.169952237 1.450486882 
1.222729350 16.906517652 2.581825019 
1.360979488 16.986755086 1.805231705 
-10.750445971 12.100093341 1.437048907 
-10.887715952 12.028873815 0.835508826 
1.632696594 16.854181037 -0.820300601 
1.685373431 16.943138205 0.569393534 
-10.839634913 11.966737694 0.602748078 
-10.842158115 11.951163432 0.529032960 
-3.141296153 15.015183533 5.496057337 
-2.981149287 14.911550066 5.530335648 
-1.860164790 14.927599537 -6.357785947 
-2.429143054 14.548972896 -6.596289453 
-7.075920563 13.277496445 6.285209021 
0.186919854 15.986434767 3.765266245 
-6.223197457 13.603660052 -7.331651144 
-4.354167705 14.424974337 -7.074588985 
-5.026942088 13.623048863 6.436475154 
2.809976971 15.510499699 -0.756909253 
-11.655484551 11.064216171 1.096786673 
-11.731259331 11.312771061 0.813891759 
1.464595860 16.987512275 -1.587650947 
1.352923298 16.987238961 -1.834290377 
-10.857540522 12.056418664 -0.982179765 
-10.499200175 12.202502586 -2.203099431 
-0.360175072 17.154938501 -4.233638937 
0.039522332 16.371967901 4.226549157 
-9.105330514 14.388260282 -2.104239663 
-7.451850716 14.730671591 -3.725381845 
1.876538081 16.709541779 -1.515594193 
1.616589413 16.880161116 0.572146738 
-10.757209751 11.915206581 -1.669707556 
-10.826202457 11.954562019 -0.546328916 
0.929209602 17.353432816 -0.780230594 
0.943694822 17.371996732 -0.473323838 
-10.073102695 13.157660329 -2.199721024 
-10.479332441 12.924136367 -1.573858900 
1.028640662 17.321611494 -0.184253530 
1.076471939 17.295782375 -0.698476525 
-10.013341127 13.043002735 -2.007380401 
-10.014506566 13.057117099 -2.197307849 
0.903039725 17.177392934 -0.730657563 
-0.227273459 18.132471244 -0.572858306 
-10.124545318 12.771953636 3.023134126 
-10.478081633 14.113879210 -0.602396035 
-5.226080891 13.983564056 5.772509348 
-5.351698651 13.709231752 6.003225592 
-7.621734889 12.217473944 -5.983225230 
-10.165531537 12.514256823 -3.262521832 
0.653226556 16.322048419 3.420281705 
0.679914208 15.890274682 3.776153011 
-9.916614150 12.149149564 -3.482410042 
-10.013142499 12.176393744 -3.557221620 
-4.911418002 12.997187399 6.432965293 
-1.065815035 14.646354614 5.067015495 
-10.514471801 11.988422924 -1.669501492 
-5.022418272 13.757819922 -7.361578890 
0.697956724 17.211238276 -3.140469217 
2.053522438 16.703251177 -1.473155958 
-8.274625398 13.977173140 4.109142471 
-9.547933501 12.795235644 2.867573529 
1.367724410 17.085533192 -2.474606846 
1.323633344 17.024834053 -2.857365033 
-10.837898686 12.571450487 -0.925622377 
-10.807482461 12.570185465 -1.067018440 
1.375618468 17.088896268 -2.395719615 
1.346730311 17.096141258 -2.420474113 
-10.920707558 12.481302961 -0.505577713 
-10.824545865 12.616798292 -0.069502989 
1.307768396 17.314307237 0.599995335 
1.339345307 17.313119132 0.689958139 
-9.304803697 13.432788795 -3.182459168 
-9.912021026 13.239759144 -2.415942191 
1.311027128 17.309411689 0.378283561 
1.306279299 17.281253568 1.326588851 
-9.556391925 13.310076166 -2.949573918 
-10.377325708 12.881876719 -1.798121105 
1.363074721 17.312012231 0.050015894 
0.892069736 17.327970989 -1.497910951 
-10.298328872 12.996049529 -1.859360130 
-10.136682089 13.062091807 -2.054804938 
-2.295599601 14.329009952 6.146339385 
-1.679903593 14.536933388 5.871314899 
-10.099810998 11.452995201 -3.217198916 
-9.916641480 11.532048653 -3.557420971 
-3.041097085 13.955394494 6.254436005 
-2.903449194 14.038567351 6.395455103 
-10.106486369 11.430999184 -3.232781821 
-9.669437365 11.617300008 -4.015114276 
-0.345619939 15.034443512 5.039622360 
-1.307990866 14.682898497 5.708378300 
-9.163733520 11.653214261 -4.813591682 
-9.811936680 11.568661322 -3.775586337 
