1.869403988 0.000000000 0.000000000 
1.869398779 0.000000000 0.000000000 
1.868993335 0.000000000 0.000000000 
1.869017797 0.000000000 0.000000000 
1.869458588 0.000000000 0.000000000 
1.869524555 0.000000000 0.000000000 
1.868981559 0.000000000 0.000000000 
1.869061083 0.000000000 0.000000000 
1.869226181 0.000000000 0.000000000 
1.869304586 0.000000000 0.000000000 
1.869186745 0.000000000 0.000000000 
1.869199430 0.000000000 0.000000000 
1.869541377 0.000000000 0.000000000 
1.869286616 0.000000000 0.000000000 
1.869371823 0.000000000 0.000000000 
1.869356964 0.000000000 0.000000000 
1.869187678 0.000000000 0.000000000 
1.869014616 0.000000000 0.000000000 
1.869329615 0.000000000 0.000000000 
1.869395059 0.000000000 0.000000000 
1.869332567 0.000000000 0.000000000 
1.869436675 0.000000000 0.000000000 
1.869384826 0.000000000 0.000000000 
1.869485131 0.000000000 0.000000000 
1.869641164 0.000000000 0.000000000 
1.869515353 0.000000000 0.000000000 
1.869152292 0.000000000 0.000000000 
1.869153595 0.000000000 0.000000000 
1.869174105 0.000000000 0.000000000 
1.869406812 0.000000000 0.000000000 
1.869065837 0.000000000 0.000000000 
1.869361606 0.000000000 0.000000000 
1.869675987 0.000000000 0.000000000 
1.869723389 0.000000000 0.000000000 
1.869104083 0.000000000 0.000000000 
1.869206587 0.000000000 0.000000000 
1.869588888 0.000000000 0.000000000 
1.869485362 0.000000000 0.000000000 
1.869045469 0.000000000 0.000000000 
1.869105425 0.000000000 0.000000000 
1.869456682 0.000000000 0.000000000 
1.869602987 0.000000000 0.000000000 
1.869049144 0.000000000 0.000000000 
1.869053842 0.000000000 0.000000000 
1.869507258 0.000000000 0.000000000 
1.869470413 0.000000000 0.000000000 
1.869123726 0.000000000 0.000000000 
1.869189691 0.000000000 0.000000000 
1.869138586 0.000000000 0.000000000 
1.869304677 0.000000000 0.000000000 
1.869341131 0.000000000 0.000000000 
1.869356750 0.000000000 0.000000000 
1.869094370 0.000000000 0.000000000 
1.869148843 0.000000000 0.000000000 
1.869272239 0.000000000 0.000000000 
1.869401341 0.000000000 0.000000000 
1.869069748 0.000000000 0.000000000 
1.869390245 0.000000000 0.000000000 
1.869491117 0.000000000 0.000000000 
1.869554932 0.000000000 0.000000000 
1.869484942 0.000000000 0.000000000 
1.869293770 0.000000000 0.000000000 
1.869284183 0.000000000 0.000000000 
1.869179064 0.000000000 0.000000000 
1.869439941 0.000000000 0.000000000 
1.869366776 0.000000000 0.000000000 
1.869232427 0.000000000 0.000000000 
1.869343736 0.000000000 0.000000000 
1.869453812 0.000000000 0.000000000 
1.869431311 0.000000000 0.000000000 
1.869189401 0.000000000 0.000000000 
1.869099514 0.000000000 0.000000000 
1.869425445 0.000000000 0.000000000 
1.869365834 0.000000000 0.000000000 
1.869314442 0.000000000 0.000000000 
1.869636403 0.000000000 0.000000000 
1.869400248 0.000000000 0.000000000 
1.869219717 0.000000000 0.000000000 
1.869283361 0.000000000 0.000000000 
1.869017258 0.000000000 0.000000000 
1.869467163 0.000000000 0.000000000 
1.869336875 0.000000000 0.000000000 
1.869442574 0.000000000 0.000000000 
1.869358140 0.000000000 0.000000000 
1.869310105 0.000000000 0.000000000 
1.869319389 0.000000000 0.000000000 
1.869309057 0.000000000 0.000000000 
1.869438652 0.000000000 0.000000000 
1.869309082 0.000000000 0.000000000 
1.869298147 0.000000000 0.000000000 
1.869410784 0.000000000 0.000000000 
1.869329569 0.000000000 0.000000000 
1.869478606 0.000000000 0.000000000 
1.869430075 0.000000000 0.000000000 
1.869303374 0.000000000 0.000000000 
1.869392450 0.000000000 0.000000000 
1.869542239 0.000000000 0.000000000 
1.869444842 0.000000000 0.000000000 
1.869398688 0.000000000 0.000000000 
1.869397673 0.000000000 0.000000000 
1.869584612 0.000000000 0.000000000 
1.869482485 0.000000000 0.000000000 
1.869134210 0.000000000 0.000000000 
1.869039041 0.000000000 0.000000000 
1.869328391 0.000000000 0.000000000 
1.869464639 0.000000000 0.000000000 
1.869281009 0.000000000 0.000000000 
1.869031584 0.000000000 0.000000000 
1.869301157 0.000000000 0.000000000 
1.869273553 0.000000000 0.000000000 
1.868942636 0.000000000 0.000000000 
1.868960782 0.000000000 0.000000000 
1.869495356 0.000000000 0.000000000 
1.869291931 0.000000000 0.000000000 
1.868863063 0.000000000 0.000000000 
1.868905492 0.000000000 0.000000000 
1.869905222 0.000000000 0.000000000 
1.869953560 0.000000000 0.000000000 
1.869283562 0.000000000 0.000000000 
1.869883923 0.000000000 0.000000000 
1.869558190 0.000000000 0.000000000 
1.869670303 0.000000000 0.000000000 
1.869074352 0.000000000 0.000000000 
1.868940038 0.000000000 0.000000000 
1.868871134 0.000000000 0.000000000 
1.869387178 0.000000000 0.000000000 
1.869222052 0.000000000 0.000000000 
1.869477972 0.000000000 0.000000000 
1.869027056 0.000000000 0.000000000 
1.869055939 0.000000000 0.000000000 
1.869880610 0.000000000 0.000000000 
1.869787090 0.000000000 0.000000000 
1.868857028 0.000000000 0.000000000 
1.869661497 0.000000000 0.000000000 
1.870400832 0.000000000 0.000000000 
1.870490091 0.000000000 0.000000000 
1.869656489 0.000000000 0.000000000 
1.870300888 0.000000000 0.000000000 
1.870455791 0.000000000 0.000000000 
1.869467109 0.000000000 0.000000000 
1.869192653 0.000000000 0.000000000 
1.869440537 0.000000000 0.000000000 
1.869196158 0.000000000 0.000000000 
1.869107711 0.000000000 0.000000000 
1.869357174 0.000000000 0.000000000 
1.869386482 0.000000000 0.000000000 
1.868937035 0.000000000 0.000000000 
1.868918786 0.000000000 0.000000000 
1.868724400 0.000000000 0.000000000 
1.869543609 0.000000000 0.000000000 
1.869507728 0.000000000 0.000000000 
1.868294201 0.000000000 0.000000000 
1.869470686 0.000000000 0.000000000 
1.869523939 0.000000000 0.000000000 
1.869440377 0.000000000 0.000000000 
1.869446740 0.000000000 0.000000000 
1.865848322 0.000000000 0.000000000 
1.866344762 0.000000000 0.000000000 
1.869152979 0.000000000 0.000000000 
1.871421944 0.000000000 0.000000000 
1.869582296 0.000000000 0.000000000 
1.869396515 0.000000000 0.000000000 
1.869408224 0.000000000 0.000000000 
1.869398321 0.000000000 0.000000000 
1.869322133 0.000000000 0.000000000 
1.869373963 0.000000000 0.000000000 
1.869397904 0.000000000 0.000000000 
1.870002990 0.000000000 0.000000000 
1.869128116 0.000000000 0.000000000 
1.869147232 0.000000000 0.000000000 
1.869456218 0.000000000 0.000000000 
1.869256292 0.000000000 0.000000000 
1.869293147 0.000000000 0.000000000 
1.869561257 0.000000000 0.000000000 
1.869363558 0.000000000 0.000000000 
1.869380513 0.000000000 0.000000000 
1.869462497 0.000000000 0.000000000 
1.869479253 0.000000000 0.000000000 
1.869331575 0.000000000 0.000000000 
1.869296175 0.000000000 0.000000000 
1.869751942 0.000000000 0.000000000 
1.869162272 0.000000000 0.000000000 
1.869523698 0.000000000 0.000000000 
1.869428140 0.000000000 0.000000000 
1.869470362 0.000000000 0.000000000 
1.869358825 0.000000000 0.000000000 
1.869699403 0.000000000 0.000000000 
1.869639842 0.000000000 0.000000000 
1.869476144 0.000000000 0.000000000 
1.869380799 0.000000000 0.000000000 
1.869427906 0.000000000 0.000000000 
1.869390908 0.000000000 0.000000000 
1.869403064 0.000000000 0.000000000 
1.869258304 0.000000000 0.000000000 
1.869411440 0.000000000 0.000000000 
1.869282514 0.000000000 0.000000000 
1.868723351 0.000000000 0.000000000 
1.867012649 0.000000000 0.000000000 
1.870322149 0.000000000 0.000000000 
1.865782009 0.000000000 0.000000000 
1.869411069 0.000000000 0.000000000 
1.869251285 0.000000000 0.000000000 
1.869445999 0.000000000 0.000000000 
1.869435800 0.000000000 0.000000000 
1.868910705 0.000000000 0.000000000 
1.868189611 0.000000000 0.000000000 
1.869703853 0.000000000 0.000000000 
1.869702743 0.000000000 0.000000000 
1.869561054 0.000000000 0.000000000 
1.869552126 0.000000000 0.000000000 
1.868893945 0.000000000 0.000000000 
1.868878162 0.000000000 0.000000000 
1.866740894 0.000000000 0.000000000 
1.865185995 0.000000000 0.000000000 
1.868327196 0.000000000 0.000000000 
1.869529171 0.000000000 0.000000000 
1.868716659 0.000000000 0.000000000 
1.865251740 0.000000000 0.000000000 
1.871788578 0.000000000 0.000000000 
1.872253077 0.000000000 0.000000000 
1.869403661 0.000000000 0.000000000 
1.869453782 0.000000000 0.000000000 
1.869528583 0.000000000 0.000000000 
1.869374263 0.000000000 0.000000000 
1.869722674 0.000000000 0.000000000 
1.869923366 0.000000000 0.000000000 
1.867304798 0.000000000 0.000000000 
1.868982944 0.000000000 0.000000000 
1.869020371 0.000000000 0.000000000 
1.868987869 0.000000000 0.000000000 
1.869545401 0.000000000 0.000000000 
1.869298366 0.000000000 0.000000000 
1.868546997 0.000000000 0.000000000 
1.869237284 0.000000000 0.000000000 
1.869580939 0.000000000 0.000000000 
1.870137043 0.000000000 0.000000000 
1.869048884 0.000000000 0.000000000 
1.868764101 0.000000000 0.000000000 
1.869601308 0.000000000 0.000000000 
1.869576901 0.000000000 0.000000000 
1.869147991 0.000000000 0.000000000 
1.869197014 0.000000000 0.000000000 
1.869378427 0.000000000 0.000000000 
1.869262874 0.000000000 0.000000000 
1.868955871 0.000000000 0.000000000 
1.869027047 0.000000000 0.000000000 
1.869420701 0.000000000 0.000000000 
1.869220766 0.000000000 0.000000000 
1.869443611 0.000000000 0.000000000 
1.869116269 0.000000000 0.000000000 
1.869401809 0.000000000 0.000000000 
1.869828303 0.000000000 0.000000000 
1.869484560 0.000000000 0.000000000 
1.869658663 0.000000000 0.000000000 
1.869411081 0.000000000 0.000000000 
1.869440757 0.000000000 0.000000000 
1.867509643 0.000000000 0.000000000 
1.869975863 0.000000000 0.000000000 
1.869570019 0.000000000 0.000000000 
1.872617776 0.000000000 0.000000000 
1.869345347 0.000000000 0.000000000 
1.869391432 0.000000000 0.000000000 
1.869021432 0.000000000 0.000000000 
1.869171735 0.000000000 0.000000000 
1.869556450 0.000000000 0.000000000 
1.869711452 0.000000000 0.000000000 
1.867681330 0.000000000 0.000000000 
1.867766392 0.000000000 0.000000000 
1.869323664 0.000000000 0.000000000 
1.869044763 0.000000000 0.000000000 
1.868820664 0.000000000 0.000000000 
1.868838911 0.000000000 0.000000000 
1.869385243 0.000000000 0.000000000 
1.869182859 0.000000000 0.000000000 
1.869529942 0.000000000 0.000000000 
1.869069446 0.000000000 0.000000000 
1.869580073 0.000000000 0.000000000 
1.869443883 0.000000000 0.000000000 
1.869551511 0.000000000 0.000000000 
1.869417480 0.000000000 0.000000000 
1.869571119 0.000000000 0.000000000 
1.869562333 0.000000000 0.000000000 
1.869398380 0.000000000 0.000000000 
1.869381131 0.000000000 0.000000000 
1.869042968 0.000000000 0.000000000 
1.869372076 0.000000000 0.000000000 
1.869263452 0.000000000 0.000000000 
1.869252823 0.000000000 0.000000000 
1.869414730 0.000000000 0.000000000 
1.869470810 0.000000000 0.000000000 
1.869151297 0.000000000 0.000000000 
1.869219109 0.000000000 0.000000000 
1.869544310 0.000000000 0.000000000 
1.869594071 0.000000000 0.000000000 
1.869245463 0.000000000 0.000000000 
1.869145259 0.000000000 0.000000000 
1.869823100 0.000000000 0.000000000 
1.869209715 0.000000000 0.000000000 
1.869216778 0.000000000 0.000000000 
1.869788500 0.000000000 0.000000000 
1.868552761 0.000000000 0.000000000 
1.866468613 0.000000000 0.000000000 
1.871946699 0.000000000 0.000000000 
1.870690166 0.000000000 0.000000000 
1.869323598 0.000000000 0.000000000 
1.869338508 0.000000000 0.000000000 
1.869426176 0.000000000 0.000000000 
1.869390395 0.000000000 0.000000000 
1.870325320 0.000000000 0.000000000 
1.869966018 0.000000000 0.000000000 
1.869421199 0.000000000 0.000000000 
1.868489479 0.000000000 0.000000000 
1.869402311 0.000000000 0.000000000 
1.869512135 0.000000000 0.000000000 
1.868489371 0.000000000 0.000000000 
1.869552509 0.000000000 0.000000000 
1.870105443 0.000000000 0.000000000 
1.868980639 0.000000000 0.000000000 
1.869556589 0.000000000 0.000000000 
1.869106647 0.000000000 0.000000000 
1.868561727 0.000000000 0.000000000 
1.868754895 0.000000000 0.000000000 
1.869414561 0.000000000 0.000000000 
1.870487939 0.000000000 0.000000000 
1.869853055 0.000000000 0.000000000 
1.869545081 0.000000000 0.000000000 
1.868831322 0.000000000 0.000000000 
1.869293846 0.000000000 0.000000000 
1.869390246 0.000000000 0.000000000 
1.869357930 0.000000000 0.000000000 
1.869299886 0.000000000 0.000000000 
1.869241022 0.000000000 0.000000000 
1.869406413 0.000000000 0.000000000 
1.869440810 0.000000000 0.000000000 
1.869031056 0.000000000 0.000000000 
1.868926363 0.000000000 0.000000000 
1.869365446 0.000000000 0.000000000 
1.869203249 0.000000000 0.000000000 
1.869198137 0.000000000 0.000000000 
1.869282006 0.000000000 0.000000000 
1.869358709 0.000000000 0.000000000 
1.869071883 0.000000000 0.000000000 
1.869416320 0.000000000 0.000000000 
1.872243773 0.000000000 0.000000000 
1.869209748 0.000000000 0.000000000 
1.868997477 0.000000000 0.000000000 
1.869147390 0.000000000 0.000000000 
1.869252507 0.000000000 0.000000000 
1.869224117 0.000000000 0.000000000 
1.869301709 0.000000000 0.000000000 
1.868919149 0.000000000 0.000000000 
1.867609199 0.000000000 0.000000000 
1.869359012 0.000000000 0.000000000 
1.869415815 0.000000000 0.000000000 
1.868997116 0.000000000 0.000000000 
1.868956523 0.000000000 0.000000000 
1.868781542 0.000000000 0.000000000 
1.869399334 0.000000000 0.000000000 
1.869066066 0.000000000 0.000000000 
1.869164888 0.000000000 0.000000000 
1.867786170 0.000000000 0.000000000 
1.868303379 0.000000000 0.000000000 
1.871861360 0.000000000 0.000000000 
1.872174303 0.000000000 0.000000000 
1.869565028 0.000000000 0.000000000 
1.869621585 0.000000000 0.000000000 
1.869372091 0.000000000 0.000000000 
1.869305907 0.000000000 0.000000000 
1.869469432 0.000000000 0.000000000 
1.869864739 0.000000000 0.000000000 
1.869559646 0.000000000 0.000000000 
1.869438479 0.000000000 0.000000000 
1.869400719 0.000000000 0.000000000 
1.869321444 0.000000000 0.000000000 
1.869529609 0.000000000 0.000000000 
1.869555601 0.000000000 0.000000000 
1.868600232 0.000000000 0.000000000 
1.870256685 0.000000000 0.000000000 
1.870013398 0.000000000 0.000000000 
1.868953358 0.000000000 0.000000000 
1.869463559 0.000000000 0.000000000 
1.870216557 0.000000000 0.000000000 
1.869232741 0.000000000 0.000000000 
1.868942488 0.000000000 0.000000000 
1.869185004 0.000000000 0.000000000 
1.869358804 0.000000000 0.000000000 
1.869058915 0.000000000 0.000000000 
1.869162444 0.000000000 0.000000000 
1.869220068 0.000000000 0.000000000 
1.869279792 0.000000000 0.000000000 
1.869232680 0.000000000 0.000000000 
1.869069710 0.000000000 0.000000000 
1.869278354 0.000000000 0.000000000 
1.869418556 0.000000000 0.000000000 
1.869217741 0.000000000 0.000000000 
1.869535217 0.000000000 0.000000000 
1.868765353 0.000000000 0.000000000 
1.868723395 0.000000000 0.000000000 
1.869343544 0.000000000 0.000000000 
1.869497909 0.000000000 0.000000000 
1.868073790 0.000000000 0.000000000 
1.870116766 0.000000000 0.000000000 
1.872418582 0.000000000 0.000000000 
1.871693345 0.000000000 0.000000000 
1.869021730 0.000000000 0.000000000 
1.868925086 0.000000000 0.000000000 
1.869580741 0.000000000 0.000000000 
1.869546823 0.000000000 0.000000000 
1.869459657 0.000000000 0.000000000 
1.869513807 0.000000000 0.000000000 
1.868973154 0.000000000 0.000000000 
1.869224777 0.000000000 0.000000000 
1.869202187 0.000000000 0.000000000 
1.869372434 0.000000000 0.000000000 
1.868670398 0.000000000 0.000000000 
1.869315133 0.000000000 0.000000000 
1.869380845 0.000000000 0.000000000 
1.869374986 0.000000000 0.000000000 
1.869426237 0.000000000 0.000000000 
1.869423270 0.000000000 0.000000000 
1.869230900 0.000000000 0.000000000 
1.869282629 0.000000000 0.000000000 
1.869174193 0.000000000 0.000000000 
1.869265519 0.000000000 0.000000000 
1.869089122 0.000000000 0.000000000 
1.869274160 0.000000000 0.000000000 
1.869033887 0.000000000 0.000000000 
1.869251058 0.000000000 0.000000000 
1.869377588 0.000000000 0.000000000 
1.871306683 0.000000000 0.000000000 
1.869143618 0.000000000 0.000000000 
1.867596921 0.000000000 0.000000000 
1.869556825 0.000000000 0.000000000 
1.869034182 0.000000000 0.000000000 
1.869219871 0.000000000 0.000000000 
1.869692249 0.000000000 0.000000000 
1.869603886 0.000000000 0.000000000 
1.869704748 0.000000000 0.000000000 
1.869382854 0.000000000 0.000000000 
1.869541355 0.000000000 0.000000000 
1.869239848 0.000000000 0.000000000 
1.869450333 0.000000000 0.000000000 
1.869398488 0.000000000 0.000000000 
1.869437385 0.000000000 0.000000000 
1.867495774 0.000000000 0.000000000 
1.869987725 0.000000000 0.000000000 
1.869411328 0.000000000 0.000000000 
1.872407940 0.000000000 0.000000000 
1.869429765 0.000000000 0.000000000 
1.869520650 0.000000000 0.000000000 
1.869416450 0.000000000 0.000000000 
1.869236774 0.000000000 0.000000000 
1.869413950 0.000000000 0.000000000 
1.869469133 0.000000000 0.000000000 
1.869142031 0.000000000 0.000000000 
1.869039773 0.000000000 0.000000000 
1.869548887 0.000000000 0.000000000 
1.869523499 0.000000000 0.000000000 
1.869045909 0.000000000 0.000000000 
1.869256239 0.000000000 0.000000000 
1.869004048 0.000000000 0.000000000 
1.869200433 0.000000000 0.000000000 
1.869416992 0.000000000 0.000000000 
1.869296084 0.000000000 0.000000000 
1.869324015 0.000000000 0.000000000 
1.869334234 0.000000000 0.000000000 
1.869043686 0.000000000 0.000000000 
1.868953163 0.000000000 0.000000000 
1.869352474 0.000000000 0.000000000 
1.869645169 0.000000000 0.000000000 
1.870199956 0.000000000 0.000000000 
1.869550951 0.000000000 0.000000000 
1.869360727 0.000000000 0.000000000 
1.869295220 0.000000000 0.000000000 
1.869399263 0.000000000 0.000000000 
1.869092716 0.000000000 0.000000000 
1.869429572 0.000000000 0.000000000 
1.869520568 0.000000000 0.000000000 
1.869214142 0.000000000 0.000000000 
1.869129414 0.000000000 0.000000000 
1.869620325 0.000000000 0.000000000 
1.869508190 0.000000000 0.000000000 
1.869109839 0.000000000 0.000000000 
1.869443074 0.000000000 0.000000000 
1.868819048 0.000000000 0.000000000 
1.866748357 0.000000000 0.000000000 
1.869619550 0.000000000 0.000000000 
1.869846815 0.000000000 0.000000000 
1.869198956 0.000000000 0.000000000 
1.869121870 0.000000000 0.000000000 
1.869361779 0.000000000 0.000000000 
1.869445413 0.000000000 0.000000000 
1.868670579 0.000000000 0.000000000 
1.869309653 0.000000000 0.000000000 
1.869520441 0.000000000 0.000000000 
1.869197744 0.000000000 0.000000000 
1.870684544 0.000000000 0.000000000 
1.870909491 0.000000000 0.000000000 
1.868758192 0.000000000 0.000000000 
1.868282482 0.000000000 0.000000000 
1.870321414 0.000000000 0.000000000 
1.869104852 0.000000000 0.000000000 
1.869045801 0.000000000 0.000000000 
1.868377858 0.000000000 0.000000000 
1.869326144 0.000000000 0.000000000 
1.869178318 0.000000000 0.000000000 
1.869628907 0.000000000 0.000000000 
1.871476902 0.000000000 0.000000000 
1.869310554 0.000000000 0.000000000 
1.869319659 0.000000000 0.000000000 
1.869060000 0.000000000 0.000000000 
1.869483803 0.000000000 0.000000000 
1.869007784 0.000000000 0.000000000 
1.868690011 0.000000000 0.000000000 
1.869039791 0.000000000 0.000000000 
1.869412533 0.000000000 0.000000000 
1.868993901 0.000000000 0.000000000 
1.868960899 0.000000000 0.000000000 
1.869459816 0.000000000 0.000000000 
1.869510502 0.000000000 0.000000000 
1.869728042 0.000000000 0.000000000 
1.870433168 0.000000000 0.000000000 
1.869531916 0.000000000 0.000000000 
1.869675878 0.000000000 0.000000000 
1.869025342 0.000000000 0.000000000 
1.869147236 0.000000000 0.000000000 
1.869411250 0.000000000 0.000000000 
1.869385360 0.000000000 0.000000000 
1.869300458 0.000000000 0.000000000 
1.869352921 0.000000000 0.000000000 
1.869020344 0.000000000 0.000000000 
1.869047559 0.000000000 0.000000000 
1.869291545 0.000000000 0.000000000 
1.869285492 0.000000000 0.000000000 
1.869615748 0.000000000 0.000000000 
1.869524694 0.000000000 0.000000000 
1.868645950 0.000000000 0.000000000 
1.869603310 0.000000000 0.000000000 
1.869663632 0.000000000 0.000000000 
1.869544932 0.000000000 0.000000000 
1.869603241 0.000000000 0.000000000 
1.869438257 0.000000000 0.000000000 
1.869261804 0.000000000 0.000000000 
1.869488280 0.000000000 0.000000000 
1.870162412 0.000000000 0.000000000 
1.864774179 0.000000000 0.000000000 
1.869119364 0.000000000 0.000000000 
1.867811653 0.000000000 0.000000000 
1.869386895 0.000000000 0.000000000 
1.869362084 0.000000000 0.000000000 
1.869344138 0.000000000 0.000000000 
1.869321159 0.000000000 0.000000000 
1.869253230 0.000000000 0.000000000 
1.869668969 0.000000000 0.000000000 
1.868915548 0.000000000 0.000000000 
1.867940129 0.000000000 0.000000000 
1.869409697 0.000000000 0.000000000 
1.869232013 0.000000000 0.000000000 
1.868866431 0.000000000 0.000000000 
1.869018705 0.000000000 0.000000000 
1.869131184 0.000000000 0.000000000 
1.869299426 0.000000000 0.000000000 
1.869328871 0.000000000 0.000000000 
1.869103174 0.000000000 0.000000000 
1.869411830 0.000000000 0.000000000 
1.869654043 0.000000000 0.000000000 
1.869094024 0.000000000 0.000000000 
1.869154365 0.000000000 0.000000000 
1.869415369 0.000000000 0.000000000 
1.869058177 0.000000000 0.000000000 
1.868999999 0.000000000 0.000000000 
1.869361190 0.000000000 0.000000000 
1.869478905 0.000000000 0.000000000 
1.869394415 0.000000000 0.000000000 
1.868940552 0.000000000 0.000000000 
1.869186697 0.000000000 0.000000000 
1.869258102 0.000000000 0.000000000 
1.869508970 0.000000000 0.000000000 
1.869394477 0.000000000 0.000000000 
1.869226957 0.000000000 0.000000000 
1.869792502 0.000000000 0.000000000 
1.869509619 0.000000000 0.000000000 
1.869098350 0.000000000 0.000000000 
1.869136851 0.000000000 0.000000000 
1.869047595 0.000000000 0.000000000 
1.868880601 0.000000000 0.000000000 
1.869834564 0.000000000 0.000000000 
1.869626878 0.000000000 0.000000000 
1.869369217 0.000000000 0.000000000 
1.869093398 0.000000000 0.000000000 
1.869062280 0.000000000 0.000000000 
1.868976348 0.000000000 0.000000000 
1.869264160 0.000000000 0.000000000 
1.869630960 0.000000000 0.000000000 
1.868941448 0.000000000 0.000000000 
1.868975160 0.000000000 0.000000000 
1.869884564 0.000000000 0.000000000 
1.869819491 0.000000000 0.000000000 
1.869235126 0.000000000 0.000000000 
1.869790818 0.000000000 0.000000000 
1.868291528 0.000000000 0.000000000 
1.869929621 0.000000000 0.000000000 
1.869482839 0.000000000 0.000000000 
1.868029668 0.000000000 0.000000000 
1.868996400 0.000000000 0.000000000 
1.869526705 0.000000000 0.000000000 
1.868802517 0.000000000 0.000000000 
1.868781122 0.000000000 0.000000000 
1.869258254 0.000000000 0.000000000 
1.870086369 0.000000000 0.000000000 
1.869301287 0.000000000 0.000000000 
1.869253939 0.000000000 0.000000000 
1.869053586 0.000000000 0.000000000 
1.869401031 0.000000000 0.000000000 
1.868919382 0.000000000 0.000000000 
1.868919702 0.000000000 0.000000000 
1.869270646 0.000000000 0.000000000 
1.869610994 0.000000000 0.000000000 
1.869389162 0.000000000 0.000000000 
1.869494534 0.000000000 0.000000000 
1.869112584 0.000000000 0.000000000 
1.869190632 0.000000000 0.000000000 
1.869325922 0.000000000 0.000000000 
1.869240746 0.000000000 0.000000000 
1.869368523 0.000000000 0.000000000 
1.869178025 0.000000000 0.000000000 
1.869463572 0.000000000 0.000000000 
1.869456333 0.000000000 0.000000000 
1.869319899 0.000000000 0.000000000 
1.869333766 0.000000000 0.000000000 
1.869481997 0.000000000 0.000000000 
1.869479783 0.000000000 0.000000000 
1.869342713 0.000000000 0.000000000 
1.869257878 0.000000000 0.000000000 
1.869358401 0.000000000 0.000000000 
1.869337157 0.000000000 0.000000000 
1.869406555 0.000000000 0.000000000 
1.869490300 0.000000000 0.000000000 
1.869216661 0.000000000 0.000000000 
1.869251934 0.000000000 0.000000000 
1.869395793 0.000000000 0.000000000 
1.869487677 0.000000000 0.000000000 
1.869093343 0.000000000 0.000000000 
1.869026496 0.000000000 0.000000000 
1.869453929 0.000000000 0.000000000 
1.869283826 0.000000000 0.000000000 
1.868798873 0.000000000 0.000000000 
1.869062785 0.000000000 0.000000000 
1.869460158 0.000000000 0.000000000 
1.869394929 0.000000000 0.000000000 
1.869168262 0.000000000 0.000000000 
1.869299390 0.000000000 0.000000000 
1.869360321 0.000000000 0.000000000 
1.869437221 0.000000000 0.000000000 
1.869235981 0.000000000 0.000000000 
1.869384584 0.000000000 0.000000000 
1.869574377 0.000000000 0.000000000 
1.869486659 0.000000000 0.000000000 
1.869356072 0.000000000 0.000000000 
1.869353118 0.000000000 0.000000000 
1.869340504 0.000000000 0.000000000 
1.869183863 0.000000000 0.000000000 
1.869463734 0.000000000 0.000000000 
1.869468932 0.000000000 0.000000000 
1.869411807 0.000000000 0.000000000 
1.869533440 0.000000000 0.000000000 
1.869396817 0.000000000 0.000000000 
1.869493521 0.000000000 0.000000000 
1.869297618 0.000000000 0.000000000 
1.869269354 0.000000000 0.000000000 
1.869512694 0.000000000 0.000000000 
1.869604644 0.000000000 0.000000000 
1.869449979 0.000000000 0.000000000 
1.869337922 0.000000000 0.000000000 
1.868937057 0.000000000 0.000000000 
1.869103610 0.000000000 0.000000000 
1.869326284 0.000000000 0.000000000 
1.869211584 0.000000000 0.000000000 
1.869014031 0.000000000 0.000000000 
1.869022918 0.000000000 0.000000000 
1.869482612 0.000000000 0.000000000 
1.869459330 0.000000000 0.000000000 
1.869219546 0.000000000 0.000000000 
1.868960423 0.000000000 0.000000000 
1.869443048 0.000000000 0.000000000 
1.869311897 0.000000000 0.000000000 
1.869166447 0.000000000 0.000000000 
1.868982033 0.000000000 0.000000000 
1.869588051 0.000000000 0.000000000 
1.869531625 0.000000000 0.000000000 
1.869006714 0.000000000 0.000000000 
1.869165182 0.000000000 0.000000000 
1.869497274 0.000000000 0.000000000 
1.869599878 0.000000000 0.000000000 
1.868948650 0.000000000 0.000000000 
1.869148837 0.000000000 0.000000000 
1.869129303 0.000000000 0.000000000 
1.869066336 0.000000000 0.000000000 
1.869190638 0.000000000 0.000000000 
1.869277065 0.000000000 0.000000000 
1.869163451 0.000000000 0.000000000 
1.869086807 0.000000000 0.000000000 
1.869181195 0.000000000 0.000000000 
1.869064489 0.000000000 0.000000000 
1.869318994 0.000000000 0.000000000 
1.868947617 0.000000000 0.000000000 
1.869055407 0.000000000 0.000000000 
1.869144913 0.000000000 0.000000000 
1.869473643 0.000000000 0.000000000 
1.869345835 0.000000000 0.000000000 
1.869329251 0.000000000 0.000000000 
1.869288861 0.000000000 0.000000000 
1.869488932 0.000000000 0.000000000 
1.869354683 0.000000000 0.000000000 
1.869203446 0.000000000 0.000000000 
1.868952819 0.000000000 0.000000000 
1.867592119 0.000000000 0.000000000 
1.869446614 0.000000000 0.000000000 
1.869159651 0.000000000 0.000000000 
1.869154817 0.000000000 0.000000000 
1.869340624 0.000000000 0.000000000 
1.869447951 0.000000000 0.000000000 
1.869515151 0.000000000 0.000000000 
1.869369185 0.000000000 0.000000000 
1.869298572 0.000000000 0.000000000 
1.869411502 0.000000000 0.000000000 
1.869419575 0.000000000 0.000000000 
1.869379767 0.000000000 0.000000000 
1.869302601 0.000000000 0.000000000 
1.869016553 0.000000000 0.000000000 
1.869425555 0.000000000 0.000000000 
1.869364212 0.000000000 0.000000000 
1.867668932 0.000000000 0.000000000 
1.870067865 0.000000000 0.000000000 
1.867297041 0.000000000 0.000000000 
1.867557054 0.000000000 0.000000000 
1.869470850 0.000000000 0.000000000 
1.869152293 0.000000000 0.000000000 
1.869003405 0.000000000 0.000000000 
1.868758767 0.000000000 0.000000000 
1.869432469 0.000000000 0.000000000 
1.869410398 0.000000000 0.000000000 
1.869520315 0.000000000 0.000000000 
1.869380528 0.000000000 0.000000000 
1.869364375 0.000000000 0.000000000 
1.869343541 0.000000000 0.000000000 
1.868656644 0.000000000 0.000000000 
1.868938871 0.000000000 0.000000000 
1.869484564 0.000000000 0.000000000 
1.869245635 0.000000000 0.000000000 
1.868896850 0.000000000 0.000000000 
1.868591923 0.000000000 0.000000000 
1.870356848 0.000000000 0.000000000 
1.869599620 0.000000000 0.000000000 
1.869272053 0.000000000 0.000000000 
1.868951122 0.000000000 0.000000000 
1.869290291 0.000000000 0.000000000 
1.869999512 0.000000000 0.000000000 
1.870136435 0.000000000 0.000000000 
1.868612341 0.000000000 0.000000000 
1.869356785 0.000000000 0.000000000 
1.868943365 0.000000000 0.000000000 
1.869326456 0.000000000 0.000000000 
1.869289101 0.000000000 0.000000000 
1.870125241 0.000000000 0.000000000 
1.870128856 0.000000000 0.000000000 
1.869931087 0.000000000 0.000000000 
1.868314901 0.000000000 0.000000000 
1.869594207 0.000000000 0.000000000 
1.869591178 0.000000000 0.000000000 
1.869316696 0.000000000 0.000000000 
1.868819879 0.000000000 0.000000000 
1.868185484 0.000000000 0.000000000 
1.868241112 0.000000000 0.000000000 
1.871967179 0.000000000 0.000000000 
1.872169646 0.000000000 0.000000000 
1.869948672 0.000000000 0.000000000 
1.868575183 0.000000000 0.000000000 
1.869322911 0.000000000 0.000000000 
1.869479721 0.000000000 0.000000000 
1.869229847 0.000000000 0.000000000 
1.869286337 0.000000000 0.000000000 
1.868911161 0.000000000 0.000000000 
1.868961785 0.000000000 0.000000000 
1.869515825 0.000000000 0.000000000 
1.869351718 0.000000000 0.000000000 
1.868987154 0.000000000 0.000000000 
1.868945149 0.000000000 0.000000000 
1.869174565 0.000000000 0.000000000 
1.869193166 0.000000000 0.000000000 
1.869135561 0.000000000 0.000000000 
1.868903296 0.000000000 0.000000000 
1.869396129 0.000000000 0.000000000 
1.869603375 0.000000000 0.000000000 
1.868967537 0.000000000 0.000000000 
1.872267269 0.000000000 0.000000000 
1.869464098 0.000000000 0.000000000 
1.869401417 0.000000000 0.000000000 
1.869161891 0.000000000 0.000000000 
1.868969669 0.000000000 0.000000000 
1.869458614 0.000000000 0.000000000 
1.869286809 0.000000000 0.000000000 
1.869040619 0.000000000 0.000000000 
1.869008193 0.000000000 0.000000000 
1.868930140 0.000000000 0.000000000 
1.869204990 0.000000000 0.000000000 
1.869261803 0.000000000 0.000000000 
1.869310394 0.000000000 0.000000000 
1.869787732 0.000000000 0.000000000 
1.869200501 0.000000000 0.000000000 
1.869047784 0.000000000 0.000000000 
1.869063076 0.000000000 0.000000000 
1.869272832 0.000000000 0.000000000 
1.869203572 0.000000000 0.000000000 
1.869494482 0.000000000 0.000000000 
1.869355093 0.000000000 0.000000000 
1.869548749 0.000000000 0.000000000 
1.869243314 0.000000000 0.000000000 
1.869079946 0.000000000 0.000000000 
1.869102534 0.000000000 0.000000000 
1.868312689 0.000000000 0.000000000 
1.869923493 0.000000000 0.000000000 
1.869597749 0.000000000 0.000000000 
1.869210001 0.000000000 0.000000000 
1.869229963 0.000000000 0.000000000 
1.869330424 0.000000000 0.000000000 
1.869257938 0.000000000 0.000000000 
1.869087658 0.000000000 0.000000000 
1.869435212 0.000000000 0.000000000 
1.869141553 0.000000000 0.000000000 
1.869346961 0.000000000 0.000000000 
1.869342863 0.000000000 0.000000000 
1.868568961 0.000000000 0.000000000 
1.866135221 0.000000000 0.000000000 
1.871895303 0.000000000 0.000000000 
1.872373798 0.000000000 0.000000000 
1.869950001 0.000000000 0.000000000 
1.870467488 0.000000000 0.000000000 
1.868383801 0.000000000 0.000000000 
1.869917093 0.000000000 0.000000000 
1.869607939 0.000000000 0.000000000 
1.869648865 0.000000000 0.000000000 
1.869322878 0.000000000 0.000000000 
1.869108750 0.000000000 0.000000000 
1.869429994 0.000000000 0.000000000 
1.869357656 0.000000000 0.000000000 
1.869452519 0.000000000 0.000000000 
1.869404384 0.000000000 0.000000000 
1.869257700 0.000000000 0.000000000 
1.870000171 0.000000000 0.000000000 
1.870092524 0.000000000 0.000000000 
1.869877785 0.000000000 0.000000000 
1.870191006 0.000000000 0.000000000 
1.869773807 0.000000000 0.000000000 
1.868739697 0.000000000 0.000000000 
1.870301298 0.000000000 0.000000000 
1.869228537 0.000000000 0.000000000 
1.869272094 0.000000000 0.000000000 
1.869469910 0.000000000 0.000000000 
1.868936964 0.000000000 0.000000000 
1.869511477 0.000000000 0.000000000 
1.869552914 0.000000000 0.000000000 
1.869866460 0.000000000 0.000000000 
1.869664592 0.000000000 0.000000000 
1.869647739 0.000000000 0.000000000 
1.869563540 0.000000000 0.000000000 
1.869266239 0.000000000 0.000000000 
1.869167931 0.000000000 0.000000000 
1.869572280 0.000000000 0.000000000 
1.869635357 0.000000000 0.000000000 
1.869868115 0.000000000 0.000000000 
1.869286719 0.000000000 0.000000000 
1.869471013 0.000000000 0.000000000 
1.869429958 0.000000000 0.000000000 
1.869487129 0.000000000 0.000000000 
1.869365431 0.000000000 0.000000000 
1.869465439 0.000000000 0.000000000 
1.869303862 0.000000000 0.000000000 
1.868962925 0.000000000 0.000000000 
1.869147173 0.000000000 0.000000000 
1.869558996 0.000000000 0.000000000 
1.869552678 0.000000000 0.000000000 
1.869279663 0.000000000 0.000000000 
1.869532501 0.000000000 0.000000000 
1.868806927 0.000000000 0.000000000 
1.868831179 0.000000000 0.000000000 
1.869076641 0.000000000 0.000000000 
1.869357043 0.000000000 0.000000000 
1.870022129 0.000000000 0.000000000 
1.868991056 0.000000000 0.000000000 
1.870331964 0.000000000 0.000000000 
1.868349035 0.000000000 0.000000000 
1.869165922 0.000000000 0.000000000 
1.868812591 0.000000000 0.000000000 
1.869485675 0.000000000 0.000000000 
1.869491429 0.000000000 0.000000000 
1.870839324 0.000000000 0.000000000 
1.869803838 0.000000000 0.000000000 
1.869112332 0.000000000 0.000000000 
1.868962893 0.000000000 0.000000000 
1.868954765 0.000000000 0.000000000 
1.869722310 0.000000000 0.000000000 
1.869038526 0.000000000 0.000000000 
1.869196822 0.000000000 0.000000000 
1.869169185 0.000000000 0.000000000 
1.869111511 0.000000000 0.000000000 
1.868941082 0.000000000 0.000000000 
1.868944294 0.000000000 0.000000000 
1.869763170 0.000000000 0.000000000 
1.869438819 0.000000000 0.000000000 
1.869233794 0.000000000 0.000000000 
1.868906127 0.000000000 0.000000000 
1.869578158 0.000000000 0.000000000 
1.869530289 0.000000000 0.000000000 
1.869275720 0.000000000 0.000000000 
1.869520912 0.000000000 0.000000000 
1.868731302 0.000000000 0.000000000 
1.869015338 0.000000000 0.000000000 
1.869669687 0.000000000 0.000000000 
1.869146720 0.000000000 0.000000000 
1.869401856 0.000000000 0.000000000 
1.869289693 0.000000000 0.000000000 
1.869414509 0.000000000 0.000000000 
1.869453603 0.000000000 0.000000000 
1.870115594 0.000000000 0.000000000 
1.869491823 0.000000000 0.000000000 
1.869354096 0.000000000 0.000000000 
1.869072596 0.000000000 0.000000000 
1.870519171 0.000000000 0.000000000 
1.869157986 0.000000000 0.000000000 
1.867306792 0.000000000 0.000000000 
1.865770048 0.000000000 0.000000000 
1.869328381 0.000000000 0.000000000 
1.869648692 0.000000000 0.000000000 
1.869285115 0.000000000 0.000000000 
1.869181358 0.000000000 0.000000000 
1.869476750 0.000000000 0.000000000 
1.869262231 0.000000000 0.000000000 
1.869282972 0.000000000 0.000000000 
1.869054185 0.000000000 0.000000000 
1.869383183 0.000000000 0.000000000 
1.869715814 0.000000000 0.000000000 
1.869445190 0.000000000 0.000000000 
1.869501572 0.000000000 0.000000000 
1.869165421 0.000000000 0.000000000 
1.868810062 0.000000000 0.000000000 
1.869653992 0.000000000 0.000000000 
1.869295408 0.000000000 0.000000000 
1.869079247 0.000000000 0.000000000 
1.869242027 0.000000000 0.000000000 
1.869419848 0.000000000 0.000000000 
1.869325323 0.000000000 0.000000000 
1.869194234 0.000000000 0.000000000 
1.869364331 0.000000000 0.000000000 
1.869295084 0.000000000 0.000000000 
1.868031783 0.000000000 0.000000000 
1.868956239 0.000000000 0.000000000 
1.869490969 0.000000000 0.000000000 
1.869363292 0.000000000 0.000000000 
1.869315285 0.000000000 0.000000000 
1.869424756 0.000000000 0.000000000 
1.869537954 0.000000000 0.000000000 
1.869000172 0.000000000 0.000000000 
1.868988049 0.000000000 0.000000000 
1.869580508 0.000000000 0.000000000 
1.869514556 0.000000000 0.000000000 
1.868948651 0.000000000 0.000000000 
1.868857923 0.000000000 0.000000000 
1.869457337 0.000000000 0.000000000 
1.869485932 0.000000000 0.000000000 
1.869439271 0.000000000 0.000000000 
1.869098104 0.000000000 0.000000000 
1.869321560 0.000000000 0.000000000 
1.869423967 0.000000000 0.000000000 
1.869191612 0.000000000 0.000000000 
1.869736432 0.000000000 0.000000000 
1.869210855 0.000000000 0.000000000 
1.869018393 0.000000000 0.000000000 
1.869109180 0.000000000 0.000000000 
1.869317537 0.000000000 0.000000000 
1.869472123 0.000000000 0.000000000 
1.869534514 0.000000000 0.000000000 
1.869404205 0.000000000 0.000000000 
1.869136449 0.000000000 0.000000000 
1.869142794 0.000000000 0.000000000 
1.868906601 0.000000000 0.000000000 
1.868030927 0.000000000 0.000000000 
1.867675750 0.000000000 0.000000000 
1.869559622 0.000000000 0.000000000 
1.869491685 0.000000000 0.000000000 
1.868941019 0.000000000 0.000000000 
1.869137764 0.000000000 0.000000000 
1.869194485 0.000000000 0.000000000 
1.869187502 0.000000000 0.000000000 
1.869294281 0.000000000 0.000000000 
1.869054158 0.000000000 0.000000000 
1.869599836 0.000000000 0.000000000 
1.869608802 0.000000000 0.000000000 
1.868814643 0.000000000 0.000000000 
1.869032876 0.000000000 0.000000000 
1.869775689 0.000000000 0.000000000 
1.869170622 0.000000000 0.000000000 
1.868865877 0.000000000 0.000000000 
1.869085186 0.000000000 0.000000000 
1.869367314 0.000000000 0.000000000 
1.869779484 0.000000000 0.000000000 
1.869502279 0.000000000 0.000000000 
1.869420683 0.000000000 0.000000000 
1.868769499 0.000000000 0.000000000 
1.868718412 0.000000000 0.000000000 
1.869564597 0.000000000 0.000000000 
1.869423586 0.000000000 0.000000000 
1.868886270 0.000000000 0.000000000 
1.868787550 0.000000000 0.000000000 
1.868791921 0.000000000 0.000000000 
1.869342256 0.000000000 0.000000000 
1.869037929 0.000000000 0.000000000 
1.868958131 0.000000000 0.000000000 
1.869350001 0.000000000 0.000000000 
1.869144750 0.000000000 0.000000000 
1.869153823 0.000000000 0.000000000 
1.869217602 0.000000000 0.000000000 
1.869193403 0.000000000 0.000000000 
1.869498796 0.000000000 0.000000000 
1.869386202 0.000000000 0.000000000 
1.869148668 0.000000000 0.000000000 
1.869300324 0.000000000 0.000000000 
1.868843289 0.000000000 0.000000000 
1.869043161 0.000000000 0.000000000 
1.869215087 0.000000000 0.000000000 
1.869334516 0.000000000 0.000000000 
1.868969589 0.000000000 0.000000000 
1.869000383 0.000000000 0.000000000 
1.868919158 0.000000000 0.000000000 
1.868764256 0.000000000 0.000000000 
1.869273295 0.000000000 0.000000000 
1.869372757 0.000000000 0.000000000 
1.869279516 0.000000000 0.000000000 
1.869114780 0.000000000 0.000000000 
1.869427131 0.000000000 0.000000000 
1.869528104 0.000000000 0.000000000 
1.868693342 0.000000000 0.000000000 
1.869389215 0.000000000 0.000000000 
1.869429807 0.000000000 0.000000000 
1.869778268 0.000000000 0.000000000 
1.870247756 0.000000000 0.000000000 
1.869376779 0.000000000 0.000000000 
1.868592862 0.000000000 0.000000000 
1.869640355 0.000000000 0.000000000 
1.869093596 0.000000000 0.000000000 
1.869332291 0.000000000 0.000000000 
1.869251549 0.000000000 0.000000000 
1.869582426 0.000000000 0.000000000 
1.869392542 0.000000000 0.000000000 
1.869417046 0.000000000 0.000000000 
1.869520255 0.000000000 0.000000000 
1.869277718 0.000000000 0.000000000 
1.869338124 0.000000000 0.000000000 
1.869050435 0.000000000 0.000000000 
1.869251235 0.000000000 0.000000000 
1.869342787 0.000000000 0.000000000 
1.869491364 0.000000000 0.000000000 
1.869231931 0.000000000 0.000000000 
1.869514892 0.000000000 0.000000000 
1.869360608 0.000000000 0.000000000 
1.870522740 0.000000000 0.000000000 
1.869084230 0.000000000 0.000000000 
1.868865502 0.000000000 0.000000000 
1.869100954 0.000000000 0.000000000 
1.869490373 0.000000000 0.000000000 
1.868657025 0.000000000 0.000000000 
1.869153210 0.000000000 0.000000000 
1.869430710 0.000000000 0.000000000 
1.869389266 0.000000000 0.000000000 
1.868827872 0.000000000 0.000000000 
1.868858305 0.000000000 0.000000000 
1.869143070 0.000000000 0.000000000 
1.869352868 0.000000000 0.000000000 
1.869176593 0.000000000 0.000000000 
1.869116793 0.000000000 0.000000000 
1.868720640 0.000000000 0.000000000 
1.869099195 0.000000000 0.000000000 
1.869271750 0.000000000 0.000000000 
1.869109972 0.000000000 0.000000000 
1.869589422 0.000000000 0.000000000 
1.869300637 0.000000000 0.000000000 
1.869213149 0.000000000 0.000000000 
1.869578113 0.000000000 0.000000000 
1.869276278 0.000000000 0.000000000 
1.869367426 0.000000000 0.000000000 
1.868895348 0.000000000 0.000000000 
1.869072255 0.000000000 0.000000000 
1.869241656 0.000000000 0.000000000 
1.869374938 0.000000000 0.000000000 
1.869155030 0.000000000 0.000000000 
1.869131603 0.000000000 0.000000000 
1.869019809 0.000000000 0.000000000 
1.869593917 0.000000000 0.000000000 
1.869016398 0.000000000 0.000000000 
1.869408641 0.000000000 0.000000000 
1.869149702 0.000000000 0.000000000 
1.869028299 0.000000000 0.000000000 
1.868971527 0.000000000 0.000000000 
1.868996010 0.000000000 0.000000000 
1.870237925 0.000000000 0.000000000 
1.870697534 0.000000000 0.000000000 
1.870279420 0.000000000 0.000000000 
1.870466865 0.000000000 0.000000000 
1.869492924 0.000000000 0.000000000 
1.869735563 0.000000000 0.000000000 
1.868775294 0.000000000 0.000000000 
1.869427938 0.000000000 0.000000000 
1.869243984 0.000000000 0.000000000 
1.869205312 0.000000000 0.000000000 
1.869405797 0.000000000 0.000000000 
1.869078871 0.000000000 0.000000000 
1.869620811 0.000000000 0.000000000 
1.869564816 0.000000000 0.000000000 
1.869606198 0.000000000 0.000000000 
1.869581780 0.000000000 0.000000000 
1.869460659 0.000000000 0.000000000 
1.869110234 0.000000000 0.000000000 
1.869010426 0.000000000 0.000000000 
1.868958579 0.000000000 0.000000000 
1.868902346 0.000000000 0.000000000 
1.869366205 0.000000000 0.000000000 
1.868912853 0.000000000 0.000000000 
1.869474427 0.000000000 0.000000000 
1.868944070 0.000000000 0.000000000 
1.869630067 0.000000000 0.000000000 
1.869955656 0.000000000 0.000000000 
1.869285052 0.000000000 0.000000000 
1.869444185 0.000000000 0.000000000 
1.869531239 0.000000000 0.000000000 
1.869139120 0.000000000 0.000000000 
1.869239337 0.000000000 0.000000000 
1.869618639 0.000000000 0.000000000 
1.869535151 0.000000000 0.000000000 
1.869428083 0.000000000 0.000000000 
1.869160050 0.000000000 0.000000000 
1.868992430 0.000000000 0.000000000 
1.869034940 0.000000000 0.000000000 
1.870658366 0.000000000 0.000000000 
1.869124164 0.000000000 0.000000000 
1.870956762 0.000000000 0.000000000 
1.870392857 0.000000000 0.000000000 
1.865806541 0.000000000 0.000000000 
1.868329443 0.000000000 0.000000000 
1.869378278 0.000000000 0.000000000 
1.870165530 0.000000000 0.000000000 
1.869351356 0.000000000 0.000000000 
1.869691293 0.000000000 0.000000000 
1.869588451 0.000000000 0.000000000 
1.869394472 0.000000000 0.000000000 
1.869053039 0.000000000 0.000000000 
1.869302614 0.000000000 0.000000000 
1.869161719 0.000000000 0.000000000 
1.869417422 0.000000000 0.000000000 
1.869356401 0.000000000 0.000000000 
1.869505090 0.000000000 0.000000000 
1.869376834 0.000000000 0.000000000 
1.869656451 0.000000000 0.000000000 
1.869193104 0.000000000 0.000000000 
1.869340052 0.000000000 0.000000000 
1.869423592 0.000000000 0.000000000 
1.869561461 0.000000000 0.000000000 
1.869385185 0.000000000 0.000000000 
1.869476301 0.000000000 0.000000000 
1.870700580 0.000000000 0.000000000 
1.869405357 0.000000000 0.000000000 
1.868827894 0.000000000 0.000000000 
1.868531553 0.000000000 0.000000000 
1.869164720 0.000000000 0.000000000 
1.869348510 0.000000000 0.000000000 
1.869472756 0.000000000 0.000000000 
1.869568182 0.000000000 0.000000000 
1.869532791 0.000000000 0.000000000 
1.869371483 0.000000000 0.000000000 
1.869133127 0.000000000 0.000000000 
1.869182298 0.000000000 0.000000000 
1.869404467 0.000000000 0.000000000 
1.869170401 0.000000000 0.000000000 
1.869047213 0.000000000 0.000000000 
1.869109328 0.000000000 0.000000000 
1.869380469 0.000000000 0.000000000 
1.869446855 0.000000000 0.000000000 
1.869192789 0.000000000 0.000000000 
1.869267228 0.000000000 0.000000000 
1.869321803 0.000000000 0.000000000 
1.869655575 0.000000000 0.000000000 
1.869644410 0.000000000 0.000000000 
1.869398133 0.000000000 0.000000000 
1.869101064 0.000000000 0.000000000 
1.869129599 0.000000000 0.000000000 
1.869236044 0.000000000 0.000000000 
1.869119153 0.000000000 0.000000000 
1.869012473 0.000000000 0.000000000 
1.868563611 0.000000000 0.000000000 
1.869368149 0.000000000 0.000000000 
1.869073658 0.000000000 0.000000000 
1.866626682 0.000000000 0.000000000 
1.868839902 0.000000000 0.000000000 
1.868128203 0.000000000 0.000000000 
1.870660786 0.000000000 0.000000000 
1.869213541 0.000000000 0.000000000 
1.869258710 0.000000000 0.000000000 
1.868992163 0.000000000 0.000000000 
1.869029177 0.000000000 0.000000000 
1.869302495 0.000000000 0.000000000 
1.869457830 0.000000000 0.000000000 
1.869434923 0.000000000 0.000000000 
1.869518708 0.000000000 0.000000000 
1.869511221 0.000000000 0.000000000 
1.869544153 0.000000000 0.000000000 
1.869205880 0.000000000 0.000000000 
1.869250961 0.000000000 0.000000000 
1.867545252 0.000000000 0.000000000 
1.869006232 0.000000000 0.000000000 
1.870268055 0.000000000 0.000000000 
1.868223035 0.000000000 0.000000000 
1.869783323 0.000000000 0.000000000 
1.868508142 0.000000000 0.000000000 
1.868958699 0.000000000 0.000000000 
1.869564508 0.000000000 0.000000000 
1.869308310 0.000000000 0.000000000 
1.869220447 0.000000000 0.000000000 
1.868996042 0.000000000 0.000000000 
1.869149175 0.000000000 0.000000000 
1.867223266 0.000000000 0.000000000 
1.868937592 0.000000000 0.000000000 
1.871319551 0.000000000 0.000000000 
1.872118866 0.000000000 0.000000000 
1.869609816 0.000000000 0.000000000 
1.869329487 0.000000000 0.000000000 
1.869423868 0.000000000 0.000000000 
1.869428739 0.000000000 0.000000000 
1.869062921 0.000000000 0.000000000 
1.868922002 0.000000000 0.000000000 
1.869490661 0.000000000 0.000000000 
1.869344003 0.000000000 0.000000000 
1.869223615 0.000000000 0.000000000 
1.869278902 0.000000000 0.000000000 
1.869504730 0.000000000 0.000000000 
1.869513504 0.000000000 0.000000000 
1.868822766 0.000000000 0.000000000 
1.869023938 0.000000000 0.000000000 
1.869925297 0.000000000 0.000000000 
1.869339001 0.000000000 0.000000000 
1.871439278 0.000000000 0.000000000 
1.871114592 0.000000000 0.000000000 
1.866201084 0.000000000 0.000000000 
1.868589565 0.000000000 0.000000000 
1.869362826 0.000000000 0.000000000 
1.869327975 0.000000000 0.000000000 
1.869523219 0.000000000 0.000000000 
1.869418515 0.000000000 0.000000000 
1.869685746 0.000000000 0.000000000 
1.868298099 0.000000000 0.000000000 
1.870465431 0.000000000 0.000000000 
1.867901928 0.000000000 0.000000000 
1.868470314 0.000000000 0.000000000 
1.869533443 0.000000000 0.000000000 
1.868471950 0.000000000 0.000000000 
1.869026451 0.000000000 0.000000000 
1.869720236 0.000000000 0.000000000 
1.869710429 0.000000000 0.000000000 
1.869107385 0.000000000 0.000000000 
1.869172343 0.000000000 0.000000000 
1.869693368 0.000000000 0.000000000 
1.869698379 0.000000000 0.000000000 
1.869098563 0.000000000 0.000000000 
1.869159576 0.000000000 0.000000000 
1.869386453 0.000000000 0.000000000 
1.869494492 0.000000000 0.000000000 
1.869167015 0.000000000 0.000000000 
1.869485984 0.000000000 0.000000000 
1.869378999 0.000000000 0.000000000 
1.869437673 0.000000000 0.000000000 
1.869195824 0.000000000 0.000000000 
1.869263832 0.000000000 0.000000000 
1.869359588 0.000000000 0.000000000 
1.869154061 0.000000000 0.000000000 
1.869427944 0.000000000 0.000000000 
1.869538718 0.000000000 0.000000000 
1.869195038 0.000000000 0.000000000 
1.869257491 0.000000000 0.000000000 
1.869215815 0.000000000 0.000000000 
1.869372414 0.000000000 0.000000000 
1.869316543 0.000000000 0.000000000 
1.869302367 0.000000000 0.000000000 
1.869214683 0.000000000 0.000000000 
1.869369650 0.000000000 0.000000000 
1.869377099 0.000000000 0.000000000 
1.869388581 0.000000000 0.000000000 
1.869117972 0.000000000 0.000000000 
1.869445973 0.000000000 0.000000000 
