1.747179919 24.908588442 -3.706331408 
2.101676412 25.012603615 -2.930892876 
-17.109367459 17.359413900 -1.347762106 
-17.040229947 17.417495492 -1.318822545 
1.594787950 24.537922057 -5.592996557 
1.844678746 24.975435680 -3.782154446 
-17.032804425 17.418612384 -2.076547723 
-16.989168048 17.492225520 -1.926146862 
1.874079656 25.105151099 -2.881970769 
1.406105945 25.175519652 -2.615449375 
-16.594855115 18.168585222 0.766475159 
-16.869503261 17.869155480 -0.198657678 
7.278229763 19.264442252 5.819187070 
7.936810021 19.307238088 3.577555742 
-15.767975478 10.258077854 -6.575357803 
-15.609264450 10.771310959 -7.023776650 
7.447177624 19.731547453 3.431436585 
7.348838126 20.376339439 2.012453084 
-15.500262704 10.166520271 -6.894598388 
-15.556556903 10.588928921 -6.835727875 
7.129228519 19.095760090 5.844334354 
6.728181289 18.970229222 6.939738248 
-16.088405699 10.650672125 -5.966795592 
-15.992509595 10.674530536 -6.114689124 
7.104076149 14.446653532 8.044628498 
7.093215106 14.868012179 8.068606745 
-11.034444148 8.486694371 -11.587034371 
-11.705688864 7.936409955 -10.966226840 
5.064798187 14.206530084 9.933882174 
7.773785829 14.741364105 6.883336676 
-14.072071103 7.319991892 -8.233238037 
-12.712306099 7.791668384 -9.922009382 
9.238030528 15.355500803 4.359577496 
9.510154645 14.834607718 3.586980440 
-4.803411005 11.132962305 -14.041957359 
-0.537407477 12.327176931 -8.374194074 
5.739550472 21.181055745 -3.386196334 
5.684866306 21.360739292 -2.500692436 
-16.375227692 12.586277147 -4.097380834 
-16.637114731 12.618323478 -3.059167823 
5.773614915 21.544629567 0.906770069 
5.716901862 21.740729337 -1.866508354 
-16.956237101 12.643641112 -2.012512391 
-16.924168989 12.508715752 -2.530628665 
5.608292539 21.647382171 0.656593910 
5.668874096 21.663553804 -0.184519748 
-16.970990634 12.855505873 -1.806025503 
-17.025881042 12.836204813 -1.389747653 
5.843018835 20.081751281 -3.695403742 
6.419658234 20.353507866 -0.474674428 
-15.751420249 11.881958383 -4.305579544 
-15.413950612 12.083185384 -4.914090135 
5.914956302 20.099311901 -3.892856785 
6.085896808 20.464860178 -2.695177124 
-16.756752606 11.252805261 -1.820600915 
-16.276477541 11.823439190 -3.318792434 
6.257724505 20.617052403 -0.867826795 
6.808168432 20.234590130 -0.369178883 
-15.880035323 12.147225454 -4.169666806 
-15.999706153 12.011885765 -3.696171402 
-2.227118574 17.103032319 11.485464067 
-2.127089731 17.160381887 11.413828179 
-14.296466617 12.263020868 -8.159876822 
-13.463829543 12.626002282 -9.062631731 
-3.499681561 16.613749741 11.904148890 
-1.308346343 17.290800975 11.320346248 
-13.500003813 12.001627285 -9.384624342 
-12.509727530 12.743724872 -10.072619916 
2.194500962 18.405884546 9.634790754 
4.057410998 19.253616209 7.571800518 
-10.997151217 13.430057580 -11.276555955 
-10.997154540 13.154144083 -11.185972208 
3.599630139 14.497543091 -8.591158138 
3.922664048 14.584784949 -8.196652960 
-12.517868127 8.212255272 5.079834251 
-10.800748397 8.933558811 7.014314433 
3.626593157 14.369635092 -8.606330200 
3.893246301 14.483738589 -8.018330201 
-12.674481755 8.160037240 4.959469110 
-13.415883938 7.784268453 3.535989686 
4.311686082 15.159618070 -7.867906956 
3.101491797 14.173997456 -9.357493823 
-12.141122630 8.458328342 5.659494771 
-10.914290516 8.789531618 7.098117228 
-2.575976695 23.326814200 2.706665129 
-2.394510328 23.437598095 1.853860065 
-12.536729096 19.510451567 -1.248333184 
-12.021996512 19.852878759 -1.513274175 
-2.377377978 23.422289398 2.262936681 
-2.411168374 23.299985784 3.313079654 
-12.740043294 19.483857439 -1.050499023 
-12.602940416 19.492998140 -0.764951961 
-1.685798064 23.677313215 0.790881145 
-1.829206077 23.552876828 1.449347194 
-12.067967622 19.813320761 -1.635919170 
-12.204289600 19.726145144 -1.218277368 
-2.877431380 11.018371318 10.317135842 
-1.976675045 11.422158968 10.289016791 
-7.579759476 9.614354468 -10.928067701 
-7.196107509 9.800451012 -10.908913730 
-1.690895129 11.599585833 10.178953757 
0.984509541 12.550797738 9.429182459 
-6.268331132 10.048549400 -10.991530124 
-5.217510102 10.465585527 -11.223551467 
-4.890385630 10.167267027 10.521349241 
-1.903098501 11.588130881 10.318421663 
-8.001084212 9.374872240 -10.382439154 
-5.464851929 10.405104953 -11.107401015 
0.367736338 13.059439308 -5.671063838 
0.356909134 13.595272888 -6.232717504 
-9.227804086 9.092117594 2.622629697 
-9.618626924 8.873737086 2.034511259 
-0.721953383 12.967524720 -5.532572470 
-2.637731995 12.178659138 -6.670308914 
-8.114864969 10.056944898 3.695496926 
-8.143269887 10.021062111 3.711510507 
-7.032140025 14.104684476 -7.630515389 
-10.407161996 12.070445946 -5.473652838 
-12.056615138 12.395833399 -2.108209274 
-9.745075051 12.263043394 -6.213048714 
-1.533661839 20.224805948 2.556685615 
-1.237638487 20.234031052 2.336619850 
-10.529785950 16.657037605 2.655310840 
-10.692664062 16.625958418 2.356353934 
-3.758432176 18.983396606 4.535323377 
-3.342758356 19.259504953 3.850573686 
-9.850033081 16.816417413 -0.883592121 
-9.080863437 17.210822894 -1.713479273 
-6.966279659 18.673871743 1.361942991 
-6.153487843 19.227728540 1.052392841 
-6.739979778 19.011931335 -0.312445056 
-7.017472918 18.953232759 -0.295711262 
-8.293546880 8.443981762 1.260234325 
-7.293870200 8.943113812 3.285717015 
-1.396683125 10.882242657 -6.640728730 
0.531741591 11.481019817 -5.448055049 
-0.952312963 10.972571280 8.060150530 
2.536577934 11.565039703 5.637631430 
-6.393514166 8.478736763 -7.538225440 
-4.666632206 9.007438320 -8.090452391 
2.944962172 15.068379851 5.187591285 
-7.999934362 7.616626607 4.571427023 
-9.033067546 6.658634998 -5.926439977 
-12.252146365 9.588100557 1.517532106 
-1.206316986 16.759950420 2.652993168 
-1.799054601 16.542258316 3.374092853 
-9.341680721 13.982146327 -1.125641450 
-9.271987743 14.029870239 -0.864779318 
-1.870792746 19.036737289 0.009872387 
-1.392015083 18.451273757 0.931583216 
-9.648433965 15.654815346 0.277631560 
-8.460769974 15.833977975 -3.540585611 
-0.783597958 16.957827724 2.087148808 
-0.331229124 17.058260182 1.225986372 
-8.912411756 13.887185837 -2.798736700 
-8.960585498 13.897771454 -2.725934694 
1.038606271 10.892483631 5.339688188 
0.711091682 14.725074291 -0.192165688 
-0.903730727 11.011435439 -4.082442453 
-1.659463926 10.557046193 -4.836591616 
3.408737572 13.100315260 0.989607376 
3.039917521 13.126162246 -0.623024790 
-9.479354700 8.559688188 -2.051130410 
-8.992748590 8.653371185 -1.303873329 
2.301073996 12.478573483 0.455430230 
2.347277565 12.406844546 0.705127272 
-8.167903177 8.583372848 -0.950763977 
-7.373467093 9.024486088 -2.526501953 
0.313568838 16.150079671 2.138917955 
0.586990060 16.175948926 1.697156265 
-6.657069461 13.716106836 -5.600987866 
-6.610498225 13.685423367 -5.609422882 
0.878926697 15.976840678 2.313675437 
0.187870373 15.857407172 3.383787108 
-9.181969820 12.108394932 -3.857329274 
-9.387317084 12.180811794 -3.707170552 
-1.204039100 16.032099177 3.784438778 
-0.842534537 16.102476012 3.549754245 
-8.601508220 13.113985887 -3.986752384 
-8.712618272 13.015445977 -3.936680680 
-2.454059594 17.994590652 -0.465963237 
-2.638415883 17.922499764 -1.498924337 
-7.940727330 16.012975254 -1.431229181 
-8.835931039 15.533828024 0.885696956 
-3.130463757 18.170778761 0.201970513 
-3.120432698 18.040095645 0.829581348 
-7.890471400 16.335220645 -0.393963781 
-8.084170927 16.151654556 -0.340708955 
-2.944965188 17.921804754 0.057262483 
-3.043018785 17.914210153 0.151198044 
-7.938427486 16.043232131 -0.869565361 
-7.840239086 16.078765865 -1.076485935 
2.779454950 11.575867987 2.464088319 
1.111211441 12.732416532 2.635389358 
-7.401047829 7.334773485 -2.856622762 
-7.273799460 9.357610713 -2.903133961 
1.572181100 12.864172022 2.625086277 
0.241761853 12.813559457 3.394696090 
-7.509650536 10.089265312 -2.493110611 
0.975501365 12.954657192 2.017430129 
0.297537426 11.917808185 4.188927531 
0.181476899 11.940962546 4.132276862 
-6.770705605 9.186025454 -3.113251786 
-6.682572266 9.219998077 -3.203810752 
0.775134900 14.213326629 -5.008941789 
0.623081406 14.751421867 -4.384362326 
-9.434267436 11.420125051 -1.910279519 
-9.680335511 11.418817046 -1.847159264 
0.977073320 14.752161061 -2.949385400 
0.926391583 14.719655059 -3.115250944 
-9.412741540 10.454851510 0.348537476 
-9.433008126 10.413506534 -0.359870999 
2.136586144 14.309496903 1.491737165 
2.518290735 14.157612617 2.152264113 
-10.157860728 9.545470073 0.487768637 
-9.992222975 9.917818404 1.049489661 
1.512871750 12.218540956 3.875136147 
0.832562726 11.948883671 4.950403890 
-7.779725687 9.208358454 2.831252548 
-8.479961618 9.084151948 1.402773987 
3.388386232 12.459993272 -0.290053927 
3.382062376 12.577064984 -0.140984318 
-9.038218314 7.838313364 -0.841716417 
-9.018919919 7.731574807 -1.132374465 
6.593843361 14.514905773 -3.464627188 
-2.409077436 14.325424140 7.631766655 
-1.777775674 12.028760848 6.569908285 
-8.260079615 10.412265139 -6.123564114 
-1.638132899 16.364462787 -4.798593844 
-2.147005762 16.205173652 -5.195554475 
-10.024394823 12.819975306 1.504689355 
-9.794604439 11.498437990 2.037964641 
-4.116282992 14.468812654 -5.666097123 
-5.012341864 14.311711173 -5.735633027 
-11.872579343 13.198105652 1.523122825 
-7.746388864 15.800395956 5.653699472 
-0.007560161 18.117328283 -1.097973883 
0.030689651 17.806319070 -0.720664457 
-9.607037308 14.947142507 -2.328432966 
-10.402811453 14.487392712 -1.325332841 
-7.002827266 14.733702995 5.016863982 
-6.628132677 14.973388357 4.952762250 
-4.997150254 15.696745568 -6.440377902 
-7.602781705 14.836525166 -5.794768486 
-4.110871981 13.640920615 6.952424681 
-3.808893924 13.739305177 6.910980432 
-1.101227986 14.788398501 -7.639121591 
-0.395916922 15.152352123 -6.975107363 
-9.578714835 10.652705700 1.778456773 
-6.699430379 12.168189736 4.136069927 
-9.113007763 14.918348119 -4.948358663 
-1.238254632 13.886129682 -6.588319511 
1.949332333 11.906708292 -0.427625803 
2.074720186 11.483982017 -0.004150350 
-7.377532872 8.782452391 0.958196012 
-7.618677987 8.667034254 0.199922688 
-2.824813429 11.989201255 -5.230297390 
-2.087204643 12.225990084 -4.996579300 
-2.341158937 10.599293473 3.586388096 
-6.113241616 10.172560561 2.315413622 
1.560214128 11.931171805 -1.053169545 
1.539752494 11.971006387 -0.614637868 
-7.210116221 8.918848614 0.357724025 
-7.387336273 8.729856588 -0.751124491 
-4.625708262 17.078332661 -2.690290395 
-2.722043271 17.082345066 -1.878359805 
-7.862712592 15.746784990 2.318774829 
-7.176939258 14.777562225 4.135310655 
-1.723603148 16.237999405 -2.128751463 
-1.190683793 16.328172101 -1.267400243 
-8.477970402 14.108612070 1.068103189 
-8.458884770 14.037166967 1.326905516 
-1.774281758 16.140155801 -2.356852335 
-2.692116593 15.826350498 -3.273487605 
-8.148822693 13.973593797 1.899527907 
-8.312565640 13.769389147 1.812480340 
-3.690262273 13.849265330 4.573480490 
-2.588382474 14.261255893 4.301111668 
-3.774184751 13.867793971 -5.585867288 
-3.743045290 13.916014923 -5.545199485 
-3.376131447 14.245128090 4.479334893 
-3.204416400 14.262281299 4.421956851 
-5.302045951 13.613645088 -5.297322348 
-5.607683064 13.517456342 -5.273717213 
-1.981505232 15.149228432 3.021043313 
-6.601576338 13.269807928 3.562848510 
-5.198477370 14.058440717 -5.017836774 
-5.845013799 13.763066706 -5.031444390 
-3.963499192 19.664733664 0.415660498 
-3.773216672 19.710927655 -0.023739560 
-8.361113895 18.012484229 -1.351112366 
-8.313674610 18.059277236 -1.167208258 
-3.491463223 19.311727954 -0.359393644 
-3.367105822 19.282698956 -1.295432126 
-7.991872150 17.613895039 0.246305024 
-8.800545182 17.225092049 -0.627428873 
-3.881130550 18.977536150 3.620113978 
-4.989395441 19.641759818 0.686396294 
-3.572568218 17.908266857 -5.687259919 
-7.622610797 18.775162677 -0.560057974 
0.443923169 12.223023437 5.422610634 
0.081177727 11.862278548 6.027777965 
-7.593796800 9.336982062 3.231817084 
-7.811271277 9.667889152 -3.965601157 
0.596721587 10.584284535 6.016341983 
0.660784664 10.614709156 5.963156334 
-7.102890392 7.606250928 -4.024243727 
-7.117798274 7.564240246 -4.018426338 
2.626302168 15.379015545 -3.948020095 
5.443473159 11.948665946 -0.459788450 
-11.426815573 11.026544504 2.759284850 
-3.505688069 13.518333634 -8.298636280 
2.431201368 13.869857036 -3.805271200 
2.064518756 13.649301650 -4.705024988 
-5.460216775 9.087297644 -7.858153600 
-5.537737624 10.280262326 -7.494261526 
3.029808271 13.396894300 3.116516802 
3.363523833 13.247972205 2.533209880 
-10.422469031 9.265472170 -0.807204624 
-10.486221190 8.932092733 -0.442851084 
1.752654836 16.257988334 0.193650735 
2.118450575 15.814284398 -1.930728389 
-10.658533268 8.331668869 1.263134817 
-10.655367308 11.365589312 1.366049385 
-2.537000447 17.998949924 -0.469721396 
-3.543147407 22.003148282 -0.322004520 
-11.419306740 19.481760191 -2.016631820 
-10.375731561 19.630298238 -1.604341122 
-3.732714905 22.087530287 0.328201464 
-3.593534480 22.302500941 -0.006456665 
-10.984906173 19.647569665 -1.817948782 
-10.927474295 19.674260075 -1.906624089 
-3.359819894 22.333411288 -0.376775964 
-3.467382496 22.287703444 0.089916513 
-10.223244059 19.846168990 -2.841335619 
-10.755949531 19.619998837 -2.033606385 
3.034093167 12.187424276 6.776122222 
4.238350161 12.545323686 5.333853270 
-10.429519421 6.632511287 -4.294851121 
-10.660514606 6.441251086 -3.742106040 
5.322106987 12.473079900 3.740839911 
5.733220857 12.612152931 2.134755962 
-10.233876823 6.530512450 -4.107518767 
-4.442438319 9.932956808 4.101309968 
4.818453385 12.472723842 4.883147895 
5.373844172 13.058886692 2.986038062 
-10.559123191 6.816898854 -3.830367359 
-8.022779285 8.587328474 -0.100956612 
1.370461667 15.640990208 0.452173153 
0.061713508 14.441687426 3.886456946 
-6.804998737 12.066233148 -4.994023182 
-10.154304723 8.616722453 -5.481312886 
2.578765808 13.998148665 6.733202924 
4.126624937 14.799772390 4.909139145 
-8.368253532 10.249305959 -8.833911487 
-7.458686460 10.243505621 -8.952385641 
-3.341917621 12.212498440 5.674982996 
2.525636462 14.137123555 7.055529738 
-9.058693304 9.753476149 -8.178652477 
-7.913715090 9.646231570 -8.134012744 
-0.319951570 11.431183153 -6.361963128 
-0.340545757 11.366680931 -6.342502995 
-7.812898029 9.243023316 2.711610976 
-8.529393498 9.088597310 1.196303645 
3.549948342 11.277015023 -1.737441906 
3.592580611 11.385506982 -1.190955128 
-8.564627119 7.144906599 0.231479113 
-8.566263149 7.068411915 0.136961430 
2.448961762 14.231283149 -2.475459774 
3.792981653 10.968604267 -2.152137578 
-8.565693965 6.789641408 2.021667476 
-8.743974611 6.502503725 0.970172703 
-0.031696721 17.026863361 -2.868266771 
-0.330998076 17.175422448 -3.065480112 
-10.020297196 13.163407345 1.842824460 
-9.847773750 13.262099919 2.754089544 
-4.478292136 14.330067751 -5.724020590 
-2.385497779 15.153005925 -5.016479636 
-7.733572879 13.085101517 5.383128111 
-6.647193999 13.297897501 5.812181077 
-3.455017625 18.562245671 -2.972814124 
-4.141518904 18.825596117 -2.689665348 
-10.235643625 15.040724816 -2.725235935 
-7.168484256 17.679043104 4.219039736 
-7.768283887 14.415167858 4.806466167 
-7.965447751 14.364804612 4.675327237 
-3.364302250 15.842266955 -7.042878482 
-3.247536335 16.096349253 -6.768827097 
-7.027470050 14.687020507 4.962078359 
-8.214031373 14.185469953 4.608183961 
-3.769795536 16.163743710 -6.168929454 
-3.072981887 16.199069767 -6.493957524 
-7.314331183 15.288561011 4.802852196 
-7.498148792 15.079018494 4.741443798 
-2.651497299 16.913597628 -6.617692891 
-1.478145389 17.315760497 -5.424378733 
1.940357582 9.880056588 -8.925126029 
3.217260067 10.597936401 -8.030292807 
-9.574975435 5.698376778 2.931080389 
-10.123340633 5.602386071 2.314574799 
-2.742178281 12.057527416 -5.188424921 
-1.881908361 12.308125443 -4.947527914 
-5.502972642 10.263799622 2.848758162 
-6.817570033 10.340521264 1.345319067 
3.963902893 10.512167391 -7.161032172 
3.630740154 10.484254727 -7.430278831 
-10.183891951 5.500532218 1.352541965 
-10.286571387 5.246132893 0.424673073 
-0.514196322 21.064431685 -3.841699981 
-0.482700707 21.160264617 -3.714384591 
-12.891955830 16.879847117 1.467105373 
-12.801941514 16.931086030 2.157975780 
-0.610481785 21.471300189 -3.457790614 
-0.476950131 21.503192311 -3.576960647 
-12.797330689 17.007194090 -0.727726572 
-12.343867877 16.990408441 3.527161744 
-0.060852823 21.438361366 -2.849642439 
0.040265093 21.457998117 -2.837697354 
-12.257287891 16.950795779 3.807401261 
-12.428093206 17.086194322 3.315493882 
-11.367187832 12.916749205 6.438656112 
-10.955387195 13.199453254 6.648562709 
-8.591734418 14.749586247 -9.522091366 
-7.430805493 15.330386847 -9.609902695 
-12.582712662 12.390109171 5.180658687 
-11.906055522 12.757863886 5.978002612 
-8.727775533 14.334676429 -9.724918897 
-8.134561192 14.214683284 -10.494931821 
-10.429711502 13.771745385 6.814402074 
-7.786060170 10.835868641 6.560435191 
-7.754462624 15.086999620 -9.548320173 
-0.093058459 11.546287854 -10.608034571 
-1.451297951 16.328865660 1.883648785 
-1.629681872 16.256808167 1.851103842 
-8.223073057 14.125364903 -2.163647505 
-8.156825655 14.257402488 -1.873146873 
-4.632002228 17.097871225 2.687527525 
-5.009713220 16.392079615 3.369461039 
-7.404703943 15.334829306 1.717498444 
-4.965427714 16.813978888 -3.151138974 
-1.604955648 16.321484533 1.784886217 
-0.592009150 16.377225425 0.339398017 
-8.109033261 13.768673670 -2.322105069 
-8.106125259 13.834103741 -2.308283264 
-2.832999809 11.971847266 5.230990953 
-2.067490778 12.237455834 4.981206358 
-2.331909083 10.643126886 -3.501205484 
-5.926611450 10.235438851 -2.491809473 
1.906975891 11.892803259 0.443087660 
2.069076800 11.452096349 0.949319748 
-7.459625394 8.673156677 -0.712873540 
-7.375724805 8.771905981 -0.948134505 
1.310705282 12.003775494 -0.730918495 
1.381739697 11.999302634 -0.394294874 
-7.361974730 8.751806458 0.513774890 
-7.224798372 8.951028484 -0.294597546 
0.048988527 15.526403201 1.612709663 
0.107088614 15.472933833 1.652786266 
-6.919352080 12.942744080 -4.444937069 
-7.322826960 12.794947732 -4.183957982 
-0.059110676 15.242818198 2.393378181 
-0.100490492 15.225572258 2.597444809 
-8.956171143 11.746568733 -1.490867019 
-9.217450991 11.541788905 -0.551963952 
0.081030674 15.870386253 -0.243633130 
-0.714470752 15.723974878 1.912249723 
-8.330174496 12.536513188 -2.530944535 
-8.607146274 12.432181941 -2.100696011 
-2.724189638 18.301171875 -2.432978530 
-2.777885534 18.245752021 -2.204278807 
-7.148585439 16.839695445 1.687390906 
-8.298435536 16.243195176 1.359212909 
-2.607379882 18.189724439 0.165093909 
-2.675086033 18.180484888 0.480684446 
-8.487345585 15.936345833 -0.140399179 
-9.184423380 15.552872925 -1.011057581 
-2.689121518 18.073331052 -2.081088466 
-2.620685408 18.144450543 -1.912147025 
-8.486440569 15.980803981 -0.224249799 
-8.470447250 15.994445918 -0.586762520 
1.044491966 13.904311192 3.613999876 
1.399767973 14.296354271 2.265684037 
-9.003150473 9.965987436 -1.165912138 
-8.132708382 10.515316512 -2.740492514 
2.064080579 13.054939147 2.489647674 
-0.342522261 12.687718344 2.967007041 
-8.503336701 9.686963322 2.038646684 
-8.421519083 9.576620989 2.063338597 
0.692885718 11.818176242 2.781068931 
0.745733098 11.914894774 2.543466372 
-6.875620909 8.802187568 -2.111673294 
-6.693596745 8.911604029 -2.319472094 
1.990311875 15.938794117 -3.804805384 
4.241953941 13.411056380 -2.302816170 
-7.695135912 10.158977809 -3.258409377 
-9.556304228 15.168456334 -0.752917485 
-1.040458395 12.846886408 5.057925898 
0.292740502 12.868017568 4.254106427 
-4.657089821 12.281500333 -6.274999109 
-5.299710044 11.451299411 -6.328027074 
4.493715508 14.498552036 2.426535334 
0.244823467 12.876363124 4.124721160 
-9.494213388 10.551047143 -6.639577452 
-7.294713719 10.622367409 -7.835455440 
3.440099372 13.629289076 1.560408133 
2.736499728 13.410930455 3.359060056 
-9.992197060 8.547770616 -1.048192855 
-9.200659699 8.361153205 0.860518304 
3.313247149 12.397688477 4.662031467 
3.051437577 12.329488802 5.233693964 
-10.127804823 8.860423413 -0.148347377 
-10.800305478 7.902049646 0.983480270 
-6.492092795 11.170361590 -8.834839041 
-5.368726568 11.651799678 -9.026804082 
-8.711390679 10.766391729 6.402996553 
-10.312002153 10.316249320 4.617568472 
-2.002873670 12.818908743 -7.093818960 
-0.392848695 14.006753229 -6.252605852 
-10.268318040 10.562146282 3.262501915 
-10.565518316 10.539885521 2.157436445 
-3.029873983 14.692183675 -6.749572157 
-2.905118590 14.875711581 -6.610378724 
-11.205805603 13.972159377 2.260997020 
-11.060394750 14.158854419 2.019297029 
1.425760628 16.822761820 -3.960879833 
1.925646888 16.616012021 -3.195914190 
-11.571823492 11.201504404 0.561513315 
-11.561553490 10.905053108 0.832121938 
-5.505226933 16.280742241 5.988567936 
-5.992694877 16.343218880 5.423174061 
-6.283758489 16.211963904 -6.390336498 
-7.029326196 15.900249015 -6.314665146 
-5.471698836 15.746276089 5.818927404 
-5.816125942 15.679449146 5.780828095 
-2.462890896 16.819355666 -6.886673840 
-1.454548148 17.302845311 -5.875899609 
-3.930203425 14.846150075 6.659592056 
-8.762011343 10.679068129 6.022463771 
1.605569492 16.525060496 -4.110372683 
1.085086822 17.180101163 -5.764672158 
3.404593190 13.031393457 -1.666176365 
3.138926840 13.095342723 -0.766175665 
-8.978379464 8.828731088 2.219237129 
-8.925286086 8.709855963 1.354139501 
0.513631183 10.784174116 -5.428244999 
1.417886696 10.994448339 -4.721324903 
-8.187884719 8.468699482 0.597351176 
-8.640563910 8.430920583 0.371421440 
2.322158910 12.344184216 -1.799226249 
2.302343434 12.368175668 -1.689477698 
-7.945158714 8.723985404 1.512975760 
-8.249539408 8.496457105 0.844778488 
-1.567447202 18.982624490 1.253070392 
-1.914329566 18.350923475 -1.764181712 
-8.683710554 16.568348071 -1.181679026 
-8.824684833 15.735385691 3.044149021 
-1.292628274 16.666107293 -2.936238378 
-1.931910030 16.553342327 -3.435149354 
-9.292684699 14.043402938 0.191004974 
-9.266307998 14.081495358 0.807573414 
-1.567642940 16.768493839 -2.989247139 
-1.476179548 16.724142341 -3.074036812 
-9.259795014 13.821378375 1.604868918 
-9.348840119 13.839963012 0.815701851 
-3.440241365 14.543597269 5.931399075 
-3.011538873 14.778685865 5.746554200 
-2.193555666 15.050522806 -5.844281546 
-2.789138101 14.899009534 -5.784409461 
-3.089634526 15.146760750 5.302043051 
-5.039818568 14.216344484 5.810304493 
-5.559315511 14.145660075 -5.857490193 
-6.545389923 13.791587059 -5.721693751 
-3.081797968 15.336503410 5.023735884 
-7.039773531 13.545818660 4.596303582 
-4.732380678 14.689498102 -5.691835561 
-5.150231998 14.543495836 -5.805779894 
-3.315632213 19.190404438 -4.157991750 
-2.710051726 19.497304725 -2.907767892 
-9.460115575 17.054735143 1.287546119 
-9.508745961 16.983761552 1.512402867 
-1.191659957 20.276751100 -1.978351414 
-1.527668558 20.089684795 -3.322192667 
-11.015853711 16.579742971 -1.056721530 
-10.824882818 16.569294506 -2.030522102 
-6.037297127 19.262463835 -0.991396809 
-7.565870762 18.420859020 -1.289911883 
-6.559463391 19.205397216 -0.390567453 
-7.294783328 18.730004677 0.755794380 
-2.716537403 12.052380158 6.792061147 
-3.298507974 11.966381247 6.800213332 
-8.426976956 9.921274962 -3.293910844 
-8.415412550 9.910480800 -3.346214964 
1.011567340 13.385683330 5.151069991 
0.499900179 13.855370950 6.781020007 
-9.571659917 8.941397987 -1.730838139 
-9.257126059 9.085547207 -2.709961403 
-9.811681104 12.248596012 6.134501524 
3.592568023 16.962569399 -0.256598412 
-2.797442001 14.435332955 -8.461787149 
-9.543526203 13.097427774 6.463251823 
0.627035711 10.828889915 6.967572697 
-0.799738212 10.472625272 7.781142754 
-6.456335506 8.644707274 -8.068858883 
-3.757774460 9.440841324 -8.395549429 
2.224532289 12.540325876 -1.609508331 
2.051463631 12.676840667 0.480570856 
-8.337898463 8.371315125 -1.225771580 
-8.405042083 8.094402879 -1.747540802 
1.336880136 10.733932387 6.863250209 
-5.387927099 14.179376517 6.917661604 
-0.503135218 10.367319706 -8.696218438 
1.261609906 10.908875094 -7.710724376 
-2.296165235 23.339956873 -2.880600584 
-2.114362907 23.290444362 -3.363626684 
-13.180101589 19.142729268 -0.422889389 
-13.040926362 19.188986687 -1.213136936 
-2.389284103 23.337933298 -2.981128427 
-2.026060820 23.498210218 -2.173519294 
-12.497314338 19.585726361 0.761518546 
-11.925899181 19.926107416 1.083541876 
-2.322394480 23.097763532 -4.512374123 
-1.834904116 23.289685166 -3.566453939 
-12.530702249 19.545881425 0.306029102 
-12.805269660 19.388660950 0.798419694 
3.662294251 14.365328173 8.523159132 
3.532436170 14.624768750 8.238322244 
-10.940772831 8.910473242 -7.121313771 
-11.313264913 8.648935438 -6.740607869 
3.788448026 14.435970736 8.251996381 
3.832199035 14.312649440 8.309063378 
-9.425364744 9.800407068 -8.179241939 
-10.788246592 9.231736187 -7.231037535 
3.846592158 14.435002732 8.495144661 
4.663534750 15.134723860 6.837879676 
-10.609230119 9.177977474 -7.509850208 
-12.225776951 8.462674890 -5.695451133 
4.441076512 13.637751876 6.851634552 
3.868304231 13.568244717 7.494043755 
-11.114233152 8.090970107 -7.547885947 
-11.252033822 8.106008914 -7.519018523 
5.631518143 14.087051746 5.236281925 
5.755047423 14.117999727 5.166424925 
-9.326693516 8.698021569 -9.389255472 
-6.848178314 9.769191005 -10.669863696 
2.882209288 13.372974112 8.543942286 
5.849748702 14.092217795 5.216517554 
-9.175456243 8.519772201 -9.324892782 
-7.139900074 9.536417284 -10.488753645 
6.055303494 20.098521615 -5.326934100 
5.702393038 19.766176183 -6.481072909 
-16.933748667 11.133495821 -0.287692108 
-16.909899571 11.338964323 -1.148972763 
6.239454061 20.163880088 -4.031224595 
6.294428375 20.149908111 -3.822957953 
-16.761408550 10.992202930 -0.221948198 
-16.681175686 11.313677108 0.625250155 
6.796978538 20.101274264 -2.914951673 
6.828985779 20.205109732 -1.721612016 
-16.919110284 11.378877360 0.404106251 
-16.698891059 11.480885582 2.031417495 
5.299475636 21.262490119 -3.452206277 
4.912538814 21.392255460 -3.775850774 
-17.042036924 12.738636100 0.655367853 
-16.803402997 13.069203129 -1.817484935 
5.698542464 21.338047269 -1.324282627 
5.902443757 21.211988036 -0.980540929 
-16.844433970 12.732652046 -0.528950326 
-16.811548458 12.775755852 -0.038919266 
5.261952778 21.475888446 -2.846381077 
5.338543352 21.605987604 -2.092554802 
-16.376102099 13.279228813 -3.107222054 
-15.828631111 13.957795900 -4.172554778 
-1.826445709 16.653562283 12.011324213 
-5.384224335 15.498326739 12.377880315 
-11.338188254 13.093653948 -11.045651897 
-11.206306369 12.956555111 -11.198446366 
-0.872407352 17.456150063 11.319570066 
2.284794586 18.891122856 9.385795244 
-11.265676865 13.543974933 -10.849014487 
-9.441810049 14.379068826 -11.650337169 
-1.028504423 17.482419055 11.312930975 
-1.033803813 17.419712292 11.413067666 
-13.591527959 12.430695422 -9.196391701 
-10.352769061 13.327162625 -11.654072545 
5.623255243 18.585159977 -8.618358163 
6.663697335 19.033529539 -6.643111909 
-16.995461867 9.701130132 3.922684153 
-17.619505465 9.642739481 1.728265280 
4.802797864 18.032779633 -9.963669184 
6.198826307 18.616891462 -8.178985957 
-17.672421091 9.518788257 0.371099133 
-17.109912977 10.231627471 4.141304519 
5.912909596 18.356595314 -8.367932404 
5.180342565 18.565806592 -9.485964716 
-17.422607052 8.959759545 1.828675686 
-16.960407543 10.604850451 4.658279544 
1.824465831 25.271504639 0.690688631 
1.852442102 25.215236641 0.591271514 
-17.023562715 17.441497971 -1.350029846 
-16.763692862 17.907271624 -0.910080697 
1.751083673 25.281102324 -0.839442350 
1.427823917 25.335176689 -0.614003930 
-17.091743458 17.383166912 -1.056544307 
-17.217575923 17.256234667 -0.463860886 
1.744988173 25.274719209 1.459822247 
1.330504146 25.321568308 1.011058051 
-17.074804499 17.541595829 0.024805333 
-16.992348151 17.638175721 0.166186906 
2.639165756 13.493145542 11.843588785 
2.932297657 13.103506340 11.658047171 
-6.610212964 10.159579111 -13.873120438 
-2.809719178 11.335191461 -14.117892898 
-1.424631715 11.411569240 13.112549005 
-6.004755379 9.832569975 13.113204766 
-8.974801282 9.572018464 -12.910180211 
-6.746632794 9.860565043 -13.493605644 
-2.510584629 9.046119772 12.257456830 
-2.213339636 10.375986411 12.902846628 
-6.612309607 10.648218979 -13.707052934 
-5.939716017 9.915100575 -13.600828154 
-0.677978068 21.659557826 3.286826114 
-0.818491293 21.314447555 3.728413424 
-12.233060449 17.075498770 -3.875333083 
-12.499925903 16.917849602 -3.225465586 
0.635836359 21.588696032 1.265160076 
-0.283187259 21.483202654 3.081434554 
-12.146612169 16.984001897 -4.012664465 
-12.359874304 17.008410890 -3.490941610 
0.168567448 21.850620168 1.901215919 
0.672344648 22.310770514 0.444938743 
-12.049931733 16.981908990 -4.205176974 
-11.707750647 17.035876085 -4.877120926 
-2.708080808 12.018062411 5.233730099 
-1.837301066 12.299230181 4.987347081 
-0.411431852 11.336288878 -3.960145861 
-5.296938829 10.755110493 -5.871373883 
6.053569147 11.407541071 0.840334530 
5.160641144 11.253778923 5.044660873 
-8.523752867 6.444356131 -4.989654304 
-6.951436337 7.145141745 -6.692797557 
4.903975110 10.938287563 5.594430561 
6.029579896 11.603095357 1.530492825 
-9.943104116 5.805204475 -2.533579249 
-9.625616229 5.958131894 -3.167670085 
4.016753694 18.873935467 -1.251042638 
3.802744022 18.802346506 -3.265407206 
-13.947776940 11.540769875 -3.429093892 
-12.850464363 12.183981688 -5.080982622 
3.978538974 19.030679501 1.175679801 
3.279227544 19.053253382 2.217499971 
-13.498160342 12.148194189 -3.783990557 
-14.240680679 11.337694765 -4.101334840 
1.210729910 15.465081490 2.966103163 
3.543192220 18.932434435 2.574518050 
-10.183614552 6.944600153 -4.126749658 
-13.079143895 12.331677178 -4.610664351 
-0.654368843 15.894785253 3.235368575 
-0.266438500 15.568240535 3.472306556 
-7.509446612 13.174275604 -5.473843671 
-6.264523252 13.413787197 -5.885155802 
0.466121163 17.171072236 1.803518079 
-1.261585688 16.508182371 4.458622890 
-9.751539215 13.200469734 -3.194825077 
-9.535800291 13.086744951 -3.404369621 
-3.672095804 19.007051173 2.183170206 
-4.029095217 19.111262023 2.095466367 
-10.418397674 14.495512957 -0.952694917 
-9.034628455 16.863809827 -3.503190012 
3.595707599 11.437710631 0.482983249 
3.597725732 11.261967746 1.869275690 
-8.308457447 7.370538437 -1.168706376 
-7.900708013 7.501457153 -2.274287734 
0.290873096 11.427061613 6.275345042 
-0.634393157 11.313198854 6.412855572 
-7.459282214 9.202785343 -3.326157482 
-8.479767131 9.104817066 -1.289440058 
3.828487420 10.830436570 1.913846026 
2.452720289 14.451430161 0.200820051 
-8.203394168 6.846947162 -2.426050491 
-8.389899872 6.841727433 -2.348935175 
0.467282181 17.732241151 0.792572239 
0.699893678 17.670018531 -1.478716011 
-9.974174876 13.395503165 -3.300163909 
-10.485107631 13.257854638 -2.142562584 
1.151139001 17.627443417 -0.703224875 
0.735378387 17.708242062 -1.714269319 
-9.358153107 13.750328123 -4.349011693 
-9.100219950 13.866838597 -4.506786052 
0.136677517 18.245169315 1.081040999 
0.304764837 18.323633451 0.773760777 
-11.124185483 13.332283304 -0.778609041 
-11.158946014 13.252672367 -1.739078272 
4.355388014 12.550715259 -5.515151826 
3.438717890 11.972006530 -7.024311030 
-11.089987718 5.492970245 -0.061092659 
-5.332128580 9.905707695 -3.590919057 
2.954818695 11.982029642 -7.444194635 
4.034655182 12.305498377 -6.317831141 
-11.347864005 5.844704562 -0.104923923 
-11.234859402 5.994049686 1.500180861 
3.946716836 12.442217093 -6.193337241 
4.111504512 12.653670878 -5.649000230 
-11.098951566 6.135911810 2.106139113 
-11.192607780 6.433820948 1.746280951 
-4.663397747 22.093262684 -2.758269650 
-3.976820223 22.209649441 -1.363176026 
-10.856085133 19.723877144 1.506308178 
-10.722396222 19.728148157 1.177588243 
-2.487260096 18.019784400 0.758704460 
-4.101264681 21.814129812 -0.419633718 
-10.100252376 19.261347024 1.140875123 
-10.713114013 19.656746960 2.029660638 
-3.866471217 22.351530991 -2.067615797 
-3.808105289 22.359752425 -1.876710904 
-10.411063177 19.869046832 0.673155071 
-10.656083898 19.782575181 0.670775168 
-4.324836754 11.072572177 8.844699608 
-4.706917975 11.153905965 8.991858223 
-9.515744030 10.332349936 -8.887354340 
-9.002928338 10.464428357 -9.217792798 
-5.654999560 12.322517778 5.367533431 
-3.915525642 13.087900706 5.448470391 
-6.535526101 10.982249638 -9.941975340 
-5.755147587 10.420145201 -8.830612498 
-5.407668495 10.846606369 9.090097119 
-2.642084487 11.528481724 8.770416098 
-8.185545962 10.393640958 -9.496422675 
-8.975464093 10.488774460 -9.240573521 
0.692240168 10.549321615 -6.012498591 
2.178666294 11.284948787 -4.004556064 
-7.115994470 7.606192827 4.010549930 
-7.329735544 7.463603957 3.791078969 
0.227679981 12.170883543 -5.623213989 
0.369955042 11.976144538 -5.732653896 
-7.844391925 9.328792316 -2.878375768 
-8.745164171 9.223055574 -1.089186246 
3.454702129 15.644480242 1.687551886 
2.884589438 15.364111030 3.551702665 
-7.274459656 12.031502768 8.170701661 
-10.235775383 11.183713400 -5.108775058 
-3.366213701 19.283593865 1.418368075 
-3.314325923 19.328258429 1.022471767 
-8.693997738 17.281806500 0.396095105 
-8.906681906 17.208675824 0.512540206 
-4.004353946 19.667845055 -0.465686106 
-4.023889103 19.652614140 -0.527923907 
-8.222618218 18.094488579 0.856673223 
-8.192031136 18.098668892 0.779040368 
-4.373592269 19.842071322 0.065010970 
-3.692922073 18.356072788 -4.590882448 
-6.623781359 19.168190420 1.489809926 
-7.577678351 18.783652675 1.290546562 
-10.049471176 9.477477010 1.557153908 
-10.155540495 9.104472823 1.343837282 
-6.678558286 10.296476360 -7.224698750 
0.854335480 12.999331629 -6.417988250 
-7.967177979 9.938083683 4.258922568 
-9.088486710 9.355487071 3.107182242 
2.290093613 13.666045901 -4.507886968 
-7.538413659 9.848425990 -5.974980687 
-8.663426591 12.315108075 4.276624930 
-8.633335473 9.222057178 4.916497310 
1.470178045 15.326870225 -4.687457334 
0.432427088 15.358424830 -5.432037539 
-1.846113943 18.861431190 -5.177665424 
-2.266746415 18.642929371 -5.718157782 
-10.578702670 15.769165189 2.982689829 
-10.634449916 15.652440346 2.968326748 
-0.209620809 18.699929783 -4.441443247 
-2.955216999 18.244009861 -6.086809997 
-10.301207093 14.688202329 3.882765450 
-10.853935860 14.908531824 3.116902813 
-1.340488569 19.392191590 -4.168460196 
-1.396178903 19.768260021 -3.117812950 
-10.080824769 16.272935910 3.286107978 
-10.470528760 16.165970334 2.934914930 
1.065254252 13.819472132 6.204286636 
2.110242549 14.396307862 4.492091490 
-10.429379942 9.086752343 -1.945597101 
-9.883574435 9.450287276 -3.171487374 
-0.781990236 18.803829141 4.897020476 
-0.280665444 18.966645700 4.108819805 
-11.219266676 14.811431570 -2.981622954 
-9.799175142 15.339167669 -4.504272949 
-2.990777677 16.557629174 6.269720732 
1.221905042 18.006626964 3.028616827 
-0.849569862 16.950541199 -4.692377144 
-9.541102843 13.991185892 -5.102232473 
1.381623615 10.776707476 3.309959034 
-8.036934781 7.757962930 1.093313396 
-5.012293427 9.247194700 -7.925556320 
-6.726591950 8.659648357 -7.433886303 
2.710538837 12.940054637 -1.360768048 
2.512111906 13.087702470 1.156217781 
-0.269202256 14.902560895 -3.149617073 
-8.919625370 9.015061798 -2.169467371 
-0.410949394 12.209523111 7.191643510 
-1.076581753 10.445815203 7.729669992 
-3.415569415 11.178770355 -9.203409422 
-2.298497173 11.614578337 -9.018364026 
-1.687086187 18.691646780 -0.781975680 
-2.482734650 18.385150904 -1.093567780 
-9.220731832 15.848781521 0.040905342 
-8.880023508 15.939712658 0.662481654 
-2.968794131 18.056578855 1.461071426 
-2.935548613 18.126618504 1.152001054 
-8.499101674 15.837357919 -1.487538707 
-8.662255828 15.750501989 -1.354624862 
-2.336212701 18.255331994 -0.824263221 
-2.754444750 18.226125750 -0.563657477 
-8.384057273 16.085766873 -0.288637416 
-8.576005270 15.923684615 -0.989898407 
1.315111819 14.014042758 2.963991175 
0.756763488 14.920613424 4.392316232 
-8.949510030 9.993986791 -1.317716103 
-7.841891234 11.787738481 -4.364469634 
2.034679023 13.226837390 1.767427817 
2.221880677 13.287101379 -0.047387675 
-8.945492241 9.503008616 -0.581195358 
-8.811797627 9.271281456 1.668864268 
1.310416410 13.697247426 2.622607155 
1.281712319 13.767348542 2.547614154 
-8.244631470 9.943056039 -2.099671862 
-8.269850581 9.990739105 -1.954700645 
1.406270007 15.134422392 0.161019853 
3.106151374 12.268121648 0.503184571 
-9.276137779 8.160976360 -1.127744851 
-8.922095858 7.578505043 -1.979195713 
-1.344743933 9.666903643 5.345322355 
-5.265157761 10.475055732 6.230713529 
-8.282098825 6.566744145 -2.035269808 
-7.771376387 6.350814441 -2.737609367 
0.830640702 12.963256216 3.580174548 
1.818984012 13.065716313 2.345422753 
-7.911375869 10.122237284 -4.001721546 
-7.862688613 10.081620559 -4.161400748 
6.352845695 18.347991540 -5.553877854 
5.443788681 17.529750634 -8.124295454 
-16.079942327 9.625644809 -0.210133805 
-15.980743239 9.551186365 -2.301076875 
6.596894864 18.524707490 -3.909049055 
6.876908228 18.165982978 -3.156853593 
-15.266255752 10.304737010 3.257773803 
-15.534040561 10.208366554 2.521590403 
-5.454025509 11.078185552 -8.945810221 
3.291524516 15.270641828 -1.121958732 
-14.055479493 11.183646479 2.718201711 
-8.265989566 11.195007203 5.264879854 
3.609740845 21.396963666 -4.605336450 
4.535231588 21.793264494 -0.571580483 
-15.442532140 14.267242170 -3.131745494 
-15.920952463 13.869896828 -2.420300573 
3.891558018 21.182216396 -4.107768403 
3.681754455 20.598148675 -5.545271857 
-14.984879065 14.253940033 -3.555127876 
-10.706666736 15.334546398 -2.487715228 
2.931208826 21.109812635 -5.931358666 
4.950505246 21.543690834 -1.309840587 
-16.047468972 13.572109759 -1.653933213 
-15.730139828 13.804903426 -2.191758992 
0.511825585 18.797505998 9.511276822 
-0.074081590 18.375024425 10.076956431 
-11.479814250 14.089506377 -10.196572387 
-11.352170861 14.013654823 -10.401603667 
-0.196096860 18.571119689 9.717666165 
0.602113308 18.989312382 9.282721688 
-10.759806370 14.550603901 -10.237593870 
-10.345626881 14.780915288 -10.405209285 
-3.590519162 17.008322462 11.134523251 
-2.013799872 17.872496235 10.710141009 
-13.676971101 13.442219250 -8.238461237 
-12.593526900 13.724312255 -9.388035493 
6.082554587 18.285645571 -3.888511963 
6.354904209 17.527102503 -3.744230463 
-15.269217552 9.423801895 -0.740924272 
-13.491391860 11.068661449 5.507299331 
5.801942266 17.968363802 -6.137255329 
4.611034217 16.990281927 -8.651184841 
-15.371550361 9.393619421 -2.247530996 
-15.459576757 9.550469624 -0.976744933 
6.436658234 17.910651905 -3.700858128 
6.421215277 17.721721499 -3.954681194 
-14.645929411 9.535454125 2.415596155 
-15.032865018 9.049565202 -1.685792665 
-1.640025499 18.991861307 1.136173571 
-1.612896264 18.300287038 2.208790021 
-7.489933581 16.488087519 -3.342090393 
-8.645866407 16.375771531 -2.268295560 
4.936891528 20.803996433 0.136773187 
4.971333999 20.759248065 2.058294739 
-14.096209434 14.399339170 -4.816038130 
-14.161076504 14.501803114 -4.739933403 
4.652819610 20.418995122 4.299805358 
4.764414657 20.322757550 4.155656357 
-14.690675661 14.154758056 -2.980028377 
-14.820451548 13.710128308 -2.554814267 
3.175822851 20.131233274 5.247888866 
1.692007532 19.668687030 7.067718643 
-12.360682068 13.442798110 -9.533031157 
-11.291771912 14.783444346 -9.078584818 
3.180765795 19.977557892 6.376388188 
-0.842645920 18.867075044 9.607203813 
-12.141663062 12.678354694 -10.640134602 
-13.397583808 13.449940980 -8.456579139 
0.297163191 19.282440695 8.683303834 
2.740183108 19.665675694 7.317252615 
-9.942613100 7.280715393 -4.725839700 
-9.518494826 8.714123963 -3.841687265 
1.668554561 19.528126891 -9.489787573 
1.991549735 19.307194609 -9.050144181 
-15.743678690 13.311500911 -0.920720301 
-15.470159578 13.436837903 0.469528274 
-4.111298751 17.835184663 -5.633581133 
-1.212749973 18.426111495 -1.345806659 
-8.394258833 16.313959960 2.027358318 
-10.069295697 14.326009757 1.373359111 
3.869096721 20.520951148 -5.887246844 
3.763175672 20.038005620 -6.605314534 
-15.378107831 13.282938683 -1.259893868 
-14.971135179 13.357480776 -4.538070717 
5.915292200 17.778022150 -4.408622764 
6.225411403 17.753320128 -3.257796319 
-12.849509738 11.093357603 -6.356157513 
-14.173076291 10.821988625 -4.738060270 
6.706138430 17.664137645 -0.734675512 
6.385337261 17.794327607 -1.116387252 
-13.419964184 11.097825316 -5.647686418 
-11.604752385 11.231932864 -7.445765864 
5.572603564 17.645693669 -4.814873248 
6.401021374 17.829234237 -1.573822832 
-13.819234415 10.533507960 -4.895284172 
-12.561268582 10.779435450 -6.550457235 
-6.973035866 16.334349573 10.996034770 
-7.472279479 16.250683376 10.764793595 
-12.067246509 11.904764964 -10.903263801 
-9.395370832 15.228905443 -11.080519021 
-3.137350484 18.081682728 9.743242119 
-3.361063040 17.945964751 9.781593276 
-11.311236701 14.402576435 -9.332664241 
-7.506691059 16.462640329 -10.437320012 
-8.638554609 9.226851909 4.941439095 
-3.796379076 10.234963358 7.854476745 
-8.355455811 16.188416160 -10.666412468 
-13.213042732 14.163675051 -7.259866890 
5.318294922 21.092942194 -1.988848412 
1.837347730 16.523851725 -0.741219343 
-16.119769248 13.337510573 -0.874505564 
-10.918142903 15.334629861 -1.393393209 
5.172307770 21.259262318 -2.800183197 
4.902268699 20.874391970 -5.337391618 
-16.016177098 13.474736544 -3.458233907 
-16.189310221 13.171177378 -2.654579494 
5.421397600 21.234490903 -0.719760729 
4.911336337 21.384060662 1.242083217 
-16.276402662 13.530927203 0.271013061 
-16.239832839 13.302433468 -0.001167624 
6.565434738 18.378377376 -2.815565671 
6.840484585 18.729430795 0.426110916 
-12.753708725 11.606874085 -7.254636419 
-12.456432120 11.736843098 -7.411208275 
6.886089641 18.246024067 -2.318934368 
7.223065698 18.470616361 -0.360805775 
-13.421818736 11.546196393 -6.982782464 
-14.510389774 10.773070901 -5.309035583 
1.885330606 14.092819991 5.974085548 
3.220573002 14.513138078 1.176447366 
-7.867093741 11.451690036 -5.424675637 
-7.493171996 11.021384847 -5.595903035 
-3.547212775 16.796018639 6.081626978 
-0.867729190 18.770879745 9.099742775 
-13.311769093 13.374389930 -8.202264833 
-4.992032095 17.910804533 -10.228690933 
-2.027557248 17.994434226 10.516072981 
0.330184897 18.522651177 9.620359840 
-12.667377101 12.943055795 -9.571262556 
-13.450626223 12.823234940 -8.737203430 
-2.857533501 18.881249404 3.920985202 
2.370738560 19.666039290 7.586007636 
-6.049396949 16.237257466 -12.070344496 
-5.821858555 16.407208624 -11.992275791 
1.949960348 13.220470352 -2.810980820 
1.956729577 12.945735264 -2.973800117 
-9.042562941 9.437639170 -0.514343550 
-8.824807236 9.257313318 -1.629759898 
1.154991416 13.985568654 -3.433095922 
1.356732220 15.241617726 -2.702500717 
-8.827713197 10.156672389 1.801466981 
-8.427211972 11.516982660 3.828313825 
0.621930376 13.324746990 -4.377571684 
0.824353034 13.571359344 -3.726059573 
-8.869764210 9.602785756 -0.387591674 
-8.870140041 9.573385337 0.076819324 
-2.722437866 18.216391957 -0.497949947 
-2.560513727 18.215376776 -0.212545727 
-8.157502321 15.954219114 1.985284706 
-8.073563444 15.997867117 2.027206033 
-1.616722295 18.656891243 1.490334654 
-2.642307511 18.398990296 0.674883792 
-9.129373682 15.905005622 0.389324536 
-8.695880516 16.039354012 -0.883752751 
-2.977936627 18.154395176 -0.648617134 
-3.190204708 18.099074752 -1.235955018 
-8.570173978 15.939606740 0.892955048 
-8.553619524 15.998790614 0.612521303 
1.143907513 9.777407918 3.992427332 
2.491649140 13.578204853 0.624049339 
-6.438521097 8.245701582 -5.646939486 
-5.794319442 8.319806592 -5.599604363 
-4.229069514 10.778335290 5.544045967 
-5.347778471 9.167225269 5.475309363 
-1.234256493 14.380266510 -4.793398485 
0.140104863 11.137605028 -6.065204646 
-3.018472045 11.913864112 5.551779011 
-2.959116386 11.932803539 5.472196084 
-2.445102797 11.809217681 -6.150446662 
-1.782159982 12.012768678 -5.748510145 
-0.738575090 18.863039765 -4.672341360 
-0.866130525 18.674556056 -5.151896319 
-9.711853685 15.485722075 4.518978470 
-9.840626646 15.348437437 4.436348079 
2.073588659 14.278066864 -4.855361979 
2.233461379 14.682852330 -3.857339603 
-10.267279780 9.237600639 2.462097248 
-10.567865166 9.119650978 1.445197067 
1.107142594 17.990008094 -3.236753305 
-1.305622618 17.455891410 -5.064602302 
-11.005280950 13.193458995 3.727307145 
-10.409716554 12.799603777 4.356875895 
0.792169754 18.148362887 4.762238875 
-1.370170674 18.697507393 4.941153352 
-9.984404182 14.868970428 -4.117961528 
-10.600185008 14.793013406 -3.699903786 
-2.961711611 18.567122496 6.010921858 
-2.340772429 18.742820260 5.502868338 
-10.933001930 15.345882071 -2.693576515 
-10.632801831 15.671059320 -2.821886756 
-1.200582332 19.573596888 3.846104421 
-1.529089735 19.507504446 3.988288625 
-10.130385433 16.390078532 -3.098513737 
-10.890607842 15.959541794 -2.230043008 
-2.395601595 8.299289562 5.877418151 
-5.437966184 10.456201824 4.890770728 
-2.078384328 10.995019239 -7.280920089 
2.116385989 13.015472210 -2.631801724 
-1.995321318 10.322526257 7.883770528 
-0.427563078 10.900121267 7.403535514 
-8.169580101 7.390139306 -3.118622261 
-5.932046927 8.812937199 -7.759441209 
2.995014812 13.530111228 5.120567720 
4.042232217 13.684690862 3.463616646 
-9.111825879 7.274542928 -5.730640255 
-7.890593853 9.911044806 -7.037325567 
0.202082036 24.529256421 -0.110408961 
-0.064484428 24.595572583 -0.083218377 
-13.696255003 16.861356112 -5.473555206 
-14.816751340 18.248110351 -2.570757781 
-2.075620180 23.449617736 4.054243373 
-1.208708993 23.254321722 2.847774209 
-13.936435293 18.104886713 -2.557779205 
-13.906406850 18.603088741 -1.719396879 
0.396687710 24.272762364 -1.112306952 
1.007099478 23.969074043 -0.308487249 
-13.538352098 17.586086603 -4.525267896 
-13.965246231 18.162028290 -3.289606886 
6.904971319 13.088377071 3.015047251 
7.194500912 13.447392058 3.897482272 
-13.409245750 6.936396153 -5.287378738 
-13.043089142 6.868636689 -5.182012853 
3.062097919 11.719999655 6.631137749 
3.499078478 11.927001975 -0.437172775 
-3.365727073 10.026107191 -4.399896187 
-4.141973130 9.110197463 -4.220477768 
7.357710984 13.761739942 0.846366472 
7.485481631 13.939379934 2.249054676 
-12.199931402 6.763429721 -5.421426056 
-12.269660977 6.916348915 -5.473543545 
6.794150842 17.320447357 3.011487905 
5.092793124 16.892729681 6.405840976 
-10.783958210 10.972894659 -9.829924016 
-10.493258053 11.636063398 -10.044842505 
6.503550956 17.766428791 0.908945220 
5.459056848 17.300242904 4.131816851 
-9.316517608 11.717549845 -10.668319807 
-10.183554380 11.012504156 -10.144551723 
4.268622079 17.921217903 5.365957138 
4.164953502 17.377241556 6.372274647 
-10.122897714 12.517251919 -9.792446721 
-10.350773470 12.420157783 -9.898872555 
-1.242131838 19.835679992 -2.883623817 
-1.508318356 19.312767889 -4.915419824 
-8.961994380 16.834286970 4.317802768 
-10.360443951 16.120100332 3.580878341 
-3.300624888 20.240992275 -1.320183524 
-2.976582238 20.276262049 -1.039873497 
-9.988859771 17.442989545 1.050852975 
-9.331140754 17.936378722 0.251257585 
-7.006669096 18.770527236 1.457235447 
-0.308876632 14.975412931 -7.343247970 
-6.665277192 19.144605655 -2.052683093 
-11.268461156 12.848042927 3.871534713 
-0.714188231 11.713959560 6.914400548 
2.585155016 17.225199658 2.070014661 
-0.110105279 12.245343749 -4.971329256 
-9.586287068 8.845354813 -2.479527447 
0.985266690 11.013613178 5.641674311 
1.461585637 11.209954015 5.083434790 
-8.298042770 7.263844815 -2.408363675 
-8.057816374 7.339584222 -2.929626748 
3.956602287 11.187369651 2.647141087 
3.340183589 12.670793843 5.791307684 
-8.966856662 6.908981723 -3.835036928 
-8.965450856 7.178383270 -4.162678719 
0.917487249 10.956547744 6.712337327 
1.161970052 10.739907613 6.585438438 
-1.237421009 9.718652429 -8.283697360 
-1.538759729 9.229738680 -8.324197680 
-4.809629159 8.942324411 8.082138622 
3.581891564 11.826970641 4.095862990 
-6.876807076 8.504678322 -7.843951852 
-4.731615650 8.953367392 -8.265956366 
0.482846727 15.372738251 4.493585948 
2.771027211 12.811692788 -5.400474536 
-7.904164485 12.554805164 5.763013981 
-8.194647022 12.154489013 5.763534036 
1.625487928 11.248963636 -4.929088969 
1.435112942 11.216126779 -5.125312646 
-8.128343295 7.325030647 2.804583149 
-8.536618474 7.177820630 1.677880527 
-1.218462817 11.436861530 -7.436030967 
2.836311286 17.132801271 -0.754875892 
-9.837791987 8.788884900 1.379114860 
-9.031389968 9.112815897 -0.586208425 
2.747797134 11.398417109 -5.901259497 
3.891835266 11.205080464 -2.913685771 
-9.618031690 6.827542137 2.951434589 
-8.897377945 6.838815069 3.841254963 
-3.115454487 20.265976957 1.037944788 
-3.183920649 20.254401600 1.184069900 
-8.273642201 17.969458447 1.606264287 
-8.294602315 17.972778382 1.699928200 
-1.644712475 19.749230347 3.447735086 
-1.246400992 19.772420267 3.114179829 
-8.168874553 17.105282394 -4.506645889 
-8.135418032 17.076714698 -4.713912160 
0.383178343 18.250963986 4.169848146 
-6.951664293 18.801750322 -1.409929640 
-9.641759991 9.479283872 0.026530707 
-6.652246946 19.101352986 2.085072343 
-8.968198883 9.912852379 2.391999071 
-8.924236919 9.276175265 2.692297520 
-1.473973130 9.492694548 -7.430941879 
-9.518407806 7.424030774 -4.930779510 
2.312255828 11.403186880 6.137914376 
1.890747015 10.681940518 6.431705144 
-8.129675167 6.881877645 -6.178057376 
-8.140413122 7.242832619 -6.358961232 
-8.266541812 9.276396655 4.836410588 
-4.721765373 11.137369840 6.529672341 
-8.467684236 9.495384733 -6.336612931 
0.878886559 13.321652629 -6.204690285 
4.020753676 14.715297579 -9.322181727 
3.173333150 12.893722556 -2.514922942 
-5.935228817 9.439533807 3.171107255 
-7.956597340 9.208652754 4.606884756 
6.222164399 13.393650096 -6.756533018 
6.132869651 13.445331106 -7.424264005 
-14.282027275 6.039847724 1.129133318 
-14.315009536 6.025470822 0.827617745 
6.624852363 14.055995630 -6.951986462 
6.572165345 13.472695918 -6.106239456 
-13.819447967 6.008523830 1.972314714 
-13.591140590 6.107148345 2.376321215 
-0.702408534 23.596228421 -2.933428545 
-0.829216945 23.041368970 -3.175420439 
-13.985343599 18.918884111 -0.859627184 
-13.743565140 19.284588397 0.084261404 
-0.561621973 23.767715929 -3.148216812 
-0.318882795 23.963819777 -1.900601602 
-14.502340809 19.087020625 -1.150350060 
-15.041390182 18.897347365 0.189431535 
-0.523008612 23.316566419 -4.008316598 
-2.207446431 22.690771548 -5.457155898 
-14.411407331 19.170608797 0.337520412 
-14.193210461 18.540478271 1.067846989 
-7.499900939 11.880583968 11.178822248 
-6.552261341 12.287014757 11.260912261 
-10.472001264 11.037989891 -10.952395858 
-9.669133479 11.283400654 -11.247115809 
-8.974341677 11.571761953 10.425894762 
-8.709232363 11.686098116 10.818185898 
-10.441887827 11.189454232 -10.946422541 
-8.818318663 11.860790706 -11.691652781 
-4.058256321 14.021731239 11.647959121 
-6.385883629 13.567763023 11.087256157 
-7.458175040 14.149584681 -11.670514681 
-9.259379014 12.893174105 -11.112505341 
