3.563191690 22.329522740 -0.908669732 
3.539749384 22.248622955 -0.089303898 
-15.111564800 14.573365410 -3.806670942 
-15.162230552 14.637890415 -3.876177665 
3.581947106 22.069886635 -2.808363179 
3.652923701 22.186710682 -1.189060711 
-14.942529154 14.632030778 -4.452468441 
-14.949325196 14.671917492 -4.306630873 
3.343465630 22.294242180 -0.106387290 
3.242582968 22.421467082 -0.005304994 
-15.800245756 14.865260448 -1.726652990 
-15.505939677 14.781210910 -2.723704512 
6.603221470 18.519399165 1.726114476 
6.508069001 18.407923788 -0.284551196 
-15.200140704 10.195218479 -2.401520542 
-15.108423358 10.312101810 -2.861275751 
6.250040472 18.925118060 -0.530033405 
6.039196676 19.005900780 -1.759166131 
-15.210810151 10.220497796 -2.691851051 
-15.227836565 10.384078842 -2.639505363 
6.393913359 18.514416222 1.734019997 
6.512386420 18.687361780 2.739994350 
-15.536034290 10.415409251 -1.794581736 
-15.464214088 10.413810953 -1.940615183 
3.920496420 17.203981335 7.872880859 
3.768441564 17.432362494 7.703488828 
-10.231841820 12.477431959 -10.500705374 
-10.974338540 12.002568781 -10.137777709 
1.973782367 16.914055288 8.986183164 
4.539680175 17.437171477 7.083496712 
-13.010600236 11.387683571 -7.918346577 
-11.657040421 11.846269662 -9.480570802 
6.100289781 18.171701879 4.420044537 
6.611837804 17.869641995 3.988691080 
-4.756597314 14.783701100 -11.935275918 
-2.024709813 14.082611545 -11.927113381 
1.850575490 22.894502567 -3.315810125 
1.772123839 23.017120722 -2.615147630 
-15.154395694 16.283642892 -2.391789427 
-15.287085305 16.342733149 -1.514872096 
1.943086184 23.134051196 -0.009071111 
1.720708280 23.175851095 -1.970322231 
-15.287954225 16.398185843 -0.930416261 
-15.386254961 16.261185891 -1.263849703 
1.693429778 23.152844566 -0.009831725 
1.726358885 23.167608586 -0.666522971 
-15.192198647 16.577816473 -0.794579922 
-15.202629715 16.569280335 -0.509327250 
6.355561148 18.724920246 0.302249924 
6.025803077 18.538151259 3.350724109 
-12.709006996 11.123939845 -7.176656823 
-12.231779470 11.372245202 -7.641106013 
6.434700514 18.597694289 0.049241287 
6.338669780 18.591813164 1.110051816 
-14.207757903 10.030286405 -4.988787599 
-13.441803062 10.843201323 -6.326448337 
6.069550375 18.456482937 2.786000288 
6.384812282 18.086606891 3.271370217 
-12.861002009 11.282849110 -7.031124900 
-13.080945221 11.140538200 -6.658423796 
1.287096416 15.307271740 9.906353802 
1.386926309 15.434845780 9.757428047 
-14.250484225 9.204355513 -5.210744688 
-13.717708308 9.450700656 -6.249846441 
0.161815494 14.970018814 10.511087803 
2.029585769 15.631452550 9.283519664 
-13.715586577 9.201791022 -6.201071554 
-13.040044221 9.639472982 -7.221803358 
4.766845059 16.434369220 6.891355713 
6.128157553 16.885972532 4.717833541 
-11.875095626 10.107077041 -8.782133952 
-11.872505166 9.874885587 -8.632791721 
1.575029441 14.594861685 -4.890886465 
1.749063719 14.649647361 -4.580973813 
-10.112243864 10.073065008 2.154157955 
-9.253275374 10.562647213 3.444572219 
1.591349799 14.567011617 -4.916398435 
1.694139356 14.701532354 -4.425968482 
-10.175984858 10.046812884 2.127929537 
-10.537240023 9.797953914 1.195052713 
1.917058268 14.759909216 -4.412563093 
1.290569096 14.390810589 -5.550819524 
-9.936858728 10.200689957 2.511418080 
-9.325886762 10.370129704 3.521584024 
-1.740157784 19.242768752 2.069614405 
-1.611843598 19.315750158 1.422805658 
-10.026869466 16.194232013 -0.526755604 
-9.732935115 16.367149613 -0.864526358 
-1.603775558 19.297245341 1.845005793 
-1.694483686 19.206106424 2.584126724 
-10.125535532 16.214610515 -0.526188678 
-10.074738609 16.161024075 -0.199369941 
-1.343834227 19.475997517 0.573331632 
-1.410027142 19.384043674 0.925704257 
-9.807539630 16.297697574 -1.052894104 
-9.862207165 16.274520124 -0.577775185 
-2.585826198 12.774308534 6.494905302 
-1.984041267 12.974676670 6.368400592 
-7.100425581 10.692595198 -6.874853037 
-6.921237941 11.004480722 -6.871999175 
-1.691758338 13.151501212 6.258708207 
-0.102567777 13.693168856 5.517178933 
-6.388218591 11.312437830 -6.965812138 
-5.770796535 11.503874754 -7.168499266 
-4.121394289 11.937525620 6.766167894 
-1.895107873 13.042937311 6.359025245 
-7.463954128 10.964564047 -6.510747588 
-6.007073527 11.511159210 -7.072325770 
4.394978160 14.488313839 -6.008430444 
4.337830251 14.982706976 -7.014329348 
-12.751064000 7.420636813 0.841699264 
-12.695282091 6.718933191 -0.131940939 
3.063546583 14.789637484 -6.289150528 
0.611963984 13.759432407 -8.945376900 
-12.138644129 9.122141072 2.902291256 
-12.161111882 9.064325740 2.907732403 
-6.013438847 16.560250340 -10.933166210 
-11.840824416 13.652578090 -9.139126957 
-14.774868471 13.489466787 -5.172987884 
-10.622912843 14.070816172 -9.949251793 
1.852392595 22.564110839 3.577446548 
2.250677049 22.525215335 3.084006385 
-13.759580510 16.368445587 5.388504128 
-14.138098755 16.297771127 4.816649533 
-0.461796113 21.579739810 3.838471855 
-0.198258272 21.809651103 2.544545019 
-12.475918946 17.249461418 2.439534222 
-12.592545270 17.362307106 0.699571774 
-4.269817594 21.871518141 1.368390261 
-3.161195966 22.065611478 0.350841377 
-10.673590792 19.133207553 1.094671615 
-11.099470007 18.805462393 0.600950390 
-10.298017478 8.453904036 4.921706646 
-7.530815216 9.703897884 7.388749321 
-3.856296439 10.829959332 -10.015086633 
-0.611052440 11.879349299 -9.443495819 
-0.589760368 13.355970817 11.559402193 
4.060301269 14.242368771 8.568610397 
-8.466596792 9.954122980 -10.945978558 
-5.872070009 10.721000576 -11.794051150 
4.198752147 18.993736277 6.196859993 
-8.829944905 9.902243061 7.975006754 
-11.808341075 8.046298311 -8.836496933 
-14.325249960 12.863713859 3.201418043 
-1.085165458 20.967001617 1.917985322 
-1.587800643 20.783377470 2.913006950 
-11.229457103 17.501585795 0.396614276 
-11.039579305 17.602691653 0.671408236 
-1.644178338 22.095800841 -2.979219396 
-0.683420788 22.100737281 -1.210357655 
-11.501654502 17.904505687 3.420070931 
-11.623489517 18.306293570 -2.033222254 
-0.807101438 21.039587826 0.907898698 
-0.506100516 21.068918613 -0.162650124 
-11.533381676 17.015697665 -1.620129808 
-11.573133897 17.014702315 -1.495368268 
0.649252727 10.860263772 9.558704262 
2.249643955 17.705891496 2.413603038 
3.006402034 12.604078548 -4.543965321 
1.988012452 12.016806131 -6.437987348 
5.552198845 15.625399823 3.682623763 
5.635718300 15.797313827 1.463123511 
-11.890470079 9.766155977 -5.359090859 
-11.475668684 9.306799617 -4.711784388 
4.889063517 14.193806404 3.352654520 
4.877040946 14.035699356 3.702529246 
-10.523155334 8.553292752 -4.485369739 
-8.430625988 9.519660559 -6.612672913 
3.965447634 15.136508227 4.126209126 
4.335263339 15.162423777 3.501263664 
-7.120272811 11.255377293 -9.075285407 
-6.990997607 11.223393103 -9.092491102 
4.158279188 14.651488647 4.714333240 
3.045557842 14.404978991 6.208795768 
-10.458823634 9.040720394 -6.550923233 
-10.882503049 9.087571737 -6.250797200 
1.643432694 14.895226041 6.738082078 
2.227132139 15.030932470 6.298823214 
-10.334989884 10.186420798 -6.549173233 
-10.421335985 10.072816084 -6.496570098 
1.455655312 19.045644635 0.725615007 
1.420566064 19.046305742 -1.786780542 
-10.773647620 14.592561870 -4.218969856 
-11.656936437 15.091777140 -2.186718965 
0.192933626 19.286081510 2.583277949 
-0.368872680 18.866509863 3.933725489 
-11.625718185 14.848044433 -1.726796056 
-11.650634486 14.643327706 -2.041759091 
0.915395057 19.081148049 1.312113325 
0.717641075 19.086130403 1.673465651 
-11.622383377 14.372846539 -2.081864142 
-11.343969186 14.501099713 -2.830720175 
4.744409794 14.912977502 0.811028610 
4.298187810 14.829923265 0.817463922 
-11.298918631 8.162569073 -1.510837960 
-11.205285760 8.517450390 -1.604322742 
4.534369874 14.162070218 -0.096328004 
2.885517265 15.927936873 2.389056683 
-11.100627481 9.154992088 -0.469634803 
4.385460368 15.230577343 0.943718852 
3.562866618 14.579039442 4.019252536 
3.427078719 14.627703173 3.964817964 
-10.941513022 9.125365077 -2.521579906 
-10.868462222 9.163016671 -2.730778808 
2.222822985 17.738383894 -3.197020556 
2.475175327 18.090777102 -2.548516882 
-10.165383866 13.903917462 -5.260581654 
-10.497934984 13.413117934 -5.481892441 
2.484811974 18.041545726 -0.796442026 
2.486998884 18.028082534 -1.030783603 
-11.898241575 12.157672421 -2.592708531 
-11.526409071 12.253804620 -3.515796579 
1.024641648 17.117909099 4.401261677 
2.588501791 17.117709589 5.138741277 
-12.752053098 11.178120053 -2.387357206 
-12.556600942 11.715233967 -1.748004257 
4.653436599 14.891550907 2.846212621 
3.984485790 14.789862482 4.766812783 
-8.210497891 10.643620823 6.810571802 
-10.000202144 10.392038115 5.150719517 
5.603960190 14.040015362 -3.572883919 
5.701031919 14.052042604 -3.409741365 
-11.827584104 7.587030294 2.371952575 
-11.981381756 7.402371231 1.912769540 
6.201791265 18.097543062 -5.679195422 
-0.047097748 17.500069881 9.161905964 
2.161173609 14.622571936 7.858894310 
-13.048388715 10.173898911 -5.334666365 
-1.794830098 20.610388435 -4.250054010 
-2.246064060 20.463449158 -4.755994669 
-12.092868237 16.422989717 0.436363074 
-12.678436632 14.680106975 1.739533947 
-4.345670131 18.692681015 -6.753067859 
-5.149226380 18.501364889 -6.993712405 
-15.509002882 12.929241504 -0.613270244 
-11.655282583 15.728343204 7.302700311 
-1.817841178 21.602889544 0.551180470 
-1.734749678 21.425379904 0.696967331 
-8.994277135 18.994202173 -3.459487550 
-10.320092554 18.399621957 -2.979060831 
-7.020810899 12.164787905 8.427183697 
-6.557362987 12.501133049 8.432633395 
-4.399680563 13.460998519 -10.032673344 
-8.536593928 12.089752246 -8.933150544 
-1.610511918 14.210936447 10.335298397 
-1.158109584 14.473161902 10.139266225 
-1.898750584 14.164732734 -11.760058179 
-0.742689944 14.777937337 -11.185129668 
-10.637884643 11.272972452 5.775909812 
-5.195207225 13.773748481 7.694243485 
-10.526270579 11.795171244 -7.494695817 
-3.955558585 14.128515145 -9.761140024 
3.025740857 15.053203483 -3.011334018 
3.182061512 14.885880722 -2.233021653 
-9.178687474 10.835200837 4.160929335 
-10.020894026 10.407471335 3.184523618 
-5.783326971 14.323504946 -7.108218415 
-4.777581917 14.380824624 -7.407491409 
0.780727704 13.363059216 4.069218914 
-5.943896325 13.007649362 5.432177656 
3.023182711 14.284753669 -4.212561349 
3.202331904 14.421615070 -3.597216436 
-9.242848637 10.148335583 3.824765494 
-10.376311351 9.502326978 2.100618553 
-3.123974475 20.559517318 -0.853016853 
-1.660235610 20.290025016 0.635024834 
-9.280613125 18.220131532 -0.780588535 
-9.716012707 17.284276929 1.908638441 
-1.011595364 19.847202828 -0.105386097 
-0.872341611 19.794485337 1.079353623 
-9.301630997 17.231506184 -1.619159172 
-9.511715636 17.054119294 -1.397663583 
-1.212264056 19.647418352 -0.123728229 
-1.684562435 19.534178975 -1.591262733 
-9.694490024 16.739853320 -0.852529315 
-9.738584695 16.586734366 -0.949921346 
-0.640944756 12.111094772 6.893577419 
0.975835803 12.734030807 5.936419538 
-4.585696409 10.723625627 -8.261560226 
-4.608984450 10.764947240 -8.196619169 
-0.446392780 12.369019028 6.858396385 
-0.198173887 12.405835312 6.721222642 
-6.356379986 10.284103035 -7.658304316 
-6.856688286 10.131601826 -7.451694904 
1.534397233 13.553227485 4.692460007 
-5.524388360 10.818786881 6.811825728 
-6.095317829 10.867695893 -7.607821723 
-7.234975080 10.408069346 -7.157939456 
-0.531939200 21.966714667 1.278025911 
-0.256993401 22.020498388 0.331701570 
-12.383150098 17.462224437 -2.507766579 
-12.488352205 17.521565100 -1.464602831 
-0.558880570 21.977170293 1.247525024 
-0.109759898 22.000633068 -0.749393888 
-12.269931202 17.642249498 0.210483164 
-12.346056820 17.368431581 -3.020688020 
-1.855798250 22.261418219 1.888508455 
-1.815131545 22.311887450 0.007366732 
-7.027763240 19.259147874 -7.697670618 
-11.798272920 18.458335117 -0.054908011 
3.115990395 15.397261160 6.136387766 
2.643571516 14.965814507 7.258028983 
-8.407764106 10.967689104 7.028587646 
-11.929505275 10.502991460 -3.769204994 
3.528241099 13.243383434 7.462776486 
3.612929818 13.277967392 7.359399495 
-11.303757640 7.498797655 -4.300851027 
-11.318207029 7.433660154 -4.289937827 
3.293903276 17.940243444 -7.263191877 
6.959563995 15.842357150 0.074492551 
-14.415734920 12.129426386 5.562004682 
-5.876008611 14.786602657 -11.582864369 
5.042803964 16.981944178 -2.670959013 
4.817972520 16.771070639 -4.029976155 
-7.492925547 10.977707857 -11.090938050 
-6.780146452 12.855877616 -10.651855938 
3.824437131 14.195843200 7.176964690 
4.564634159 13.760119173 6.538481615 
-13.183297344 10.600847137 -3.704662675 
-13.328740934 9.865265196 -3.412027994 
2.541656911 18.242342878 3.823617962 
3.859338550 18.137485547 1.110601908 
-13.767603785 9.672108452 -1.228029613 
-13.334968035 12.096157535 -1.787655765 
1.373742633 19.072922503 0.699482580 
-0.980066571 18.710860831 0.261530573 
-10.022962262 15.513416464 -2.210672373 
-9.698697598 15.517105014 -2.194654847 
-1.344451407 18.690518514 1.032507003 
-1.267006814 18.799492556 0.166096618 
-9.852972053 15.600551831 -1.608611692 
-9.817993007 15.616343276 -1.789397601 
-1.038661509 18.847145494 0.051739561 
-1.152105707 18.799963212 0.544462920 
-9.039073289 15.820524665 -3.172703057 
-9.656546689 15.576777034 -2.448574622 
2.426548447 13.625553274 2.866936243 
2.667558836 13.728635731 1.612931926 
-9.507570763 9.000027933 -0.941519649 
-9.514932682 8.963847596 -0.575578480 
2.846001222 13.647085323 0.550764015 
2.735865592 13.628873595 -0.633845678 
-9.385242319 8.984742611 -0.798960066 
-2.528136239 11.973455948 7.233857765 
2.681740296 13.748960695 1.492911075 
2.638737622 13.822727191 -0.121826576 
-9.538653007 8.955608491 -0.347287767 
-10.819222368 8.944838644 3.029332590 
0.735820739 18.227223521 3.723889784 
-1.685734038 17.909447365 5.578905370 
-7.355673110 15.960171710 -6.571477104 
-8.043737990 12.250930209 -5.435295306 
-1.305598324 14.939221585 5.405032418 
0.003126397 15.403511485 4.315127897 
-6.273691162 13.047608714 -6.488758865 
-5.768861183 13.248992855 -6.534882260 
-5.571006358 15.433934068 7.273235449 
-1.305529197 14.913683266 5.491875226 
-6.861103179 12.804071066 -6.279904579 
-6.325326761 13.126548390 -6.347481018 
-2.048605853 13.047848578 -9.877326339 
-2.065369106 12.571896657 -10.028287715 
-8.316175374 10.680485325 6.682297316 
-10.180519280 10.390398490 4.890566941 
5.297338641 13.085242648 -5.152483143 
5.569950858 13.244510059 -4.451307447 
-11.147309140 7.419513074 3.586924809 
-11.215718558 7.313543247 3.441255773 
2.739224671 14.402972050 -6.804246034 
5.015696079 13.368574919 -5.411710606 
-10.266954461 7.961008713 5.718504914 
-11.134657134 7.550914094 4.299418978 
-0.358081573 21.135047199 -1.710946067 
-0.633675230 21.245701138 -1.787930728 
-11.969101811 16.779009175 0.620328541 
-12.031939706 16.751053247 1.565764514 
-4.794696020 18.529290568 -6.880883774 
-2.050607893 19.469876653 -5.635529298 
-10.520869530 16.424009172 5.656071087 
-9.560435559 16.465997013 6.468115515 
-0.815600585 21.677515765 -1.707860674 
-1.706368467 22.048854323 -1.419432383 
-9.313000155 18.777197325 -4.490919345 
-10.799023438 19.021255679 2.497420448 
-8.116323832 11.707914826 8.088115385 
-8.580841575 11.565467246 7.841160476 
-2.279782320 13.578640605 -10.497753542 
-1.889080193 14.045932315 -10.264259868 
-7.285624288 12.064785264 8.331999984 
-9.175479547 11.284431521 7.607783714 
-2.184332388 14.396337591 -9.735743973 
-1.303992712 14.389528353 -9.951050486 
-7.467694861 12.507886571 8.026009975 
-7.874391411 12.238559379 7.902090839 
-0.801179286 14.812328819 -9.830916772 
1.166954583 15.562495335 -8.275151531 
-0.794089278 12.236701364 -6.743424419 
0.021949656 12.609141881 -6.144263184 
-8.082309588 9.632393480 2.660235653 
-8.538484575 9.507272131 2.139706673 
-5.654242930 14.438505241 -7.080239833 
-4.459648450 14.546253807 -7.405446935 
-4.654450174 13.156629727 5.790935772 
-7.498016845 13.151519532 4.410216627 
0.538674845 12.595456313 -5.844894441 
0.240767921 12.561345180 -6.017077563 
-8.657337351 9.413560243 1.713952096 
-8.907129418 9.182627833 1.032576656 
-1.208789010 18.365035869 -0.675925369 
-1.182063470 18.374657277 -0.624336953 
-9.281430897 15.536473465 -0.257920159 
-9.404900095 15.485680903 0.111196958 
-1.308679714 18.464547989 -0.581104836 
-1.162588017 18.449098081 -0.746549204 
-8.823682984 15.755523155 -1.409385172 
-9.459383422 15.403903421 0.888017452 
-1.069219567 18.451889907 -0.043551706 
-1.074431884 18.444519522 -0.097812747 
-9.431188048 15.402545605 1.081991833 
-9.506380823 15.420275646 0.768206069 
-7.444646381 12.317433509 5.005607958 
-7.107496673 12.446549421 5.091577156 
-7.630602154 12.790906878 -5.905165961 
-6.862940452 12.977495394 -6.146627016 
-8.456904998 11.909564250 4.451970631 
-7.896504703 12.178092674 4.796384360 
-7.843498792 12.747505638 -5.915215642 
-7.581993068 13.250988587 -6.425207005 
-6.723269725 12.697177254 5.106128696 
-8.471910230 14.877449828 7.571079010 
-7.191678662 12.858327719 -6.011510065 
0.497795441 15.588509971 -9.473711304 
-0.975303573 19.894541766 -0.280242924 
-1.179699217 19.832816592 -0.300718124 
-9.914389177 16.905992742 0.491524363 
-9.807230543 16.969874927 0.877847114 
-3.085366884 20.572146843 0.874412007 
-3.018361307 20.017853948 2.573705701 
-5.531579411 18.039251757 4.349162754 
-9.020375062 17.582674697 -4.022968554 
-1.471965832 19.709987126 -0.685606902 
-0.975057610 19.495018251 -2.442409267 
-10.116105016 16.381829137 0.273574232 
-10.132738906 16.405047155 0.317031371 
-5.793760119 14.306209709 7.105522280 
-4.747304585 14.416834162 7.381733905 
0.773711442 13.446776526 -3.834902826 
-5.526350499 13.063103937 -5.589500683 
2.933920068 15.059909229 3.019877197 
2.830924866 14.730017236 3.488190224 
-9.459227342 10.642569927 -3.848622232 
-9.183920518 10.776667479 -4.176396882 
3.500824224 14.723587073 1.607870684 
3.445931744 14.652215672 2.128010640 
-10.163800197 9.608365566 -2.498709406 
-9.321008767 10.211754004 -3.712924205 
2.664585082 13.555917266 4.264134488 
2.670969991 13.456883838 4.321855546 
-5.884142105 10.406210352 -7.647315724 
-6.730471492 10.074435349 -7.348328138 
2.010386503 13.186246943 5.425335471 
1.655897296 13.080611207 5.764114631 
-9.672362186 8.640703116 -4.238535914 
-10.283851727 8.316556065 -3.038434292 
3.543392034 14.346080198 1.602144439 
1.777392615 13.832927174 4.726378026 
-8.549328086 9.558298035 -5.498519388 
-9.121939470 9.332724384 -4.899657377 
-0.480371501 20.681270152 0.230377644 
-0.286860657 20.466261393 0.371060032 
-10.933526029 17.178296711 -0.144332084 
-11.448340236 16.277443240 -1.440575178 
-0.897766550 19.451709816 3.823661617 
-1.337213492 19.345779444 4.320481078 
-11.211117082 15.519653545 -3.352093878 
-11.541606965 14.938900509 -4.512550265 
0.549761244 19.790779183 0.009321866 
0.348310441 19.894281342 0.523216637 
-10.742400988 15.757760825 -3.782310630 
-10.164377887 15.991168968 -4.451238423 
4.574324434 13.006369661 1.498624722 
4.476724957 13.196201541 -0.390553593 
-10.203801247 7.343485398 1.904167336 
-10.253116985 7.530560917 -0.659814916 
5.311588676 13.892720970 -0.102971065 
2.757401946 15.343068911 2.079812204 
-9.120806285 9.219476751 6.204206665 
-8.852041423 8.823811473 6.216427644 
3.946729242 14.001492607 1.248551769 
3.928857330 14.057206605 0.812962046 
-10.678313796 8.224334990 -0.397527627 
-10.604634528 8.343042355 -0.871346627 
3.664076803 18.824514794 -1.187385059 
3.362631895 16.925340681 -0.169326422 
-8.240274053 12.951512254 -6.452357973 
-10.717198652 16.338286392 -4.653597970 
-0.286656850 16.921144685 5.910762017 
1.810120713 16.811780952 4.418954533 
-7.505640374 15.175837118 -7.471239161 
-8.546947093 13.979617253 -7.301513431 
6.455897882 16.723293780 5.454122308 
0.569280541 17.006716914 4.928236522 
-10.549960162 11.578764198 -10.611540871 
-7.633173620 12.028012450 -11.817828130 
6.437998633 15.923901711 -0.354687851 
6.030287769 15.856509636 2.315323558 
-13.338683192 8.469339064 1.537061589 
-11.964314832 9.370182123 3.858340219 
5.452512865 15.966575062 5.540019945 
4.834668870 15.909729203 6.669861641 
-13.162542829 8.878253505 2.827034589 
-14.410876339 9.783380466 2.200592291 
-10.239640531 12.545877938 -10.277199417 
-9.040265201 12.813220605 -10.833811832 
-9.027851831 13.042279382 9.984688699 
-11.549048187 12.028590805 8.324620862 
-0.951697525 16.203466914 -9.423553247 
1.279023070 17.670679450 -7.581670985 
-14.069982504 12.292016686 2.546595140 
-14.164979961 12.387358960 0.896042126 
-1.455913289 18.311302610 -8.303690670 
-1.087476411 18.378466191 -8.165078405 
-14.888936788 14.082679684 0.142598466 
-14.587996238 14.467687498 -0.330880951 
1.977946448 20.882606716 -3.020299010 
2.647550010 20.646927811 -2.207214516 
-14.227750565 13.924778169 -1.239703342 
-14.456222570 13.447509472 -0.876944693 
-3.955755647 15.832860524 9.904022028 
-5.171648483 15.688487779 9.526259116 
-7.309324679 14.681987679 -10.201849994 
-8.598722485 14.201758086 -9.861665233 
-3.663460011 15.816315144 9.663523072 
-4.048533675 15.871721663 9.641065262 
-2.814418212 16.106092443 -11.060495430 
-1.098477405 16.942410099 -10.095669074 
-0.720250977 16.022431533 9.146720346 
-8.167666219 11.059581736 10.186094565 
2.057948545 16.947552408 -8.286143226 
1.568777674 17.323719481 -9.965182707 
5.339962005 15.457568285 -4.597318411 
5.343101798 15.585837264 -3.441513262 
-11.072488560 9.943735103 5.766481144 
-11.357898711 9.397058964 4.791664185 
0.063175945 10.547944019 -9.639544115 
1.630910235 11.071501664 -8.954488008 
-10.472636462 7.867301543 4.127531710 
-10.826702601 7.441663645 3.893438509 
4.365053011 13.798780598 -5.226601050 
4.379404681 13.844914572 -5.088317757 
-9.855889043 8.888732343 5.303034580 
-10.683746443 8.393141050 4.324838850 
-1.992474318 21.770631104 4.472846151 
-1.014704963 22.133968054 0.049156072 
-9.294113630 19.265445652 -4.484526685 
-11.600457322 18.393406590 1.140134927 
-1.126520342 20.890124795 -2.309959266 
-1.758400872 20.793230537 -2.957262339 
-10.854087221 17.677373992 -1.430343695 
-11.009791267 17.642309563 -0.786159863 
-1.565387574 20.914354107 -2.062052652 
-1.371834442 20.880338316 -2.197960427 
-11.352377316 17.183544222 0.066785702 
-11.114714165 17.303364240 -0.897167877 
-1.422158990 12.805736054 9.275378776 
-0.884419682 13.092076376 9.046680731 
-0.539160888 13.193519662 -9.322255979 
-1.376978373 12.954367246 -9.319022574 
-1.245867207 13.592086972 8.839553161 
-4.256462919 12.147903497 9.479916080 
-5.236680499 11.972188629 -9.530687115 
-7.078569791 11.315737225 -9.174314906 
-1.318778037 13.793981091 8.579033580 
-7.568286767 10.994204670 7.968260570 
-3.903245257 12.770431840 -9.403101722 
-4.713461245 12.482337158 -9.507361056 
-0.147873658 21.771261168 -2.960452623 
-0.156743499 21.968412860 -0.562656615 
-12.563315992 17.294848640 -1.618002687 
-12.745561912 17.163541542 -1.245958512 
2.315404055 22.619650736 -2.420807615 
1.778319687 22.304854866 -4.787061860 
-14.970087319 16.071358448 -2.501813768 
-14.415593701 16.149518958 -4.247726188 
-3.107978871 22.065457219 0.042441866 
-5.041629865 21.702921717 -1.879436270 
-10.621857891 19.187352189 -1.380011402 
-11.295605414 18.641510521 -0.453476104 
0.519493797 13.513705325 9.162792461 
-0.292190958 13.458280441 9.437325972 
-12.351744739 8.979995529 -2.098011531 
-12.345214438 8.938987377 -2.187441760 
5.249353867 14.271774408 4.968896293 
4.234735778 15.562259111 7.914254100 
-12.780100847 7.406241065 0.661949414 
-12.702622491 7.136930811 -1.046263805 
-10.768037768 14.029512002 9.864108804 
5.257753896 19.678821395 -3.056404605 
-5.060100383 15.846148828 -11.760462669 
-9.804172323 15.090602444 10.195736759 
1.753562836 13.365860975 10.190943533 
-0.282318765 12.791978926 11.310893214 
-8.779491943 10.037021455 -11.346131244 
-4.992332560 11.210563947 -12.058072097 
4.989775252 14.416665462 0.895409110 
4.034449322 14.190539500 3.833517435 
-10.336477851 8.343016534 -4.893949278 
-10.024890111 8.282639982 -5.600849271 
4.093811103 14.312927241 7.898239436 
-8.190704808 17.334391050 7.192117218 
-1.115269736 12.619125236 -12.252011139 
1.484947110 13.442206325 -11.119059706 
-1.597589433 19.260997013 -2.068049147 
-1.500832520 19.197599441 -2.536093496 
-10.451208341 15.925584929 -0.616073782 
-10.296089884 15.980868431 -1.218389171 
-1.677660344 19.253056188 -2.205128332 
-1.477673301 19.352856366 -1.622412691 
-10.051409580 16.175585570 0.310052230 
-9.758353736 16.332987714 0.669098667 
-1.730386399 19.092795295 -3.318171359 
-1.382043609 19.217589453 -2.552418613 
-10.072428109 16.138217983 -0.094859755 
-10.214587253 16.092955630 0.294694686 
1.655048698 14.539174266 4.817386106 
1.547472594 14.687154970 4.518710533 
-9.285350094 10.507371574 -3.583341514 
-9.509650612 10.377428168 -3.340969685 
1.693956612 14.616399260 4.595387075 
1.724659102 14.561689114 4.664429245 
-8.379544214 11.043495799 -4.284594360 
-9.137699044 10.688346523 -3.631220688 
1.735112450 14.533209421 4.842508852 
2.102804747 14.866002828 3.495442884 
-9.073364320 10.615752113 -3.850591043 
-9.963583307 10.146577004 -2.555502379 
0.775243564 13.977201552 4.794327349 
0.335207736 13.872117125 5.209812199 
-8.213401585 10.540183700 -5.707507606 
-8.258042723 10.447172349 -5.684078452 
1.624918060 14.275328835 3.934054679 
1.746438151 14.272060015 3.861678278 
-6.981968262 10.887710849 -6.646141809 
-5.339003874 11.684292186 -7.225315213 
-0.361008093 13.573138013 5.850850415 
1.963788277 14.111488814 3.564372037 
-7.048130724 10.859327317 -6.529700569 
-5.651876225 11.607970418 -7.127054916 
4.413358094 17.313280618 -8.080985431 
3.781144490 16.944236768 -9.008918382 
-15.073870139 9.913198204 3.331777386 
-15.267838716 9.896091554 2.493442065 
4.825412759 17.703922089 -7.196882042 
4.924323627 17.712911586 -7.025610471 
-14.984196372 9.988057411 3.507424195 
-14.693735869 10.372809058 4.264111137 
5.568137030 17.712452572 -6.205928878 
5.865038635 17.966309125 -5.201634844 
-14.853216594 10.113304860 3.893551919 
-14.208924295 10.438469001 5.311926323 
1.735900017 22.997773638 -1.923509393 
1.306670089 23.039687958 -2.248101213 
-15.270464200 16.495778234 -0.235213527 
-14.839108094 16.836201158 -1.881111067 
1.988063934 23.091741761 -0.213870398 
2.249599006 23.047102651 0.189640107 
-15.077666295 16.567782547 -1.016797876 
-15.046676302 16.598370938 -0.625078396 
1.521229006 23.066835844 -1.613763298 
1.519092457 23.151262488 -1.056288589 
-14.430758756 17.034163416 -2.714322399 
-13.789615553 17.556677514 -3.214637051 
-3.839964412 12.934807999 11.621378919 
-7.042442611 11.767649980 11.205546089 
-7.298656144 11.894264484 -11.578860784 
-7.145677932 11.798978837 -11.643273532 
-2.668565709 13.607843382 11.489680888 
0.475395325 15.232504263 10.571841059 
-7.300717278 12.170718797 -11.523195110 
-5.456196312 12.913317298 -11.807695969 
-2.826474252 13.634423489 11.383829949 
-2.876112660 13.592207310 11.466405634 
-9.857649535 10.950208896 -10.577450315 
-6.204239935 12.425296319 -11.732226509 
5.942899339 18.714861552 -4.418307185 
6.352686387 18.844848879 -2.444203175 
-15.514684227 9.843645714 -0.021723844 
-15.550859684 9.912154785 -1.934058767 
5.588217462 18.405801284 -5.839569315 
6.250344917 18.459566181 -3.969174371 
-15.079763703 9.853854384 -2.937816252 
-15.557973717 9.865959703 0.236363777 
6.171757262 18.724690750 -4.177568313 
5.741626616 18.350945552 -5.313949230 
-15.428980699 9.620111346 -1.825562988 
-15.763247346 10.201061126 0.634580495 
3.014843145 22.158487688 -1.894361748 
2.908345448 22.197175118 -2.162363686 
-15.745955400 14.574601498 1.466808044 
-15.646913693 14.756265559 1.657878071 
2.720082241 22.007614342 -3.311138026 
2.675353861 22.156221177 -3.083166264 
-15.718379394 14.554886100 1.753585686 
-15.666461329 14.540792618 2.367239308 
3.274523197 22.269861956 -1.071404921 
2.809982872 22.447480739 -1.697081016 
-15.554375033 14.738462547 2.784566536 
-15.367723754 14.840255592 2.871839331 
1.639326028 16.818887390 9.454526281 
2.377532165 16.683869208 9.505394393 
-8.467705746 13.127107028 -11.527562874 
-5.402625664 14.092309432 -12.264834035 
-1.615756407 15.196541872 11.269714395 
-6.113541988 13.718984761 11.479203125 
-10.413543086 12.561659644 -10.311311216 
-8.596769864 12.931294539 -11.277825105 
-2.524305543 13.222515821 11.692943803 
-2.601885024 14.337090216 11.515801040 
-8.403811986 13.431863097 -11.100285007 
-7.973608565 12.975299628 -11.538332973 
-1.206624978 18.508614292 0.529322069 
-1.214626863 18.417140937 0.691436005 
-9.489203502 15.407540677 -1.136854289 
-9.477323981 15.411461232 -0.694897181 
-0.904165271 18.438256154 -1.082294102 
-1.122385690 18.466945342 0.252675274 
-9.474208940 15.385596354 -1.164468589 
-9.428510326 15.434691380 -0.896052338 
-0.914737060 18.530949527 -0.469315351 
-0.566750529 18.623411010 -1.195587264 
-9.465922475 15.366237686 -1.287771635 
-9.443763932 15.336576295 -1.745471824 
-5.624974768 14.370096723 7.154534364 
-4.390485380 14.536372395 7.471563724 
0.839705036 15.289084996 -3.192849124 
-4.670207099 14.341571562 -7.990472000 
2.464034837 13.479972035 1.608311931 
1.482727888 13.180952831 4.309787772 
-7.047663177 10.182122049 -3.707309156 
-5.910871495 10.645239020 -4.577644612 
1.315196195 13.004239654 4.798563115 
2.309926790 13.514184057 2.070540028 
-8.291924034 9.676499341 -2.295942263 
-7.967516581 9.808858868 -2.708699246 
1.732524558 15.836445051 0.573338880 
1.872272911 15.864462769 -0.934802128 
-9.728940829 11.532463410 -3.438477995 
-8.705739840 11.812081268 -4.386169315 
1.423254008 15.750888008 1.900191406 
0.902239361 15.593685314 2.630712213 
-9.322324933 11.535088866 -3.659792294 
-10.060666213 11.749930171 -3.677333831 
0.982609963 17.512216021 6.843507146 
0.953921044 15.611342496 2.825352415 
-12.739742544 10.106733553 -5.308654047 
-8.930514147 11.739116926 -4.107815079 
-0.426445326 20.262990187 3.153006380 
0.258253814 19.905651114 3.467570838 
-10.322598004 16.482062821 -5.820461289 
-9.173329418 16.538087890 -6.729546563 
-0.077745421 21.213624789 0.501260047 
-1.494816040 20.734080905 3.796908637 
-12.157083515 16.572433757 -2.098749908 
-12.032468798 16.460681679 -2.536920626 
-1.448194500 22.127974299 0.383195740 
-1.836011074 22.239667314 0.256141574 
-11.104877789 18.194338685 1.027751536 
-11.870138842 18.135855584 -0.606782162 
5.850417054 13.379390505 3.507044840 
5.328924919 12.941808091 5.359086711 
-10.305436746 7.973660122 -4.862351057 
-9.124308139 8.386998346 -6.238667747 
-1.130904068 13.162371615 9.867601599 
-2.525354270 12.459881598 10.035862998 
-7.487613778 10.667202784 -7.319486491 
-10.058223505 10.462614224 -4.995106846 
5.213421937 13.211484689 5.118749793 
3.948365893 15.115862761 4.223760318 
-9.708718589 8.303174478 -6.101386391 
-9.886167848 8.117916300 -6.099716168 
4.595935783 16.887094250 1.544800818 
4.867456637 16.787947253 -1.937091904 
-11.712653950 10.101721678 -5.406956505 
-12.660244064 9.843196290 -3.531993266 
5.249243701 16.522383030 -0.257694392 
4.887249341 16.745889981 -1.976613149 
-10.540940677 10.677675739 -7.066676615 
-10.156256210 10.851406905 -7.338937524 
4.189968420 17.203792158 1.920972054 
4.324991018 17.166607439 1.579015656 
-13.156110647 9.659725240 -1.522480727 
-12.843120122 9.606691446 -3.148628378 
2.641203477 13.679860175 -1.840373082 
2.431771970 13.416167320 -3.199876866 
-9.222186954 8.742582614 -1.963140325 
-4.211496234 11.964332408 -7.078121888 
2.226831891 13.479796828 -3.578684947 
2.499049842 13.635621355 -2.633392753 
-9.241431447 8.947037647 -2.007785001 
-9.489905088 8.764080111 -1.143345630 
2.518960683 13.672654787 -2.430570640 
2.571373010 13.770949682 -1.893635106 
-9.540869262 8.820662159 -0.733661733 
-9.453442662 8.886676128 -1.204243467 
-2.555714737 18.455103942 -2.894557193 
-1.727716499 18.672585810 -1.734899606 
-9.803132051 15.652366925 1.326708506 
-9.800046257 15.626247361 0.990523392 
1.456809082 19.090295738 -0.295036565 
-1.361161425 18.711559631 -1.182726380 
-9.521535735 15.375704741 2.678151845 
-9.648824456 15.593418051 2.309352074 
-1.971207079 18.608065987 -2.425941115 
-1.799122646 18.661162693 -1.890900234 
-9.731582720 15.716844468 0.775209964 
-9.874164718 15.649943464 0.892605441 
-3.432205285 14.061291755 6.014703717 
-3.668620057 13.964168900 6.033841080 
-8.947871130 12.206722041 -5.161585561 
-8.665031399 12.315145813 -5.449865876 
-5.833989654 16.334340740 6.733661235 
-3.411239610 17.205125241 6.353796267 
-7.358744717 12.736189614 -6.200772634 
-7.796356621 12.877202834 -6.082432494 
-4.244529011 13.681566071 6.201413160 
-2.487403834 14.640216550 5.923357840 
-8.318489603 12.350989812 -5.771642442 
-8.701153782 12.294560947 -5.449010622 
3.670913061 13.169329048 -7.435079423 
5.310159984 14.100844663 -4.005590881 
-11.316513381 7.512411769 4.282661221 
-11.536924238 7.315030120 3.852192286 
2.818877094 15.369343807 -6.504336248 
3.038768036 15.079281270 -6.714069558 
-8.935341108 10.941606636 -6.612341977 
-11.064804313 10.636902616 -4.304132705 
5.003839006 18.379664152 4.538137494 
3.724573317 17.969952013 6.792261508 
-10.974214863 12.911530261 10.057441115 
-12.201680453 12.631370260 -8.579441709 
-0.084900664 21.994045668 1.006395529 
-0.111268860 22.021791909 0.142048368 
-12.475114654 17.334355537 2.396853937 
-12.531561711 17.303177748 2.781235963 
-0.556742419 21.998784697 -1.166490722 
-0.588614633 21.958708214 -1.363227277 
-12.403649322 17.616046961 0.527089238 
-12.362995693 17.628932514 0.320680503 
-1.005225744 22.258721828 0.787749837 
-1.543424120 21.768744238 -3.316317201 
-10.829217392 19.321567810 1.383550039 
-11.700706127 18.533018634 0.501977050 
-12.389042905 10.923491957 4.754659630 
-12.522674788 10.168003236 4.663886807 
-10.711884221 9.820214068 -8.345811870 
-0.067875561 14.920917074 -10.063595066 
-8.584705350 11.896522911 7.944142458 
-10.644759140 10.923365556 6.701168748 
2.282247683 15.815907753 -8.139524826 
-10.540975121 12.065362237 -8.035551834 
-7.747913710 14.393190988 7.811888892 
-8.847627749 11.657240110 8.334523743 
0.182907871 16.659095188 -8.456272305 
-1.207185120 16.045845936 -9.263884843 
1.100657005 21.874213165 -4.799741093 
0.715208417 21.645222640 -5.775165825 
-14.482322852 16.184038153 1.403402190 
-14.538266329 16.056165232 1.384484865 
2.947493057 21.357957018 -3.501088788 
0.099913025 21.029225093 -7.000108225 
-14.432450754 14.540024822 2.970888849 
-14.838901446 14.694626456 1.700683424 
1.747546139 22.157416957 -3.317531341 
1.506604869 22.507008610 -1.714335129 
-14.231664142 16.291907088 2.462340920 
-14.531271658 16.173977077 1.743396676 
4.888174989 15.596090786 6.485576960 
5.836103362 16.204586529 3.654578270 
-13.893240563 7.910634007 0.168524765 
-13.700665864 8.240653425 -1.823232643 
2.878808056 20.931585278 4.847724875 
3.342534038 21.067421398 3.484872012 
-15.220698856 14.008916306 -1.858370311 
-13.947260817 14.515789571 -4.717652124 
-0.430578321 19.897271549 6.269644672 
4.779428570 19.676390543 1.454994465 
-3.596788946 18.617214355 -7.410266984 
-13.624373639 12.878898278 -5.197894794 
1.198213879 11.043987502 7.530763799 
-11.265641352 6.594395582 -1.401949897 
-6.973026271 10.920909257 -11.283666414 
-9.282530369 10.281058425 -10.389652656 
4.614479455 13.735125973 2.315109224 
3.017201651 13.435731663 5.332737850 
-2.032950889 18.547428683 -4.357025392 
-8.738337300 9.145983557 -6.383774959 
1.479733133 15.142039665 9.584736466 
-0.349112442 13.511665266 10.549306725 
-5.894842409 12.718139056 -12.266480368 
-4.481534854 13.077118019 -12.335514860 
-1.158466137 20.658240508 2.913037018 
-0.801692198 20.324749533 2.251448552 
-10.661945117 16.938707016 -3.772288339 
-11.206509716 16.226608985 -2.842141297 
-2.683869703 18.817606341 5.614602993 
-2.325387244 19.077037035 5.229721274 
-9.295880454 16.147694098 -5.633457298 
-9.635130865 15.981519057 -5.467360303 
-0.249705273 19.713701586 2.540780744 
-0.699398022 19.702328281 2.814449168 
-10.498264069 16.011467139 -3.941596252 
-9.612139197 16.216561018 -5.071603076 
4.653256125 13.054799734 0.576099161 
4.668351032 13.796537130 3.276477255 
-10.282420235 7.281294138 1.619534600 
-10.260738298 8.356162393 -3.938815516 
5.032861023 13.970292379 -1.138799841 
4.485597640 13.212195741 -3.643812062 
-11.405448732 8.198309535 2.620324783 
-9.561979355 8.292589100 5.729578024 
4.508338677 13.000428946 -0.039335637 
4.474940430 13.066982046 -0.120701486 
-10.254720854 7.239821951 0.442442524 
-10.245358398 7.350401672 0.677909919 
0.392082292 19.155831631 0.947270393 
4.423787306 15.924356770 -1.133348182 
-12.456554027 10.402365212 0.493594795 
-12.508921676 9.210539320 -0.471513116 
2.326980862 10.993449664 6.968919986 
-5.002074054 13.825905157 8.794470220 
-11.909043449 5.451593639 -0.163852570 
-11.510816567 4.944191353 -1.344864134 
1.537355736 17.100112774 4.036025328 
2.795903713 17.170931665 2.263665242 
-11.013266783 12.968357663 -4.335511241 
-11.002676878 12.876389716 -4.570821648 
3.454105508 19.217032129 -8.518387381 
2.066785044 18.360283021 -10.544937156 
-15.890852910 11.823379864 3.407008190 
-16.444698843 11.547075371 1.407446069 
4.203892375 19.587961197 -7.239348184 
4.860208868 19.461237798 -6.651912908 
-14.165325527 12.813683528 6.488708704 
-14.660982999 12.730837144 5.811521805 
-8.851502419 12.610780280 -10.987394420 
4.703724192 16.619282168 -4.873866654 
-13.614010361 13.620790594 6.149844850 
-7.382841357 12.282647076 9.260879643 
3.212319613 22.820905542 -0.634230761 
2.774045051 22.750638609 3.160415747 
-13.382136433 16.776680972 -5.853620488 
-14.071568638 16.015846506 -5.572371905 
3.318299470 22.820413870 -0.240997448 
3.792810098 22.454570743 -1.731328649 
-13.032429568 16.922433934 -6.206331090 
-11.725287928 16.516081592 -6.433474798 
2.590072101 22.907817128 -2.112067446 
3.256475132 22.722575016 2.389255177 
-14.550859096 16.096121115 -4.708931383 
-14.082467961 16.497347279 -5.016505794 
2.699029528 15.194354905 9.953880987 
1.836977859 14.621378990 10.528801055 
-10.000642353 10.177535239 -10.868732631 
-9.911994435 10.059138403 -10.882129686 
1.757422115 14.909135883 10.567911026 
2.524498615 15.336331892 10.239444693 
-9.236526546 10.757634982 -11.350525704 
-8.909114100 10.962018487 -11.544177853 
-1.694503708 13.253798582 11.640522862 
-0.231064110 14.103098170 11.451547445 
-12.610497982 9.369611520 -8.711694554 
-11.274195108 9.749552924 -10.033023139 
4.550632200 16.038250893 -7.136798351 
4.772098422 15.581093274 -7.157831983 
-13.627269781 8.249616865 2.985266353 
-10.075232348 10.238104857 7.872792373 
3.856559882 15.139528140 -8.619298619 
2.003953058 14.230984624 -10.529742482 
-13.902998242 7.924384310 1.445437298 
-13.609636644 8.165394136 2.573329543 
4.918942749 15.331264508 -6.697726111 
4.774094010 15.301854048 -7.016829141 
-12.027583344 9.032255629 5.705738985 
-13.522034518 7.895209826 2.098385818 
-2.022862379 21.800329250 4.344543840 
-2.601438501 21.391741347 5.015245730 
-6.397232141 19.725841274 -5.932567496 
-8.647538195 19.082851103 -5.628041379 
1.100690783 22.560382685 0.502342941 
1.116731705 22.508629722 1.918158790 
-12.476107193 17.959716473 -3.190064255 
-12.477442121 18.057494243 -3.170767730 
0.877597434 22.290708519 3.889122690 
1.024754355 22.230293737 3.601711543 
-12.802969434 17.807488996 -1.962773429 
-13.032986315 17.380086107 -1.427953715 
2.376785853 16.713091423 7.619868952 
0.458316180 16.121488698 9.027988952 
-8.429003925 12.510632047 -10.820861910 
-7.688639731 13.115403421 -10.558748655 
1.483551341 16.681848577 8.425764891 
-2.648438823 15.143810977 10.512390439 
-7.936433428 12.612015283 -11.133992315 
-9.641074485 12.411314201 -10.121377424 
-1.050458285 15.520712200 10.087386152 
1.086474950 16.194718207 9.094102991 
-9.581733133 8.984830754 -8.613718824 
-10.011516659 7.898997140 -8.002740195 
-1.228617678 21.607660742 -7.202172843 
-0.893475378 21.427175142 -6.786422757 
-13.864599634 17.102259971 -0.719189097 
-13.576727722 17.210714373 0.137569357 
-7.341958388 19.560099499 -7.844996176 
-1.637290489 21.699650115 -4.086504158 
-8.364376082 19.254899666 5.144949748 
-9.830300655 17.661846104 3.963260626 
0.209288805 22.303738145 -4.718442143 
0.256304020 21.999039991 -5.267135778 
-13.600286253 17.108312945 -0.881622300 
-13.681135188 17.067129094 -2.953944144 
6.577750043 16.072714838 -0.589121721 
6.505371296 15.826681280 0.503993893 
-9.109270746 10.348315009 -8.200419012 
-10.849182554 9.973607342 -7.221790913 
6.364941680 15.909322726 3.105906730 
6.180188356 16.254084770 2.824562084 
-9.935779692 10.298013937 -7.922844728 
-7.748720481 11.064081701 -9.192510933 
6.380912116 15.928346153 -1.028259712 
6.215983209 15.940291538 2.211941105 
-10.411418923 9.762655738 -7.290301324 
-8.823252164 10.376510639 -8.499817554 
-2.864727442 15.592067383 10.274982829 
-3.357225217 15.323222931 10.372756779 
-13.098615288 10.096135921 -7.218544599 
-10.817684484 11.684705854 -9.245493257 
0.628341236 16.487997785 8.631706623 
0.404779479 16.206335474 8.918911871 
-12.456059580 11.023287601 -7.045364914 
-8.939028808 12.499922428 -9.997026617 
-8.347096158 8.722635034 9.168511886 
-0.631805020 12.278289220 9.854258504 
-9.864321651 12.408999388 -9.492038161 
-13.660619392 10.768509189 -4.768154209 
2.990348496 22.241685507 -5.338031828 
2.891719080 19.682290139 -3.366509234 
-15.585478469 15.504961100 2.727916620 
-13.997949685 15.902110998 1.468984206 
2.601595555 22.115606855 -6.055055431 
1.835374738 21.330277682 -8.225329081 
-16.146327629 15.172441834 0.421983964 
-16.141751318 15.129038448 1.102499841 
3.326412499 22.419851383 -4.205062037 
3.224021529 22.763134836 -2.389892425 
-15.146146549 15.885572587 3.602090748 
-15.280971887 15.854300299 3.240173200 
6.011890401 20.253713410 0.943732870 
5.312496374 20.242979635 4.078460787 
-10.352292460 14.315295104 -9.455397540 
-10.091358953 14.521151712 -9.557119110 
6.111547118 20.142076079 1.389251674 
5.852471410 20.080652811 3.310296794 
-11.051823655 14.404073822 -9.026462500 
-12.635314815 13.403112887 -8.050670501 
1.034222381 16.387731062 9.450377545 
4.880133746 17.432794101 3.803542520 
-6.718119670 12.675916149 -9.311169994 
-6.210497527 12.380645541 -9.387838112 
-3.842146347 16.035295495 10.253595777 
1.352130382 15.379926113 10.333408528 
-12.358989705 9.317352996 -8.956074880 
-4.050419128 14.382517182 -12.370259962 
-0.141967406 14.277762792 11.283466828 
1.907636604 14.636836176 10.233536102 
-10.782351371 9.183277824 -10.075574256 
-11.761256343 8.993836303 -9.391174249 
-0.178003376 18.910218991 7.183116598 
4.419165871 16.026911854 8.281682171 
-4.521130768 12.340687642 -12.715471393 
-4.165354588 12.568227592 -12.676933279 
5.360632158 13.895941020 -0.375625942 
5.467676161 13.334833625 -0.613363850 
-10.802433653 8.406602082 -4.233240201 
-9.609179372 8.288108602 -5.685662298 
4.649636829 13.058185031 -1.266181025 
4.906231089 14.031955798 -0.769057064 
-10.412504806 7.316987631 -0.881454373 
-10.735084292 8.110387416 2.893600365 
4.426412769 12.770900317 -2.638968633 
4.469027524 13.004585649 -1.676708161 
-9.246508879 7.506619011 -4.029441223 
-9.594467780 7.336014738 -3.427123201 
-1.445195723 19.452127916 -4.338347662 
-1.009756757 19.492873028 -3.937334877 
-8.259773219 16.506204670 6.181844621 
-7.921662701 16.702256463 6.197511618 
-0.633533059 20.807424393 -2.004318148 
-1.299446706 20.255250705 -2.865035547 
-10.054306200 17.185037669 4.301789618 
-11.291310081 16.251460903 2.431628668 
-1.929508159 19.205900577 -4.600637601 
-2.958629219 18.900401472 -5.373808219 
-9.710309463 16.207992296 4.947415525 
-10.060212528 16.184432851 4.551257079 
1.018226821 9.908094973 8.219466539 
2.476278917 17.166819494 2.858555882 
-5.303637096 9.638257759 -9.472145804 
-4.233857665 9.461526823 -9.359078091 
-6.985191813 13.705401257 6.807880056 
-9.011301141 10.940489463 6.584077008 
-3.054454565 18.102011452 -5.605666576 
1.734084097 14.907876526 -7.077934270 
-4.967909963 15.185319371 7.378773900 
-4.953532350 15.162823563 7.321740250 
-2.466591584 15.689025425 -7.816185246 
-1.616347735 15.953290336 -7.259126070 
2.899958472 21.020350671 -4.487962116 
2.801917739 20.788484408 -5.197442168 
-13.855602899 14.687714666 4.872615760 
-13.992568070 14.533106720 4.593409315 
5.880992002 15.979873820 -4.176217031 
5.862342395 16.482627278 -2.649970822 
-13.890708522 8.037830929 0.650271224 
-13.877950032 8.034762809 -0.945087569 
4.695350284 19.696436441 -1.779233040 
1.389760092 20.509538171 -3.995365967 
-14.904032616 11.983098618 2.609006621 
-14.437499869 11.721118523 3.637750026 
4.167007862 20.463700887 3.679841787 
1.845255167 21.437999773 4.666871135 
-14.160914918 14.733074703 -3.441842239 
-14.701020032 14.422644962 -2.712580418 
0.023587903 21.516594561 6.560076851 
0.627341206 21.759547753 5.483381157 
-14.733951117 15.761742698 -0.880436909 
-14.485080295 16.130212668 -1.130623783 
1.884828075 22.273178057 2.800620381 
1.563511347 22.275828024 3.159761530 
-14.250280094 16.424369746 -2.133875920 
-14.742592748 16.051450298 -0.478487710 
0.438142332 10.657910719 7.930351772 
-2.476758672 11.538157027 7.689867830 
-5.631648783 9.931328418 -9.286862181 
1.807119557 13.081276561 -6.838976925 
-2.575164271 12.613901300 11.394220776 
-0.335859230 13.433347429 10.790755340 
-12.130059381 6.557516098 -1.896991234 
-7.745702273 10.601318675 -11.141124408 
3.354838629 16.033218396 8.514564009 
5.098180386 16.551590205 6.393208454 
-11.697425882 9.097095039 -8.536277711 
-8.917990243 11.701062415 -10.728256799 
-1.197135983 21.999833545 -3.169519765 
-1.442679168 21.981878148 -3.079084719 
-11.953409062 17.826457553 -1.760718581 
-12.317683881 18.127351721 0.816275195 
-1.706360509 22.105857160 0.076764758 
-1.471111630 22.120143682 -1.206104282 
-11.538560961 18.360033397 0.903605318 
-11.315647956 18.478332810 1.605079961 
-1.716029660 21.902201498 -3.881180588 
-1.120513909 22.106548667 -3.432475600 
-12.082799290 18.057108527 -0.595460540 
-12.012616396 18.207224696 0.444427541 
3.965761122 15.112784455 5.261704229 
3.877013726 15.326875744 5.689792808 
-11.219467120 10.450199697 -6.043675068 
-10.957259344 10.408820529 -6.104973105 
1.295514835 14.897514415 8.772356588 
5.038145697 15.375828100 1.464276594 
-1.439312722 13.275097415 -6.255301101 
-2.940582406 12.386716851 -6.586240106 
4.649208798 15.651169612 3.470308317 
4.406925405 15.873035133 4.380943549 
-10.349839418 10.338601475 -6.670717254 
-10.304552690 10.505551428 -6.483644857 
4.964532054 13.628383150 3.870921575 
3.237972352 13.124396757 6.081797586 
-7.067840117 9.294033363 -8.773230102 
-6.975469225 9.609368600 -8.913716137 
5.513336349 14.010619166 2.541970674 
4.058443120 13.403937090 4.934163914 
-5.815820044 9.814130895 -9.288640650 
-6.447491442 9.396838959 -9.052237362 
3.410432054 13.806175163 5.735197871 
2.915445081 13.356309581 6.545475622 
-6.857734206 9.958077508 -9.011430922 
-7.060760159 9.911661493 -9.072349862 
1.876927839 22.575697698 -2.029907518 
1.830983261 21.895436294 -5.293176330 
-13.094550426 16.801137645 5.261633451 
-14.592423109 15.890348513 3.492143096 
-0.277585825 23.188794121 -0.952037511 
0.064352463 23.149543372 -0.357121019 
-14.211582476 17.395679473 0.673340435 
-13.288929425 17.900193321 -1.209918404 
-3.956750349 21.405062568 2.875824691 
3.694238799 15.978654602 -8.416374750 
-10.917764506 18.794374852 -2.478436258 
-15.329832436 11.937150594 3.080353397 
2.294764378 14.649473068 7.671650292 
5.761194926 18.014857355 -0.595096137 
-2.479532118 13.666165204 -8.229760574 
-12.923677656 9.780011081 0.015994774 
4.572571401 13.315561735 5.032862588 
4.958951212 13.484539798 4.007329175 
-11.531379988 6.788743186 0.419713204 
-11.544937811 6.760749939 -0.444952483 
6.279126954 13.690788840 0.073224566 
5.766153250 15.976359021 4.856681532 
-12.879277532 7.229095680 -2.302723393 
-12.980385054 7.703234751 -3.028926736 
1.506611898 14.098321376 9.469802555 
1.815842049 13.921632915 9.278800147 
-0.472715746 12.106600154 -11.706022373 
-1.146433272 11.497479533 -11.885092200 
-6.364404767 10.291175475 11.777557413 
5.715757086 14.703441974 6.344435946 
-8.968387704 9.648551393 -11.344352552 
-6.181523897 10.813191921 -11.773299668 
-1.425679886 17.997323690 7.178104957 
6.895120352 13.457372496 -4.598760660 
-11.736378740 14.291102225 5.805325596 
-11.930015672 14.096099939 5.828385946 
5.098165508 13.498436415 -3.732165935 
4.933901853 13.498509972 -4.085582384 
-11.564352050 6.766147044 0.247302649 
-11.378505753 6.853561397 -1.561210636 
1.527386376 14.352061904 -8.842704996 
5.561713290 17.698994261 2.416777674 
-12.780022349 10.062332788 -1.414828642 
-10.382362042 10.166047175 -4.565172699 
5.636511000 14.416517540 -5.446554571 
6.286497140 13.771908107 -0.480315353 
-13.354849301 7.371851641 1.102095625 
-12.797738278 7.140909968 2.267756797 
-0.081152872 23.176017400 0.491535505 
-0.140548409 23.181449362 0.810310161 
-12.381189264 17.207020725 1.057693248 
-12.421601104 17.114085718 1.731347832 
1.506677564 22.541324318 2.972631350 
1.922555817 22.500996304 2.419472014 
-12.134170944 17.167535649 -6.003697505 
-12.064829937 17.111932878 -6.304233153 
3.786488933 20.658739040 3.444763042 
-3.925364064 21.372425682 -2.993866582 
-11.386046003 7.409970716 3.434742033 
-10.927368557 18.814040228 2.176248030 
-10.446070382 13.204824898 5.095284112 
-10.482223603 12.061858096 5.748079578 
-3.732344032 12.375138666 -9.922431220 
-13.220016428 8.354170662 -6.752172865 
3.579886018 14.615467654 8.570837754 
3.219999398 13.778083017 8.978637076 
-10.905518877 8.942380830 -8.586507259 
-11.136214003 9.026621491 -8.736317891 
-7.968210920 8.551577191 9.022004918 
-2.292202311 11.456802376 10.015807688 
-12.509454233 10.505447853 -7.134716496 
-0.243565905 15.793853318 -9.433115297 
0.731873316 17.313777882 -8.931494057 
4.850333108 15.133937107 -5.740437997 
-5.702936154 12.214095545 6.325468535 
-9.082118016 11.274233184 8.172440826 
2.584169750 15.353756384 -7.570706666 
2.354857715 15.216837049 -7.992090403 
-12.715587476 9.338969352 3.224399757 
-12.826904871 9.294453212 3.024501035 
2.841579931 15.745197904 -7.687687002 
2.963579500 15.189701302 -7.445307767 
-12.483561501 9.486683000 3.939504997 
-12.155227846 9.495874461 4.427452053 
-1.464527805 22.149570090 0.950850868 
-1.506780493 22.102406199 0.881302537 
-10.347030242 18.955132004 -2.986397732 
-10.670564907 18.724784064 -2.741755312 
-1.389102254 22.225754577 0.683369013 
-1.428765701 22.126898829 1.723073226 
-10.735956597 18.858170079 -3.018081212 
-11.713416747 18.376237464 -2.334930443 
-1.351214805 22.282591817 -0.009080186 
-2.071253422 22.047991415 -1.290900251 
-11.261590963 18.454141995 -2.366298774 
-11.279732970 18.582498827 -1.977016244 
-4.167723876 10.148702724 9.278250826 
-3.358204460 10.478028250 9.202161826 
-9.116942833 8.616052035 -7.787020721 
-8.680251048 8.705270478 -8.067171981 
-5.595444543 9.736479584 8.705184380 
-5.403675225 9.863841828 8.953275365 
-9.055525842 8.700814466 -7.843227541 
-8.005290161 9.109495374 -8.610808058 
-1.652147010 11.552529491 9.232992806 
-3.550181997 11.042573081 9.256065001 
-6.372370851 10.684896229 -9.521827045 
-8.248945836 9.561795906 -8.732831477 
