2.563601550 37.976985137 -7.450327368 
3.719521004 37.082652031 -1.619316858 
-27.906089323 25.618810204 -2.233345358 
-25.790773249 24.912706088 -5.424309426 
0.422340005 24.936479924 -19.180971661 
2.894060408 23.117414855 -15.804299868 
-25.669814109 16.429406375 8.355239894 
-22.524370999 13.541707195 8.207491979 
-10.520333618 28.515147789 -4.505291422 
-11.109326292 25.276008705 -6.793550630 
-8.862965736 28.254960670 2.019220203 
-10.299785586 27.193556645 7.064682327 
17.746580127 21.728170576 14.210672564 
19.828269032 18.922792916 6.442185932 
-24.089252424 4.798118432 -15.876374039 
-23.468835483 3.890616312 -13.443528269 
5.364228055 29.939597359 12.250923457 
1.649115971 29.874529099 7.150203955 
-19.146576162 19.330195981 -16.330133507 
-17.156342726 21.623916366 -11.835368565 
4.371122312 10.549108810 14.944100229 
0.022708573 11.903363113 15.812085994 
-8.377488568 5.654706533 -15.200127715 
-6.762785989 10.043701053 -15.527702839 
20.018442478 13.990312501 12.359498262 
18.397859427 18.982923767 10.393835932 
-20.043856369 1.532994365 -19.067008785 
-22.310754257 3.907013747 -15.613445665 
6.078068063 2.790529068 17.364121581 
6.919089371 4.399619109 13.312744799 
-10.516584551 -3.013647797 -16.426473573 
-5.379044594 0.790420749 -16.752722078 
12.160104693 7.969285679 -5.680307644 
10.189013778 4.105958429 -4.576366097 
-11.132059845 0.637160381 -10.299117583 
-5.968852858 2.448522094 -2.159891241 
13.292074040 12.474444827 -10.560730371 
9.497293955 12.161444248 -9.478394205 
-19.008621271 -0.297706714 -0.661247467 
-15.535923403 1.906527662 2.635714177 
18.049821943 27.084845947 3.224068231 
14.495546037 30.252832250 -1.697161123 
-29.598660383 8.470197624 -4.990550325 
-28.504102774 12.418298118 -6.522176659 
9.812315409 12.793809076 9.679646882 
9.710659155 16.919778881 11.002800339 
-14.005489252 3.742462011 -11.354656635 
-15.700438611 7.252262573 -12.830249518 
-2.100288476 28.076737986 -11.397223395 
-2.163341124 27.071430681 -5.924699050 
-21.051032152 21.970128654 3.078193790 
-16.565788341 22.064669706 1.969655122 
13.561382081 27.629705140 -12.460561548 
15.995515189 26.610870227 -6.378383878 
-30.261774266 10.877901952 0.092807658 
-28.004082398 9.508349216 -5.925316869 
5.497853515 16.326473996 -13.575016562 
9.688128262 14.290341721 -11.321407786 
-17.194719277 6.981090479 7.872236965 
-18.373242813 3.840616507 5.823911264 
-14.721578426 13.942786910 15.825206116 
-12.741964244 11.356276990 12.727516450 
-7.870349997 15.990057301 -19.495081825 
-3.925158416 14.690139516 -16.335040564 
-7.494419636 22.319931636 23.668521886 
1.162675369 23.703264657 21.442382570 
-21.361022552 14.298738425 -20.220999577 
-21.504186636 14.179525955 -18.264825329 
-7.737815805 27.263132265 7.609581304 
-2.382552147 29.726212954 4.085108651 
-9.866960014 26.449476503 -8.279859296 
-14.481425062 25.055951361 -8.122848667 
3.897067405 6.644665068 -19.764115459 
3.541251580 4.878837591 -15.654554329 
-10.790788354 0.719810903 16.390738281 
-4.368157946 1.001592874 13.750460155 
3.650564608 21.555375138 -20.225503784 
2.278139696 23.265666237 -16.370057101 
-21.539703376 12.084538408 14.609065203 
-22.526767119 14.109541724 8.657767077 
16.827859025 12.407788949 -8.315593701 
15.729275280 16.054838027 -12.143457894 
-20.856206164 -1.416225509 5.112523324 
-21.905983923 2.168582609 7.883118428 
-12.994776149 31.748127708 0.496106167 
-12.595950787 28.467072559 -2.636894009 
-11.097151282 33.020558019 -2.122160796 
-7.950591947 30.790672458 2.150697328 
-4.528070186 31.805887331 12.766421057 
-2.610004244 27.317379509 14.837425638 
-20.335494284 24.505687466 -11.226080087 
-19.207468876 20.346591961 -10.994461040 
2.280712701 31.692753343 -8.361236356 
5.036231116 34.010375478 -3.613709692 
-23.599545053 24.219618363 3.830935058 
-24.572254920 21.857317460 2.642434186 
-9.810613427 0.807601655 15.863968162 
-10.667076144 3.668823039 14.029357965 
0.093814398 4.950697013 -21.280565789 
2.860565460 7.855208430 -17.635783781 
6.686747724 3.642494294 17.350362872 
12.128480276 7.964946659 11.323704291 
-10.846193063 -0.585085408 -18.302931110 
-11.257589601 0.914233713 -15.874530235 
-12.632616580 15.221269502 19.381879650 
-1.203922232 18.608689962 21.360677816 
-12.838571324 14.488102400 -21.996698830 
-11.408291246 16.049177258 -20.930261858 
-12.803776693 16.447880846 -4.833790698 
-9.681663388 19.783516166 -3.704206340 
-3.153178043 20.377253858 7.217214898 
-7.562263733 20.447812052 4.437370830 
-6.333040430 3.462292529 -13.428994477 
-7.233110502 2.965496427 -13.169677900 
-1.157352665 5.136004056 14.138137739 
-4.390088394 2.511143547 12.561577368 
1.801399852 6.919887879 -2.439517918 
-0.875535999 2.889185995 -3.818445238 
-2.109164528 5.383517571 -5.003705405 
-0.493792063 2.988328003 -3.709141685 
-9.707254190 10.556013675 7.687893031 
-5.036877751 11.470367695 9.766835681 
-6.289881019 11.631076806 -9.301862296 
-8.906103147 10.062776403 -7.633014518 
-17.258871823 21.020747666 4.622344287 
-14.604738328 23.868988269 2.493908863 
-4.272420646 25.995508795 -9.237710273 
-3.644924053 28.059306547 -3.174218827 
-5.957487520 5.503082194 -1.822464886 
-5.898732645 7.173857243 -3.690650779 
2.363672703 9.226959858 -0.936586014 
1.902698722 10.156245288 3.451355530 
1.737113460 1.949025766 -3.432847742 
1.601378659 3.973983642 -4.897444933 
0.001376671 4.342428072 4.666477532 
-1.885340424 3.973043823 5.183748561 
-4.061659567 -2.095675471 2.980716684 
3.212910523 -1.216067892 6.819506480 
2.896122033 -1.589810793 -4.229249356 
1.778082879 -2.142032168 -7.123926168 
-8.837052863 8.451143584 1.829590853 
-3.123026252 12.543258289 -6.053403300 
1.141020781 13.467364483 -3.609683740 
-0.420220167 8.999707072 -4.301891098 
-11.776047927 9.059566581 5.512754639 
-12.992587960 12.533448716 6.187535403 
-0.546470999 13.041926640 -11.098025081 
-4.789516802 15.200764093 -12.253489381 
-2.513618625 5.878111994 5.282800319 
3.641802717 7.543394111 -0.252976300 
-0.993776813 6.127181365 -5.694336018 
-6.881603955 4.131125014 -2.122908432 
8.212040081 12.539781164 10.126934978 
10.601134656 10.443863528 4.247548823 
-12.873315640 4.098230802 -10.329441008 
-12.464075316 1.877520486 -6.953643227 
1.012026294 1.215885130 -3.973164856 
5.125016009 3.979200928 1.981638934 
-5.881119485 -0.044020931 1.960444979 
-4.086061484 -1.776902956 -1.544328289 
-8.544216566 11.038007478 -4.988370795 
-8.424595984 14.793184118 -4.871345098 
-0.480271356 13.089514007 6.780483129 
-4.188300599 16.731606152 6.685769226 
5.067405460 10.172527183 -12.423079717 
4.022393242 13.843494964 -12.211655608 
-12.485115611 3.412023753 10.061490487 
-16.299003708 7.176075955 6.294349362 
-2.678483444 16.244628689 -11.090734396 
1.126094856 15.710357267 -10.430583573 
-12.000413918 12.188801518 6.712707502 
-13.949019160 10.017502068 3.319818515 
-11.680402512 13.039846186 -1.173288456 
-11.538033794 12.848122638 1.951060052 
1.604838373 18.345467355 1.029089761 
1.350197149 17.977878063 -3.883250709 
-6.533699694 27.672600188 4.381207154 
-9.718822599 25.645830884 5.332540382 
-12.793163098 25.228253978 -4.592861235 
-9.403155700 25.307090701 -6.968701382 
-8.251565920 8.832975066 -8.350880220 
-7.505000627 9.994430716 -9.015106595 
-1.248326266 11.068221841 9.051829957 
-3.266131795 5.518932117 3.939008617 
-9.853551022 7.346204721 2.615920163 
-11.011430711 10.002627349 4.726042933 
3.191995593 12.261839242 -5.642421720 
0.823470319 14.637712735 -8.093436296 
-10.449460559 24.277761026 -8.526166870 
-12.250903261 25.876181183 -4.819914354 
-7.319107695 25.703962056 7.360916050 
-6.766411085 28.095335839 3.851455794 
-9.844531864 7.633730568 1.673344118 
-9.699883008 17.551593289 5.290173955 
3.766887985 13.120133732 0.826839896 
-2.999784356 20.480638175 -4.257710797 
-6.253957771 2.691102537 0.868490664 
4.302263520 1.595281253 3.507724507 
3.582834675 5.516994016 1.312635101 
4.233781523 1.060108517 3.171118020 
-8.297825549 8.707405943 14.109802008 
-6.143636928 6.127436433 14.526679276 
-1.192095709 12.751812025 -14.039985691 
0.794719473 8.719069339 -14.239506707 
-4.120061922 1.683262405 -1.726348985 
-5.825013495 3.937551992 -0.578907690 
-0.367233006 2.658627034 3.756706801 
-0.397278632 3.413779283 3.526147413 
-5.235543610 12.347444932 -14.871028998 
-3.027477320 15.735472756 -14.614148242 
-7.903716744 10.655711418 13.950714431 
-13.368490711 11.212479763 11.135773151 
1.338014299 1.610878561 3.612136756 
3.882594278 0.907067009 2.978626171 
-4.444590278 -1.760682703 -1.006545335 
-4.192721320 -2.465487686 2.029872815 
0.896947124 -1.310388133 4.784924630 
4.244651037 0.611620869 2.722160853 
-3.751080529 -2.798194175 -2.119075044 
-4.024335342 -1.947962701 2.020378851 
1.924552407 13.854871039 12.903923705 
0.603701592 18.173012502 10.238777495 
-8.644872626 9.849926198 -14.014473908 
-10.363610476 12.800295154 -12.051991168 
-0.637858857 2.981404798 -4.058647003 
2.563160337 6.363410078 -0.710836039 
2.682375178 -0.750814335 3.849407232 
-5.475656355 1.049640091 1.968024716 
-6.103255765 8.620750254 -15.121372677 
-9.056679586 12.289105294 -14.509261080 
-10.637287970 5.457392186 12.965146957 
-10.333747770 6.104095269 12.993074060 
2.386461937 2.963109967 -2.591924786 
3.193896488 5.690601752 -2.625280619 
-0.215747268 6.333285921 5.217933281 
-0.605446928 5.970857181 3.540187554 
-6.268852003 6.836487449 -3.666631151 
-3.217304072 4.315422617 -3.245038881 
-1.785075141 7.536518461 5.278025367 
-1.951403235 4.258006909 3.419763543 
-17.240861281 20.580364927 -1.969986171 
-17.951876046 17.795649352 1.320152276 
-0.065927033 27.828157986 -2.563613255 
-1.735184920 24.727150924 -9.852637741 
-8.030566362 19.584198855 -4.661853872 
-4.369935172 20.677606667 -2.918820445 
-6.575755673 20.175381321 3.603100698 
-9.421180418 18.824825607 0.094912502 
-0.156689581 2.712153512 -3.701958287 
-1.369855950 4.490524223 -5.488651612 
3.018429808 14.734419864 -0.390406576 
-0.560904247 6.047112508 4.131926783 
-10.097229199 9.785599291 4.612047711 
-9.213312597 12.524776481 4.120228304 
0.793327381 14.023979914 -8.016247662 
-2.070599395 17.008591537 -6.467248976 
2.455074463 -0.530371217 -3.715722404 
0.612773062 0.564174806 -5.864158717 
-5.565190200 -1.125346209 -2.355539713 
-4.176049074 -1.873263559 2.059672653 
5.369466191 11.681382893 11.860749812 
7.462709729 8.933058408 10.303486904 
-12.187181194 4.879604478 -11.458251809 
-9.266778985 2.353692909 -11.685047914 
0.515370244 5.008728560 -2.774179701 
3.224144110 7.287425195 0.484892910 
-4.443254586 3.286542586 1.258677587 
-6.283313187 3.999328951 -0.413718969 
-12.605275099 8.816810570 -3.767421410 
-11.767010701 13.466009918 -6.434637400 
0.425133903 13.075362839 10.732641258 
-2.087344224 16.724225963 11.305459535 
6.002354204 9.817193218 -11.520615070 
0.395065187 11.966504043 -15.091962748 
-13.804270250 3.377320293 8.155803445 
-15.638616512 6.174227386 9.052916729 
-3.564625489 17.143056505 -8.237826241 
-1.622161215 17.261518253 -7.152128086 
-7.986602578 15.503890927 6.836680154 
-10.590302993 13.895174677 4.140219818 
-14.610751798 10.333846536 -2.045255606 
-12.951229216 7.768286554 1.471394100 
5.941159955 17.918789590 0.921502692 
6.205280911 15.062758501 -3.445036681 
-6.031183009 27.895505201 1.944269151 
-14.857164920 23.003120175 4.327470014 
-10.620772203 26.282058313 -4.302193219 
-8.430824470 25.854749608 -8.250509665 
-16.570060822 18.574544121 5.382059845 
-12.284247001 20.185788577 8.716351277 
2.086607222 25.603165651 -5.514812351 
-2.021364191 23.267263383 -10.224027916 
-7.884904958 12.887062525 -11.352437771 
-5.995515967 12.461822363 -10.767155415 
3.117033870 16.803598997 7.824538528 
-6.919666887 11.691261861 9.804587414 
1.227101566 7.224479274 3.639835031 
-6.942217720 6.654739931 -2.102293870 
-2.166853284 5.616318816 -3.833592678 
2.859979760 10.148518982 -0.450047289 
1.115052588 -1.034674454 4.623164368 
4.127932556 1.045120574 2.920497522 
-3.799414840 -2.545083151 -2.196379257 
-4.337121279 -1.441381734 -2.339320315 
-9.507389181 4.404245528 12.656091065 
-7.882727448 8.296402850 14.357940077 
2.105715410 9.003299249 -13.848824389 
-1.859521311 10.560255774 -14.580411677 
-0.722757976 2.405131607 -3.958277790 
-6.358569344 10.847481353 -4.644459766 
-1.712984477 1.895260842 4.085552359 
-6.308799021 3.093502384 -1.584597240 
-1.982936440 9.054926812 -15.677252566 
-2.671618976 12.547776764 -15.830823788 
-4.367984222 -3.473439914 -1.078900283 
-12.348422915 0.068083413 -6.270894049 
1.690747355 2.464870896 -5.586531967 
2.838097497 1.768004173 -3.202830155 
-3.941545489 -2.345924106 1.306429023 
-4.667601134 -1.705189054 -1.419122307 
-5.376397466 5.296985076 -2.956338353 
-3.409396259 3.093748954 -2.940110468 
1.458354857 12.693410872 2.233460780 
1.304601529 4.494561932 2.643845284 
-8.248121686 8.647290551 -8.177060186 
-10.769409375 21.812671118 -10.152957663 
-10.473102583 29.537727629 7.281523727 
-7.103280090 24.164205093 9.236080689 
-14.848087725 28.196658630 5.456116321 
-9.623004752 26.853527075 9.618983188 
-9.978232397 30.682294383 -9.871564744 
-9.335296192 27.066933091 -11.537117495 
-0.299702551 34.252048880 -5.753303141 
1.208221947 34.218571144 -0.339799217 
-22.395056345 23.653477876 -3.790330666 
-22.237673818 24.441196065 -5.036119527 
-4.756005959 11.443805575 17.953945870 
-2.562723119 14.994088651 15.164655935 
-8.224233462 8.005415479 -17.728519557 
-8.808251739 10.791078098 -15.026965706 
10.753335264 1.178186257 9.128285289 
10.699474416 1.487577685 2.936619179 
-6.648924410 -5.493907942 -9.514352841 
-3.931974218 -2.267300972 1.952204807 
13.897285707 19.497676971 10.672818577 
17.504459528 17.097970550 3.143438547 
-22.490216464 3.469725474 -9.291262157 
-10.792465664 4.555180169 -11.952573737 
-2.504587662 3.156900665 -3.434583290 
-4.198973581 3.105696006 4.646094119 
1.935779275 1.773908531 -3.576557495 
-4.645600469 -1.374731675 -0.349913168 
15.604396880 16.571784445 3.440457449 
12.693077245 20.375920764 -1.811587436 
-20.652633244 4.320816026 -9.596033184 
-19.342540046 7.283757489 -8.580738456 
4.647576522 2.462634447 11.018283867 
6.466906417 17.393498792 18.813515160 
-11.083064643 6.654201698 -21.227370368 
-12.838515479 9.231972249 -19.944135559 
2.858988907 -1.119413009 -3.626800575 
0.500176035 -0.499663423 -5.071348948 
-3.752314797 -2.788191489 -2.126635149 
-4.046086838 -1.900389823 2.006662062 
6.031291585 10.215979421 11.495490311 
6.036123898 14.110734467 10.390010762 
-9.503614105 5.244178935 -13.066283343 
-12.354094862 7.501847199 -11.386214287 
-2.587480660 3.404266416 3.736221364 
-6.464847898 13.293834777 5.054711074 
0.997161507 12.399397044 -5.834765761 
-1.734828094 14.779886909 -5.704167186 
-1.152063575 11.232724324 -15.149763297 
-4.575798478 15.472113120 -14.438307746 
-10.360137000 6.728914013 13.820585689 
-9.097533601 12.205833742 14.913328397 
2.246927789 2.924386850 -2.720503969 
4.049705044 5.850621434 -0.185920551 
-4.291126365 0.813863001 1.068364547 
-6.436576313 2.455738149 0.309973394 
1.007521159 6.887642130 -1.372895990 
1.616136742 7.741830122 -3.180596354 
-2.283573676 7.141487494 4.132730520 
-5.868361836 5.466928207 3.442565800 
-17.390901232 20.471762479 -2.656144473 
-18.343696539 17.391179526 -0.973549004 
1.697566633 27.524217342 -2.357900730 
3.523123318 25.909243174 -4.160918024 
-2.472089346 26.589385467 0.763079556 
-0.445484578 23.396659536 5.081520763 
-14.803815003 21.189947509 -0.518332488 
-14.706567548 17.787305010 -3.750683367 
-5.058340044 11.729386240 -7.568982294 
-1.645490785 13.877499941 -7.220823402 
-1.680741136 12.869241207 5.701343432 
-7.187756812 11.926852880 5.394277542 
15.500327117 8.088767877 -8.776442352 
14.602998285 13.372518125 -4.598615160 
-16.713206570 -2.637352324 -5.219469996 
-16.726450367 1.550468057 -7.166238843 
2.274570178 -0.559762280 -3.795721241 
0.649339879 0.588971008 -5.886165063 
-3.771636884 -2.405612667 -2.210387365 
-5.067098383 -1.433540497 2.211391389 
11.478235154 11.444498788 -18.391524479 
6.865776795 9.556350349 -19.767503647 
-21.234724086 -0.411924998 6.399278792 
-19.313438063 -0.463796580 7.483617545 
8.166674523 21.634843737 -14.347630298 
9.364365604 19.578366446 -10.779379768 
-24.729653054 11.146621779 5.222835691 
-21.904076025 9.139525689 4.615235350 
-6.327142143 26.159589940 -14.936619463 
-8.707126761 24.398826748 -12.205684609 
-20.795694083 20.827434118 9.729741072 
-9.272539898 23.876465451 13.189553085 
4.387703863 34.142110686 -1.415334015 
-0.418991995 33.982188764 -0.300778759 
-23.624472657 24.087647552 2.077771336 
-20.390471515 26.536072714 -0.014164154 
-19.089203401 23.831201114 9.356248064 
-13.933678746 24.791887627 9.189024424 
-16.070556949 25.613500973 -13.323915960 
-15.821227594 24.227202268 -9.489729808 
-24.638541805 10.746492129 -1.127431492 
-21.387823297 9.183363773 -0.923166750 
-2.494934070 19.871579534 -20.675012275 
1.025824722 16.788877873 -18.246651349 
-15.277779044 12.640694544 19.385813466 
2.802703164 6.142266650 0.637404239 
-15.243900764 12.819513047 -20.579771578 
-3.634397789 2.491225449 -2.203563879 
-12.086713561 9.015461536 4.918137990 
-12.545784760 12.938459757 5.948636346 
3.030455087 14.176463811 -9.153715319 
0.507437244 17.841755253 -9.513865078 
0.433181296 4.998984655 2.841176765 
2.028580184 7.011728242 2.997297122 
-2.429056502 5.487456266 -5.951460214 
-1.689687560 5.599921207 -4.453600152 
5.750109069 14.321193790 12.109538950 
10.253958593 10.789331487 6.278144068 
-13.664607066 6.417757859 -11.253190566 
-12.274480738 3.256279189 -9.730670491 
2.470937036 -0.540813646 3.708188430 
0.574667661 0.540519368 5.846182676 
-5.653247603 -1.194445336 2.180820455 
-4.268237013 -1.813185984 -2.226183242 
-10.099991171 9.648941145 -4.631384287 
-8.482061750 12.767180271 -4.730876734 
1.209652110 14.204416489 7.575394225 
-3.006740308 16.489641787 7.213451580 
4.216133039 7.701509684 -12.726228611 
2.178003255 10.529464077 -13.761875566 
-10.065285563 2.369561763 11.243763673 
-12.844917407 5.702847023 11.033376482 
-3.022001266 14.321091744 -11.478154920 
0.968151747 13.037936604 -10.160514178 
-11.134209986 11.082300646 8.248925129 
-11.190534921 8.467179865 6.384902313 
-12.604267028 13.860762922 -1.579014103 
-11.862097725 13.615911922 1.673225496 
1.690783158 19.502945016 -0.228281827 
-0.532922380 18.300356888 -5.009885975 
-1.587520895 28.149258658 -3.420239773 
-6.296140220 27.938635818 2.067142592 
-16.610274338 22.205865861 -1.485955008 
-13.499857596 24.746636832 -2.550761008 
-4.032855693 5.145151632 -4.628334001 
-0.727120952 6.236204555 -4.429896481 
2.689649421 7.664771937 2.018163466 
-1.560882027 5.998458735 3.585995482 
-14.802188616 13.224555648 -3.230061203 
-14.517214862 15.603678379 -0.528312227 
4.323574916 20.414342123 0.674459661 
2.225502457 17.106702423 -4.174872408 
-6.048242527 21.588518018 -13.881027702 
-8.688082779 22.507402413 -13.162503859 
-13.818865926 17.942420835 11.151553228 
-12.855219763 21.079228246 11.148839073 
-11.248847759 16.739992081 -0.497536287 
-8.875431622 18.131651531 -2.570523497 
-1.244054176 20.737984146 -1.099721021 
-4.552512439 20.111652367 3.528060764 
-6.107299560 2.916275503 1.669606827 
4.164867114 1.727043019 3.396793640 
1.698801594 5.058346172 -4.323372219 
-0.180690250 2.566969253 -3.751608789 
-8.755560648 16.490296996 10.261379462 
-6.657247699 13.811016752 13.729144344 
-4.108064264 18.174691941 -10.284323685 
-1.982401150 15.524715831 -13.045640935 
-3.312503421 3.351277510 -2.959692586 
-3.383833890 3.992480483 -3.160283052 
0.607422845 4.358682211 4.365434002 
-0.167358608 6.948755741 4.948146449 
5.038073995 2.491378828 -1.906314602 
5.070124908 4.129388002 -3.416090922 
-4.941000698 -0.422410408 -0.849427410 
-6.789057447 0.763662515 0.170369591 
-2.093924271 3.934575793 4.915985685 
5.970380835 3.886848802 11.204564907 
1.433902291 4.811731420 -4.042364403 
1.674102924 1.959866484 -3.436741387 
2.882901657 4.654015345 11.813703449 
4.486045186 3.947042938 10.808542250 
-6.370123807 1.299016928 -11.750195106 
-3.732498545 -2.197899015 0.174126442 
-9.390634907 7.713568023 2.995572259 
-8.739802013 11.720253160 3.537810784 
-4.034322510 17.509739273 -8.822137765 
-3.447554437 13.259834084 -6.748851198 
-4.239900084 0.770011200 -0.756948517 
-5.623317946 2.845525961 -0.097818418 
0.915254915 2.072372219 3.728094517 
0.761633589 4.619635276 4.529416208 
-4.623479756 -0.558970056 -8.896993734 
-3.026605078 5.070661893 -14.230876055 
-5.096933889 1.406176379 11.844059261 
-10.420306373 3.282611042 12.006524022 
2.489945609 3.653254564 -1.626522791 
3.661175818 6.402735217 -0.572083252 
0.205347004 6.346617001 5.280872330 
-0.182497294 6.036536031 5.598377455 
-9.378465140 9.465252295 -3.256586588 
-8.161351017 7.149244505 -2.160778196 
-0.409290333 13.671692844 6.775683061 
1.637460364 11.726362997 4.632254912 
-15.402772632 23.383469080 -0.245469718 
-15.320564972 23.516344947 1.989273618 
-4.526157551 28.482952382 -0.781564421 
-4.123872289 27.759291365 -5.926816358 
-2.309630004 18.074862509 -7.343078718 
0.424145568 18.682348318 -4.211763008 
-9.783260000 15.454656749 4.642237906 
-11.698048069 14.266160589 -0.077208282 
-5.053204084 3.173502921 1.325914011 
-2.378853909 4.773319297 -4.635775597 
1.736972126 5.302737079 2.423291228 
1.741623310 6.382830481 0.742396880 
-8.047480263 11.240183141 5.294803957 
-7.462398556 15.163005811 5.239496265 
-1.018790225 13.474781160 -7.631702093 
-4.168621379 16.718300936 -6.748174240 
0.091856991 2.384342626 5.532386158 
3.682346838 0.796759646 3.022420473 
3.454127313 3.315950450 -4.052534420 
1.774706696 1.723503225 -3.468652412 
6.490440919 15.130372068 9.848388645 
8.471117856 11.017098253 9.407229061 
-13.672021894 6.864395303 -10.319380602 
-12.324158088 3.327718272 -10.193451053 
-1.334069004 6.335216726 -5.206900497 
3.502315252 7.598891073 -0.685699389 
-4.256952466 4.812256900 4.679171008 
-7.058933288 4.098485238 1.113808552 
-12.101127198 9.141045071 -4.734895584 
-13.030481848 12.396656233 -6.537201588 
-2.323999214 12.454709155 11.416896930 
-4.582972296 15.575643919 12.027829212 
8.191589968 9.813375509 -8.663529538 
6.085903070 11.909457930 -12.206513035 
-13.788110048 1.409675019 2.945847504 
-16.654174974 3.787712061 3.671476578 
-2.664188106 16.283659949 -7.297404950 
0.848752448 17.258606489 -5.554461957 
-10.732772007 13.166597668 4.273144466 
-12.310043550 12.176169030 1.295790398 
-14.329285868 11.007850715 -0.777678103 
-14.389759690 9.342218628 -0.206194839 
4.127906683 19.353318030 2.111871341 
4.937638914 17.513270718 -4.585421589 
-3.742031355 28.075265278 1.245157611 
-11.762062109 25.378807362 5.187984342 
-13.615737507 24.312007954 -3.556586580 
-10.814611244 26.000089645 -5.799308335 
-16.764151871 21.187770054 -5.462949545 
-13.887631883 24.110144302 -4.820950977 
-2.300380934 26.664462851 7.816912952 
-4.487109834 27.811876901 4.103155557 
-8.564102874 10.811992277 -8.517399466 
-6.584748593 10.956793800 -9.459667248 
-3.017529792 13.027991088 9.423862147 
-8.358538259 9.910569525 7.746923664 
-6.217293994 7.093034790 3.444570134 
-5.587081560 5.449108839 2.315741667 
2.292516853 9.708722172 -2.739291944 
2.621264386 9.692695438 0.072692362 
-10.893571177 1.858889116 10.470548179 
-8.067347615 2.282127582 12.399099475 
-2.742988648 4.768528651 -14.249434742 
-5.239847256 2.071059726 -12.190187906 
-12.167021332 16.881959338 5.268258101 
-9.369179999 19.899851979 3.419239284 
-4.454953703 19.898858366 -7.962611148 
-6.967116637 20.706779499 -4.517097021 
-0.530084434 2.968399152 3.723617641 
-1.042538492 6.016010057 -4.300925261 
-3.448189188 2.346121057 -2.862136227 
0.698640263 6.392808692 3.757606196 
3.649948249 -2.058864977 3.520581938 
4.297838131 -1.242317280 6.408513732 
-4.079918007 -2.720303326 0.251947806 
-3.348211173 -3.143529776 -7.033343597 
-6.163948681 2.341200648 -1.596303095 
-3.082054340 1.446190220 -3.210225371 
1.736715788 1.938349175 3.433233998 
2.893337636 4.055282796 3.695050364 
0.982719377 12.405070135 -5.463412016 
2.318978772 4.679486104 -0.867954105 
-9.733981789 9.277676646 -0.270850497 
-9.612233264 9.562722537 -1.620453847 
-3.711565219 30.886844016 -14.101831600 
-1.588035562 27.240986605 -14.914991885 
-23.258735370 23.302824133 7.864291163 
-22.963437628 18.630533037 5.887677899 
-12.786091886 31.944387246 -1.548089813 
-12.385764314 28.993501014 1.299232526 
-11.072696930 33.177574824 0.647127634 
-7.882258615 30.440378888 -3.684297634 
5.650062359 34.013828807 -4.153058237 
4.278351171 32.856742529 2.324379389 
-24.084521795 21.755755552 -5.489045293 
-21.725878110 22.889068904 -7.703058949 
3.545137719 21.587743538 20.110768323 
1.497324163 23.728831548 16.109914678 
-16.597183068 13.945426183 -18.481549879 
-17.507059665 15.854200417 -14.439813693 
4.479656840 6.209016409 19.115105286 
3.521282290 4.193875491 15.171079647 
-3.374570392 3.842099653 -18.861045463 
-4.332857367 1.995570744 -14.716838570 
16.568446964 16.593169806 10.012251927 
17.859306104 13.651358148 7.634336900 
-21.687454563 2.399551672 -9.447442182 
-20.463335001 -1.750121633 -5.140880544 
9.515244933 5.247278730 16.240024540 
4.258795251 5.708868725 16.816053874 
-11.031507639 -1.578304254 -17.149250069 
-8.477386526 1.768175279 -17.607268092 
17.464417548 10.239100850 -0.129119717 
14.791376068 11.909013540 -2.764700459 
-17.314318971 -2.380535602 -9.252628612 
-15.148869417 0.810027853 -9.760222540 
5.006388315 22.032316055 17.682868124 
12.977891964 24.596153096 6.842287448 
-17.737469763 11.630051853 -19.365986802 
-16.101868985 14.100703867 -18.434517155 
16.149801604 29.261218445 -6.060721074 
15.624977045 25.234009145 -11.065532809 
-29.790196324 10.799387147 -4.944871663 
-28.704800031 8.782634661 -3.165188776 
2.486365368 30.700203303 3.690370334 
-0.678955488 27.914616401 2.414202277 
-19.471322629 21.665563130 -8.251641089 
-15.665613024 21.902182568 -5.313163042 
12.192987742 14.847082884 7.396773622 
7.552263235 15.622531243 10.520691633 
-16.426762591 4.614107169 -10.434511857 
-16.595451854 7.474081067 -10.861887351 
16.900516739 26.364800594 -8.557338166 
12.530238214 29.220842578 -9.273708660 
-29.939005742 8.491601717 2.094456897 
-29.026565029 13.328118364 -2.457809101 
15.507708671 13.326862530 3.590380527 
11.170858239 11.946780472 4.877352113 
-17.909762151 0.654028441 -6.707068957 
-14.540454339 2.967812529 -6.883271150 
7.000493081 15.634862848 -14.255677070 
8.452347838 12.500101149 -11.270108379 
-19.463203671 6.205421320 7.118055967 
-17.893082602 2.733358233 3.002248097 
2.020942808 24.235364814 22.691191848 
-8.101613240 19.307313897 23.667967995 
-21.751153161 15.144606621 -19.622859111 
-17.450925763 14.971041173 -21.522447874 
10.594632338 23.576556250 7.409468059 
10.578435455 19.964614090 0.560008561 
-23.061725330 9.482940510 -5.499780499 
-18.736103271 8.611091786 -6.299720691 
-7.645034666 27.786018636 7.708587328 
-4.707368905 28.312623086 4.744024650 
-15.412381323 24.893828908 -7.020330020 
-17.384459772 23.078114315 -5.431095327 
0.035920945 26.696072323 -18.088266378 
0.112577675 27.575124430 -12.430913803 
-23.363502264 18.607647059 11.952606800 
-21.938070671 19.990591447 6.569517474 
11.452478879 18.213987118 -21.915222271 
16.275353995 17.450991105 -15.038528468 
-29.485414350 3.452261327 3.338470764 
-26.192374574 3.057137619 8.176623226 
-1.405202745 9.740445761 -14.916177282 
0.174492978 9.208323868 -16.652149663 
-11.395297231 7.614502512 13.044614548 
-10.576587658 5.794277341 14.669518560 
5.332742250 29.297736659 13.226723266 
5.939702814 24.375828928 12.057200841 
-21.577293210 16.984195276 -14.164208929 
-19.168817152 15.185796318 -12.570372388 
2.503392171 38.876089853 -1.172114862 
1.246170866 36.932362790 -4.480299779 
-27.833633706 25.588288106 -2.643938284 
-26.550345754 24.699324335 2.267113853 
-10.219589627 25.287024413 5.984718458 
-11.086322476 27.802180248 2.848486820 
-11.097380694 26.808474459 -7.831876904 
-10.988956819 28.235328550 -3.770984443 
13.618278832 5.429934726 13.166819605 
12.044489370 5.764595185 8.136998320 
-9.529099188 -2.790763071 -16.963475398 
-6.692036283 -0.203333102 -15.269178927 
-2.677276925 5.782713151 25.520317341 
-12.715612086 6.720317092 22.866409399 
-8.528653451 6.723742057 -26.284870613 
-4.579208194 10.785958375 -25.525519436 
-4.364401383 1.392578600 2.425375782 
-9.525169288 0.576865426 9.075579544 
4.371107919 2.828379639 -12.520599355 
6.458392725 7.074797409 -12.085428880 
-6.936829474 27.313259194 14.104529113 
-10.077728399 24.618064442 11.025406344 
-12.110709724 23.945903394 -15.714031465 
-9.933493616 23.611920706 -13.177427799 
12.271753130 24.026093580 8.059301810 
10.181368627 20.783977146 9.376946453 
-21.005712197 11.868705865 -13.075528818 
-20.547146617 9.289025286 -8.224381449 
-0.516630492 33.967596122 -2.053694786 
2.384028186 34.459005880 -5.181897367 
-20.501210830 26.337176897 -2.006115589 
-23.415726141 23.839996846 -5.041373814 
2.468130101 -0.538161343 3.703775125 
0.654059862 0.561569423 5.865163318 
2.690015612 -2.128374784 -3.949058224 
3.821454532 3.233998779 -2.854708523 
13.177626885 8.372779935 -10.353409510 
14.225307220 12.834188771 -3.023421692 
-18.114691048 -2.299936184 -0.684174821 
-17.998018139 2.207375281 -4.826674270 
11.048788777 11.198795017 16.805709209 
18.573886850 14.521717255 5.762354502 
-17.076780501 1.516038929 -12.269888022 
-19.284928931 1.187695809 -11.322001144 
7.651050187 23.119624038 -13.726906404 
4.024498609 18.472870984 -15.509366542 
-24.629840032 9.668225270 5.032201904 
-21.321291422 8.320549051 2.890723138 
3.124961987 32.665338125 2.406931668 
-1.782806617 29.770809505 5.135907914 
-21.877181758 22.733398130 -6.154521279 
-20.550957408 20.532969640 -9.249217554 
-2.887962517 3.727065171 4.430491190 
13.497924014 23.391102181 10.624171252 
2.143292985 9.194231094 -2.480658756 
-21.665659296 8.542560579 -14.357674188 
3.207630657 3.461230188 -0.374688232 
3.994367158 5.660222001 -2.420306104 
-4.213541771 0.796905031 -1.367665167 
-6.398314305 2.289912077 -0.955039449 
1.632877413 12.144925991 14.389311102 
-6.350996129 13.216892158 15.069776066 
-6.170661998 8.676910768 -15.520208841 
-6.860076789 12.245167549 -15.304497307 
2.065428092 7.894406333 2.458573332 
-0.731736346 5.888344282 3.045691113 
-0.470277580 4.782415255 -3.274197421 
-4.202114935 5.060170054 -2.642549088 
3.668597461 10.018311432 -12.967122657 
7.011471373 14.408687091 -9.361965875 
-11.577848716 4.339973041 11.487877301 
-15.711929844 6.601885149 6.959438915 
2.904016645 -1.248569654 3.604560241 
0.459943077 -0.539014184 5.054818403 
-3.751526732 -2.762276307 2.121360055 
-4.034226479 -1.897310297 -2.156091625 
-6.586308479 13.401536714 -4.962818155 
-3.581692001 2.886458924 -3.232564688 
-3.016206188 14.210039398 6.555274237 
0.607048908 12.311858736 6.226646082 
-10.714700905 23.191914863 5.860033626 
-5.353187711 21.268210273 8.302169314 
-4.986578602 25.759370724 -4.698669311 
-4.949120287 21.832721546 -8.524037122 
-5.026834892 24.937797576 -10.377070315 
-3.541170914 23.025507390 -11.844100208 
-16.811692616 20.758960608 4.510905554 
-18.418258702 16.983799132 2.699852715 
-10.142931306 10.410906177 -2.341871501 
-8.306150678 10.464970036 -5.141685500 
1.855186797 15.728520923 1.240608053 
-0.175647119 14.290231738 5.551724661 
8.205288781 1.271417596 -12.244484829 
6.239193207 0.246384377 -9.093349887 
-9.081460065 -7.677136259 2.946470049 
-4.036419154 -2.166619009 -1.912519973 
-4.496416800 10.931783818 -18.891888785 
-3.238889035 13.729883411 -16.046305816 
-15.200307826 3.617336066 12.881234330 
-12.572458888 9.659780516 13.076502499 
15.198653652 15.887995101 -11.226817102 
13.713311113 17.962952654 -13.651870545 
-22.790126330 0.296260240 2.072926653 
-23.964279981 2.599086567 3.818390923 
-16.046677206 27.758562000 -7.627931041 
-12.160521857 25.980405361 -9.653777645 
-10.162295804 30.727128480 9.705524573 
-10.489345301 26.363751493 11.457823123 
-8.580119695 8.513499805 8.071688424 
-10.665214977 20.936084859 9.833428119 
-9.156022436 25.338054282 -11.098395701 
-8.970905728 24.969693266 -8.824221220 
1.276921692 33.512336377 -5.662624241 
1.850060893 33.849806304 0.063589614 
-21.796940790 25.389625347 -1.281257997 
-20.981824683 26.272197628 -4.837637870 
-15.148502354 4.063667227 13.216680352 
-16.307716526 8.508775070 11.905040354 
-5.857475541 11.378768289 -22.053964786 
-4.512335088 15.198176831 -19.603687266 
2.474762432 1.724114626 3.191474648 
3.996844082 5.103811131 0.627055922 
-1.741303919 -1.146467620 -14.169492067 
-1.095531727 -0.591811135 -5.398651644 
-5.001086072 12.445062369 21.907715312 
2.944075691 9.988067042 21.022993092 
-18.012544225 8.694891724 -17.859832823 
-19.321224116 4.701555728 -15.803928794 
-9.471897521 4.551236729 -12.729227737 
-2.846203697 9.964972864 -15.036205799 
2.104772485 8.982744982 13.845487877 
-2.630987050 10.346966799 14.644865361 
1.160628064 -1.030458853 -4.610300594 
4.127168262 0.967996266 -2.877750129 
-3.808534495 -2.586420978 2.164920932 
-4.119287916 -1.682200701 -1.691169968 
-1.911057570 4.518717759 4.943649314 
-0.502104651 2.420869224 3.964584782 
-6.020931595 2.958824724 -0.727757618 
-0.283474772 2.216037846 -4.130795584 
-10.788349529 11.963818853 9.957781785 
-5.124221841 12.690837175 10.820398729 
-2.273772694 14.950273626 -11.192024678 
-6.647113857 11.770849449 -9.915350615 
-16.348315313 18.339148282 -6.002421189 
-13.294879997 19.286936885 -8.461347879 
0.329609567 24.602173363 9.179483999 
-3.796740186 23.171133404 10.951570100 
-7.054218434 6.730444059 1.525752195 
1.803818767 6.983158997 -4.012563613 
2.425024664 9.456889378 -0.641373857 
1.970291845 9.724782731 3.415010812 
-3.952328654 -2.290543293 -1.174758627 
-4.523438406 -1.731290740 1.681522868 
4.049360482 2.121363138 -4.578625258 
0.902752823 0.852406386 -5.705718561 
-16.137279145 3.529594578 -4.409830683 
-16.993520934 6.695467976 -5.708587212 
10.667548911 13.278760194 6.095789952 
0.570414717 4.431191555 -13.480870849 
-1.973009751 3.228207743 -3.761548555 
-2.315461575 11.224147657 -6.177766537 
-0.538138606 4.230596532 3.473255390 
-2.454059322 6.543190004 4.473902689 
-11.546687669 15.659101242 -14.250702342 
-11.568910527 19.260708218 -13.702919172 
-4.235128403 19.222882652 14.584332031 
-7.899533662 21.218016316 13.537461134 
-3.234101333 5.227897399 -5.119009886 
-0.880760561 6.114563607 -4.510753547 
1.335970072 7.072855716 4.078048899 
-2.551897856 5.335697085 3.488079722 
-13.060495691 16.054123518 2.102290215 
-9.848089439 14.602769323 4.680482331 
0.886473819 21.007769713 -3.423569628 
-1.245009852 18.044931211 -5.423417553 
-7.196550549 6.944461204 14.641730383 
0.701545306 8.666409252 15.186362679 
-5.869200212 7.255916762 -14.627824683 
-6.032226885 5.309629168 -13.982994207 
-10.157700802 14.786332641 -4.030641082 
-7.019014901 16.038307421 -5.300286516 
0.284223815 18.783493507 3.012761862 
-4.732827782 16.937895755 6.173496265 
1.668749986 5.154173859 5.388743508 
-0.928903624 5.486601052 3.328778818 
1.346368347 4.954743279 -5.317975107 
-0.330402510 5.555654223 -2.986131128 
0.651102315 0.737101968 -5.770774572 
0.983464440 -0.315732911 4.694437511 
2.752522186 -1.763590303 -4.110001027 
-3.754736427 -3.621119848 -6.584842059 
-3.600189534 2.034290881 -2.592678362 
-5.167543730 3.451906411 -3.563064522 
-2.475320447 1.325004039 -3.894841583 
0.281973754 2.749231750 3.613432136 
4.290401303 2.899954056 -1.499643690 
3.369044077 11.229521992 -3.978752588 
-4.460597096 0.303414571 -1.235251196 
-6.261305532 2.273755026 -1.100997483 
-3.523655496 6.024418046 -5.158438848 
0.214820718 6.596761572 -3.871440657 
-0.461732765 6.882724836 4.955829849 
-2.247466134 5.723487985 3.497247923 
-13.128642784 14.070207139 -6.660215231 
-14.412875610 15.824655034 -2.177748797 
1.935643150 19.783877111 6.219540019 
1.083245109 22.090652969 2.148111828 
-0.208699896 22.535961156 -12.618351372 
-5.476935436 23.867374581 -12.524424623 
-14.109303010 17.985723724 10.904488071 
-15.276518150 19.852825088 9.960797373 
-11.334612954 16.754372263 -0.022644522 
-7.161598645 16.685281846 -4.292127899 
-1.168624156 20.753559961 -0.708994482 
-4.761603845 17.566243248 5.524529539 
-6.017760297 2.962134654 2.143025261 
-2.571996043 2.425573588 3.301072336 
3.453106823 6.116241948 -2.087024780 
0.088332347 2.763980485 -3.603861277 
1.538782668 22.948644894 11.364399326 
0.884489857 19.984021495 14.511774257 
-14.184013530 16.456824308 -11.283435119 
-11.738307133 14.732401561 -14.113982050 
-1.151394815 2.120788990 4.333613954 
-7.988014619 12.215405960 4.300482993 
3.250551714 11.276972599 -4.661012959 
-0.435612613 15.340259146 -4.187521578 
-4.172356717 -1.306834431 -1.214652224 
4.610941416 3.189845662 3.358655486 
4.458814968 1.630166939 -3.030893199 
2.878987881 -0.663614321 -3.565305018 
2.528673036 4.644184083 13.062784755 
6.684479768 2.585511965 9.523909529 
-5.055738361 1.861069022 -13.284488089 
-4.834229767 -1.553808832 -10.609811618 
19.213196918 22.197363790 -3.316169063 
16.461049240 20.639816479 -12.393463135 
-26.053115489 3.968819572 -7.607342056 
-25.913616296 4.711631442 -7.578989789 
6.454424028 20.481799947 9.426245538 
1.993703825 19.551328790 7.802448076 
-16.685614495 11.234263124 -10.168529848 
-12.714685730 13.356681246 -8.828125783 
-4.414574473 0.482810876 -0.694345051 
-4.794375104 5.251473595 3.337951972 
-8.060768057 -0.078472273 1.308346417 
-1.345866654 5.729528011 -5.150112184 
10.942045154 24.887213702 -15.640525747 
13.312865094 29.128363159 -4.927487761 
-28.296610148 9.908777527 -1.890770049 
-28.132878616 13.032174196 -2.423402723 
8.426061110 9.714773679 -9.824851782 
4.146085027 8.647404664 -6.775654123 
-14.757393384 1.064393772 -0.595457176 
-5.811131968 4.468902048 -0.700508968 
-6.668763628 20.788723670 -14.390944894 
-0.467476122 19.383609108 -13.496620123 
-17.183899043 17.018695125 10.767574921 
-14.323149181 12.892897714 11.174110067 
0.133860101 30.911081522 15.879785938 
1.081570344 26.546631936 19.092111867 
-20.884873476 21.812382639 -16.201915331 
-18.492913421 18.647021755 -19.175947252 
0.377559647 28.269428425 0.329203890 
1.437863940 23.880069683 -1.753056384 
-19.008602789 19.537168625 -0.809026422 
-16.082193195 16.461862610 0.099441682 
-16.268182005 18.292800570 10.012347046 
-14.233086873 21.334199653 6.138407511 
-7.429677557 23.045153921 -13.996584592 
-5.853745218 25.349961140 -8.853415413 
5.444270704 18.743779330 9.652500731 
1.200261867 16.739375728 7.054807407 
-11.252330566 13.160963621 -13.104358815 
-12.909374828 13.343918807 -6.342223606 
18.856867716 20.821366178 -3.214394759 
16.339505833 16.764728414 -12.103414892 
-22.138032402 3.819630458 -12.718475899 
-23.245398961 1.920417311 -6.555804149 
4.457369944 30.517205808 -3.653637923 
9.171603999 30.545403232 -4.883125788 
-23.830285153 19.015629007 -0.669851357 
-25.687816978 16.019363066 -2.979421445 
-1.467292151 6.298661005 -5.226762602 
2.243265521 6.984360312 3.974169809 
-5.898294684 4.470825002 3.997981294 
-5.676963998 4.358674972 0.249568984 
15.392017725 22.851102243 -8.300988324 
13.855813274 26.508702170 -4.053886637 
-26.497409024 8.721157175 -4.746674837 
-26.347208984 13.340853584 -4.174381023 
11.509401129 16.045127996 15.094876825 
11.159742252 20.931300167 15.213908210 
-17.065378326 8.152990937 -14.866432350 
-20.496867462 10.865136815 -14.143341572 
-1.505476668 26.245389941 -5.861580145 
-0.598563453 21.808664186 -4.549517349 
-19.056227276 19.331573548 0.765235321 
-13.076956950 17.138919835 2.585671669 
4.259387839 33.422219337 8.828302832 
-4.205399843 28.492765485 16.379810545 
-22.733889925 17.313306386 -17.962849949 
-20.722050496 20.538871180 -15.234402570 
12.543686053 21.870108496 6.231334382 
15.354394661 21.509941792 6.573595717 
-0.580011761 7.041765217 4.203253031 
-0.846104185 2.748961251 3.718330227 
14.442201755 22.224083037 -13.617115660 
12.709201841 24.877032613 -10.968823810 
-25.518657980 7.941173310 -8.787951251 
-25.908773498 11.884529949 -5.735024627 
2.561243912 7.890230962 1.906386869 
2.982251862 7.240014659 -3.066216595 
-3.948437841 5.109073195 -5.430555912 
-0.711922544 6.944052079 -3.759759693 
9.296103122 19.568594903 -18.105574897 
5.348777340 15.903114880 -18.567533546 
-24.309487575 8.992754541 6.871763185 
-23.098990127 3.742895181 0.362196033 
12.528598755 17.374188781 -16.355424252 
15.575559025 16.220063541 -10.998383927 
-24.819535991 4.448668736 -5.732285609 
-23.859049579 3.384218487 -5.626063406 
0.786255120 17.063313623 -12.875343112 
-2.329996908 16.057805056 -9.207903112 
-17.432874225 12.030223412 7.276569561 
-13.314198218 12.180548231 4.420083121 
7.557773157 30.064332776 -7.283636172 
4.534506388 30.359670831 -3.366879292 
-22.769744835 18.963639422 -8.373486375 
-19.679923796 21.367899405 -7.084167987 
-14.173875986 26.459125419 16.817230953 
-10.359658030 26.406404634 16.976870598 
-18.685848382 15.780651718 -22.291152402 
-17.771535896 22.542041532 -16.162330704 
-15.345819867 20.627605479 4.412865300 
-12.746558746 17.114381585 2.312782398 
-3.804724677 25.663954932 -8.296778299 
-0.669803301 21.743728490 -2.147426476 
-1.583419280 2.580630128 -3.645571320 
-3.661357363 4.706072959 -4.115448805 
-2.787608929 18.098150286 -22.025707277 
-9.703305748 13.471757650 -19.512533855 
11.970449685 10.154064011 2.380857608 
0.016452060 5.015825464 -4.839123847 
-13.618851769 0.918323765 -5.506530587 
-5.278915223 4.648444708 -2.065338356 
17.439531184 25.614682747 1.394915712 
15.053319741 27.600699419 -6.565958660 
-25.298826228 9.981296164 -12.845759746 
-26.876114574 12.219993500 -8.570384684 
0.963162819 19.341530069 11.702531869 
-0.994044841 22.534502542 12.529283687 
-12.999750903 14.065189320 -12.848667746 
-15.063546373 16.799037999 -12.278208071 
0.122267243 17.639908905 -14.670322163 
0.203953011 18.678660827 -9.691565731 
-19.555705518 11.513131850 4.415637496 
-15.495239283 13.606329338 4.151077956 
16.375464334 19.439056516 -12.053060509 
18.448204369 21.480380143 -4.205828427 
-25.915729787 6.376762124 -8.707889781 
-25.425105590 6.130253000 -8.310696343 
-4.306916663 3.297188375 3.718213236 
0.803391335 1.758313094 4.101830893 
-1.646233017 5.665837629 5.250443741 
-2.368929782 2.835301211 3.801478876 
-10.492146513 14.483123819 -5.518205330 
-12.592396460 17.878626258 6.245856809 
-7.348129042 25.411100626 -9.562559234 
2.946809595 22.711041796 -2.475604290 
-5.061280170 28.948928352 18.003743680 
2.746536313 27.103969276 17.991880483 
-21.420248839 20.423080291 -16.892171144 
-22.965426518 16.171113011 -15.641367007 
-3.448877072 12.125724691 -7.849844557 
4.090602307 26.756567285 -2.930658820 
-16.245410128 20.935407374 -4.498999792 
-17.878457498 18.169410069 -8.113071502 
-6.353943952 3.356230480 -1.383886592 
-3.621896297 1.932066156 -2.399636808 
2.801397288 5.809840513 3.147017978 
0.105925324 2.738514964 3.627338219 
-11.298516029 16.672878500 0.342037115 
-8.439380040 16.208932971 3.945771774 
-0.985244298 20.713071772 0.010005178 
-4.125286076 17.864286253 -5.233353121 
-2.989067704 18.398900520 -16.325225951 
-0.663544172 22.274011069 -12.913096271 
-18.405237815 10.648489326 8.038009584 
-18.237809110 14.716603397 6.987375378 
-14.402062531 13.133211337 3.908224761 
-14.450685439 15.797369912 -0.013231217 
0.739891929 19.438690521 -7.746283078 
0.265862171 21.760885630 -4.704041443 
-4.109438083 5.815091141 4.981106215 
0.538924561 6.768655971 3.585828828 
-1.069312080 6.672801035 -5.175939709 
-1.973305456 5.824722048 -3.504710161 
-2.798475808 25.335815195 10.762102398 
3.283397354 24.783760879 7.452442734 
-14.796485395 19.781441946 -10.482006976 
-16.030708380 16.786349077 -9.652639306 
0.308031367 0.372376496 -6.038124194 
-0.908293273 2.612180552 5.608617419 
-3.740034165 -2.640288271 2.090667202 
-3.723982213 -2.959509273 -1.397068537 
4.108537977 9.602896868 -4.993306661 
1.509053629 15.692769342 -1.451906150 
-4.117183491 0.954562518 -2.646216716 
-9.933623884 11.436173815 -0.064422140 
5.017747971 1.909626109 10.270347743 
7.506718317 6.503429580 10.342738809 
-1.815485325 0.595500932 -12.856382748 
-4.086390516 1.831665693 -13.084169491 
-10.374506630 14.639788477 3.894357867 
-6.169800090 16.428680942 5.307283617 
-0.847460864 18.230300053 -5.358175832 
-4.636736006 16.950399609 -6.173487870 
-4.275739516 8.491867267 -15.476701402 
1.555219024 9.779645809 -15.057091647 
-4.663342911 7.789439327 14.810810169 
-9.562681478 4.133471812 12.548887193 
-0.986864339 5.456188594 -3.353262770 
2.249798111 5.561400857 -5.109461623 
-1.017426527 5.360597251 3.295590082 
1.541614148 5.950168096 5.025022543 
-4.837284029 5.322402751 4.597331571 
-0.180208903 6.245383795 4.085342822 
1.557670862 7.127621821 -3.878442684 
-1.908958396 5.507752860 -3.429655981 
-14.912677284 15.386714913 11.861212941 
-11.704542428 19.587463420 13.389025768 
-5.698655569 17.845751824 -15.027079128 
-8.150631448 21.075617789 -13.542870686 
-9.223892751 15.189482618 -4.811382066 
-12.908750097 15.779189221 -2.678793771 
-1.397887880 17.860595082 5.828586493 
1.289562660 21.131566952 1.380254738 
-5.035275376 8.352686276 -6.924068689 
-2.028822127 2.178981794 -3.829471370 
1.842780772 3.631866240 2.242736515 
-4.406914217 3.839958532 4.289239279 
2.689234650 -2.201514036 4.124548108 
2.500562606 -1.697904846 6.946862975 
4.066190248 1.320000334 -2.858327150 
-1.997707472 -3.192127296 -7.482809590 
-4.434902051 3.031477722 4.339715774 
-1.686634118 1.461393608 4.367412566 
2.557563601 11.506207332 -4.141241618 
2.295280056 1.849946902 -3.536143585 
-1.282935999 37.204402257 4.713450924 
-2.176862084 36.633044843 0.232965885 
-18.457283572 22.910455192 -16.760974171 
-22.251933564 27.523041817 -5.551239674 
-8.064836992 18.381973887 15.186479823 
-4.277632058 14.924055242 11.162674157 
-12.121767345 13.429326617 -15.282823117 
-10.072949953 13.210331036 -11.973909150 
12.658441264 27.619162825 -2.350577623 
14.066524310 23.460802878 2.922738984 
-24.597634420 11.886936297 -7.579947339 
-22.954857219 9.505554092 -7.802180597 
16.298352487 3.414640686 4.931230973 
15.854705232 7.652409627 10.324725161 
-18.593521138 -3.982012334 -11.658510716 
-17.423198505 -0.989374342 -13.498462780 
-0.199522477 3.736257348 -4.003508200 
-7.589015149 12.117053703 -4.468895742 
-9.983402619 10.498114025 7.019681078 
-8.637594775 12.975617116 6.290008739 
15.567476738 19.940364288 -6.780114057 
14.699380100 17.580621377 -8.621502306 
-24.487855856 5.682534060 -1.921252319 
-23.771524689 4.527871303 1.201256284 
18.632570885 22.336207466 -1.499515800 
17.110734531 18.391034540 8.033464901 
-23.323445304 7.028354945 -13.431541257 
-20.183981788 5.971589209 -14.913563460 
1.203455646 25.246810499 -9.134186110 
-0.334184683 23.752578203 -4.451109023 
-19.287423303 18.809511811 -4.681408326 
-15.938940272 17.744993015 -1.742288764 
3.512689513 26.364261227 14.946581749 
-0.969731482 27.716185568 12.756084824 
-11.048309823 20.146349469 -20.023822185 
-11.532533203 23.722526528 -17.236098297 
-11.310135409 13.534620988 3.544899178 
-5.563806891 16.137060188 5.813639239 
-1.036197574 17.492420471 -6.582624512 
-4.076695999 16.592192426 -6.497674496 
-16.824677381 20.597851615 -3.301424704 
-13.843454000 24.421161462 -4.994535516 
-0.684254100 27.248406208 3.261739466 
-4.381899550 28.093721502 4.975447291 
-5.887375021 5.261465628 -1.119510079 
-6.779922703 3.337170194 -2.942832672 
1.606848776 8.395147362 -1.848299987 
0.986817469 6.150913844 5.155476309 
2.727907469 -0.543596350 3.611512988 
-1.860291194 5.665921783 3.371069274 
2.320603909 -0.604049039 -3.952155362 
-5.242666321 -1.091272355 2.380419948 
-7.962021857 4.174904527 13.159668530 
-5.063840865 8.560402033 15.037589891 
-2.710722105 6.618922647 -14.659657770 
-5.264902403 8.795402587 -14.687672907 
-9.663511080 9.630187820 2.016346978 
-8.718888340 10.352969627 1.685618820 
2.469756806 13.484476788 -0.231528258 
1.059585410 14.950334505 -1.543409880 
2.787826576 10.400177672 -6.411602322 
1.313013161 13.739762866 -4.945802732 
-10.820001325 8.551782164 0.940271858 
-10.065612904 11.942873243 -0.745385267 
3.879136135 -0.718722676 3.378401523 
7.519509452 -0.037920541 2.690734146 
-4.095706626 -2.505794344 0.571212574 
-2.775842105 -3.456048256 -7.021796404 
-3.797864218 3.607972963 4.149875198 
-3.805556469 2.076988869 -2.015259656 
-5.927518959 1.965796323 -0.898071252 
-4.355626008 0.144793041 0.774537265 
-6.284148834 4.913304623 -13.899760849 
-5.047499319 8.403143131 -15.062987809 
-1.730394757 6.841647578 14.623141517 
-8.447928721 7.592822196 13.837967665 
2.921172957 -0.427078914 -3.499930102 
-1.457505913 5.762121306 -3.312243184 
-3.747967729 -2.690576885 -0.362554541 
-4.181099524 -1.634814692 -2.146202999 
-9.392825034 10.967268994 -1.191067834 
-9.697844776 9.521815812 -1.859553100 
0.547663515 14.850539068 2.656248037 
2.364754815 13.623383661 0.257424721 
-16.557996645 20.794219727 3.604584513 
-14.368660964 24.243182116 4.277538762 
1.192465430 27.269255637 4.618590339 
-2.355918132 28.546511128 0.554420580 
-10.973589088 13.653355863 -4.150123729 
-7.504388312 15.230697756 -5.943670495 
-1.757692131 17.144396931 7.382532516 
-6.324601534 15.711846228 6.952121409 
-2.986256175 4.742664553 5.665328008 
-5.860054908 5.310696639 1.242949437 
1.174437575 3.791444401 -2.944611878 
1.578956777 8.281898883 1.999351827 
-3.993533914 -2.117096040 -1.309694087 
-4.179141165 -1.813138900 1.634979263 
3.648161170 -2.310307097 -2.997920332 
-4.273652346 -3.954047944 -5.661640723 
-9.776183279 6.833404565 2.975887087 
-9.451761328 11.286578809 2.897642734 
4.849586688 9.280528056 -4.105424113 
1.132464908 14.245330230 -3.736171699 
-1.432167424 2.500421958 -3.738644730 
-3.422054893 3.945195570 -5.001643114 
-4.268201256 -1.928654949 -1.418694759 
1.579029368 0.089915737 -4.314818824 
5.290339519 1.678650035 -6.306632560 
-5.897756244 15.728354369 5.334978514 
-4.533361030 12.119909070 -9.711961232 
-6.096571742 13.641357410 -6.544482156 
15.192244777 5.327760755 -13.023583297 
13.000043849 8.862780497 -16.465594630 
-20.143480751 -6.096913893 3.291246304 
-21.323065084 -2.913459929 5.408089566 
16.461687129 17.676536728 1.560946302 
16.810542187 20.131779783 -2.324856107 
-21.562068995 4.232329729 -8.988283191 
-24.075751049 5.883593795 -4.982807472 
-3.754418342 19.133210028 -15.468659951 
-2.906141555 14.339468294 -11.464836010 
-17.612458724 14.986139129 11.734208830 
-11.566233476 14.988916558 11.290130105 
-3.511428885 34.481802625 -11.094502420 
-3.131270458 35.488818558 -4.928593831 
-24.416517312 27.886599295 2.349491324 
-22.684563581 28.460760855 0.080196917 
10.795998933 22.255319572 -11.263228792 
7.708218945 26.645828957 -12.503613935 
-24.442147892 11.257476033 1.849499312 
-25.788301739 13.218727977 0.009014967 
-19.464519084 16.270075467 6.410247014 
-15.452230448 16.713462403 4.193852279 
-6.186575306 22.996637057 -15.847021838 
-4.239547471 22.217938711 -11.074900900 
-20.408823202 8.336045353 17.141010975 
-16.273305491 5.986665323 18.570342254 
-10.764479680 11.884283625 -24.590199592 
-7.910322309 9.385998647 -23.636595532 
-2.229322292 26.819467849 13.964151657 
-3.498136396 23.308983311 18.852262996 
-19.488329425 19.750082699 -14.187520258 
-21.227942506 16.509724480 -13.825998527 
