3.515938227 40.131061378 -5.885625738 
4.461138247 39.757633670 -2.155305569 
-29.106266999 26.566460109 -4.612999660 
-28.199119585 26.367964509 -5.664635609 
1.088587988 22.850994017 -20.971270022 
3.396877753 23.544349959 -18.554203553 
-25.985086436 14.205211294 10.075002086 
-24.462890851 13.097215281 10.216468301 
-13.008389195 27.703626774 -5.577236964 
-13.699585714 25.715797827 -5.743762335 
-6.660646632 29.502923752 3.285766008 
-8.277511850 29.065057109 6.375309413 
20.460358907 21.089627055 13.742272900 
22.384765456 19.601378052 7.442677703 
-25.608382316 2.431130891 -15.589860507 
-25.521600706 3.088192468 -15.195912563 
3.420247367 31.974115313 12.024699369 
1.120882742 32.301268587 8.506215829 
-19.400353410 22.120893456 -15.943252755 
-18.228856726 23.731414653 -13.387024429 
2.499179809 9.474113510 16.792285564 
-0.092411085 9.247091747 16.777117385 
-5.858030718 5.978437069 -16.444419601 
-4.997365759 8.140568403 -16.653082147 
21.770815120 16.184915042 12.692058659 
20.887662262 19.348258686 11.684491533 
-22.656925339 2.363736211 -19.760360135 
-24.168263232 2.635697471 -17.323808300 
3.945875481 1.242364016 18.354604909 
7.534056146 2.311093520 15.117384947 
-8.293141256 -3.077050170 -18.169530546 
-4.458512479 -1.068906063 -18.674981736 
11.765109322 5.551681554 -7.120434589 
9.980452603 3.801617790 -7.380387195 
-11.194047016 -1.697040818 -8.717735493 
-6.161112909 -0.368680247 -1.810162132 
12.317490339 10.449625906 -12.279438938 
11.028316924 10.617639763 -11.287340289 
-18.061857092 -1.642964846 1.639602092 
-16.148024022 -0.579205265 3.806462530 
18.597157625 29.825579266 3.658366295 
16.863063016 31.684414089 -2.286900849 
-31.830108401 10.124842691 -5.521123239 
-31.198143223 11.669405131 -6.954824409 
9.561279135 12.481598701 12.477976685 
10.042086974 14.659559867 12.675131759 
-13.243354731 3.988594252 -14.063654223 
-14.329177028 5.453677844 -14.506122060 
-4.678234452 29.016468762 -10.704461510 
-3.466794189 29.209682677 -7.234043305 
-19.751118723 24.363756690 3.839256104 
-17.654889910 24.405310989 3.128661219 
16.229589249 28.455885454 -12.018164890 
17.687814641 28.592685375 -7.476336240 
-32.130103263 9.445782826 -1.478476502 
-30.816155751 9.739379999 -6.148450407 
6.660109599 14.168376001 -14.977321393 
8.843792848 13.098002121 -13.744094900 
-17.523510460 4.437982554 9.067439646 
-17.877479575 2.966790254 8.453113335 
-16.164266067 11.596195926 15.189706447 
-15.079078625 10.279354039 13.895414392 
-5.231113462 15.311401098 -20.240889374 
-2.364331992 15.156897824 -18.650999150 
-5.845339589 23.135095029 25.799439095 
1.054771048 24.683876576 24.096842191 
-24.019516049 13.409708115 -20.600867208 
-22.853020571 14.515881124 -20.731431754 
-7.985926758 29.548565212 5.959518735 
-4.824838485 30.931526126 3.317610777 
-11.421200861 28.254859652 -6.753286895 
-13.873457118 27.530679983 -6.927192796 
2.964244600 3.983075855 -19.965856298 
3.305153072 3.267185961 -17.965826365 
-8.426348950 -0.627968102 17.155734135 
-3.024569897 -0.150964247 15.953022937 
2.547466670 24.133993595 -20.594229812 
1.975570002 24.663986281 -18.812022990 
-22.637736134 14.675833801 14.903024755 
-24.366312413 15.132961719 10.528387991 
19.487051489 13.248128636 -7.918940751 
18.267422143 14.827154372 -11.909631739 
-23.407496528 -1.971517328 4.023703433 
-23.186543732 -0.351449002 7.694275248 
-15.051055892 31.422262417 -1.417779427 
-15.005132899 29.935551895 -2.833459396 
-9.002966966 34.573906680 -1.027873493 
-7.194668784 33.513588885 2.142437504 
-3.863988595 31.308590967 15.471190667 
-3.371888478 28.632669814 17.222160248 
-20.997595836 23.154727673 -13.622263482 
-20.465681204 21.338292916 -13.325033890 
4.368994803 33.218712585 -9.504971264 
5.805865260 34.711078267 -6.244872969 
-26.109699925 22.982325184 4.266216321 
-26.083969168 22.327471219 4.986224778 
-12.317878842 -0.200875286 15.035944620 
-11.914800534 1.356677384 15.074976135 
2.917706249 4.957678767 -21.404941730 
4.739297675 6.728756627 -19.421604119 
9.406613505 3.119523627 16.775770058 
14.259627527 6.329055441 12.215938728 
-12.691902265 -2.531327777 -17.448445262 
-11.866682296 -1.474079310 -17.263646206 
-12.965479272 16.955732236 21.592557355 
-2.750842111 20.339771226 22.977946669 
-15.105640176 16.046747207 -22.593438108 
-11.485653807 18.005682312 -22.953062032 
-13.808852047 19.059003268 -4.518974010 
-12.356090387 20.674848996 -3.461659148 
-4.132673653 22.999503171 6.914961095 
-6.727751923 22.916869086 5.519225772 
-5.237637747 2.346924580 -15.769459743 
-8.953034370 1.036063436 -14.284644153 
-1.927482526 3.031875073 15.859538388 
-3.365185964 1.753043966 15.087188565 
3.280145489 4.524416747 -2.368304689 
1.762291455 2.721139273 -4.859583955 
-0.913313906 2.867812300 -5.430120258 
2.273647677 2.876861563 -4.334363356 
-9.239653509 9.100096921 10.064575923 
-6.602295783 9.671986354 11.287005592 
-7.462001091 9.445588315 -10.661125775 
-8.181282591 9.137347575 -10.190483787 
-18.622978298 23.335565304 3.779743883 
-17.240550008 24.688466954 3.137239240 
-4.248105504 28.809334493 -8.839508406 
-2.297316259 30.267256575 -4.312996009 
-4.503726731 4.124568734 -3.841839428 
-5.386874406 4.430173192 -3.327761798 
3.456845918 7.282621948 0.818577284 
3.302954127 7.800788501 2.703002078 
4.577684975 1.902899649 -3.465771362 
2.959263669 1.491378309 -5.170385363 
0.500593576 1.687400704 5.463241941 
-1.797938398 1.188984235 5.706468414 
-4.293551745 -4.591735639 4.256182431 
3.441693571 -3.944184758 6.108888650 
3.723244101 -3.779023558 -5.791314601 
3.346836331 -4.263070263 -6.144224915 
-11.526393314 8.997199190 2.452974934 
-1.052278853 13.020594038 -7.915028868 
3.820205976 14.251465057 -4.122819991 
2.193184239 8.065453661 -4.767693807 
-14.258352237 9.820632737 6.635993376 
-15.401325702 11.063729775 5.921687749 
-0.185049633 14.750325123 -13.329679695 
-2.665979216 15.405280260 -14.131104810 
-1.722075151 3.336589735 4.381688030 
3.832043365 4.774926666 -0.837839897 
0.210623893 3.740145299 -4.796013972 
-5.770084867 1.742832170 -1.092527612 
10.869657855 11.587550194 10.294292798 
12.831950082 10.762914115 5.957112164 
-14.380673080 1.706472915 -10.219758061 
-14.241714718 0.846452016 -8.896131346 
2.520795806 -1.155543570 -4.421893939 
5.842825157 1.239287794 2.078461466 
-4.877494015 -2.655270767 2.263299684 
-3.716978877 -3.721615752 0.453427831 
-10.436208723 12.976484097 -5.806271417 
-11.215375402 14.411250942 -5.138712902 
-0.326454418 15.641065515 7.960798407 
-2.185571673 18.202750715 8.040663071 
6.020522490 11.803369841 -14.509607614 
6.027714942 13.324264581 -14.133542920 
-14.228362545 3.908894776 12.230407259 
-18.099431923 5.408754739 7.542579535 
-0.860577510 15.861556444 -13.220305643 
0.446788285 15.118571099 -13.116807725 
-14.008321543 10.338076139 7.448565992 
-14.972059195 9.364569023 5.875804630 
-13.726469591 11.945917798 0.444569156 
-13.752283635 11.609803577 0.693707149 
3.991519998 19.004002392 -0.366465791 
3.950791280 18.642267502 -2.987998058 
-8.630742723 29.217659214 5.484078285 
-9.714448509 28.400326981 5.976449657 
-12.525872005 27.687601289 -5.962055798 
-10.877739143 27.710493175 -7.068905456 
-7.039129589 7.519114981 -10.542150250 
-8.810277102 7.655177262 -9.963617955 
-2.085172888 8.896541080 10.669493808 
-1.125621752 3.700462251 4.423680575 
-10.376568718 6.059792054 5.095200850 
-12.671266629 7.716388117 4.871855585 
3.826188496 11.569991957 -8.325379391 
3.324757204 13.957430530 -9.220008403 
-11.883314957 26.698774711 -8.806979411 
-12.630009704 27.540326697 -7.079068433 
-7.328556532 28.505996192 7.833228069 
-7.603240602 29.639526015 6.069853283 
-12.093697566 9.339800185 1.348814956 
-12.500798570 17.983152604 5.077400195 
4.135661970 15.853027404 1.512337206 
-1.418316800 22.789544036 -3.858975410 
-5.979811319 -0.083504039 0.344507315 
4.652015813 -1.184689329 3.223271926 
4.979727092 3.087892582 1.614023167 
4.187878278 -1.758252430 3.184496021 
-7.936689203 8.020657399 16.817030614 
-7.233907132 7.162526778 16.934063378 
-0.116250624 12.058322500 -16.577330890 
1.011589039 10.261864702 -16.607818119 
-5.888592847 0.889324667 0.320916582 
-5.759856678 1.232359921 0.192602833 
2.436536020 2.871429135 4.147478963 
2.410875071 3.616456942 3.878171688 
-5.374330682 14.134703732 -17.057365251 
-4.550428730 15.498296967 -16.986962262 
-9.803953268 11.704915585 15.785113553 
-13.532531181 11.485403691 13.931950379 
2.740790972 -0.721746547 4.444505296 
2.651492590 -1.164608834 4.423009731 
-3.828605945 -4.466195986 -0.401044089 
-3.577221235 -4.274117467 -0.040240792 
2.855457774 -3.118806202 3.837467841 
4.531862032 -2.207750114 2.907104995 
-2.860914324 -4.970265684 -0.539136679 
-3.248373352 -4.619161487 1.434517945 
2.051471928 16.212151963 14.436417275 
0.851398453 18.735286579 12.997377015 
-10.283643306 11.560093918 -15.553849702 
-10.664806265 12.858739112 -14.863877605 
-3.446105942 2.677149408 -4.075432799 
4.154449871 4.087062907 -1.202708845 
5.214579705 -1.587313959 2.872906948 
-5.090017948 -1.659670766 2.614076647 
-7.530541640 9.513953122 -17.388401871 
-9.971483766 10.827423139 -16.755514529 
-12.062648658 6.096205557 15.307198311 
-10.309708547 4.102044197 15.009511767 
5.061812392 2.807267486 -1.654532644 
4.533090881 3.208526422 -2.425343940 
0.676982746 3.753193320 4.549899188 
1.645813360 4.267605084 3.221703386 
-6.741759045 4.105708072 -3.114047164 
-5.630918582 2.958566804 -3.729368349 
-0.038141727 5.324338629 5.634886455 
0.650719832 4.287990044 4.543677333 
-19.998004617 20.301447029 -1.404857963 
-20.190575520 19.210046006 0.323499939 
1.818323941 29.388478927 -3.990888511 
-0.864373383 27.391781489 -10.212143655 
-6.809585222 21.813530495 -5.869608008 
-5.277207675 22.228324629 -5.101475112 
-9.276683788 20.955066225 3.891447648 
-10.966826378 20.120670138 2.077275993 
2.663001586 2.746350721 -4.041989245 
0.014206216 2.024832939 -5.726014071 
4.649721348 13.795947754 1.738922137 
-0.267123056 3.364563748 4.930062116 
-12.140128082 11.699666915 5.026130183 
-11.961714779 11.926072198 4.443357171 
0.921930703 16.723505923 -8.856525957 
0.097173619 18.511399537 -7.495317523 
1.446966453 -2.892495232 -4.872870423 
1.370182385 -2.113937430 -5.426845500 
-4.256521605 -3.619499278 -2.374595057 
-3.217640930 -4.443217075 1.314270021 
7.825715339 11.193425688 13.144940174 
8.244922375 9.696906228 12.907936534 
-13.923849622 2.776152079 -12.203860552 
-10.255820745 2.360015531 -14.319911397 
3.266419223 4.552106129 -2.242563113 
4.016185400 4.627684966 1.008693766 
-5.492280557 1.676108542 -0.839747142 
-5.561138346 1.413376666 -1.252420492 
-15.274557998 9.698928905 -4.181700532 
-14.171017539 12.002511222 -6.826309382 
1.166662750 14.969139613 12.716931296 
0.259580251 16.866958049 12.898840628 
7.228756957 10.677685691 -13.903991396 
2.261064346 10.814965082 -16.876609411 
-16.106371283 3.098401452 9.752024037 
-17.128108589 3.812646632 9.418692371 
-1.278721548 17.781423022 -9.779297479 
-2.061866845 17.249182996 -9.949382178 
-10.353166092 14.421429513 7.949411298 
-11.351285870 13.745075471 6.862485486 
-15.999454568 7.915396152 -1.660363018 
-15.113309109 6.611332136 0.061193808 
8.567846292 17.005508684 0.403412507 
8.716095795 15.586974621 -2.250991261 
-6.469947598 29.987656750 3.775690252 
-15.359864189 25.725493550 4.904326126 
-10.919722024 28.414940742 -6.134022642 
-10.193117399 28.064524062 -8.147831292 
-17.437707701 19.359370036 7.956520357 
-14.776740427 20.429825692 10.032653597 
2.438810409 26.724530880 -8.084206457 
-0.293857946 25.001253102 -11.640967732 
-6.318058475 12.171337825 -13.591301818 
-7.357460978 11.292564345 -12.940230302 
3.307772476 15.600184391 10.365608632 
-6.221251807 11.172639305 12.497502302 
1.703878187 4.493005791 3.186624366 
-6.291973574 4.054761023 -1.253237478 
-1.047289476 3.067462177 -4.355016411 
3.617091300 7.842082410 -1.912165832 
3.291141039 -2.560922643 3.695930631 
4.563695517 -1.753901961 2.998835676 
-2.875689748 -4.770893294 -0.690077322 
-3.455925110 -4.027706533 -3.012633300 
-10.440512558 5.027307248 15.251835202 
-9.628684886 6.872269571 16.067034999 
1.625624391 9.904390920 -16.487041462 
-0.157951778 10.559525659 -16.822135887 
-2.822991501 0.984648153 -5.224480414 
-8.430840272 10.160074310 -6.419157527 
0.273990659 1.469039862 6.031504830 
-6.153496603 0.296854556 -1.282231207 
-1.942267104 10.427244396 -18.150623305 
-3.531535557 11.461572046 -18.297897517 
-5.320262363 -6.030902298 -1.764461146 
-13.160692352 -2.591707831 -5.772855164 
2.233745773 -0.255774525 -5.135924133 
2.097543106 -0.308090494 -5.002822085 
-3.431837402 -4.360416765 -0.591802109 
-3.575783937 -4.236953855 -0.760611293 
-5.495264006 2.479044706 -3.010850025 
-5.752080337 1.798909697 -2.007247275 
4.228395948 12.606022126 1.667529706 
3.912471199 4.816814389 1.577362882 
-7.021084665 7.301748626 -10.342238272 
-12.991605328 22.066597058 -11.883984919 
-9.359223356 29.262501189 9.881590799 
-6.110685677 25.838862591 11.287406554 
-15.960605268 27.749704271 8.020602986 
-11.669564166 27.912829050 11.260012889 
-9.328181169 30.663839704 -12.630311890 
-8.690772123 29.285123407 -13.166416682 
1.700593816 36.185397251 -5.237186203 
2.370130728 36.301783892 -1.862789999 
-24.517235267 24.712143389 -5.354011365 
-24.916277708 24.929781267 -4.322481731 
-7.217198100 12.785827710 18.352610898 
-3.873110015 14.820369416 17.665071580 
-7.304402912 10.367761581 -19.012380728 
-8.224560889 11.019828805 -17.786395791 
11.119078812 -1.289550322 7.792678378 
11.715682994 -0.955587820 3.942110725 
-5.432756617 -7.645159092 -8.136715000 
-3.016121529 -4.598029952 0.608519180 
16.636566553 20.169665618 10.858070436 
19.396381762 19.116243718 3.732035555 
-24.787668580 2.206328502 -8.223307827 
-11.639144539 5.138775498 -14.572623687 
-5.052869109 1.912164900 -3.380735654 
-4.468860744 0.274794721 4.608878487 
4.738027999 1.847734412 -3.831536614 
-4.150050405 -3.931244629 0.735645543 
16.521792836 18.686197506 1.799064749 
15.024092889 20.943008453 -3.313760173 
-23.052304047 5.305619441 -8.457625547 
-21.746935973 5.801171158 -8.442992215 
6.435702620 2.446398046 13.191433210 
6.571596854 16.776483726 21.574544433 
-11.941165789 8.187870780 -23.442217832 
-12.508433930 8.860318020 -22.715160401 
1.730048691 -3.403008848 -4.820667680 
1.733990282 -3.040968663 -4.779976797 
-2.888145602 -4.954391636 -0.521641142 
-3.295248655 -4.586652256 1.458681630 
7.536153008 12.008260003 13.081424484 
6.818481296 13.799308911 13.089586795 
-11.723388966 5.868444309 -14.703132187 
-12.787591224 6.761899528 -14.082345596 
-5.089517045 2.178193649 4.123898457 
-9.117039327 12.889628953 5.953351134 
1.355644902 15.076460617 -6.672621322 
0.683008201 16.101150422 -6.346912450 
-1.932362562 12.497135073 -17.544710592 
-4.463308854 14.842330559 -17.179363719 
-11.513648557 7.682066698 16.217379844 
-9.131985280 11.093937527 17.511870837 
4.967617942 2.799358610 -1.922625314 
5.222778184 3.302093299 0.186330559 
-5.429239422 -0.467761295 -1.197807674 
-6.062843742 -0.326797111 -0.100640121 
2.436060226 4.557104533 -2.148004284 
2.230373942 5.080092103 -2.483305222 
-0.783726672 4.775323506 4.454121593 
-4.884231661 3.015087697 2.469802621 
-20.160089214 19.939728602 -2.566389483 
-20.383051882 18.899043455 -2.220270157 
4.046143860 28.821417337 -3.209915559 
4.398129440 28.442532152 -3.298048322 
-0.176156071 27.952192289 1.681754787 
0.442158885 26.080669895 5.173349021 
-17.468745338 20.372429216 -0.976775675 
-17.126509132 19.180832521 -3.301558819 
-2.960282055 11.194187549 -9.409884783 
-1.699327117 12.098395976 -9.418980599 
-2.836942247 11.184854630 7.651862150 
-6.391172828 10.433414244 7.659288058 
17.371812280 9.761351126 -7.443478255 
17.356807035 13.204322358 -3.921994599 
-18.089601135 -1.881742295 -7.573197688 
-17.914351914 -0.074020745 -9.153772377 
1.182767015 -2.865381235 -5.043905779 
1.384200928 -2.097950438 -5.467910923 
-2.918902597 -4.674731282 -0.725924741 
-3.929608374 -4.028794285 2.008452088 
10.791934140 11.492718933 -21.138662197 
8.185526702 10.606245741 -22.021160973 
-22.291898907 -0.595172333 9.018848495 
-22.042069316 -1.044114969 7.962139988 
10.522693440 20.101682248 -14.651607530 
11.145576868 19.487579590 -12.974015777 
-25.579163530 8.526734094 4.522787480 
-24.082597635 7.790976000 5.811787054 
-9.010815896 25.711563296 -15.751696582 
-9.947453302 25.233600820 -14.616332787 
-19.890951762 21.607359794 12.307848142 
-9.183265084 25.108335226 15.736657742 
3.459444355 36.323297759 0.133717826 
0.821557639 36.310912066 0.716766794 
-24.204127717 26.440209905 0.617019554 
-22.835538970 27.379795209 -1.159608853 
-18.187859434 26.500746224 9.585016387 
-15.343198297 27.225535774 9.499183414 
-17.831849939 27.077025288 -11.662314802 
-17.208423869 26.656404061 -9.902511563 
-25.066834977 9.219469623 -3.485518405 
-23.901600819 9.015270533 -2.215261525 
0.313624840 19.912871668 -21.109244661 
2.584662305 17.862788086 -20.366752393 
-15.432659429 10.464778830 21.188616633 
5.157581378 4.637649084 0.309551962 
-15.443197106 10.593490600 -22.325984991 
-5.755818578 1.205430921 -0.892066653 
-14.678504442 9.891868467 5.643763453 
-14.935410592 11.405023424 6.071780610 
4.246200850 16.358561943 -10.508793028 
2.981562905 17.979333755 -10.883438652 
3.192282567 4.526783108 2.364418405 
3.190650811 4.483347429 2.539564009 
-0.587595513 3.386183776 -5.640693263 
-0.538712285 3.040699030 -4.309628565 
8.261610417 13.535683160 13.146289432 
12.368457122 11.885068884 7.810046927 
-15.082551311 4.035848560 -11.862521619 
-14.351434602 3.002225828 -11.653548633 
1.469811422 -2.907525942 4.859630049 
1.345941031 -2.134416461 5.418091193 
-4.308324928 -3.669475087 2.228062092 
-3.240708808 -4.355556554 -1.557825306 
-12.161850581 11.540614209 -5.045341440 
-11.148186518 12.205130448 -5.501241850 
1.358698031 16.926161855 8.346668817 
-1.022941383 17.865669211 8.692094414 
4.592325154 8.645062332 -15.366165675 
4.313598966 9.917995283 -15.511035290 
-11.180284321 2.405123142 13.850940230 
-14.230385787 3.566190876 12.265942211 
-1.414221804 13.112868959 -13.465282984 
0.346443731 12.466782609 -12.861338902 
-12.315877854 8.722763786 9.271095571 
-11.448784752 7.923300536 9.148516857 
-14.760589747 12.899389245 -0.019188368 
-14.361620517 12.851351669 0.579031711 
3.538644430 20.144224091 -2.273157982 
1.969633480 19.593636605 -5.273310772 
-2.360792897 30.763958676 -2.670758307 
-5.260997515 30.560709434 2.304970308 
-17.422893233 24.810429116 -2.227777945 
-16.055651392 25.956213165 -2.471704708 
-2.180963824 3.065765731 -4.293016501 
-1.340708640 3.454168023 -4.406296110 
2.600588805 4.863919088 1.823487819 
0.841606090 4.466033660 3.658161332 
-17.107543066 13.222111412 -1.590607299 
-16.971029420 14.391252963 -1.229775963 
5.728868951 21.784639986 -1.364190942 
5.025019534 17.378120308 -4.281531275 
-7.508820561 23.327939145 -15.561660113 
-7.673597861 23.602148540 -15.565557963 
-14.761709846 19.752583744 13.110330433 
-15.373632552 20.894414200 12.452321742 
-11.991422933 18.056929669 -2.888141141 
-11.597224729 18.049584743 -3.335023745 
-0.936566564 22.607953566 1.015958536 
-2.748011679 21.836857891 4.854452137 
-5.699249475 0.159739611 1.178412596 
4.627630842 -1.046188026 3.239907716 
2.988119905 2.549450593 -4.192084384 
2.540471939 2.242002289 -4.488711955 
-9.430043995 17.298844029 12.888292274 
-7.989637646 16.110640932 14.735698497 
-3.902206048 19.148393795 -12.936727505 
-2.342823453 18.157753150 -14.012745915 
-5.465297959 2.276452422 -1.456002523 
-4.513695400 1.418072625 -3.253936638 
2.146609593 2.098695905 5.135620416 
0.931534803 4.532579009 3.935794106 
7.024217993 2.683124977 -3.906281621 
6.231825422 1.665950408 -4.230386595 
-6.994864200 -1.677928745 0.604302002 
-6.440297457 -1.900680503 1.071985108 
-2.011669539 1.181652110 5.556561070 
5.929355411 1.985720929 13.298115668 
2.936168652 2.432450444 -4.156778366 
4.513602816 1.993850858 -3.307277776 
5.090549910 3.320354491 12.974806497 
4.274699041 2.272600564 13.064226550 
-6.996220697 -1.387582973 -12.308036931 
-3.235146590 -4.829808817 -0.675878173 
-11.709110958 9.317468734 2.936921659 
-11.444924763 10.922722083 3.457914620 
-4.472914282 20.286979370 -8.956397856 
-1.622965831 13.876434822 -8.809130301 
-5.516459015 -0.002101475 1.657053069 
-5.575756651 0.139665793 0.684823433 
3.738519496 2.303244326 3.919948024 
2.282785039 2.279361364 5.053861365 
-5.304606816 -1.870666705 -11.292073455 
-3.154203043 2.528474105 -15.465377594 
-6.102621847 0.698519246 14.390233856 
-9.964223944 1.068816682 13.708426201 
4.902390874 3.478527598 -0.154067619 
4.816068812 3.865899788 -0.038684587 
1.035922610 3.811223549 4.383236910 
0.605277209 3.466613114 4.779483567 
-10.972609470 7.522123286 -1.930792637 
-10.931434807 7.213088191 -2.651741966 
2.396401182 13.779754500 6.964119594 
3.091495733 13.652410625 6.114198399 
-17.550700680 24.717632533 1.021884145 
-16.852785556 25.489691126 0.645522033 
-3.983538662 30.893114824 -2.186023535 
-3.950495022 30.453516540 -5.131801514 
0.189549265 19.003056692 -8.286914667 
1.263155878 19.353648708 -6.826721244 
-12.444589171 14.550346370 4.803540862 
-13.774326711 13.849212714 1.795209050 
-5.018969437 1.375529001 -0.878085438 
-1.109091968 2.287964474 -5.060391417 
0.633240784 3.274212686 4.084576119 
2.816553808 4.406717961 2.412111421 
-9.857361418 13.219938319 6.199099152 
-10.166535989 14.822496845 5.998118041 
-1.041808874 16.038436400 -8.827697946 
-2.174460808 18.167458142 -8.136221766 
0.623816204 -0.361732247 5.820733490 
2.635815877 -1.501102442 4.257124442 
4.616722117 0.764034695 -3.808523782 
4.610152416 1.572140850 -3.296637326 
8.360504612 14.556616677 11.909999456 
9.315803721 12.315171986 11.781454801 
-15.556841238 5.015005674 -11.336542495 
-13.935707014 3.781143130 -12.472219911 
-0.864312674 3.687127927 -4.385205554 
3.837062041 4.873086872 0.019468205 
-3.621959043 2.350924153 3.482142886 
-5.774832222 1.764594405 0.163940713 
-14.608061187 9.837463997 -5.877510755 
-15.442905328 10.933905686 -6.197363467 
-2.361912943 14.018662218 13.787730016 
-2.485679907 15.753298102 13.928472861 
9.818604859 10.147991037 -10.951645899 
8.646569745 10.886133640 -12.822894463 
-16.137451817 0.256039899 4.020211857 
-17.807669571 1.361309039 2.796531565 
-0.360959661 16.746800592 -8.865662647 
1.042543955 16.878955321 -8.364602261 
-13.219717713 11.798634655 4.208016849 
-13.632244126 11.203647115 3.597936709 
-16.338325005 9.334199198 0.336735084 
-16.079789383 8.407822852 -2.274423327 
6.896443923 19.414459520 1.542613233 
7.448520284 18.213015272 -3.488119460 
-4.406626208 30.495703157 2.548594493 
-11.340385411 28.076976463 5.870838625 
-14.278063202 26.739384541 -4.861135830 
-13.258784431 27.412895666 -5.619513968 
-18.202262172 23.481721085 -4.646663521 
-16.308045539 24.867470894 -6.071208844 
-2.316864876 29.436711636 7.253693449 
-3.333038569 29.979708183 5.517803530 
-7.760591273 9.434179050 -10.851709181 
-8.387868910 9.074333358 -10.558940287 
-3.659948468 11.095676283 11.389122613 
-7.443286283 8.969209243 10.251366760 
-5.685098884 4.356706176 3.055287327 
-3.782786654 4.224896371 4.145129344 
3.366132561 7.319746717 -1.690314179 
3.549897463 7.867654649 -1.861796284 
-10.753291058 0.353925686 12.844491747 
-10.000277711 0.481242452 13.413807177 
-3.541795676 2.485062236 -15.716348038 
-4.506098105 1.308228237 -14.813487867 
-13.171862985 19.486868385 4.877496053 
-12.036521846 20.766511185 3.032324474 
-5.374899295 22.544816406 -7.633140471 
-6.041835567 23.200717138 -5.467923343 
2.222412208 2.838505869 4.407713808 
-0.643138781 3.326902776 -5.034337324 
-5.701817397 0.854773256 -1.981114814 
2.158290265 3.990441043 3.894436318 
5.945496420 -3.584464107 4.174020585 
4.790785352 -3.854651642 5.440860741 
-4.546756738 -5.463567030 -0.161140444 
-2.740627230 -5.746811197 -6.110679206 
-5.895712063 -0.451351734 -1.143578565 
-5.381168483 -0.158041335 -2.954832944 
4.577540545 1.901940544 3.442889166 
4.360450017 1.656094074 3.789617094 
2.151078218 12.304384140 -8.051388186 
2.894101029 4.477294788 -3.633375049 
-12.022553087 8.002230293 0.829536938 
-12.112554341 8.362478811 -1.139005283 
-2.869828728 30.178436680 -16.708706145 
-2.134357192 28.590193803 -17.340615984 
-24.443406600 21.745445683 9.921936580 
-25.041405441 19.297668085 7.687919831 
-14.952071531 31.700761739 0.252005213 
-14.724059836 30.585071186 1.284498903 
-8.897071907 34.625665745 -0.433645388 
-7.030754445 33.128473498 -3.890032001 
7.249990181 35.168362941 -2.139812756 
6.504941196 34.565069334 2.543639099 
-25.195801308 22.358146454 -8.020499982 
-24.364769852 22.636218308 -8.682935193 
2.419012711 24.160667284 20.455491855 
1.023025695 25.213791766 18.470031568 
-17.555460668 16.580604904 -18.845986933 
-18.467394601 17.074061132 -16.805272901 
3.652429444 3.506296025 19.222919338 
3.251686543 2.446541859 17.377444308 
-0.999270048 2.312711176 -18.814606436 
-3.072244112 1.005983267 -17.045966223 
19.125280022 15.426182232 9.689324884 
20.145531537 14.878811493 6.513360911 
-22.796408986 -0.160664704 -8.985198277 
-22.984238035 -2.478844812 -4.085878691 
8.031202715 3.604861451 18.002046467 
5.093482236 3.681118922 18.596949694 
-8.975302278 -2.060563161 -19.027510373 
-8.255308772 -0.323882968 -19.499104738 
18.146098565 10.187410582 -2.873655202 
17.082121338 10.788135225 -3.984494811 
-18.458249886 -3.595134219 -6.971342811 
-16.471207693 -1.667296782 -10.079567551 
6.272534479 24.424908682 18.547476577 
13.795818526 26.769675771 8.446095579 
-19.994171586 13.319507639 -19.501124455 
-16.805744436 15.550894924 -20.747508712 
18.066051316 29.472556411 -8.130218863 
17.536852512 27.189071286 -11.779116859 
-31.967491368 9.469403651 -3.722230345 
-31.439555605 9.089635750 -3.821733944 
-0.168342208 31.557483359 4.160685262 
-1.641487728 30.283672681 3.623566048 
-18.201072120 24.192587991 -8.159874492 
-16.328965087 24.317945265 -6.623119798 
11.908267494 13.763797644 9.994882450 
9.025218767 13.760829708 12.059110482 
-15.209613903 4.177877506 -12.965053846 
-16.231368206 4.920914417 -12.056546741 
17.365221060 29.056246635 -9.292432695 
14.876130556 30.602422952 -10.033910615 
-32.229650750 10.139382295 2.293280869 
-31.691058088 12.741128406 -3.206829125 
15.259294161 11.504040408 5.735551226 
13.092696365 10.410952424 6.271069886 
-16.181455048 -0.361619376 -8.697720792 
-14.893350311 0.677870114 -8.504224013 
6.746269594 13.184082904 -15.649352723 
7.939718450 12.120008293 -14.024507479 
-18.720185277 4.171854005 8.940671839 
-18.640726904 2.264519354 5.689097536 
1.211690111 23.879283280 25.377748847 
-7.891010578 20.403487653 26.272144595 
-21.593303839 15.310107214 -22.440523478 
-19.502881727 15.017298488 -23.471118712 
12.448144343 22.600622092 5.508610614 
13.001883107 20.586917499 -0.770846287 
-23.416416914 7.455238256 -3.563735932 
-21.269199412 7.445847473 -5.825064186 
-8.411550811 29.597639741 5.673556609 
-7.086768693 29.815688665 4.462221619 
-15.393900660 27.065541771 -5.209309645 
-16.883515547 25.838484713 -5.038484511 
-1.776593165 28.812063099 -17.618553387 
-0.547846678 29.758719553 -14.100610244 
-23.387165204 21.421351238 11.670002320 
-23.584463861 21.899356819 7.849962954 
14.211814032 17.831354005 -22.317270113 
18.314411797 18.061980252 -16.899511477 
-30.616283932 1.213558460 2.060806153 
-28.692766762 2.268177130 9.234013035 
-1.500641659 7.006640650 -15.633954017 
-2.109281390 7.925273691 -17.721656127 
-10.185945639 5.933848354 14.952706148 
-8.519456801 6.061746912 16.574554445 
6.728092602 27.763770234 15.148357804 
7.137472604 25.009162281 14.533851729 
-21.266695166 14.833772584 -15.975176791 
-20.428399831 15.051289460 -15.098688677 
2.650874689 40.497928420 -3.484520700 
1.736038819 39.711494708 -4.630804456 
-29.546344781 26.544691441 -0.608845434 
-29.049874435 26.014020497 2.142247334 
-12.920556630 26.088694569 5.722118542 
-13.512502734 27.209047021 4.146796339 
-9.200553766 28.825149221 -7.322905100 
-9.243628080 29.528673851 -5.562990883 
15.840526901 5.331951166 11.439244566 
14.290809677 4.068644091 8.150669711 
-11.363293253 -4.463509657 -15.610058854 
-7.294132031 -2.743823770 -16.357346475 
-3.940187192 6.948085797 27.767223153 
-13.462602932 5.762546295 25.405314086 
-8.878979147 8.535660636 -28.410329192 
-4.477119383 10.214113555 -28.289617388 
-5.880801825 -0.367733387 0.810204157 
-10.036941559 -1.456185760 7.186888179 
7.049973402 3.349400816 -11.832754234 
8.481203997 5.705705698 -10.685333070 
-9.637891489 26.860905521 14.862120288 
-11.631913304 25.376877000 13.263190036 
-9.899476443 25.311947277 -16.831176771 
-9.952238037 24.697593342 -15.791255232 
14.648973354 22.500237464 7.869407254 
12.147336812 20.929815643 11.404250004 
-21.933833177 9.198515932 -13.169685278 
-22.321807068 7.979986190 -10.016335080 
0.655824238 36.187552473 -3.352317234 
0.677843373 36.061099072 -6.794596066 
-23.083718967 27.135251940 -1.173619996 
-24.353536006 26.065448541 -3.562273706 
1.459622551 -2.888077197 4.885497139 
1.403251861 -2.121170922 5.443488076 
5.138015577 -3.234956438 -3.022519255 
5.394882589 0.881658655 -3.106736521 
12.932352677 9.616229630 -12.882369626 
16.557387635 12.509225653 -4.612261615 
-20.120442890 -1.756177769 1.234261920 
-20.134358153 0.389478679 -4.482720477 
12.923892755 12.426004094 18.529598375 
19.620419389 15.186710751 8.306365306 
-19.640117255 1.233632725 -13.463116518 
-19.690379948 1.337337372 -14.115961261 
7.554751043 21.555739471 -16.096431234 
3.983750636 19.191079556 -18.245434057 
-24.483805681 8.553529113 7.641994795 
-23.651935114 8.166965739 4.509734296 
1.021813241 34.081589823 3.667521902 
-2.551136197 32.491615882 5.140991860 
-21.120842741 25.260685552 -7.167511992 
-22.602020516 22.364856606 -9.966723796 
-2.662102163 1.056157999 5.286809659 
15.742040212 22.091130670 11.762457474 
4.910836657 9.177850317 -2.979224990 
-22.188083933 6.062726616 -15.594963637 
4.776004340 2.838615419 -2.636817353 
4.982050217 3.075554075 -2.971952870 
-5.469096614 -0.577817012 0.778464662 
-5.985006772 -0.500231646 -0.637433624 
1.234111817 13.548412388 16.808438426 
-6.773418204 11.982972571 17.563650375 
-6.629634856 9.971758913 -17.988185300 
-6.311438006 11.222311022 -17.881127688 
2.551606928 5.183681257 1.853610249 
1.887630077 4.812973873 2.773653708 
2.361458388 4.883763192 -3.331760619 
-4.083188178 2.291749385 -3.244417427 
4.867429526 11.770365286 -14.833936568 
7.959592267 14.208456069 -12.018765295 
-13.996172557 4.973397202 12.818111419 
-17.176712846 5.448546989 9.083849985 
1.725611907 -3.474639418 4.890283672 
1.720522083 -3.064150997 4.736736997 
-2.801081903 -4.978800888 0.645164302 
-3.254535770 -4.579470481 -1.635802175 
-9.263199791 13.086908030 -5.783309608 
-6.024932728 1.575870368 -2.759386036 
-0.825895501 15.393897177 7.897115268 
0.878180187 14.969724754 7.160262908 
-11.424459907 23.366755145 8.583427361 
-6.823829705 22.988747464 9.998215355 
-3.616112103 26.791377417 -6.946616879 
-4.486201113 24.395268661 -9.623249028 
-3.875948596 25.810309234 -12.806089679 
-4.921012270 24.751149667 -13.595579919 
-19.441333300 20.152849183 5.355322665 
-20.274005340 18.526443945 4.173062953 
-10.658075084 8.355996706 -4.218396181 
-10.142870554 8.383118650 -4.673722554 
3.961291360 14.866952570 2.898072257 
2.638538330 14.241117896 5.256120670 
8.657535856 -1.276005320 -11.100425674 
6.431461003 -2.335334633 -10.238025451 
-7.263744874 -9.417073869 1.652900336 
-3.084089662 -4.593180010 -0.819345002 
-7.038499782 12.096724213 -19.323042949 
-4.556416735 13.400560558 -18.529451225 
-14.932565825 5.466742837 15.020151120 
-12.681431978 9.737597810 15.901681497 
16.740864550 17.744616978 -12.700142795 
16.379728884 18.750635041 -13.165198799 
-25.554135590 0.843309280 2.332150300 
-25.907417280 1.389587608 2.164992695 
-17.421590885 26.983503315 -9.983361757 
-14.560552221 26.897894849 -10.837325599 
-9.543896712 30.701129456 12.467113720 
-10.064425835 28.436756397 13.335639030 
-7.372575941 6.978900900 10.116938434 
-12.757001458 21.050418210 11.736687278 
-8.821774733 24.016875149 -13.578165912 
-8.275544724 26.845843277 -10.838141175 
2.981466772 35.684901367 -5.061092264 
3.257613815 35.969249073 -1.179260449 
-23.765195176 26.356465843 -3.075442902 
-23.779191802 26.282744655 -4.426729289 
-17.857254953 4.846156406 13.016539901 
-18.682154698 7.109683141 12.547593118 
-4.796642347 13.669853899 -23.320450919 
-3.248342890 15.499309349 -22.118297259 
5.275227207 1.803248368 2.716715669 
5.662247283 2.841037206 0.470702249 
-1.322308719 -3.420603254 -12.543697770 
0.368179920 -3.007769717 -5.293178994 
-3.321060359 12.527342053 24.181135829 
3.051084990 11.702687525 23.286757112 
-20.428688896 7.277502788 -18.260049087 
-21.916532947 5.577836984 -16.453180121 
-10.346686280 5.183170151 -15.343483322 
-3.893588511 8.812043608 -17.380598318 
1.629023825 9.861372760 16.489504204 
-1.037396888 10.271998237 16.978321785 
3.372923797 -2.508754390 -3.690803904 
4.496752082 -1.840184173 -2.980254543 
-2.911606755 -4.771698338 0.584671007 
-3.386747126 -4.357336247 -1.066579731 
-1.585761776 1.795984172 5.627452951 
-2.556409695 1.035068910 5.343658860 
-5.645527528 0.241567798 -1.371850300 
2.249173490 1.991505244 -5.324620110 
-9.967579018 10.980231697 12.464347398 
-6.357347701 11.610974824 13.142183011 
-3.133413726 13.242608031 -13.257840389 
-5.909634959 11.320332917 -12.601867024 
-17.096655640 19.092574560 -8.624198506 
-15.902126667 19.466781472 -9.542631609 
-0.223285935 25.459590564 11.818187243 
-2.359598804 24.856722446 12.708989326 
-6.427801765 4.231030563 0.404698999 
2.482260490 4.449537793 -2.951839114 
3.362057357 7.076568445 0.534949564 
3.583108225 7.793485895 2.130355091 
-3.332116315 -4.335632982 0.656594276 
-3.420879544 -4.231088821 0.941889380 
4.195321829 -0.567300605 -3.753891289 
1.617456568 -1.816020871 -5.156144765 
-18.940642220 3.846836517 -4.612238765 
-18.397410977 5.303378683 -7.729796125 
12.513279399 15.276600742 6.856649436 
2.382243735 2.538178105 -14.579546804 
0.337111329 3.329195193 -5.401083174 
-0.129780991 10.872278703 -7.941696328 
-2.732215493 3.132215894 4.892421858 
-2.506920765 3.791323691 5.088868159 
-12.578505366 17.349978359 -16.272592131 
-13.513807324 18.551715144 -15.630631654 
-5.164794198 21.107031762 16.494679742 
-6.877200012 21.764627652 16.119825077 
-1.688838836 3.009010923 -4.369771186 
-1.275338224 3.299034468 -4.378258619 
1.774546962 4.429680974 3.198663125 
-0.252646457 3.813544656 4.200993930 
-13.634318117 15.818825599 4.858832744 
-12.389939874 14.324815384 5.887190052 
1.425290168 21.020832952 -6.201563100 
0.726269323 19.549907831 -6.776123012 
-6.472179582 5.767272222 17.107914020 
-0.365757119 7.668152257 17.610162724 
-6.783236234 5.308622527 -16.465310243 
-4.951372958 5.211879498 -16.598231125 
-9.894117560 15.013830174 -6.838986116 
-9.117873303 15.451318387 -7.081605574 
0.626204262 19.061891760 5.806479215 
-3.123768990 17.766521343 8.347556813 
2.655352927 2.905296345 3.973637921 
-1.067550249 2.951004263 4.541613139 
0.668231088 2.245321377 -4.881349763 
1.733454200 3.801298020 -3.716569894 
1.338636950 -1.973657134 -5.427698099 
3.355638196 -1.601925708 3.897685486 
3.214814159 -4.153588113 -5.545859822 
-2.563162178 -6.085509014 -5.877380551 
-5.873276851 0.541828691 -1.783301165 
-4.983262106 0.628826464 -3.410974344 
-4.779861065 0.018492953 -4.826181192 
3.055515346 2.651808838 4.177247717 
6.118459201 2.992665185 -3.633341394 
5.356807578 10.748194744 -5.935380097 
-6.508535665 -0.748936888 0.372064835 
-6.338530505 -0.507283144 -0.502659920 
-2.640623078 3.536453270 -4.187165914 
-0.366091894 3.836958861 -4.281524702 
0.270236626 4.320509018 4.052420615 
0.178419532 4.312518891 3.996829057 
-15.869997507 13.982999158 -5.967540264 
-16.688756250 14.621187195 -3.315937707 
3.958217275 21.618777696 5.487140334 
3.532068448 22.813190221 3.365338463 
-0.801468307 24.411161923 -14.668436896 
-3.825028616 25.248085425 -14.379526785 
-15.026085826 19.776718967 12.911322160 
-17.927225547 19.418601830 10.849763183 
-12.283786164 18.041671363 -2.371624857 
-9.402840242 16.185984971 -5.947261062 
-0.928718841 22.555989820 1.475693944 
-3.105876044 18.484737491 7.625485322 
-5.607275666 0.196547026 1.706115208 
-4.765126420 0.645735491 3.375032418 
4.697266915 3.605583622 -1.641900981 
2.860334629 2.519361299 -4.146009110 
2.217155199 23.814265368 13.971181982 
1.874650724 22.490948729 15.390962266 
-15.057053057 16.680274123 -13.966538721 
-14.138213716 15.863773025 -15.093788407 
-3.015519874 1.266917174 6.278159437 
-10.693466924 11.569727309 4.813026382 
4.183897367 13.905575970 -5.139337284 
2.022947344 16.735203292 -4.100946388 
-3.788122976 -4.077656529 -0.709371366 
6.164229323 0.809778778 3.308314442 
5.328406285 -1.064674656 -2.998273330 
5.418047892 -1.473725174 -2.665214275 
4.156380159 2.787210354 14.465669351 
7.303402382 2.335320066 12.277814251 
-5.353269566 -0.663077113 -14.525966576 
-4.814850680 -2.227584208 -13.350473580 
20.960255053 23.384919012 -5.198010669 
19.072006573 21.711609126 -12.567626795 
-28.698240827 3.467207832 -6.745380410 
-27.854235625 3.968588173 -9.498957494 
4.179472955 21.007169738 11.021268571 
1.640883407 20.374134878 10.483944690 
-15.455997567 13.145845721 -11.853064459 
-13.005165134 14.004433788 -11.562955399 
-5.997918281 -0.400647040 1.456493910 
-4.794088958 2.435978497 3.463798911 
-5.549442730 -1.255248597 0.812523722 
0.124575216 3.359319747 -5.542097687 
12.446658214 27.241933731 -15.981937959 
15.646336532 30.124066670 -6.147923662 
-30.573835761 11.011382673 -3.154417951 
-30.753972912 11.963313180 -2.270305496 
8.730254314 7.221986333 -8.552984427 
5.151034175 6.098219154 -7.463354473 
-12.621058043 -0.724767387 -1.070717855 
-5.173934827 1.918531807 0.349192162 
-8.894083327 19.476882326 -15.509293214 
-2.325893023 20.803688367 -15.063048978 
-15.788593984 17.310056594 13.213229772 
-14.439112988 14.784231249 13.270064512 
1.347730064 31.525915227 18.361746041 
1.508782230 28.954396607 20.507991365 
-21.907548252 21.506857014 -18.820851743 
-20.629686701 19.932573214 -20.502426145 
1.391196815 27.988995033 -2.297419544 
1.974002246 25.699536026 -3.832820016 
-19.571660878 18.423775710 1.713632716 
-18.072333094 17.161014610 1.980940301 
-18.567399906 18.448831036 8.396881380 
-16.845936037 20.465611175 6.784653864 
-5.312092124 24.921662415 -13.902961505 
-3.898209797 26.548653186 -10.507849532 
3.423153054 17.569577531 11.249894499 
0.816880347 16.212012316 9.812379188 
-8.736670354 14.271592356 -13.775569251 
-13.402395195 13.197148926 -9.137285375 
21.130091193 19.836948335 -4.585423688 
19.175403856 16.711581971 -11.987566781 
-23.401601343 1.275534049 -12.705424411 
-24.616092028 0.448560489 -8.547625573 
5.201392037 33.082652853 -4.587805394 
7.821636008 33.024842340 -5.034818572 
-25.757415539 20.384078712 0.864772140 
-26.899097238 18.572963558 -3.272928019 
-0.967172506 3.659810300 -4.392309478 
2.204709020 4.149397093 3.960889151 
-4.198259366 2.236835335 3.742231068 
-4.892119616 2.017186196 1.651098567 
15.810255980 25.148531784 -9.920722655 
16.109347990 27.000595767 -5.714183888 
-28.919188294 9.963123882 -4.024304681 
-28.926145543 12.229127251 -3.739901902 
11.992767101 17.128447399 17.648030295 
11.771493103 19.784758240 17.735499693 
-17.966296176 9.142666970 -17.360677127 
-19.722409490 10.495213407 -16.836777596 
-3.012948517 24.985905856 -7.915240515 
-1.566320089 23.075512925 -6.900597738 
-17.992743479 19.821004562 3.354253113 
-13.608130419 18.553635586 4.978948518 
3.616078687 34.710661252 11.278309937 
-4.929138224 31.075036065 17.235155472 
-22.641185642 18.182807055 -20.652915923 
-22.553702640 22.546550731 -16.037287521 
15.094313470 22.669554297 7.113785425 
17.762283305 21.281052323 5.081333972 
1.727166114 5.753986659 5.250905689 
1.634591366 2.694368596 5.046144508 
15.780239813 24.695684167 -13.462195041 
15.463163495 25.404549458 -11.223700111 
-27.256763582 9.359245023 -10.506120103 
-27.942926690 10.736871250 -7.351699862 
2.432910972 5.080461749 2.033884422 
2.968692904 4.411252250 -3.251739394 
-2.412234910 2.827299888 -4.803003076 
0.819796416 4.596984868 -4.067949327 
8.399780898 18.441102858 -20.554396715 
6.099177918 16.375540955 -21.239778808 
-24.948364702 7.597547380 9.231870636 
-25.569083528 3.800693124 1.711730008 
15.162393722 16.434329991 -16.783735477 
17.100876587 15.819763376 -13.355416947 
-25.541265221 2.153941181 -7.196630789 
-26.089803328 1.758903634 -4.948648548 
-1.842373219 16.153515442 -13.396425225 
-3.632997989 15.194523013 -11.581154564 
-15.739219742 12.460036194 9.506439256 
-14.178246870 11.560427420 7.055151584 
6.546959075 32.692463949 -7.286366142 
5.577793174 32.978010363 -3.284948767 
-23.784288351 21.600175956 -8.288565328 
-21.612329076 22.948491330 -8.400458937 
-13.123261431 28.648443438 18.256382405 
-11.644277082 28.791753146 17.834920372 
-21.385145405 15.156220090 -22.921981058 
-19.191031785 24.833887007 -17.061008347 
-16.379362716 19.471215546 2.045643163 
-14.870199180 17.842172565 0.592527994 
-1.748916591 26.116636087 -6.406709545 
0.172234814 23.595529993 -0.163021054 
0.589299365 2.369255398 -5.419045382 
-2.835386810 2.490534740 -5.645470316 
-0.454661261 18.179372364 -23.599368797 
-10.363145653 13.125463785 -22.229264607 
11.512577780 7.491243881 1.541209427 
0.629411256 2.286405439 -5.209138393 
-11.647381908 -0.864282034 -4.543305567 
-4.020969180 2.303329377 -3.040491885 
18.819384654 27.892875733 0.443925955 
17.753532692 28.448668367 -6.598725535 
-28.019203679 10.758547413 -12.875805634 
-29.056846007 11.174806539 -10.035350814 
-0.498462391 20.879544264 13.574303221 
-2.695301391 21.444418790 14.511269112 
-12.815539043 16.200195030 -14.692890117 
-13.457223295 16.937967807 -14.603756081 
-2.636531927 18.089600554 -15.103340418 
-0.640352545 19.136812519 -12.339020794 
-19.055539638 13.147385879 6.666165687 
-17.076555227 13.997433313 6.462200439 
18.873146072 20.743441378 -11.815378184 
20.595692187 22.316384616 -5.842675349 
-27.489075509 6.549597933 -11.053171520 
-28.146100320 5.381892319 -8.171252434 
-4.529530119 0.489920829 3.975332608 
-0.487631104 0.539728626 6.291128400 
-0.208166443 3.280758504 5.672233873 
-0.399003268 2.688486702 5.807135610 
-13.014933339 13.248628391 -5.704361270 
-15.386820687 18.303274933 6.264158005 
-4.582990541 25.925995157 -9.668153609 
4.732363549 24.538214467 -1.293991563 
-3.924838981 29.659069164 20.495920359 
2.425471426 29.197216787 19.861037455 
-22.933540301 19.500063378 -19.105647472 
-24.691683739 17.661387697 -17.303588057 
-1.650588370 11.699139005 -9.972102572 
3.314304764 27.438005050 -5.566788280 
-18.895089418 20.035543090 -4.100088965 
-19.736952124 18.507577130 -6.007447789 
-5.988362911 0.637134961 -0.779370837 
-5.618772180 0.287014577 -1.255670793 
4.118580292 3.323383328 2.825468211 
2.886666199 2.502711075 4.132992349 
-12.107458644 17.964871187 2.740170221 
-10.995852243 15.548116448 4.967666589 
-0.901512680 22.392099309 -2.281570410 
-2.210612248 18.899806892 -7.039238200 
-2.269049361 20.739911968 -17.712161102 
-0.522452509 23.006230823 -15.628006922 
-20.689201241 12.022831580 8.943542963 
-20.135387079 14.500982757 9.072461761 
-16.925201974 13.343122624 2.677961370 
-16.935671713 14.535503588 0.443623419 
2.979229025 21.132769175 -7.419706116 
2.260142809 22.317950896 -6.632047861 
-3.152395062 3.361528897 3.991180665 
0.062152709 4.014331324 4.138183406 
-0.220242355 4.155559460 -4.243562319 
0.463789791 4.391470832 -3.869045087 
-0.846995408 26.971177334 11.963309456 
3.441270330 27.014616895 9.186021587 
-17.441009313 19.420125151 -11.404504756 
-17.353590044 18.333529451 -11.596831294 
1.020035009 -2.377885663 -5.937575768 
-0.627508445 -0.072210378 6.495674883 
-2.567870500 -5.050401101 1.142829059 
-2.744924489 -5.006208491 0.269656154 
4.815122184 11.704568171 -6.747049505 
3.034716911 16.576685844 -3.664041120 
-6.656800831 -0.261814614 -2.452263583 
-12.017300468 10.998471243 1.807534430 
7.188571185 1.929458563 12.063095799 
8.776482723 4.524127762 11.916242204 
-3.384898752 -0.988029164 -14.592876270 
-3.254584704 -0.346342613 -14.661250295 
-10.217961114 14.841978962 6.712521086 
-8.015174172 15.962938415 7.399994446 
-1.445816794 18.112815665 -8.121211467 
-3.000067895 17.779503984 -8.325764738 
-3.048555250 7.597738176 -17.865709893 
0.689275594 8.826382031 -17.559697986 
-5.465750792 5.957181110 16.808043600 
-9.120895873 3.774694402 15.321578081 
-1.148565707 2.909268560 -4.539869117 
2.696378094 3.029302873 -3.943906812 
0.937961744 3.640716352 4.339449150 
2.393564137 3.696081599 3.520040259 
-3.874625607 2.900143354 3.527484700 
-0.743429246 3.462642929 4.351405456 
1.918066923 4.458816312 -3.044039227 
0.527343067 4.110078791 -3.900326712 
-16.427969041 17.034780058 13.588457086 
-13.647338562 18.934372730 15.338069044 
-6.802562707 19.541955297 -17.010571966 
-7.213229641 21.557086070 -16.169393485 
-11.682137622 15.064164884 -6.205737709 
-13.331810227 15.430470799 -5.455568970 
0.511032725 19.300098293 7.340519419 
2.454531366 21.350466379 3.953519483 
-5.535301479 10.467093563 -8.753138047 
-0.462963778 1.611034883 -6.090777247 
1.305487033 2.725399224 4.875121449 
-4.268979226 1.010502166 4.261603968 
3.196208002 -4.403275987 5.828017607 
3.330750834 -4.211697994 5.945646233 
4.676119276 -1.442159203 -3.000897886 
-1.262141901 -5.774615834 -6.593042770 
-4.708983712 0.216349743 4.628147224 
-3.982592393 0.509737674 5.706766224 
5.322802836 11.505794346 -4.741660819 
5.090688915 1.947653233 -3.804069808 
-2.205966889 39.447919635 3.250862039 
-2.952179810 39.204486634 1.118511346 
-19.325361026 25.575042386 -17.018176148 
-23.567098740 29.561256511 -7.007244826 
-8.931725466 15.695364823 15.514726068 
-5.436455041 13.666713304 13.426241280 
-9.960950722 11.853791557 -16.190027810 
-9.458664575 12.726913349 -14.694520777 
15.402629485 27.042305537 -1.985765611 
16.441197914 24.031458938 1.494538202 
-26.027616883 9.513331329 -8.128090726 
-25.609781413 8.755871849 -7.173414009 
17.462324446 2.662839196 7.396178489 
17.697142214 5.700304552 11.216078806 
-19.180953185 -4.180169200 -14.419176154 
-18.046564716 -3.368135117 -14.897023210 
-2.244178346 4.194161629 -5.900004090 
-10.310412619 11.457442495 -4.952008253 
-11.303657016 12.747858455 8.147588274 
-8.750811969 13.336682719 9.106472533 
16.129663544 21.199704932 -9.249785933 
16.184219312 19.884989027 -9.259101974 
-26.445480454 5.967880898 0.096658150 
-26.422839484 5.485208589 0.836150420 
21.160118639 21.074555538 -1.343682173 
19.775601504 19.261733135 7.782349598 
-24.034767767 4.528922790 -14.546473501 
-22.836341571 5.106825942 -15.382730618 
-1.347065225 24.907338154 -10.304758861 
-0.875252759 25.438854908 -6.661599654 
-19.234333252 19.960375213 -2.113596494 
-17.943160148 18.755629639 -0.023908827 
1.996313230 28.209403129 16.467810562 
-1.150496339 28.755501720 15.366019139 
-10.538220644 22.630625882 -21.270234134 
-10.785778819 24.343743680 -19.906794938 
-11.579952201 13.306380910 6.336998257 
-7.201496960 15.588604718 8.039421387 
-1.908046395 17.054832862 -9.239760817 
-2.241731777 17.307338229 -8.520164719 
-18.363780176 22.804347383 -4.128235908 
-16.631483087 24.781969060 -5.338162425 
-1.212631681 29.916469520 4.038008699 
-2.597440115 30.227369295 5.485468256 
-4.650157808 3.769096243 -3.207349847 
-5.816079488 1.372204683 -1.125108384 
2.416599536 6.461862181 0.066745699 
1.961569846 3.869257246 3.771093322 
5.224861940 -1.466985413 2.695956062 
-3.607975017 3.468705174 3.783363053 
1.010948176 -2.683899183 -5.324845367 
-4.290656678 -3.762895982 2.555523106 
-8.654860434 4.674013600 15.852502919 
-6.376254283 7.070486907 17.049095952 
-4.038253020 7.041785012 -17.136493204 
-4.065869830 8.372896300 -17.214562329 
-11.776584557 11.469706572 2.283940159 
-10.609681862 9.235204133 -0.096035587 
3.108132052 16.233569719 -0.150728803 
3.323266336 15.816466271 -0.082420793 
2.748967029 12.621449943 -8.163680378 
2.260776683 13.908757504 -7.605123446 
-12.656424937 10.564957265 1.644855977 
-12.415143787 11.792161876 0.796742537 
4.324558242 -3.419600471 4.140081305 
8.026922340 -2.603741795 1.649667072 
-4.320719431 -5.282215045 0.184116988 
-2.458162618 -6.049421642 -5.937152084 
-3.631242931 0.866090260 4.766970717 
-5.677848096 0.785259023 -0.315557464 
-5.510779153 -0.807740091 -1.114146875 
-5.426702618 -1.315679214 -1.413057739 
-6.583428849 5.560359381 -16.635844242 
-6.422498450 6.919159851 -17.037176956 
-2.794111045 7.353805287 17.182932991 
-7.848320029 6.939925351 16.521876171 
5.486596547 -1.218473201 -2.658808575 
-3.183208694 3.620575876 -4.010239127 
-3.536799682 -4.189724394 -2.734739649 
-3.396673102 -4.327621446 -1.694523271 
-11.475402971 10.148694497 0.556324672 
-11.832065897 11.342245753 -2.089946342 
3.020706284 15.823154614 1.681910131 
2.975259141 16.383972323 0.233554204 
-18.036362053 23.069031214 4.396344840 
-17.178601319 24.581842510 4.385071393 
1.027693895 30.047487149 4.142447438 
-0.651563163 30.734597135 1.104637966 
-10.927013936 13.525120784 -6.975566482 
-9.581432925 14.374426315 -7.639702925 
-2.945838125 16.623806144 9.880692057 
-5.445333659 16.004314656 9.610221240 
-1.977141974 2.418092835 4.409950928 
-4.543348728 3.827808369 3.289441385 
3.986162283 3.665807496 -2.773201295 
2.449815781 6.419085526 0.039504778 
-3.305926842 -4.226846628 0.424684564 
-3.223591259 -4.303414808 0.680971138 
2.702436940 -4.914000821 -3.590308175 
-2.443971693 -6.095052418 -5.695841974 
-12.165578229 8.346930850 2.976249583 
-12.189304807 10.614270803 2.671455262 
6.164262731 11.762897962 -4.438637987 
3.780172955 15.234249426 -3.785323469 
0.706638400 2.213899233 -5.538132184 
-2.257207028 1.400284688 -5.459959565 
-4.476702288 -3.397887736 0.992585558 
2.979718424 -2.344857304 -3.838376555 
3.687380661 0.219697166 -4.479913482 
-8.386503937 15.578765301 6.641488699 
-5.034855400 14.598075527 -11.005694985 
-4.841689911 14.302600139 -8.974978558 
15.645790677 5.177555779 -15.818575629 
14.614991267 7.134379789 -18.010485057 
-21.542902035 -6.897225206 5.613330865 
-22.317388930 -5.475218727 6.080197522 
17.903206666 20.081974406 1.930124840 
18.230346743 21.483417236 -0.288077830 
-24.128127651 5.195337929 -9.692233363 
-25.284626357 6.343864402 -7.499825234 
-4.721878878 16.558810245 -16.129517111 
-3.735008291 12.965252918 -13.793982897 
-16.036675393 13.526064270 13.553252702 
-11.356768871 14.789753333 14.104053215 
-4.417169484 37.015695387 -10.222455437 
-4.026783728 37.761016257 -6.356830698 
-24.815421465 30.466261734 1.255048857 
-24.214231594 30.684229995 0.926192650 
13.434864489 23.203486404 -10.866413786 
10.020149996 26.078220316 -14.006003990 
-27.032173113 10.531630411 1.019247160 
-27.445719077 10.930204416 0.195198375 
-20.105123764 16.755561460 3.698500548 
-18.010100239 17.307544100 3.143035990 
-4.452441799 24.816881998 -14.552616391 
-2.816228725 24.523783660 -11.885532631 
-20.874886327 5.953214181 18.593380125 
-18.615220989 5.019865430 19.827775052 
-10.443698608 9.712099567 -26.376007256 
-7.190958356 9.543045464 -26.366379487 
-0.548974057 28.537039031 15.458156896 
-2.789990741 26.014382915 19.221805477 
-21.897549168 18.746050872 -15.242178290 
-23.559319613 17.919910925 -13.075148698 
