-0.369899558 4.087435531 -0.505342683 
-0.345202620 4.101639440 -0.411966356 
-0.345570922 4.126582393 -0.093094112 
-0.337694715 4.125842887 -0.125310604 
-0.397115007 4.060806333 -0.647676392 
-0.354458368 4.087755495 -0.509183271 
-0.347626855 4.126728129 -0.085553050 
-0.343552228 4.126420637 -0.100155828 
-0.354793838 4.102473015 -0.399952282 
-0.368519040 4.097333298 -0.439052715 
-0.338054762 4.121233282 -0.214032506 
-0.336449082 4.123894416 -0.167732222 
-0.326280112 4.104665628 0.398907027 
-0.320719306 4.121642768 0.216854263 
-0.365686694 4.091803302 0.482230741 
-0.352312562 4.100680173 0.421327354 
-0.331826964 4.127353253 0.071237776 
-0.336705259 4.128457106 -0.012811227 
-0.376530377 4.087203948 0.512162779 
-0.378303909 4.081138849 0.546587195 
-0.332398015 4.114307327 0.305939337 
-0.360763486 4.087355383 0.511161460 
-0.356339201 4.095409536 0.459619314 
-0.361279526 4.090235208 0.493998098 
-0.381885902 4.058945340 -0.665802778 
-0.389330252 4.054768162 -0.684008323 
-0.349959422 4.106473267 -0.372966741 
-0.376194387 4.091810057 -0.477404634 
-0.556656648 3.970011942 -0.967885316 
-0.405271789 4.052024484 -0.693269125 
-0.338987761 4.124848386 -0.148185820 
-0.357901218 4.095405163 -0.458781007 
-0.347978464 4.082570372 -0.542511037 
-0.360680923 4.069752058 -0.612581422 
-0.341249659 4.119009917 -0.246383597 
-0.342494886 4.101702507 -0.410891823 
-0.387063842 4.061863833 -0.646167020 
-0.370104273 4.078438260 -0.562370245 
-0.345202258 4.126932677 -0.075611943 
-0.340467805 4.126727884 -0.096293941 
-0.324139857 4.111952202 -0.330665019 
-0.371471065 4.084095920 -0.526269703 
-0.346846652 4.119281811 -0.235581106 
-0.352184154 4.124104765 -0.151962858 
-0.333532128 4.112268185 -0.324600028 
-0.339405533 4.107411103 -0.368357192 
-0.337307486 4.124357450 -0.158601563 
-0.342177573 4.119700089 -0.231476681 
-0.339940827 4.125308385 0.141760453 
-0.334322703 4.118484390 0.257891618 
-0.427057905 4.048088951 0.704064568 
-0.463864746 4.026180757 0.789108196 
-0.331600002 4.128105708 0.049129683 
-0.334238195 4.127099154 0.084561860 
-0.368176643 4.094585929 0.461375033 
-0.391419561 4.069096726 0.610691441 
-0.345736931 4.121856154 0.196391086 
-0.331226457 4.110469515 0.341473608 
-0.414578155 4.048934186 0.703040255 
-0.414018596 4.047428443 0.709274397 
-0.419883826 4.045225511 -0.719665259 
-0.466215934 4.026097339 -0.787942052 
-0.348036931 4.105645441 -0.380586949 
-0.333309731 4.120194527 -0.229048063 
-0.417418440 4.053120504 -0.682227963 
-0.469888789 4.020298567 -0.809310461 
-0.338750887 4.118618440 -0.252183945 
-0.314429461 4.119960922 -0.242031342 
-0.424361948 4.047363279 -0.708654977 
-0.437270952 4.035945075 -0.753410472 
-0.349280589 4.111398275 -0.327977462 
-0.327315407 4.128570092 -0.033488116 
-0.397611348 4.062484512 -0.642703930 
-0.389200964 4.069720332 -0.606231323 
-0.337862923 4.110527181 -0.342712259 
-0.366135161 4.074885048 -0.587612347 
-0.397715853 4.062193313 -0.643810795 
-0.395562716 4.075796978 -0.568925809 
-0.343810442 4.109348874 -0.351476904 
-0.343437129 4.125379887 -0.135374113 
-0.382013301 4.071005811 -0.603161566 
-0.432398365 4.037522343 -0.748705571 
-0.342116587 4.104748066 -0.394608993 
-0.395674294 4.073528316 -0.587179401 
-0.447821019 4.041482732 0.729630672 
-0.406643268 4.065584868 0.626207421 
-0.392449419 4.076303273 0.574490706 
-0.404045658 4.059400594 0.658310141 
-0.426519705 4.049910400 0.697529293 
-0.480261702 4.017298962 0.820760106 
-0.401628830 4.073037097 0.588170441 
-0.375669923 4.085476767 0.523822468 
-0.346262546 4.093987799 0.473495412 
-0.359582201 4.085634737 0.524725526 
-0.421314328 4.060538145 0.648369104 
-0.393240163 4.068974703 0.612356645 
-0.383509426 4.062072920 -0.653935048 
-0.395558993 4.055657377 -0.682104687 
-0.377331400 4.078401983 -0.562620119 
-0.370395411 4.078959825 -0.563958263 
-0.376971839 4.058623589 -0.672431775 
-0.398355396 4.046270249 -0.723628565 
-0.348779546 4.109198068 -0.350617800 
-0.345437993 4.113969527 -0.303978679 
-0.394045010 4.072893849 -0.589486577 
-0.395852412 4.056926069 -0.673573428 
-0.405994190 4.061372851 -0.645670960 
-0.348442804 4.114614515 -0.294924308 
-0.378587128 4.082452314 -0.538314152 
-0.382278974 4.085794060 -0.516141887 
-0.333951397 4.128668520 -0.023584370 
-0.350890410 4.127820963 0.023858214 
-0.336971251 4.100000504 -0.430853879 
-0.492063938 4.004609891 -0.863821021 
-0.334403377 4.128359002 -0.034752918 
-0.339180947 4.128229055 -0.024177970 
-0.336810390 4.117659783 0.255528347 
-0.336821682 4.076804619 -0.562341554 
-0.569565536 3.963246202 -0.984389516 
-0.318484673 4.113592548 -0.283788121 
-0.412842288 4.049318166 0.699381022 
-0.431180044 4.035674669 0.755282032 
-0.347983094 4.126858428 -0.065515767 
-0.359848253 4.126503672 -0.069444803 
-0.666610991 3.929642741 1.055183617 
-0.503406665 4.000794474 0.876968680 
-0.335575037 4.123079393 0.190003883 
-0.394687764 4.064900917 0.633430321 
-0.315813536 4.127207796 0.103712700 
-0.322054989 4.128274000 0.042601182 
-0.327310468 4.117548928 0.246255651 
-0.323260404 4.111489173 0.327102447 
-0.289817937 4.127597431 0.025479189 
-0.327312396 4.085077250 -0.524660461 
-0.669255750 3.917551163 -1.081036507 
-0.410165455 4.023739724 -0.800493479 
-0.278565187 4.127655325 -0.034396042 
-0.436441816 4.025923692 -0.812592357 
-0.319838477 4.127331086 -0.184392701 
-0.331215348 4.129716673 0.053387325 
-0.321947324 4.128493786 -0.049681870 
-0.405001447 4.061697491 -0.641800763 
-0.340085156 4.119769039 -0.223509729 
-0.347700251 4.125921019 -0.066632883 
-0.411990400 4.059481228 -0.652577607 
-0.364452133 4.088091479 -0.504664232 
-0.731742414 3.898296462 -1.121129683 
-0.701303260 3.907119954 -1.106919194 
-0.335887657 4.129753515 -0.088422786 
-0.507557820 3.988822854 -0.914790196 
-0.360376677 4.066806010 -0.629566230 
-0.465356549 4.036099478 -0.748202215 
-0.368995831 4.081243207 -0.549604617 
-0.402729455 4.054077520 -0.683474988 
-0.356504818 4.089613410 -0.497208399 
-0.356938942 4.090314543 -0.494966849 
-0.617016470 3.926106390 1.063625624 
-0.395457693 4.131532411 0.188047892 
-2.127627410 3.454159349 0.817109572 
-1.700803326 3.626742170 1.052947865 
-0.373095249 4.073740711 0.589133106 
-0.348362297 4.105000584 0.386481530 
-0.449384590 4.030941203 0.777055726 
-0.440634729 4.036059577 0.754681847 
-0.367067021 4.087994312 0.508155652 
-0.373394682 4.077513446 0.569362653 
-0.408041124 4.050599630 0.698372236 
-0.587004456 3.952475303 1.011994637 
-0.617423420 3.949426339 -1.015012897 
-0.654497430 3.930571346 -1.058037238 
-0.332445698 4.113539254 -0.315752160 
-0.337754325 4.116367219 -0.278827591 
-0.589336264 3.956167619 -0.999545961 
-0.466457414 4.014994545 -0.830854964 
-0.318210709 4.125426691 -0.145838182 
-0.366700266 4.095837289 -0.452006519 
-0.410238568 4.056201037 -0.669724315 
-0.383558543 4.072683045 -0.593132919 
-0.343477149 4.103378248 -0.400364589 
-0.358846098 4.101007915 -0.414232640 
-0.402778417 4.050342121 -0.699561968 
-0.594403100 3.964001692 -0.975556291 
-0.325603614 4.115411538 -0.292345411 
-0.367853303 4.090552078 -0.488832850 
-0.333449051 4.108126141 -0.360045221 
-0.335281465 4.116127483 -0.279194851 
-0.404444868 4.054598002 -0.680305346 
-0.383525721 4.071703134 -0.599248258 
-0.385749474 4.071136770 -0.596624894 
-0.376456848 4.080361201 -0.547997864 
-0.389484022 4.078684406 -0.558272681 
-0.353650732 4.097397114 -0.445228569 
-0.328548288 4.117464632 0.257839119 
-0.314119420 4.125267483 0.156354431 
-0.396103897 4.078684780 0.557989076 
-0.385879478 4.090789330 0.480224155 
-0.399634652 4.059647030 0.635242144 
-0.355091375 4.102418547 0.460995324 
-0.454751277 4.026321720 0.782334674 
-0.303713055 4.132123245 0.093119627 
-0.347734333 4.094040510 0.475453217 
-0.364018956 4.097662258 0.439611429 
-0.336204628 4.100774474 0.426416349 
-0.344239641 4.094644897 0.470723529 
-0.553593708 3.967802775 -0.961353538 
-0.575672473 3.963413981 -0.968055560 
-0.318620833 4.121207374 0.169589716 
-0.316391596 4.125273191 0.068583814 
-0.358243092 4.082868419 -0.538807036 
-0.366195192 4.077835334 -0.565138074 
-0.346418014 4.126079602 -0.118943498 
-0.348841572 4.127727610 0.035297368 
-0.622150264 3.917258141 -1.095150859 
-0.759827017 3.876513922 -1.153841683 
-0.426896963 4.129746085 -0.212449002 
-0.468120876 4.047281763 -0.740541210 
-0.371718369 4.132179350 0.079716674 
-0.347653846 4.118162155 0.317926000 
-0.743206150 3.876720954 -1.165233394 
-0.511823799 3.958514885 -0.994406436 
-0.407898948 4.054294437 -0.684379636 
-0.402908656 4.055949930 -0.672927131 
-0.369852613 4.076333883 -0.578714589 
-0.363421360 4.088606986 -0.504219980 
-0.280112576 4.119043016 -0.197550024 
-0.706740714 3.902402592 -1.113143846 
-0.395387923 4.063924415 0.630135567 
-0.566510529 3.972479307 -0.943930992 
-0.337824923 4.125463836 0.134595881 
-0.335818489 4.128253065 0.045747712 
-0.421198028 4.033195201 0.773263754 
-0.350229917 4.098538725 0.439393618 
-0.337512417 4.120391937 0.237424792 
-0.319406145 4.127636301 0.045849868 
-0.331481185 4.096370346 0.474318842 
-0.316260135 4.096345728 -0.463441095 
-0.331071966 4.123653634 0.174426725 
-0.338520326 4.123469431 0.180907930 
-0.446780629 4.023016338 0.797615818 
-0.319593515 4.105476503 0.372058579 
-0.494422050 4.012607438 -0.830979971 
-0.527041780 3.987182798 -0.914819721 
-0.382508080 4.074628925 -0.582653501 
-0.435209855 4.043156784 -0.723522877 
-0.654548004 3.932998098 -1.046203148 
-0.671613515 3.924365264 -1.066482995 
-0.377885187 4.080856160 -0.545065883 
-0.375200841 4.099014911 -0.422856518 
-0.345862853 4.121498553 -0.188608631 
-0.544156293 3.967427702 -0.969233561 
-0.516748592 3.991753277 -0.903946465 
-0.578299611 3.952620945 -1.009438292 
-0.372511781 4.074764164 -0.582576249 
-0.352605764 4.083317768 -0.537432152 
-0.476228570 4.006728290 -0.859189707 
-0.408223179 4.052572201 -0.686819515 
-1.359845275 3.735262813 -1.165285318 
-1.210428537 3.779865715 -1.178589033 
-2.368008167 3.338700753 -0.555202433 
-0.636887025 3.913216238 -1.098772017 
-0.457746060 4.013225963 -0.840612078 
-0.421812089 4.035009400 -0.763450393 
-0.559800301 3.976807507 -0.940219492 
-0.418982351 4.064962180 -0.622932253 
-0.346031862 4.124310332 0.192007997 
-0.469336979 4.018481679 0.819234916 
-0.768642889 3.890629449 1.125670057 
-0.717455096 3.906812500 1.094350777 
-0.474694904 4.014241492 0.831224215 
-0.635856580 3.939815729 1.036322556 
-0.760547570 3.890367891 1.132184301 
-0.754361791 3.891126830 1.132507290 
-0.362665423 4.088830927 0.502967713 
-0.334970009 4.116586630 0.278629873 
-0.426065498 4.031655547 0.777247178 
-0.557931885 3.972506059 0.958512804 
-0.427338649 4.040006805 -0.739485762 
-0.474114207 4.017122002 -0.822407734 
-0.355260819 4.091749740 -0.486755754 
-0.360364585 4.094582391 -0.462874991 
-0.383039641 4.071411264 -0.602411028 
-0.409663565 4.056965388 -0.668473812 
-0.361277803 4.088699135 -0.501824580 
-0.375924844 4.074126010 -0.585349654 
-0.628130279 3.937959282 -1.043456744 
-0.416347216 4.048784949 -0.703692479 
-0.387054763 4.084880203 -0.519490603 
-0.429854512 4.048878801 -0.697821226 
-0.368250513 4.084210599 -0.530496800 
-0.395470996 4.062090211 -0.645294754 
-0.348208366 4.108371845 -0.358815773 
-0.385620283 4.076101842 -0.571208393 
-0.337176279 4.103411994 -0.402062269 
-0.419222988 4.044873780 -0.722211436 
-0.515151092 3.995116497 -0.890285255 
-0.346068262 4.123836459 -0.161649085 
-0.318819095 4.104779499 -0.403469533 
-0.410774910 4.062295436 -0.637924573 
-0.335749177 4.120683987 -0.255402709 
-0.355233153 4.091812847 -0.475167582 
-0.378813805 4.101318437 0.469288788 
-0.357345473 4.079743095 0.587414043 
-0.781944451 3.860327484 -1.184704178 
-0.286837501 4.111730762 0.233090466 
-0.402281416 4.063232042 0.636959718 
-0.396259714 4.066276109 0.623715034 
-0.338576435 4.105745862 0.382678142 
-0.342897278 4.106657707 0.375672694 
-0.369634136 4.058469165 0.663679226 
-0.413911692 4.047265390 0.702207196 
-0.625707625 3.937735111 1.042512653 
-0.364112702 4.109929883 -0.322218173 
-0.359622268 4.085430947 -0.523858829 
-0.398654056 4.057101308 -0.668287026 
-0.393096956 4.061789952 -0.644901950 
-0.386683500 4.044409238 -0.730097296 
-0.604175379 3.958410866 -0.996936361 
-0.612676052 3.956772036 -1.002485918 
-0.371547548 4.122742062 0.208098466 
-0.388041593 4.127629005 0.097878758 
-0.357393529 4.126456025 -0.066554332 
-0.367139330 4.103808209 -0.376648093 
-0.340208089 4.107294476 -0.364153061 
-0.309766410 4.107522838 -0.343045374 
-0.390983468 4.058445652 -0.663158140 
-0.382776162 4.069133586 -0.608893806 
-0.378526021 4.119389285 -0.222297854 
-0.342621726 4.115588135 -0.289828380 
-0.371911486 4.085458221 -0.520664901 
-0.406933928 4.066478175 -0.619327441 
-0.361099138 4.099273561 -0.429801908 
-0.352273396 4.105655894 -0.380340193 
-0.396359591 4.062067668 -0.640651636 
-0.372461586 4.078466134 -0.559830811 
-0.333378807 4.128098259 -0.042926395 
-0.356476397 4.124524878 -0.147110714 
-0.378318376 4.076014400 0.574373058 
-0.347670612 4.101649744 0.412243217 
-0.334184063 4.118481884 0.256327087 
-0.325725212 4.117978434 0.264785131 
-0.319364225 4.116786149 0.279216363 
-0.320163447 4.125326398 0.148191369 
-0.333584973 4.106197248 0.382881711 
-1.039114349 3.803931698 -1.212920773 
-0.330966208 4.114790496 0.296493467 
-0.334242634 4.125075041 0.148018731 
-0.336045231 4.120360350 0.228575004 
-0.349685096 4.104832005 -0.389612798 
-0.317677021 4.126046657 -0.035180273 
-0.306696262 4.123542852 -0.157436192 
-0.288641146 4.123808468 -0.152647437 
-0.351913966 4.119250161 0.178309479 
-0.350999208 4.098595286 -0.439857848 
-0.387288032 4.069322777 -0.610215319 
-0.347825980 4.121802407 -0.204802241 
-0.346997953 4.125635005 -0.127239316 
-0.334161060 4.126976382 -0.100592519 
-0.342985241 4.097403345 -0.449757300 
-0.353011299 4.113689767 -0.302947538 
-0.337684481 4.117970604 -0.263070489 
-1.232956865 3.773372188 -1.177600481 
-1.300246285 3.746232277 -1.184145744 
-0.703552418 3.886881496 -1.153006145 
-0.488028240 3.966710038 -0.972375127 
-0.449259019 4.015311930 -0.839226971 
-0.412396289 4.036896132 -0.759509498 
-0.414044351 4.051723746 -0.690382585 
-0.414649626 4.056345399 -0.668589599 
-0.335748654 4.104566321 -0.395808099 
-0.404984993 4.053728374 -0.680099862 
-0.371328254 4.073538023 -0.590328143 
-0.361762853 4.085010470 -0.522308206 
-0.376823330 4.080125750 0.550851806 
-0.377015468 4.083119385 0.531142549 
-0.425415258 4.030021499 0.783952600 
-0.378441581 4.064834497 0.637808643 
-0.346046984 4.123223441 0.191362633 
-0.344048958 4.085934312 0.522558041 
-0.509943272 3.976520451 0.943289709 
-0.365895614 4.077455456 0.547747139 
-0.722920417 3.896537474 1.127764232 
-0.343499729 4.070782790 0.608787530 
-0.325332219 4.112496896 0.305489040 
-0.459269074 4.020906311 0.810448180 
-0.450704888 4.044171111 -0.712946977 
-0.397887279 4.065765375 -0.626556787 
-0.562807075 3.967894257 -0.967616003 
-0.549939539 3.977182820 -0.941957445 
-0.492125692 4.012710673 -0.832832470 
-0.374878939 4.084763823 -0.524004997 
-0.387678614 4.079526084 -0.557046875 
-0.521138767 3.999806591 -0.870754447 
-0.538364789 3.983639917 -0.923789981 
-0.486827450 4.009653136 -0.845939656 
-0.554874339 3.972990896 -0.954181922 
-0.393672273 4.062466199 -0.642439605 
-0.775524630 3.886515853 -1.137369687 
-0.684651726 3.925767262 -1.061189802 
-0.463237736 4.021775264 -0.807930531 
-0.385205241 4.066207548 -0.625614902 
-1.352273909 3.739246081 -1.163518953 
-1.170531169 3.791436498 -1.179061786 
-0.890676101 3.828661749 -1.217741303 
-0.454548222 3.984822796 -0.914680689 
-0.661583984 3.924640816 -1.071629702 
-0.669794959 3.923910152 -1.070452656 
-0.373223194 4.072480345 -0.595510447 
-0.359774939 4.089050711 -0.501865880 
-0.372827903 4.074195643 0.590300600 
-0.377362712 4.071565892 0.602464182 
-0.639247477 3.939712632 1.037164595 
-0.508685662 3.998777097 0.883692227 
-0.396951233 4.073738257 0.584951701 
-0.374378559 4.079146849 0.558717418 
-0.835770881 3.871432007 1.152684740 
-0.421582602 4.045420284 0.718625275 
-0.415584706 4.052326480 0.687921282 
-0.412474370 4.055894243 0.671219143 
-0.416500070 4.047308351 0.711200468 
-0.425595430 4.045049778 0.720528464 
-0.405731782 4.074544058 -0.577920455 
-0.408393591 4.066361540 -0.622212694 
-0.464490177 4.025025114 -0.789699068 
-0.397710834 4.066167772 -0.621852336 
-0.356253288 4.114134012 -0.301840016 
-0.368776881 4.095945368 -0.456016749 
-0.482132418 4.018375541 -0.808013052 
-0.426874349 4.040824192 -0.728012829 
-0.415932081 4.051367310 -0.692354112 
-0.320112911 4.050205835 -0.693924177 
-0.414507837 4.053592006 -0.683349217 
-0.556745404 3.974040184 -0.940978403 
-0.434199280 4.034044032 -0.765074343 
-0.539615942 3.993653046 -0.889366551 
-0.576531132 3.958315525 -0.999503378 
-0.398997096 4.046205454 -0.722731779 
-0.339398351 4.126140657 -0.166228287 
-0.318121707 4.127848484 -0.114018510 
-0.416230511 4.030099856 -0.773036046 
-0.313526148 4.132617322 -0.067243620 
-0.407912601 4.071514974 -0.593514838 
-0.472760474 4.006387804 -0.863413050 
-0.396075586 4.060903871 -0.647466115 
-0.385020928 4.065746040 -0.628929807 
-1.363406192 3.734048945 1.165061793 
-1.206795994 3.781996271 1.176644341 
-2.405199797 3.313358528 0.529156593 
-0.707160585 3.889040496 1.141933276 
-0.386030612 4.073240279 0.587069050 
-0.423527035 4.045806848 0.714828833 
-0.459486395 4.021038330 0.809302452 
-0.515028110 3.994028550 0.894719054 
-0.344146443 4.091871318 0.488124156 
-0.359978049 4.078805624 0.566178282 
-0.443247390 4.047538772 0.703651397 
-0.548156781 3.980737388 0.931665839 
-0.385715755 4.067524009 -0.619741224 
-0.383196843 4.066287627 -0.628221471 
-0.348856766 4.122062656 -0.195904766 
-0.345873548 4.109865115 -0.344553848 
-0.348343746 4.127265714 -0.062181939 
-0.333689028 4.124789682 -0.147600484 
-0.302608029 4.124425702 -0.178496195 
-0.344866665 4.109051224 -0.351559816 
-0.351029088 4.099355104 -0.434403164 
-0.396928084 4.079343692 -0.553862345 
-0.324450003 4.128369002 0.062393724 
-0.334311560 4.128182930 0.041805269 
-0.381641192 4.053479932 -0.675668207 
-0.328536559 4.085499398 -0.509265216 
-0.460882608 3.998432374 -0.896562846 
-0.317694109 4.109071585 -0.358578712 
-0.331693818 4.114650029 -0.299842788 
-0.318803849 4.122739701 -0.196478345 
-0.355137081 4.095276102 -0.459071700 
-0.356352768 4.118539754 -0.241921262 
-0.481447539 4.008266874 -0.855890956 
-0.431000989 4.031647818 -0.773186211 
-0.353148842 4.109606723 -0.343889016 
-0.330378360 4.125644407 -0.137139289 
-0.377257354 4.070168024 0.608156269 
-0.334864941 4.110439252 0.342581395 
-0.337461220 4.125851304 0.123328011 
-0.388366453 4.071518495 0.597577822 
-0.374008258 4.066175362 0.610973723 
-0.310936444 4.124881878 0.240487259 
-0.316128449 4.118977005 -0.232428695 
-0.311604407 4.115032424 -0.309188052 
-0.348260546 4.112001585 0.323858415 
-0.346494252 4.117636397 0.258835887 
-0.328840880 4.110605184 0.344681455 
-0.339547357 4.098456525 0.441409100 
-0.478453864 4.005492888 -0.852099105 
-0.392298393 4.050713981 -0.682168911 
-0.339672047 4.101574408 0.395058946 
-0.315258557 4.120834767 -0.223495163 
-0.362517364 4.068440182 -0.608647286 
-0.489137554 3.980447868 -0.936996141 
-0.367242142 4.102673076 -0.410193195 
-0.416981170 4.072247681 -0.589598304 
-0.424165251 4.022492797 -0.799892032 
-0.340575600 4.099262049 -0.437707759 
-0.354742255 4.124642259 -0.135264836 
-0.301956448 4.128122451 -0.073119293 
-0.359093755 4.088480177 -0.506323579 
-0.325654448 4.121387150 -0.221027605 
-0.365626425 4.070635779 -0.608704271 
-0.461307264 3.988940340 -0.914281525 
-0.329918307 4.127706490 0.000721949 
-0.335876050 4.127519132 -0.017752867 
-0.574055695 3.969217916 -0.965313496 
-0.506267404 3.990232142 -0.909674797 
-0.712589836 3.905527540 -1.099646327 
-0.639930108 3.934695721 -1.041560034 
-0.308846742 4.125142276 0.095117344 
-0.353090432 4.099197335 0.418778737 
-0.325320398 4.122745434 0.203026936 
-0.334185898 4.126142210 0.124194358 
-0.350860275 4.085253275 0.526756376 
-0.421749588 4.034821388 0.765294461 
-0.420983081 4.058657812 0.659926333 
-0.384299435 4.053233222 0.686149256 
-0.313957510 4.107743317 0.388694876 
-0.361309272 4.066208467 0.649741771 
-0.331321099 4.127368195 0.089740195 
-0.317063948 4.128134344 0.074546222 
-0.397834307 4.063266875 0.638387715 
-0.359369103 4.093009578 0.474258646 
-0.418479916 4.060876273 -0.641244504 
-0.474925895 4.005268624 -0.862505357 
-0.336157320 4.127032519 -0.087723590 
-0.341388209 4.122430579 -0.192207341 
-0.573057678 3.965000358 -0.976935194 
-0.559182627 3.970066498 -0.962223642 
-0.424415184 4.041363965 -0.732420505 
-0.362853463 4.095287635 -0.455335813 
-0.680296209 3.915573955 -1.088520426 
-0.368879926 4.086049173 -0.534415034 
-0.362512863 4.130938569 -0.054527832 
-0.456012677 4.002522127 -0.877300270 
-0.397302104 4.055298848 -0.676754563 
-0.388968737 4.075438586 -0.574644661 
-0.518192410 3.991432175 -0.904876007 
-0.435701109 4.033251085 -0.766544207 
-0.817614977 3.864181144 -1.160817302 
-0.624496234 3.924027190 -1.065362337 
-0.291760297 4.105218277 -0.408678417 
-0.313814026 4.126398650 -0.174548288 
-0.424211165 4.040693267 -0.741564782 
-0.422236758 4.046021158 -0.716454403 
-0.460694644 4.017693428 -0.821637972 
-0.408355313 4.059289590 -0.654585324 
-0.334587938 4.108967042 0.379572531 
-0.431117229 4.037806906 0.747700371 
-0.685910679 3.915722753 1.094647791 
-0.577721134 3.968677712 0.964502827 
-0.377587262 4.074953164 0.581616243 
-0.368941988 4.095588338 0.452743917 
-0.796945600 3.878586195 1.151031391 
-0.714414203 3.903965691 1.113948935 
-0.357148421 4.111143067 0.329449665 
-0.341429536 4.110297870 0.344403447 
-0.477819059 4.010885142 0.844981942 
-0.580068403 3.965519075 0.976742718 
-0.338902820 4.112660901 -0.319351745 
-0.323888120 4.103969936 -0.400561055 
-0.370266208 4.114253274 -0.289703671 
-0.348633207 4.123863744 0.155215735 
-0.344760327 4.109742186 -0.342891028 
-0.343395815 4.127378759 -0.064316006 
-0.356942214 4.122198609 -0.186663110 
-0.356468777 4.100850423 -0.418769336 
-0.342911127 4.093630719 -0.476308645 
-0.418075950 4.057410979 -0.663306180 
-0.349163914 4.127225433 -0.054447313 
-0.345543152 4.114706082 -0.294509072 
-0.536475541 3.981394694 -0.931474107 
-0.397766154 4.061725258 -0.643079498 
-0.340136793 4.104930910 -0.389409983 
-0.358240313 4.105225656 -0.381425178 
-0.374856458 4.064585705 -0.632367159 
-0.484063701 4.003492537 -0.867303765 
-0.341850846 4.127125112 -0.070233012 
-0.343387535 4.125566414 -0.121433008 
-0.326160452 4.128329272 -0.001467757 
-0.347365888 4.123449276 -0.171001702 
-0.339354907 4.099110534 -0.425530047 
-0.329648602 4.120156236 -0.216756108 
-0.503675399 3.993770451 0.898208925 
-0.578561981 3.968856990 0.965297078 
-0.332493073 4.127683519 -0.076930295 
-0.337504203 4.127672961 -0.065804231 
-0.358759209 4.095593656 0.457466107 
-0.348098560 4.083210838 0.540816024 
-0.339958891 4.126609756 -0.100339749 
-0.335968743 4.127558537 0.075730335 
-0.311208136 4.110375980 0.322954629 
-0.559471206 3.961649898 0.989985358 
-0.349554438 4.106666782 -0.335569449 
-0.314797412 4.125547212 0.137234498 
-0.379232507 4.056679408 -0.670571626 
-0.318536760 4.104385947 -0.413280925 
-0.449373152 4.010968235 -0.849782936 
-0.339166475 4.117677816 -0.250198907 
-0.375664796 4.085949243 -0.499184017 
-0.329828983 4.123528700 -0.126301552 
-0.300051918 4.127534039 -0.025537946 
-0.309269497 4.125295478 0.095865431 
-0.798715932 3.872937508 -1.156598704 
-1.136379191 3.776232923 -1.212555681 
-0.373708608 4.108053822 -0.341309096 
-0.342262107 4.126421523 -0.062027675 
-0.435242173 4.043686606 -0.718470378 
-0.481014901 4.012147764 -0.836840251 
-0.359704761 4.121687487 -0.197432525 
-0.345110451 4.126873775 -0.087283853 
-0.446652389 4.038192953 -0.739468439 
-0.411768581 4.056244345 -0.669529476 
-0.375693389 4.084523561 -0.525059109 
-0.394419092 4.064311303 -0.634060196 
-0.547172447 3.976775462 -0.941586017 
-0.484866840 4.008224068 -0.846875815 
-0.358816878 4.093855800 -0.469642145 
-0.377507535 4.093522518 -0.466840880 
-0.396244310 4.062340866 0.643621760 
-0.402378264 4.074407215 0.577797294 
-0.394329653 4.067896017 0.616966402 
-0.385440299 4.077903088 0.565406994 
-0.391472183 4.070188830 0.603648273 
-0.397069049 4.065259979 0.626459870 
-0.442256451 4.020735314 0.817899591 
-0.380857339 4.062976559 0.645739835 
-0.402181152 4.055984581 0.674487105 
-0.371092376 4.092532755 0.476039989 
-0.414449438 4.057007530 0.666990985 
-0.351357038 4.104749048 0.389722919 
-0.442784850 4.025535349 -0.801792475 
-0.410285157 4.047238107 -0.714958493 
-0.354993899 4.098912896 -0.434426313 
-0.343459337 4.104205171 -0.396909419 
-0.388243017 4.061741484 -0.652671749 
-0.380662158 4.059640131 -0.664626897 
-0.355734272 4.109517570 -0.345576060 
-0.344243043 4.120764963 -0.222913270 
-0.381342472 4.072191208 -0.598759933 
-0.549079469 3.967472679 -0.975343346 
-0.368697688 4.118950827 -0.232435673 
-0.348640602 4.116958706 -0.273749781 
-0.421914326 4.046482318 -0.710991344 
-0.461510968 4.023039717 -0.800321017 
-0.336247985 4.122202353 -0.196251935 
-0.332768437 4.116511132 -0.278654172 
-0.414987101 4.057303282 -0.662720142 
-0.408816171 4.060927758 -0.646340001 
-0.349824422 4.109257121 -0.344155170 
-0.349863463 4.100089048 -0.423149454 
-0.380349495 4.068981752 -0.612707415 
-0.357381367 4.087288829 -0.514581718 
-0.340902807 4.111557658 -0.327586873 
-0.359900951 4.097737511 -0.439019089 
-0.314799239 4.123841186 0.182918527 
-0.327464073 4.127182925 0.096564783 
-0.354384487 4.104437868 0.391214764 
-0.390938082 4.075436848 0.576851651 
-0.322568673 4.115445997 0.293648858 
-0.325280399 4.108551020 0.360492588 
-0.363008861 4.098692826 0.433613779 
-0.354196073 4.098538472 0.435094570 
-0.324409110 4.123139757 0.189290545 
-0.326634896 4.123256553 0.187522492 
-0.405733394 4.064354343 0.631419602 
-0.436797863 4.032822226 0.768903455 
-0.367145587 4.087493228 -0.513210093 
-0.369690061 4.093270919 -0.471140288 
-0.351814729 4.126355347 -0.090793762 
-0.340403711 4.123446196 -0.173621473 
-0.377345982 4.084220873 -0.527741131 
-0.334723429 4.114275968 -0.297097310 
-0.343967613 4.125481121 -0.128682378 
-0.346626882 4.127914640 0.036200329 
-0.388686691 4.066627048 -0.623914049 
-0.374710390 4.079442604 -0.556604053 
-0.359768359 4.103630328 -0.392952285 
-0.353747633 4.127908754 -0.024968646 
-0.369408869 4.084150734 -0.526778655 
-0.358988506 4.098225861 -0.435185094 
-0.337791262 4.118468240 -0.254381914 
-0.337456614 4.128313411 -0.000167330 
-0.368366347 4.074363757 -0.584874875 
-0.368978610 4.079436891 -0.558501368 
-0.334251810 4.128161586 0.039099379 
-0.348588199 4.114428007 -0.295398741 
-0.370928859 4.079810926 -0.551670332 
-0.366698871 4.075060864 -0.583740254 
-0.348623389 4.127255445 -0.064323492 
-0.335985870 4.123433206 -0.179722443 
-0.333687709 4.121906429 0.202920571 
-0.334448442 4.125083983 0.140281687 
-0.350038977 4.115468375 0.284244964 
-0.343794045 4.111512355 0.330051398 
-0.335022955 4.122929426 0.188412122 
-0.343833582 4.123150664 0.179474173 
-0.347913834 4.117264135 0.263421254 
-0.347606995 4.123701187 0.166739897 
-0.330892454 4.115582721 0.289235395 
-0.345391144 4.126355691 0.094284116 
-0.341307980 4.126791865 0.088860623 
-0.326257031 4.127185253 0.101273168 
-0.396093894 4.062644519 -0.644939954 
-0.335874812 4.102620136 -0.410168864 
-0.375345062 4.080871504 -0.546646840 
-0.358269282 4.098184807 -0.438239816 
-0.382382683 4.072388393 -0.598040278 
-0.383089983 4.078656726 -0.561096884 
-0.341014645 4.116206479 -0.278600493 
-0.339826798 4.127661738 -0.052993238 
-0.722421081 3.923908295 -1.065587367 
-0.452488045 4.026610348 -0.791295981 
-0.326547361 4.126178853 -0.123486023 
-0.327431067 4.128433011 -0.044056858 
-0.389303496 4.073875910 -0.581163370 
-0.377011230 4.073013282 -0.592232787 
-0.381953614 4.066769509 -0.625435252 
-0.427904251 4.042541009 -0.728616582 
-0.467151648 4.015507310 -0.829196658 
-0.397473729 4.063674538 -0.635508847 
-0.387383852 4.068076297 -0.617281917 
-0.420367121 4.041354306 -0.735958041 
-0.451491053 4.030908182 -0.769373288 
-0.539354105 3.985725974 -0.913065186 
-0.387004725 4.069400183 -0.608895384 
-0.342158447 4.105773466 -0.382365030 
-1.332537400 3.742870453 1.169921551 
-1.158480090 3.791969427 1.183730323 
-1.337911899 3.731691429 1.183262614 
-0.294801908 4.125678770 0.087974280 
-0.336671963 4.091001197 0.494360055 
-0.495360486 4.011061198 0.841551045 
-0.639078188 3.932277080 1.058132686 
-0.795680127 3.880417844 1.145041464 
-0.494077388 3.998774350 0.888054932 
-0.369826098 4.080213430 0.552919912 
-0.418974283 4.034027177 0.768676753 
-0.477292689 4.003037297 0.875175095 
-0.337593701 4.102497051 -0.410647201 
-0.407994190 4.052787122 -0.685012830 
-0.358704776 4.127641196 -0.001488504 
-0.354651245 4.121804492 0.202848706 
-0.373782676 4.068127848 -0.619847291 
-0.388106735 4.074103567 -0.583525918 
-0.353859898 4.127893408 0.030434335 
-0.381739141 4.126750544 0.026188454 
-0.416465807 4.038544807 -0.742816595 
-0.355773546 4.077740161 -0.571198922 
-0.334862223 4.124961031 0.104021626 
-0.343905939 4.125756962 0.135640655 
-0.642229007 3.955130691 -0.990888929 
-0.487106321 3.996770465 -0.891213382 
-0.459523980 4.006287630 -0.853901214 
-0.362023663 4.103177719 -0.373387517 
-0.421520366 4.052837699 -0.682035879 
-0.336206354 4.125235916 -0.145141539 
-0.343711581 4.104046803 -0.400397806 
-0.318509858 4.119702760 -0.248437681 
-0.428968656 4.025542077 -0.799075406 
-0.360795461 4.063970453 -0.646828201 
-0.293044808 4.126400907 -0.007818905 
-0.697039348 3.916030217 -1.081570302 
-0.376004785 4.059511003 0.663999493 
-0.449668235 4.008748722 0.860999593 
-0.486218869 3.999923518 0.882370843 
-0.647308172 3.936030142 1.041288602 
-1.105232478 3.800905542 1.196327118 
-1.350234001 3.734840654 1.171964955 
-0.846859255 3.848264690 1.197212592 
-0.507028599 3.956046408 1.000146423 
-0.396235009 4.052626036 0.687086495 
-0.349670317 4.127578233 0.051581700 
-0.466665630 4.017268303 0.818981780 
-0.406520564 4.054763581 0.674573290 
-0.340863886 4.113858120 -0.306288311 
-0.439668909 4.042722845 -0.724147880 
-0.343895908 4.127349196 0.057942471 
-0.340367480 4.126694763 -0.100672014 
-0.370137543 4.072040816 -0.595100215 
-0.427625606 4.049022397 -0.697231067 
-0.354015293 4.121338169 -0.203304580 
-0.343810322 4.127518400 -0.067759436 
-0.332219464 4.124415427 -0.160658945 
-0.341076687 4.122645298 -0.185075288 
-0.363778334 4.116213662 -0.268467536 
-0.362484061 4.126719269 -0.054964852 
-0.342738239 4.100304159 -0.428147921 
-0.382874110 4.061834762 -0.648714118 
-0.329040458 4.128768267 0.013573703 
-0.819066278 3.860887620 1.178341819 
-0.399018928 4.058945225 -0.661209958 
-0.364255836 4.086655091 -0.516954788 
-0.318794903 4.127649695 0.096866113 
-0.338584799 4.127974319 -0.046738114 
-0.351490153 4.093777357 -0.474943734 
-0.335142094 4.108066633 -0.364895338 
-0.332442500 4.127650902 -0.068320838 
-0.333051588 4.128487837 -0.010877377 
-0.346574322 4.126782893 0.088359343 
-0.351665298 4.107516970 0.362633791 
-0.371497332 4.084681235 0.525824529 
-0.404149553 4.062890185 0.638357818 
-0.385199938 4.055168041 0.680525064 
-0.359858227 4.101921630 0.406365723 
-0.344911078 4.124047958 0.166575503 
-0.347871955 4.122472582 0.190278949 
-0.319384270 4.121341497 0.220733317 
-0.342275371 4.111817442 0.329312975 
-0.424284285 4.044075351 0.726175265 
-0.410312499 4.059954585 0.656394712 
-0.385851918 4.067277209 -0.623509576 
-0.403518148 4.062083201 -0.645108754 
-0.594522431 3.952438752 -1.012452829 
-0.543144878 3.975023196 -0.953480976 
-0.296729627 4.119509136 -0.225814050 
-0.342360318 4.085767022 -0.510600852 
-0.390401965 4.057897946 -0.670288808 
-0.477550876 4.013712843 -0.832610277 
-0.391244610 4.077366453 -0.568141328 
-0.339286381 4.106407892 -0.378683075 
-0.517418137 3.991126599 -0.904016771 
-0.570439178 3.964764031 -0.978958961 
-0.390711349 4.061856701 -0.646704820 
-0.323537454 4.122652858 -0.195938305 
-0.335612479 4.106960671 -0.374536422 
-0.338618037 4.111882823 -0.326211908 
-0.389946307 4.094709622 -0.510242716 
-0.343784165 4.091027486 -0.528127396 
-0.724810167 3.877566380 1.161440318 
-0.477016931 3.976128166 0.940455712 
-0.539572048 3.977768767 -0.947529321 
-0.390285621 4.043660064 -0.729658581 
-0.592987109 3.960862049 0.979288322 
-0.387832274 4.052259152 -0.685283851 
-0.409998314 4.047663883 0.711439052 
-0.381974149 4.067284342 0.622016804 
-0.350519724 4.110500991 0.336474565 
-0.352059831 4.124250794 0.148138267 
-0.368371957 4.085407756 0.523803634 
-0.371038078 4.085204179 0.525066761 
-0.443268327 4.035317079 0.757830492 
-0.469314063 4.019673721 0.813582166 
-0.448580029 4.028265217 0.779779047 
-0.274938267 4.116594918 0.306291607 
-0.389561789 4.060289535 0.646327420 
-0.389222184 4.061790835 0.642572291 
-0.359943259 4.106567658 -0.373837445 
-0.375498504 4.114294090 -0.292600322 
-0.364171160 4.066721118 -0.662936221 
-0.637537402 3.923187781 -1.073090510 
-0.522335030 3.985909552 -0.922333289 
-0.412311302 4.056853900 -0.667765378 
-0.412255180 4.043495402 -0.729703565 
-0.345115080 4.120811687 -0.217134372 
-0.437073140 4.016109640 -0.814297064 
-0.417649184 4.043210985 -0.725602550 
-0.378405411 4.066507753 -0.622863306 
-0.434269085 4.030433966 -0.781639970 
-0.385388721 4.066142599 -0.624104288 
-0.414222954 4.045734284 -0.712670678 
-0.333628592 4.126625573 -0.099619950 
-0.341043488 4.123321665 -0.176882571 
-0.331448479 4.090605175 -0.489309643 
-0.339599378 4.088182682 -0.500070742 
-0.313920965 4.098872111 -0.450827766 
-0.299250272 4.125213040 -0.152789809 
-0.370347073 4.084676530 -0.520728645 
-0.343279321 4.109923112 -0.342614291 
-0.355386506 4.097851824 -0.440614221 
-0.352703749 4.108271271 -0.357499142 
-0.396688884 4.060295218 0.655742037 
-0.345967979 4.103775107 0.401403201 
-0.343637604 4.126161365 0.117631199 
-0.335818001 4.118632255 0.253951879 
-0.367920837 4.085779552 0.517306556 
-0.331569796 4.109539656 0.350067424 
-0.329797218 4.124912464 0.146950752 
-0.366450345 4.087088572 0.510986144 
-0.328698907 4.132198590 0.094004422 
-0.318548468 4.131054366 -0.015269613 
-0.463702297 4.005262658 0.864393709 
-0.329357608 4.100362267 0.426319530 
-0.982144406 3.825907730 -1.192786884 
-0.416530925 4.024089964 -0.795517761 
-0.332263569 4.130788027 -0.131553530 
-0.414086073 4.058570883 -0.654689358 
-0.352012474 4.096396207 -0.430929546 
-0.328700906 4.127277933 -0.039764167 
-0.336937399 4.115400458 0.282311176 
-0.328099827 4.121584293 0.165952841 
-0.494780605 3.986225780 -0.918228561 
-0.535758082 3.973622979 -0.952942771 
-0.460909775 4.034681634 -0.754260308 
-0.406087108 4.062005741 -0.636690062 
-0.316313810 4.116772296 -0.271197432 
-0.284978705 4.120396597 -0.206619725 
-0.320348983 4.126978980 -0.105923695 
-0.311309742 4.122059590 -0.212016320 
-0.322409460 4.128359173 -0.040980319 
-0.323177805 4.128704200 0.001063406 
-0.339534036 4.128096197 -0.021868460 
-0.353324876 4.127195045 -0.053145459 
-0.334243644 4.082747447 -0.545821605 
-0.343743323 4.099676748 -0.431419341 
-0.327753687 4.118394008 -0.260328890 
-0.350779940 4.127736067 0.004590860 
-0.340049439 4.095327715 0.462819298 
-0.376558439 4.078188414 0.562740983 
-0.346532505 4.115726511 0.282085492 
-0.395682766 4.066785243 0.621735308 
-0.368536777 4.088868090 0.479726792 
-0.317938520 4.121904913 0.170562901 
-0.340295085 4.113049483 0.312034929 
-0.349790834 4.125932534 -0.113469417 
-0.346575121 4.097374900 0.447791761 
-0.365310585 4.094436018 0.463349652 
-0.382992121 4.083300850 0.534349215 
-0.358360131 4.089728440 0.499415839 
-0.398948467 4.051779857 -0.692744058 
-0.376414989 4.089092100 -0.491355809 
-0.343833663 4.106420983 -0.375992153 
-0.351734899 4.113190081 -0.303302807 
-0.737656802 3.890801233 -1.132349417 
-0.256595828 4.115984124 0.235833821 
-0.364283234 4.086410224 -0.536685231 
-0.381463889 4.101798229 -0.427135743 
-0.365120806 4.096518334 -0.448653161 
-0.377250190 4.062504086 -0.645792357 
-0.367630301 4.075516379 -0.582137948 
-0.380037821 4.077734688 -0.564080110 
-0.435795744 4.038487029 -0.742292359 
-0.553482744 3.968755524 -0.968331823 
-0.348558827 4.110647639 -0.335074181 
-0.345158207 4.125717670 -0.121913128 
-0.396368387 4.066584607 -0.618995165 
-0.369642746 4.073111705 -0.595108638 
-0.388421909 4.069003319 -0.610321259 
-0.374380085 4.079012041 -0.559171990 
-0.575534110 3.962129560 -0.977029095 
-0.325906241 4.127186218 0.018237393 
-0.336090867 4.081700351 -0.516486682 
-0.486927972 4.001496376 -0.868513379 
-0.336874125 4.126107079 0.115036434 
-0.392549728 4.088345878 0.495812042 
-0.478887032 4.008987108 0.851638406 
-0.497863035 4.011788232 0.837072915 
-0.335360226 4.122926668 0.184784269 
-0.321848003 4.124511661 0.161124738 
-0.542455822 3.976515012 0.949318253 
-1.546407619 3.666607608 1.137426083 
-0.345879399 4.127925158 0.010658267 
-0.333847609 4.107035364 0.373702449 
-0.431238221 4.046936086 0.707722113 
-0.479766794 4.014623626 0.829509504 
-0.393956333 4.071443351 -0.596397911 
-0.385539275 4.065285562 -0.632684288 
-0.355067240 4.120234378 -0.220389736 
-0.355595834 4.119906935 -0.224021821 
-0.379762670 4.068957179 -0.612033638 
-0.321421438 4.113328981 -0.324740450 
-0.362314589 4.124458674 -0.134397812 
-0.359119439 4.125665814 -0.115354030 
-0.481816954 4.007322531 -0.856132266 
-0.377415461 4.070391564 -0.605605728 
-0.369622477 4.083483157 -0.535369610 
-0.364986887 4.110047229 -0.337027683 
-0.400964951 4.077548828 -0.560754328 
-0.406076877 4.063029557 -0.637155071 
-0.331023455 4.120723127 -0.225869825 
-0.449447511 4.010803671 -0.855467320 
-0.501625170 4.011046473 -0.835472229 
-0.632295578 3.941754161 -1.029155744 
-0.339908670 4.124175926 -0.160922308 
-0.334508832 4.115237324 -0.292861344 
-0.382060473 4.073739983 -0.583656288 
-0.389943603 4.067152374 -0.620603210 
-0.410413819 4.054906183 -0.674081622 
-0.344258801 4.120524404 -0.216871198 
-0.337178523 4.112359181 0.347511885 
-1.201529748 3.763283553 1.206374339 
-1.213642229 3.761871919 1.204138783 
-1.222550598 3.756643987 1.209158082 
-0.402742934 4.055285643 0.676179381 
-0.450627363 4.025616109 0.794200461 
-0.705099289 3.913397398 1.088931170 
-0.633233044 3.937273894 1.044818357 
-0.591618215 3.954078872 1.004566957 
-0.567307379 3.960933463 0.991338792 
-0.572210414 3.960280610 0.994611487 
-0.620991749 3.944529195 1.025853442 
-0.436962445 4.029342745 -0.781922347 
-0.369458533 4.069284718 -0.614073332 
-0.388717491 4.112483000 -0.296533340 
-0.362590668 4.114337115 -0.292195627 
-0.366942959 4.060631925 -0.658352681 
-0.333267203 4.122057554 -0.205873563 
-0.369300365 4.119997807 -0.210623420 
-0.384629343 4.094005864 -0.461191697 
-0.337947800 4.109774717 -0.349736977 
-0.348053717 4.078457179 -0.571292811 
-0.298954806 4.123807163 0.136124752 
-0.328086080 4.118874459 0.242847380 
-0.840241080 3.865520533 -1.162152101 
-0.917709823 3.841653081 -1.186919449 
-0.379463252 4.074800809 -0.581148281 
-0.462289197 4.021342524 -0.806989062 
-0.943799952 3.836214107 -1.191170913 
-0.903583617 3.845653979 -1.181819741 
-0.700065810 3.907153615 -1.108921715 
-0.327124371 4.125690155 -0.099299369 
-0.615445086 3.951469742 -1.004132983 
-0.682208312 3.918119988 -1.081321555 
-0.452949688 4.030857485 -0.770524316 
-0.341668835 4.123734436 -0.169671092 
-0.329714861 4.126036216 0.123644779 
-0.325156269 4.125825090 0.133249177 
-0.616376447 3.941632192 1.036498909 
-0.477828890 4.003621898 0.872183244 
-0.347782461 4.103858897 0.396626071 
-0.341636163 4.122033146 0.197851911 
-0.549428347 3.968266970 0.975672651 
-0.703324136 3.910782336 1.095400848 
-0.338651710 4.127911919 0.034914276 
-0.342914004 4.120577614 0.218825477 
-0.516610162 3.989337975 0.913709859 
-0.696512562 3.914968599 1.087816213 
-0.360483238 4.118591198 -0.243874450 
-0.359226775 4.122573515 -0.181979261 
-0.359092552 4.126862612 -0.045529537 
-0.446633040 4.032691750 -0.761952064 
-0.412380364 4.066372524 -0.617463327 
-0.380835930 4.086708515 -0.511790537 
-0.320602124 4.128504869 -0.044783519 
-0.357989370 4.091366741 -0.489155425 
-0.365818070 4.090304161 -0.487824211 
-0.622965647 3.925197183 -1.063837052 
-0.403878554 4.062645275 -0.641830927 
-0.351473075 4.091113973 -0.490612534 
-0.401788108 4.048604411 -0.707604834 
-1.812724555 3.582314902 -1.005015338 
-0.378960439 4.077792353 -0.564508109 
-0.748359196 3.893847051 -1.126642078 
-0.424511162 4.036053938 -0.756265236 
-0.600839262 3.948308571 -1.017486957 
-0.334397100 4.118963037 -0.249151819 
-0.356812377 4.110209176 -0.335261354 
-0.382610456 4.061647282 -0.650021679 
-0.359777015 4.092277004 -0.478553705 
-0.375721261 4.080653105 -0.547643400 
-0.383625516 4.076896609 -0.566398990 
-0.330643230 4.121128117 0.218950597 
-0.342432285 4.109649478 0.348155998 
-0.642954698 3.934806406 1.049555615 
-0.605432275 3.945698959 1.028294124 
-0.324261399 4.119058368 0.252075110 
-0.322159483 4.110494043 0.346025601 
-0.568648269 3.967262086 0.972156908 
-0.464776225 4.024195459 0.797521512 
-0.325077949 4.126934335 -0.004534438 
-1.889089104 3.549420516 0.972067600 
-0.563697424 3.963615259 0.974964729 
-0.658830000 3.918734898 1.076753072 
-0.363608640 4.118889249 -0.230536570 
-0.481129444 4.002049178 -0.877811760 
-0.358785310 4.126348007 -0.088541807 
-0.336281784 4.120077606 -0.231584064 
-0.431818669 4.046492137 -0.710060454 
-0.507304413 3.992517156 -0.903729016 
-0.353128937 4.127408810 -0.044151211 
-0.362862833 4.124674274 -0.129385072 
-0.582871438 3.959251287 -0.992363051 
-0.426089971 4.052428865 -0.682607296 
-0.345335002 4.112579837 -0.317310771 
-0.352575101 4.118012447 -0.251867845 
-0.377978864 4.066563436 -0.603262263 
-0.405702962 4.049906213 -0.686531619 
-0.337170621 4.126185706 -0.096051828 
-0.352975046 4.125445927 0.125445515 
-0.377139179 4.073300324 -0.586972732 
-0.332437434 4.118361064 -0.252426096 
-0.341709144 4.115612090 -0.284276538 
-0.354933096 4.089896867 -0.496250393 
-0.465537445 4.022560030 -0.801502293 
-0.406929508 4.062600450 -0.640014999 
-0.336192695 4.128239931 -0.009359594 
-0.340272193 4.125464632 -0.138834589 
-0.316858225 4.126192065 0.129767061 
-0.323118313 4.116455749 0.281163404 
-0.330128336 4.127437968 -0.086826600 
-0.330865609 4.127009996 -0.095172147 
-0.332399099 4.099007366 0.430767567 
-0.296350867 4.126188918 0.073007668 
-0.305827770 4.128810338 -0.016941886 
-0.306132625 4.116288061 0.290643646 
-0.326300956 4.125738632 0.140413325 
-0.331029512 4.128354149 0.012729602 
-0.344900734 4.127626928 0.050048646 
-0.340441223 4.127004193 0.085982298 
-1.228233910 3.763705846 -1.194417137 
-0.653689156 3.930137231 -1.062367383 
-0.344173879 4.124443550 0.111648233 
-0.354634067 4.106120915 0.371789872 
-0.577267906 3.958296972 -0.996285162 
-0.408192433 4.044372225 -0.722964414 
-0.344560687 4.118781883 -0.238531410 
-0.391590666 4.073735775 -0.581057134 
-0.344644645 4.087504455 -0.517971133 
-0.384807862 4.070749099 -0.604072989 
-0.325836586 4.109853171 -0.355908642 
-0.329753526 4.127649909 -0.069031114 
-0.355852230 4.095632392 -0.454044106 
-0.374026338 4.081706478 -0.538993636 
-0.374216644 4.084151197 -0.525593692 
-0.358348318 4.090225182 -0.491948314 
-0.356376645 4.088744277 -0.505008497 
-0.357511585 4.111588062 -0.327957294 
-0.340103235 4.125845246 -0.130197494 
-0.338442844 4.128371617 0.005228100 
-0.319550654 4.131077314 -0.009539457 
-0.325861431 4.119024481 -0.320562599 
-0.310538579 4.128270898 -0.082883499 
-0.302475166 4.123259815 -0.229305113 
-0.370406641 4.079438639 0.564178151 
-0.315210410 4.110163528 0.331200143 
-0.322095886 4.089255732 0.514584238 
-0.316829709 4.113402610 0.321164634 
-0.470404148 4.012468764 0.840828787 
-0.409275773 4.053247284 0.682673821 
-0.342720521 4.122956950 0.184671866 
-0.327555724 4.123696428 0.179870073 
-0.356071120 4.085645672 0.519934580 
-0.358705833 4.089838084 0.492898412 
-0.357427629 4.095599011 0.455327599 
-0.334377025 4.123105805 0.177990682 
-0.749521940 3.893180608 -1.126093005 
-0.585675369 3.951458436 -1.008043464 
-0.750847355 3.886342759 -1.145968295 
-0.336570326 4.121808541 -0.195720989 
-0.308782991 4.127069716 -0.178586796 
-0.333869507 4.101348535 -0.443913556 
-0.326893875 4.111413940 -0.374841279 
-0.354759690 4.097457636 -0.437978435 
-0.343618650 4.120678300 -0.201713862 
-0.366315244 4.087836996 -0.502996080 
-0.340143267 4.115363546 -0.271206318 
-0.280627410 4.117499135 -0.234714028 
-0.390394182 4.058655560 -0.659596631 
-0.409633166 4.058260438 -0.655844770 
-0.346835276 4.123617153 -0.168332377 
-0.382579775 4.088307198 -0.499056323 
-0.326587386 4.127479435 -0.087571162 
-0.334278567 4.107469306 -0.365696481 
-0.378152460 4.079030734 -0.560445192 
-0.394636278 4.063694042 -0.637597231 
-0.440400096 4.031202852 -0.770540320 
-0.419905433 4.030867567 -0.778329542 
-0.351847586 4.114025015 -0.298186477 
-0.361589360 4.099885672 -0.421946213 
-0.328026043 4.106620543 0.380796365 
-0.334778584 4.097041723 0.451990716 
-0.366893749 4.091246775 0.483265635 
-0.360025580 4.087557364 0.509887105 
-0.440538611 4.015571361 0.828708430 
-0.341344277 4.116427214 0.264580921 
-1.806341516 3.584230706 1.021191058 
-1.560910328 3.664533855 1.126602650 
-0.332810250 4.122210991 0.199905654 
-0.314287190 4.121923060 0.215901831 
-0.386584132 4.073365619 0.588424928 
-0.373116634 4.075661208 0.578493632 
-0.395398418 4.053580144 -0.685922175 
-0.503140002 3.992751634 -0.905762084 
-0.366612524 4.105762987 -0.374578548 
-0.358592129 4.103760095 -0.394688125 
-0.449528679 4.027600034 -0.783015932 
-0.569264908 3.959327695 -0.995298371 
-0.355898262 4.114720484 -0.291463513 
-0.368591280 4.104218550 -0.388316494 
-0.491384198 3.998987746 -0.884061403 
-0.454289002 4.019933205 -0.814450010 
-0.342568583 4.113731363 -0.305627273 
-0.353717069 4.102920411 -0.403811106 
-0.333702396 4.125356599 -0.131886160 
-0.377922757 4.068799779 -0.612676802 
-0.368417430 4.077479826 -0.567846424 
-0.335349643 4.118162328 -0.254234740 
-0.346598627 4.124292389 -0.151784281 
-0.336849597 4.124030159 -0.166042844 
-0.333151544 4.125137376 -0.144947333 
-0.354142651 4.117823643 -0.252240536 
-0.361742282 4.098788512 -0.428614718 
-0.452696599 4.029471511 -0.777038569 
-1.104216978 3.790754307 -1.208742272 
-0.323332593 4.129363802 -0.076524388 
-0.369509133 4.070735221 0.614775002 
-0.340375570 4.114810189 0.292389690 
-0.878871382 3.841789225 1.193539559 
-0.402831789 4.044656200 -0.708877244 
-0.371931781 4.086230965 0.516073592 
-0.347338030 4.103826834 0.398827638 
-0.318832655 4.128875745 -0.028010963 
-0.327290317 4.127482323 0.085091481 
-0.326528744 4.124088754 0.159083575 
-0.375314859 4.085297716 0.519037380 
-0.344545331 4.101174753 0.419626897 
-0.360354960 4.090773734 0.486745455 
-0.665721513 3.918192834 -1.087122681 
-0.632173785 3.931460896 -1.056675128 
-0.341062398 4.119005611 -0.237951667 
-0.341104633 4.121235094 -0.200773810 
-0.347647976 4.130333747 -0.058463714 
-0.710665815 3.904641417 -1.118633627 
-0.461561393 3.995376609 -0.902932187 
-0.348829713 4.093526462 -0.470834686 
-0.378642063 4.079625998 -0.550687554 
-0.538492597 3.975392288 -0.938096910 
-2.085450402 3.468167886 -0.851253484 
-2.088964283 3.465684620 -0.855761168 
-0.333004173 4.107718747 -0.371136837 
-0.350984885 4.101382933 -0.415021015 
-0.324758396 4.128314030 -0.062092464 
-0.322513186 4.124598387 0.169157697 
-0.377060402 4.057986969 -0.666950235 
-0.319739893 4.125347269 -0.147863567 
-0.482474153 3.992286244 0.894228730 
-0.467736205 3.986362861 0.914158013 
-0.407989961 4.062499151 -0.636104824 
-0.332162102 4.122130759 -0.194072551 
-0.331670161 4.116532623 -0.277322085 
-0.338877514 4.101100102 -0.421454978 
-0.344563977 4.124508574 0.148345356 
-0.346513620 4.123981108 0.164497902 
-0.416791240 4.053814337 0.679998483 
-0.368557264 4.089799763 0.494125626 
-0.354150544 4.116618367 0.267063315 
-0.331504026 4.124988004 0.148852253 
-0.496609402 4.003197537 0.867486416 
-0.449150631 4.032426677 0.765472374 
-0.348433189 4.124435939 0.256911005 
-0.354372062 4.100243347 0.418183640 
-0.320932088 4.125036912 0.079444855 
-1.118856846 3.788655773 1.205525123 
-0.386673492 4.044524747 -0.704994453 
-0.385500337 4.060480912 -0.631859185 
-0.372125844 4.122249610 0.232310915 
-0.529924505 3.985472868 -0.922621018 
-0.352546542 4.114549584 -0.285148779 
-0.365408494 4.105482664 -0.368501986 
-0.339127393 4.094056221 -0.456866069 
-0.337228387 4.113527114 -0.300812613 
-0.373012267 4.073428807 -0.586385036 
-0.740932433 3.896579578 -1.115209149 
-0.524224405 3.984878307 -0.918738922 
-0.524277406 3.969420775 -0.968068799 
-0.449963254 4.027433503 -0.803625438 
-0.473223730 4.009930607 -0.851952125 
-1.039970553 3.804260390 -1.210781005 
-0.683811008 3.916368655 -1.086368587 
-0.359863491 4.072356820 -0.602126008 
-0.379845882 4.058530901 -0.667975928 
-0.325656193 4.127727006 -0.079922134 
-0.323727733 4.127129748 -0.100470987 
-0.374551933 4.066893259 -0.626985531 
-0.363094504 4.073896777 -0.591076923 
-0.337274289 4.124570826 -0.155199504 
-0.323296317 4.120846293 -0.225381804 
-0.348267424 4.101209203 0.417378135 
-0.339057937 4.102505007 0.409826098 
-0.581722903 3.966070530 0.973538652 
-0.427337982 4.041711905 0.735316296 
-0.346109842 4.102985684 0.404490331 
-0.369060994 4.084972333 0.523111507 
-0.539813312 3.988211598 0.912501727 
-0.427617673 4.055412461 0.672743502 
-0.313849753 4.116779718 0.282115904 
-0.327505858 4.128671010 0.009526619 
-0.408145228 4.060520601 0.652984608 
-0.437613552 4.040560863 0.736449759 
-0.398055999 4.081169361 -0.538995738 
-0.402927770 4.071990690 -0.591635034 
-0.449213048 4.033415440 -0.759794993 
-0.420937745 4.045197726 -0.715607226 
-0.429612697 4.048963609 -0.700887454 
-0.360750699 4.094203652 -0.468946259 
-0.461293853 4.027889146 -0.779727136 
-0.379437182 4.073267771 -0.590798970 
-0.406380539 4.063747650 -0.634606489 
-0.386274332 4.075959358 -0.574305829 
-0.361377316 4.108294308 -0.353770269 
-0.387477120 4.067451410 -0.617895712 
