2.121862682 36.673558444 -7.663320596 
3.293658186 35.801097776 -1.959148111 
-26.906844149 24.998191270 -1.487682029 
-24.772923579 24.264811512 -4.729166523 
0.192664505 25.492954444 -17.925103103 
2.520655783 23.499127453 -14.518033549 
-25.026754230 17.182486327 7.375909290 
-21.900237934 14.270284315 7.198004116 
-9.131652440 28.617875355 -4.483295003 
-9.730385722 25.459720748 -6.861127526 
-10.008146841 27.463356690 1.978048225 
-11.365283747 26.339693507 6.787529020 
16.378803708 21.682071031 13.953185962 
18.435985859 18.948986783 6.422041463 
-23.108951082 5.717807042 -15.511985024 
-22.441955541 4.715548466 -12.992870297 
5.981735189 28.740744497 11.904238727 
2.393418598 28.736075419 6.850656240 
-18.774875526 18.037550925 -15.968929115 
-16.855277353 20.293391705 -11.555084457 
4.982570121 11.583029821 14.237902260 
0.653887105 13.019778661 15.268976116 
-9.546327744 6.100515892 -14.587952687 
-7.938742556 10.457258796 -14.906580334 
18.860715529 13.359770251 11.910595828 
17.275644980 18.255836503 10.004985906 
-18.844802611 1.605215855 -18.362231959 
-21.077660377 4.061051768 -14.984730849 
6.660587805 3.801824367 16.605391157 
7.224203230 5.404748775 12.398242686 
-11.302743211 -2.486257536 -15.405162865 
-6.298940120 1.316143029 -15.848939078 
12.270381956 8.733295285 -4.520214321 
10.439861885 4.810017785 -3.401165276 
-10.533725568 1.595002445 -11.113417822 
-5.287678831 3.629181112 -2.451165147 
13.176518240 13.458555230 -9.581987012 
9.309262113 13.126121794 -8.491645073 
-19.050849580 0.746953876 -1.581293228 
-15.684072588 2.942586965 1.717980653 
17.223727648 25.973223622 3.078279739 
13.714861574 29.106030841 -1.575112529 
-28.246610698 8.206613454 -4.785672016 
-27.160055219 12.180076828 -6.245631251 
9.879119027 13.520981144 8.493876160 
9.687796486 17.588779145 9.781384196 
-14.603923675 4.163806622 -10.169983528 
-16.249901305 7.694198634 -11.629997171 
-0.958978047 27.295603725 -11.232554104 
-1.072765490 26.267449202 -5.603070135 
-21.108555937 20.674635115 2.570318639 
-16.628081575 20.789776306 1.412623378 
12.396490249 26.924249757 -12.169333105 
14.807951320 25.893189701 -6.260087625 
-28.983261794 11.232055441 0.516886490 
-26.763971024 9.750174531 -5.339042011 
5.430003589 17.286249146 -12.568371296 
9.636202589 15.231473238 -10.295992982 
-17.350741301 7.927408774 6.862377378 
-18.552451466 4.785968653 4.818004116 
-13.677548461 14.854834928 15.692203375 
-11.715218971 12.287110070 12.590867199 
-8.942329818 16.100180860 -18.613095122 
-5.080899893 14.763496528 -15.561164627 
-7.764246728 21.869211444 22.379449331 
0.623484792 23.155888617 20.280727210 
-20.211550738 14.549403065 -19.475616659 
-20.432693438 14.324764319 -17.386707271 
-7.035476520 26.313053128 8.347035461 
-1.589272519 28.837284937 4.806424271 
-9.660404944 25.317176670 -9.063935800 
-14.208797092 23.906061333 -8.858462899 
4.253751406 7.806233857 -19.083523780 
3.846741369 6.045760074 -14.958470383 
-11.608376956 1.432158497 15.516990138 
-5.358222400 1.764666419 13.136796699 
4.060767500 20.457054289 -19.473853891 
2.710579023 22.212058339 -15.568266405 
-20.817075401 11.090440066 13.953916450 
-21.685967569 13.145085052 8.109480762 
15.497394413 12.561058889 -8.695601475 
14.346714211 16.066214054 -12.310845239 
-19.875525205 -0.598709147 5.669160971 
-20.854397836 3.023651839 8.204767324 
-11.764831802 31.463174647 1.083963274 
-11.326095915 28.191934922 -2.135493840 
-11.853644383 31.862840796 -2.285848506 
-8.698057635 29.688949455 1.742508095 
-4.500672749 31.555458832 11.396703308 
-2.534271909 27.158074032 13.455963393 
-19.815591186 24.602131069 -9.937600073 
-18.656978114 20.450035018 -9.719349848 
1.547803770 31.150535716 -7.308482786 
4.250291225 33.366109785 -2.661384806 
-22.373192655 24.385797692 3.191692814 
-23.435988463 21.931703443 1.840583423 
-8.780051860 1.743418947 15.904915456 
-9.646222943 4.610136643 13.922621648 
-1.144131303 5.280943843 -20.734828411 
1.582242926 8.098078945 -17.139536658 
5.475828339 4.314926356 17.205181397 
10.864619036 8.543672960 11.411699813 
-10.113923173 0.594295044 -18.199918931 
-10.544703603 2.087452410 -15.640146247 
-11.948555440 14.290439781 18.603885441 
-1.008129977 17.540513953 20.488744011 
-12.078409504 13.599158863 -21.241831123 
-10.803157485 15.096849700 -20.114851221 
-11.808657533 15.479205463 -4.929672930 
-8.685723598 18.833199425 -3.915468901 
-3.154618623 18.997756554 7.030826397 
-7.521970844 19.066484135 4.267358558 
-6.312598029 4.212027694 -12.256308942 
-6.789860289 3.847967722 -12.188493729 
-1.231349108 5.910668209 12.983333913 
-4.475436270 3.314748143 11.427294653 
0.655228294 7.691699007 -2.607253361 
-2.029660018 3.569429390 -3.435393398 
-2.946054345 6.289989308 -4.358924837 
-1.697209594 3.646021293 -3.463403154 
-9.381046831 11.455590207 6.676115329 
-4.797073763 12.358234227 8.721062219 
-6.126523080 12.508213311 -8.232471041 
-8.815446324 10.884319951 -6.512889270 
-16.152081051 20.189963980 4.772728240 
-13.479474530 23.055371631 2.604148434 
-4.479358204 24.675593442 -8.841912650 
-3.979396702 26.712970966 -3.052740906 
-6.588861822 6.616558549 -1.271566327 
-6.342222587 8.438690026 -3.315345590 
1.802589482 10.464013539 -1.246104117 
1.295798653 11.386162057 3.205070312 
0.495313247 2.579954635 -3.410230299 
0.517233534 4.775521859 -4.545433830 
0.088422884 5.444570316 3.820635850 
-1.503029989 5.139966620 4.526260794 
-3.819067308 -0.726817992 2.916088190 
2.932960729 0.127668159 6.582628876 
2.164253196 -0.438724349 -3.953329713 
1.091388297 -0.933823803 -7.041310863 
-7.457644867 8.560778587 1.978031652 
-3.849680267 11.776271061 -5.146581439 
0.106432903 12.542928860 -3.488240347 
-1.752425998 8.886229282 -3.914854402 
-10.426115852 9.225069850 5.212720047 
-11.616914315 12.722428086 6.077477318 
-1.263658314 12.495789963 -10.036151877 
-5.406936851 14.698708170 -11.109717674 
-2.586731823 7.266237161 5.243586479 
3.008083642 8.680692048 0.242146152 
-1.869702290 7.205204652 -5.612627800 
-6.829172932 5.429121297 -2.623977008 
6.962526530 12.688033388 9.530246602 
9.270519489 10.606654641 3.870013163 
-12.006793456 5.064548012 -9.824155551 
-11.606755029 2.831459497 -6.410859503 
0.819818996 2.501998075 -3.471778859 
4.469885947 5.087606313 1.451064744 
-5.989850219 1.206876339 1.359907904 
-4.291501247 -0.490915583 -2.036290850 
-7.284117253 10.598570789 -4.590086039 
-7.112146913 14.379020196 -4.658437268 
-1.102827854 12.046676616 6.100471503 
-4.720154114 15.600738559 6.071198777 
4.424717296 9.909238317 -11.216748562 
3.315649406 13.614072467 -11.033921243 
-11.569749644 3.766985874 9.073793539 
-15.094401095 7.544275504 5.701804397 
-3.035930942 16.468755784 -9.763622139 
0.845541267 16.006295033 -9.098752636 
-11.217269598 12.905296948 5.811146115 
-13.144431184 10.723003630 2.428366498 
-10.471717168 13.691495892 -1.405804028 
-10.326039207 13.534008132 1.974215120 
0.262304802 17.982159059 1.113682966 
0.006017472 17.653501051 -3.716944085 
-5.970019293 26.522476578 3.834454633 
-9.191093543 24.480272276 4.782537973 
-12.328315416 24.039646953 -4.035523055 
-8.983365909 24.106611348 -6.401961867 
-8.344571707 9.809519284 -7.362300419 
-7.273119451 11.013982018 -8.094078327 
-1.426573794 12.063339453 8.093513404 
-3.844327911 6.786675879 3.893240719 
-9.526298147 8.438386340 1.815092196 
-10.335291211 11.027911902 4.069420114 
2.457940408 12.921029644 -4.658510468 
-0.026831285 15.060675729 -7.074985374 
-9.938226479 23.191091365 -7.820952210 
-11.737013163 24.773459859 -4.141640745 
-6.991277163 24.554906492 6.644350223 
-6.377588924 26.922502828 3.208848988 
-8.513309261 7.360256173 1.981002662 
-8.547751017 16.768216558 5.271182097 
3.092515587 12.058911289 0.226545807 
-3.232360717 19.109415146 -4.327274039 
-5.858324203 3.910323797 1.413925450 
3.566184859 2.767194242 3.657087887 
2.707732503 6.401030487 0.687634009 
3.677317483 2.332622806 3.265873717 
-7.916521542 8.837921474 12.777318428 
-5.717053137 6.214290916 13.203267758 
-1.442870027 12.541999486 -12.685545144 
0.501850441 8.519802942 -12.892317882 
-3.511441293 2.595160997 -2.584247603 
-5.425095963 5.053817896 -1.307833489 
-1.642909211 3.169593968 3.527413391 
-1.680818997 3.930715743 3.364152911 
-4.785541675 11.910890022 -13.627479496 
-2.573237397 15.323908036 -13.363568652 
-7.462118902 10.274035331 12.685408120 
-12.750515391 10.890717004 9.930666358 
1.227468811 2.841258747 2.966981308 
3.947513137 2.144915671 2.345663578 
-4.784460080 -0.450077808 -0.679806321 
-4.526463714 -1.224817981 2.566686556 
0.297561631 -0.060082960 4.916371442 
3.560378885 1.815440616 2.877207218 
-4.172874027 -1.488258296 -2.333309600 
-4.358306195 -0.637958564 1.682840945 
1.791020189 13.113188481 11.733625168 
0.573754544 17.345691802 9.119101844 
-8.065759075 9.381599565 -12.837795391 
-9.842119461 12.325306679 -10.851111619 
0.553149749 3.675290392 -3.858916984 
1.626246159 7.120289110 -0.012915719 
1.686533157 0.188618566 4.108711954 
-5.403696483 2.180046896 1.159186340 
-5.534757475 8.751543001 -13.856945261 
-8.341505209 12.460652292 -13.326355311 
-10.097314722 5.705761329 11.706321860 
-9.960500247 6.653488159 11.768138006 
1.205780442 3.631350011 -2.909081457 
2.080165976 6.510739208 -2.787512095 
-1.072649664 7.427794156 5.164079072 
-1.242195131 7.209213096 3.596496564 
-5.486944935 7.984670820 -3.769224111 
-2.392706679 5.431906249 -3.144645503 
-2.873145954 8.195074026 4.708477642 
-3.153790385 4.839340368 3.024540382 
-15.887001369 20.297083921 -1.807463413 
-16.593912478 17.509798332 1.438223099 
-0.809463661 26.678928739 -2.305772826 
-2.255429574 23.658375817 -9.127197476 
-8.152807123 18.562526615 -3.724348520 
-4.466021147 19.668294889 -1.964247962 
-5.496504688 19.588883135 2.947051327 
-8.249780246 18.301027166 -0.446048245 
-1.406641581 3.306508175 -3.540895789 
-2.267934836 5.372830503 -4.892326288 
1.838222228 15.230323671 -0.940612019 
-0.352143855 7.151348863 3.310783780 
-8.785239078 9.372083863 4.394254053 
-7.867192479 12.206584339 3.959097569 
0.187722320 12.916688466 -7.427298482 
-2.698973773 15.846307303 -6.026966966 
2.456918701 0.829186578 -3.415914260 
0.525282243 1.918853212 -5.555153066 
-5.878881823 0.133566682 -1.850172855 
-4.541868476 -0.551688058 1.812976965 
4.444253228 11.590637644 10.824764066 
6.604233517 8.884408421 9.208238882 
-11.249397633 5.509979408 -10.644025314 
-8.636841127 2.898391529 -10.569556712 
-0.596381719 5.807826111 -3.033999348 
2.434892344 8.274687999 -0.098558263 
-4.385502647 4.436137663 2.045691571 
-6.210500609 5.134380582 0.387959216 
-11.221052132 8.975769488 -3.751901808 
-10.414919819 13.595413762 -6.123645703 
-0.434859682 12.524467409 9.784844451 
-2.945423495 16.121470939 10.388141331 
5.064118530 9.863699790 -10.493310245 
-0.255601327 12.109972672 -13.869100891 
-12.746306379 4.069129783 7.572792212 
-14.574147282 6.936870845 8.580474270 
-4.266260522 16.937382878 -7.052451443 
-2.006766224 17.155135266 -5.817790235 
-7.140847922 15.873393314 5.793565694 
-9.755456713 14.254205679 3.084841437 
-13.653503834 11.302124621 -1.755281231 
-12.005845513 8.755775434 1.737739069 
4.575577989 18.032457202 0.673038303 
4.824939205 15.188939798 -3.581111766 
-5.934904569 26.566281589 1.542303706 
-14.106531244 21.936984102 3.838280240 
-10.007084277 25.145733313 -3.781045957 
-7.791345866 24.729013395 -7.737245342 
-15.618322264 18.292217521 4.405347793 
-11.450824696 19.860940218 7.648844054 
1.491698605 24.763366955 -4.576756153 
-2.452782045 22.554912702 -9.107800818 
-8.093070752 13.338568531 -10.051639607 
-5.891604283 13.040091064 -9.505002182 
2.499472362 17.110785113 6.615255059 
-6.807210429 12.340917358 8.577768891 
0.442798212 8.363658800 3.789488322 
-7.220248398 8.008208483 -1.936692696 
-2.125747059 7.000631122 -3.685200897 
2.208192119 11.366931627 -0.273041310 
0.370995563 0.128909716 4.798356994 
3.377209599 2.206069342 3.089943994 
-4.236067022 -1.230756849 -2.349669917 
-4.363899313 -0.052444821 -2.424914284 
-8.780631522 4.633231120 11.490314703 
-7.155100865 8.501381114 13.188288256 
1.779605238 8.793495086 -12.511200926 
-2.191775856 10.350736020 -13.244949851 
-0.120214268 3.540245881 -3.421269256 
-5.149301448 10.663009528 -3.981007252 
-2.633450039 2.649055254 3.363751202 
-5.839169820 4.352931734 -1.947505465 
-1.863031350 8.949650643 -14.293708142 
-2.374394246 12.502919190 -14.470932492 
-4.181842631 -2.105365393 -1.253088557 
-11.527240708 1.183357816 -6.125496813 
1.625251228 3.814242907 -5.253603979 
2.851370421 3.084656086 -2.744871475 
-4.343017165 -1.083090230 1.733805207 
-5.106114159 -0.413681820 -1.136261843 
-4.741668768 6.534914791 -3.019544742 
-2.649547007 4.202730499 -3.304559572 
0.211430350 12.135936288 2.504750359 
0.038093624 4.940051552 3.015169213 
-8.351178223 9.643864894 -7.209553227 
-9.998887722 22.131946695 -9.037572970 
-10.903211044 29.059488096 6.045522918 
-7.645740692 23.895100980 7.981998435 
-13.874458263 28.072720225 4.467916059 
-8.972368831 26.621858034 8.409559781 
-10.309077657 30.091027460 -8.654463149 
-9.705768770 26.441459701 -10.349327262 
-1.155050103 33.205151986 -5.418392560 
0.355096731 33.137935884 -0.129963869 
-21.065062990 23.548856719 -3.388315127 
-20.868463406 24.332236142 -4.809670730 
-3.569278076 11.166371942 17.279625145 
-1.563042489 14.692737101 14.243097083 
-8.691047714 7.271208292 -16.640154797 
-9.205342551 10.114369496 -13.876255092 
10.451757805 2.535744997 9.204341837 
10.377337008 2.840739392 3.007894419 
-7.289924753 -4.261079858 -9.608655475 
-4.337241318 -0.935753344 2.015860863 
12.821728128 18.632756067 10.487823662 
16.353144248 16.347064899 3.367374596 
-21.132692499 3.777103382 -9.342677502 
-10.111318572 4.791525811 -10.761741381 
-1.644504721 4.252820213 -3.435756213 
-3.534517672 4.302464138 4.385084830 
0.661235596 2.325555567 -3.491062740 
-5.392567192 -0.411416208 -1.022906167 
14.651269656 15.872183181 4.176508602 
11.943640387 19.680085458 -0.866181229 
-19.315680794 4.403458345 -9.978170273 
-18.000195812 7.479791872 -8.895562736 
3.887795086 3.049176244 10.010146819 
6.470018994 17.087299710 17.454825334 
-10.967376976 6.352869903 -19.872700989 
-12.601048510 8.974596597 -18.596849030 
2.932895058 0.232149204 -3.302233360 
0.381682428 0.870007126 -4.845457780 
-4.165773378 -1.477470355 -2.352573932 
-4.366165318 -0.591763603 1.650882753 
5.337006183 9.821386525 10.354645254 
5.453779706 13.703231861 9.192457293 
-8.744326237 5.296918127 -11.899961696 
-11.630295103 7.560877514 -10.197711480 
-1.724656176 4.474849792 3.520772142 
-5.222259595 12.886080703 4.576650774 
0.262214445 11.315903290 -5.360121370 
-2.508009954 13.688749778 -5.316261311 
-0.969816788 11.137822031 -13.772816727 
-4.251908646 15.324203873 -13.092588473 
-9.893145668 6.843919935 12.513692163 
-8.895180572 12.183236142 13.535704409 
1.048916050 3.580517656 -2.994906616 
3.080751885 6.732597055 -0.658141189 
-4.042761170 1.906915480 1.896254494 
-6.127718282 3.694489728 0.867379592 
0.182244317 7.986418422 -1.603705543 
0.769453166 8.819422974 -3.421931218 
-3.355168463 7.904346656 3.676409715 
-5.768189196 6.785882651 3.873672576 
-16.049775584 20.233046941 -2.367882696 
-17.029848669 17.106347650 -0.610315814 
0.800693228 26.463511848 -2.267533633 
2.693127662 24.791702490 -4.163426138 
-3.305962864 25.485009442 0.608848940 
-1.273954692 22.357744129 4.664808692 
-13.418495014 21.056371931 -0.563903039 
-13.326168586 17.610925670 -3.696405028 
-5.641341312 12.393995010 -6.491858507 
-2.184804901 14.528348747 -6.114112237 
-1.701643177 13.741121675 4.615741845 
-7.004986541 12.843308718 4.361908522 
14.232288347 7.753127199 -9.246505847 
13.439422768 12.942801003 -5.233056505 
-16.005457564 -2.399569190 -4.043697961 
-16.098172904 1.791864207 -5.946979145 
2.305809672 0.795143904 -3.471896569 
0.571243236 1.941961375 -5.567177801 
-4.179840496 -1.080431529 -2.348713693 
-5.330941214 -0.141651403 1.761399922 
11.269647894 11.141676311 -17.048093506 
6.709397255 9.265661682 -18.415192329 
-20.218552086 -0.246945598 5.461140470 
-18.195895924 -0.240865718 6.682862929 
7.067340315 22.130496017 -13.651025622 
8.246934712 20.030933095 -10.082111701 
-23.879915699 12.248808110 5.153894018 
-21.065143539 10.228860419 4.393658393 
-5.269879897 26.125433868 -14.029706466 
-7.652315277 24.316865462 -11.299274574 
-20.620144204 20.481022665 8.391578541 
-9.886988425 23.192599908 12.143404095 
4.252833886 32.932587481 -2.092656680 
-0.449935321 32.762825524 -0.972770144 
-22.793736264 23.201051897 2.758619466 
-19.575624769 25.687110976 0.730829308 
-18.928629006 22.453998130 9.225996432 
-13.820032869 23.408233322 9.078311385 
-15.211068749 24.561097469 -13.629562242 
-14.883244071 23.244547507 -9.796159389 
-23.877928897 11.210784472 -0.056118371 
-20.509452603 9.613420264 0.068576430 
-3.650812330 19.514025810 -19.983869789 
-0.171260213 16.473846844 -17.606967179 
-15.190524779 13.227361988 18.125603411 
1.543744643 6.419662973 1.161693143 
-14.601211938 13.630460011 -19.646944604 
-2.994689836 3.112991700 -3.271339292 
-10.713151743 9.161208414 4.738956965 
-11.175792990 13.111072599 5.761787215 
1.963473740 13.512721049 -8.551647380 
-0.530079195 17.188742919 -8.852800068 
-0.678184738 5.804690673 3.081863174 
0.973224280 7.897142923 3.197048292 
-3.378374875 6.411062395 -5.524313655 
-1.739520118 6.977004861 -4.260344977 
4.676890403 14.255993213 11.224500630 
8.972876908 10.774834917 5.731679830 
-12.713161745 7.171746873 -10.569469184 
-11.345657421 3.970453775 -8.976293184 
2.469286979 0.819052599 3.410041126 
0.491923973 1.896185055 5.540465727 
-5.962827364 0.066031259 1.676877076 
-4.645826071 -0.497876703 -1.970044085 
-8.784651615 9.248095765 -4.410328277 
-7.175084668 12.431767926 -4.386360330 
0.577191372 13.077764283 7.055173501 
-3.563738771 15.377527068 6.586950964 
3.632657828 7.697665716 -11.461659691 
1.517891076 10.540948016 -12.535705322 
-9.352600452 2.908791232 10.175120125 
-11.909601470 6.263545391 10.167010224 
-3.279223513 14.852280467 -10.216724815 
0.721354736 13.570189361 -8.897339399 
-10.666245793 11.920433815 7.239760041 
-10.849863409 9.244776224 5.280824525 
-11.325602823 14.375832460 -1.777561521 
-10.563837551 14.117041936 1.613007579 
0.480406474 19.028215301 0.271089035 
-1.629967615 17.812559725 -4.304177716 
-1.682484126 26.759865387 -3.423528824 
-6.233376310 26.584257749 1.748816512 
-15.681034720 21.220371947 -1.162263412 
-12.566594003 23.754766214 -2.259438068 
-4.444987135 6.468065258 -4.752575324 
-1.055068746 7.589573313 -4.496938424 
2.161052847 8.937101411 2.209899230 
-2.289358628 7.185566864 3.656568633 
-13.499094380 13.579744643 -3.569888628 
-13.178225418 15.938307556 -0.713295887 
3.193817089 19.856841499 1.268261986 
0.984124529 17.042414914 -3.548383600 
-5.844266825 20.810204566 -12.744442733 
-8.612867107 21.764398263 -11.986931265 
-12.941580980 17.499256953 10.164885130 
-11.870366228 20.654144269 10.259530205 
-10.364536373 16.363634006 0.510488950 
-7.800478806 17.905968470 -1.714393762 
-1.896811285 19.714849986 -1.784002676 
-4.956363856 19.253344870 2.508665178 
-5.733480931 4.186514503 2.101168563 
3.383744717 2.872932561 3.516330653 
0.618523717 5.928327009 -4.200184000 
-1.336236829 3.308834060 -3.516931753 
-8.114268894 15.694789422 9.315032790 
-6.084008304 13.034507186 12.724198342 
-3.995026603 17.208428743 -9.287405518 
-1.956039208 14.535457758 -12.065758463 
-2.609724164 4.378600410 -3.586096095 
-2.368148793 4.932471994 -3.308026640 
-0.535709372 4.987937118 3.877425298 
-1.115455798 7.967977116 5.003191422 
4.106445833 2.996883605 -1.003812361 
4.303098168 4.935869125 -2.577321030 
-4.317672024 0.642328780 -1.492013622 
-6.404781551 1.925798924 -0.495452688 
-1.659860536 5.090643262 4.272254738 
5.426010778 4.596342729 10.137005191 
0.278931041 5.568761165 -3.868488601 
0.414775633 2.555484502 -3.463820720 
2.252819200 5.455421124 10.864871457 
4.017896592 4.844787885 9.853163955 
-6.246402967 2.427489345 -10.944505933 
-4.050259007 -0.853396668 0.007163202 
-8.020003627 7.477547071 3.059339055 
-7.363566164 11.512251620 3.559752891 
-4.197520992 16.227309661 -8.305891930 
-4.055444721 12.434512833 -5.807088968 
-3.859479135 1.684215264 -1.737007959 
-5.247411833 3.944834635 -0.864531407 
-0.376729930 2.575704440 3.592864745 
-0.371423890 5.307561703 4.100444924 
-4.391058788 0.545431071 -8.082105451 
-2.941992745 5.940908102 -13.146751310 
-4.998240312 2.201924112 10.705405754 
-10.130534830 4.132639303 10.941968297 
1.393563331 4.320040617 -2.168051307 
2.663826596 7.252341048 -1.045768323 
-0.617279734 7.468111455 5.310648265 
-0.970687707 7.182287355 5.581588160 
-8.170958133 10.048471975 -3.635530514 
-6.846961928 7.592476806 -2.273858248 
-1.629287748 13.149979406 6.355016855 
0.480831012 11.076524490 4.209077556 
-14.300683624 22.533361429 -0.293030237 
-14.290614296 22.584468058 2.097156342 
-4.659186606 27.100370882 -0.669755529 
-4.245348386 26.387109261 -5.726775865 
-3.216468154 17.672654663 -6.365654540 
-0.492130303 18.258985982 -3.252350129 
-8.602316205 15.799284922 3.990788475 
-10.422425842 14.654663856 -0.478470644 
-5.254216386 4.415985501 1.924625127 
-3.241969235 5.652104335 -3.987885973 
1.858823354 6.610459603 1.957122687 
1.474222398 7.682396518 0.326461300 
-6.825351156 10.778831865 4.811839796 
-6.202971510 14.725231985 4.837696387 
-1.555124899 12.429353139 -6.884160983 
-4.701179399 15.595342445 -6.119897658 
0.142398109 3.623027258 4.900091175 
3.647849129 2.101589276 2.539012340 
2.406140669 4.231930564 -4.057700320 
0.557794264 2.400799738 -3.516414203 
5.627833083 14.789440424 8.808617821 
7.587839002 10.761889102 8.360877151 
-12.651016372 7.282187010 -9.469144675 
-11.454091243 3.700116175 -9.171741352 
-1.365840903 7.717390762 -5.056270603 
2.780546428 8.695593559 -1.150908117 
-4.737123380 6.117620960 4.707257071 
-7.102849863 5.358123084 1.705294312 
-10.734772209 9.304779782 -4.516043078 
-11.656292882 12.593055856 -6.416426674 
-2.853487964 11.982257529 10.217922708 
-5.215912689 15.056777473 10.900605109 
7.032570463 9.971995836 -7.907893761 
4.967771724 12.106251351 -11.400118174 
-12.797733358 2.383382809 2.841814140 
-15.650203641 4.749403146 3.751173078 
-3.396975400 16.244509664 -6.113961133 
0.171589623 17.280880985 -4.336900735 
-9.648218833 13.825978657 3.698676255 
-11.298735067 12.847149608 0.612878275 
-13.216716571 11.844291459 -0.711604751 
-13.406368252 10.161997995 0.342279505 
2.783282890 19.155446379 1.808450468 
3.553538482 17.360156867 -4.566735433 
-3.796096996 26.698747417 1.040892359 
-11.404162777 24.130688378 4.686105696 
-12.757536647 23.282350611 -3.177392190 
-9.926414807 24.975104285 -5.482766225 
-15.642936733 20.365312216 -5.539995464 
-12.759342527 23.314543979 -4.638391315 
-2.594517768 25.326673777 7.565196905 
-4.776696360 26.467486980 3.881750012 
-8.386420474 11.679121253 -7.442167054 
-6.165399647 11.903283129 -8.527970651 
-3.224854235 13.743551718 8.247150636 
-8.351032987 10.754491186 6.639156943 
-6.625139733 8.368845055 3.066229493 
-6.334711441 6.514162431 1.816823641 
1.758164787 10.992542040 -2.665560668 
2.004746349 10.859528071 0.515792265 
-10.435110789 2.765968008 9.519351113 
-7.559434724 3.196349495 11.479329542 
-2.705124887 5.595386187 -13.129325965 
-5.235307206 2.903078666 -11.073243418 
-11.174165354 15.908374555 5.337047693 
-8.379463132 18.960021171 3.696819990 
-4.409111758 18.534780262 -7.687482566 
-6.939216356 19.321561180 -4.377574700 
-1.725552300 3.633455650 3.459640406 
-0.835629598 7.161320940 -3.537027287 
-2.777627429 3.521681657 -3.194197670 
-0.449557533 7.167357470 3.619495674 
2.925218321 -0.878722907 3.373377402 
3.751618763 0.037915936 6.354740520 
-4.042637592 -1.376879006 -0.108053030 
-3.403224564 -1.755075749 -6.939191610 
-5.707013321 3.593964907 -2.000461744 
-2.383156613 2.645696298 -3.309925954 
0.492522558 2.564769155 3.416350615 
1.739187501 4.829008619 3.611531836 
0.731399134 11.917959811 -4.182848882 
1.833858877 5.320288976 0.269427593 
-8.483425767 9.295162684 -0.884418873 
-8.258029519 9.577131091 -1.940985217 
-3.777471551 30.744119675 -12.718023877 
-1.604417865 27.081614385 -13.531526231 
-22.426886751 23.504521605 6.764937717 
-21.991997689 18.905956241 4.928429890 
-11.528567769 31.628660560 -2.056214347 
-11.089229574 28.657087048 0.918220640 
-11.836805195 32.035657563 0.874252235 
-8.633181127 29.393888547 -3.155018700 
4.598808718 33.245200247 -4.645326151 
3.310889917 32.121299510 1.645697526 
-23.105968135 21.806943304 -4.499274256 
-20.749164922 22.939276850 -6.711651684 
3.968994531 20.488292295 19.368362939 
1.974191520 22.642999959 15.379751761 
-16.110027651 12.873923532 -17.737195953 
-16.972856881 14.809229988 -13.689912635 
4.789276889 7.406630914 18.475168804 
3.818660331 5.405814066 14.552872036 
-4.455319043 4.509613031 -18.290350070 
-5.319816224 2.681325627 -14.013204787 
15.207396048 16.581854279 10.307387684 
16.541392026 13.613970572 8.082700104 
-20.657450432 3.294070839 -9.727763506 
-19.531173548 -0.866522848 -5.679388993 
9.677846231 6.270622044 15.309448982 
4.451498436 6.741514623 15.901958661 
-11.690749929 -0.851012754 -16.161411115 
-9.082381955 2.460322747 -16.561033189 
16.684252109 10.595537090 0.968149141 
13.995036261 12.285083445 -1.685895904 
-16.642567153 -1.373299304 -9.940752783 
-14.316707520 1.854340611 -10.155361598 
4.945677075 20.828579922 16.983798422 
12.586414306 23.281422021 6.603503411 
-16.802693492 10.822298853 -18.723685834 
-15.315510258 13.238660099 -17.674940318 
15.113995437 28.646794192 -5.361381181 
14.625153456 24.680281211 -10.269937930 
-28.447036464 11.130519457 -5.106123017 
-27.347518468 9.082192658 -3.253128028 
3.462309132 29.818094406 3.233141891 
0.308914141 27.042315369 1.963889678 
-19.623702181 20.320643733 -7.923351160 
-15.874469145 20.581610606 -4.923653921 
11.908310082 15.740247348 6.366796945 
7.376543861 16.553222499 9.499640590 
-16.899275624 5.407659617 -9.391125171 
-16.936541346 8.332228335 -9.818333681 
16.113866275 25.283153965 -8.169107470 
11.805146230 28.117066666 -8.831921247 
-28.570217886 8.236214330 2.065806075 
-27.684679195 13.026277762 -2.239036634 
15.030079539 14.204542701 2.620467538 
10.748774822 12.896031735 3.949991298 
-18.301018768 1.548154659 -5.713671553 
-14.898412062 3.874115968 -5.888331317 
7.267820361 16.427366698 -13.141884414 
8.634525298 13.256805803 -10.115199028 
-19.532061819 6.808436510 5.864486157 
-17.810594131 3.480222224 1.829692371 
1.969364507 24.003064732 21.319073724 
-7.746924528 19.173928102 22.327575362 
-21.229562237 15.095932791 -18.332484976 
-16.948964539 14.926153866 -20.224041438 
9.377794251 23.596609414 8.086604248 
9.576087151 20.166680153 1.505948892 
-22.319594455 10.379609064 -6.264381572 
-17.858567854 9.524066264 -6.879503998 
-6.752769687 26.959290573 8.386985847 
-3.822066743 27.469034221 5.410600218 
-15.638835522 23.573768678 -7.401943262 
-17.236478426 21.852409418 -6.075932231 
0.787629994 25.578362356 -17.734746759 
0.841068946 26.447500042 -12.060396044 
-22.909555887 17.318609778 11.684600050 
-21.474963538 18.705307442 6.299369028 
10.271116776 18.222806067 -21.179007863 
14.976892819 17.484650146 -14.536372091 
-28.473268349 4.359810589 3.638063020 
-25.092226503 3.899841125 8.038343669 
-0.769748860 10.947925649 -14.637068765 
0.924956245 10.308144481 -16.243362539 
-12.345545818 7.964159214 12.089417663 
-11.611743396 6.245334526 13.855319927 
4.637968913 29.496428478 12.036285120 
5.249537085 24.657376338 10.881126521 
-21.323994504 17.687482811 -12.989052686 
-18.844914137 15.783235081 -11.354708517 
2.295919581 37.685351511 -0.480279806 
1.051921554 35.720678827 -3.822037313 
-26.686216967 24.974649425 -3.139996274 
-25.428499533 24.072245053 1.731006103 
-8.840597661 25.459711463 5.893195198 
-9.705942509 27.956538978 2.757083596 
-12.107599756 25.909998238 -7.500357350 
-11.983694088 27.333118487 -3.404586633 
12.343558071 5.822843647 13.565295534 
10.889367153 6.337481877 8.661558329 
-8.751727113 -1.647032917 -17.128067291 
-5.967751793 0.981526632 -15.162677718 
-2.330652449 5.697554391 24.174134920 
-11.954060321 6.755063642 21.701723839 
-8.353593993 6.354166683 -24.954303906 
-4.605714801 10.463040856 -24.171261628 
-3.913354413 1.918109227 3.633265809 
-8.717772253 1.398668300 9.857551453 
3.102351596 3.148053278 -12.995662350 
5.195765721 7.231517019 -12.650274330 
-5.837930543 27.201352582 13.255245219 
-8.897715505 24.488840901 10.297127761 
-12.792016866 23.262613604 -14.709761290 
-10.494374111 22.962261370 -12.080564014 
10.979304202 24.392636603 7.691803435 
8.990781098 21.141155293 8.748847649 
-20.333940012 12.949122275 -12.508763083 
-19.820811752 10.381433700 -7.754464607 
-0.514635575 32.841330413 -1.234663807 
2.649747678 33.464169972 -4.243094863 
-19.585458822 25.507211134 -2.647944111 
-22.434865367 23.014127459 -5.585313426 
2.474766921 0.819885332 3.397260407 
0.574849504 1.915634539 5.551151322 
1.804507634 -1.083271823 -4.203665911 
2.626922160 3.951077215 -2.877074724 
12.952147459 8.247325251 -8.984840190 
13.399685422 12.554430589 -1.936525095 
-17.072476469 -1.966433657 -1.545684940 
-16.743545687 2.606406895 -5.280885938 
10.564523495 10.768066826 15.573140125 
17.640567365 13.964378544 4.891792269 
-16.193285971 1.558384209 -11.193190390 
-18.523189718 1.212806381 -10.156341687 
7.576157329 23.314053585 -12.349262793 
4.213732958 18.705781958 -14.149282476 
-24.104420971 10.034462222 3.794684600 
-20.587257093 8.755707941 1.789182674 
3.823755424 31.519449459 2.034566104 
-0.945463713 28.698759394 4.837757986 
-21.668585701 21.401143386 -5.806860147 
-20.067133389 19.336693974 -8.723243443 
-2.432059118 4.919732401 3.876386446 
12.471754314 23.546355398 9.695274016 
0.857610088 8.662596836 -2.472670082 
-21.215528676 9.373372627 -13.335033845 
2.437289958 4.290025287 0.436585754 
3.269523999 6.606981446 -1.701456683 
-3.927518465 1.921768613 -2.138669440 
-6.062681543 3.564329398 -1.406592522 
1.568342910 11.967013765 13.009704879 
-5.879134744 13.297975516 13.762674272 
-6.117634344 8.592691165 -14.131271329 
-6.892871396 12.204079786 -13.912920620 
1.271089500 8.997492195 2.756355065 
-1.648799589 6.921749178 3.232630138 
-1.746344174 5.339811115 -3.295330328 
-4.430295687 6.401928147 -2.940483443 
3.196275433 9.647566982 -11.710616830 
6.335370914 13.962584195 -8.229103923 
-10.631103627 4.461903529 10.473480206 
-14.588470493 6.785497892 6.157285487 
3.000373812 0.094528673 3.249178127 
0.328628230 0.832139535 4.845766954 
-4.192562345 -1.450804033 2.279464007 
-4.364188520 -0.594372271 -1.788837553 
-5.337334347 12.963111046 -4.532381736 
-2.747023942 3.990599923 -3.377667898 
-3.679148871 13.180591537 5.892334170 
-0.080518773 11.239822999 5.663120325 
-9.977051896 22.726954840 4.774678438 
-4.984820261 20.722588094 7.074955431 
-5.519638499 24.747924734 -3.903534672 
-5.336117283 20.940066285 -7.527804237 
-5.072930940 24.197280787 -9.198582534 
-3.348451757 22.316720422 -10.661413605 
-15.592039767 20.487453879 3.895944189 
-17.176599436 16.711943799 2.130893457 
-9.516730782 11.566386038 -1.881052551 
-7.608582820 11.629171084 -4.831629475 
0.529053447 16.009336482 0.924457532 
-1.480722133 14.544352401 5.136850918 
7.957558087 2.641505898 -12.209046236 
6.044574882 1.625168582 -9.123999927 
-9.793457798 -6.490469596 3.103430848 
-4.429231985 -0.831450187 -1.865042969 
-3.317256253 10.708951955 -18.184890028 
-2.202083711 13.537327857 -15.136429629 
-15.135600095 3.227488163 11.545152143 
-12.626532418 9.039658436 11.830725925 
14.050278054 15.157489830 -10.931901396 
12.539288025 17.259009706 -13.397402882 
-21.438126084 0.485141820 2.349063064 
-22.668625661 2.920366156 4.214632514 
-14.969096710 27.759519692 -6.745028543 
-11.235849381 25.850130583 -8.620429706 
-10.449531932 30.142513692 8.474527356 
-10.671612177 25.840219775 10.180301080 
-8.644864830 9.556087220 7.150596988 
-9.995812886 21.321653606 8.674460643 
-9.380672662 25.400119116 -9.725325219 
-9.368963597 24.594204871 -7.542957307 
0.336433044 32.528881509 -5.366719597 
0.903472047 32.829535670 0.117816994 
-20.492191014 25.162027892 -0.849845635 
-19.653424738 26.096950097 -4.457962599 
-13.771600448 4.262993102 13.155174594 
-14.927303307 8.681496163 11.838348262 
-6.448905768 10.677153987 -21.006621772 
-5.179693345 14.489508314 -18.607554196 
1.209726021 2.293526759 3.318189289 
2.870580866 5.819670122 1.023297880 
-2.188776620 0.144407259 -14.439126303 
-1.569938032 0.569109899 -6.004113621 
-5.412933474 11.977590505 20.662219499 
2.403554386 9.527757047 19.824108844 
-16.705911367 8.851937889 -17.403942170 
-17.979210133 4.861581559 -15.470327883 
-8.753201520 4.765532535 -11.555660247 
-2.569166956 10.029100699 -13.673548403 
1.777403624 8.779133975 12.507361858 
-2.891522426 10.154146417 13.290549348 
0.392718173 0.117403401 -4.786245528 
3.405644593 2.148047613 -3.042093660 
-4.233902652 -1.274114562 2.361095886 
-4.435655791 -0.363188072 -1.372603688 
-1.603713463 5.691251956 4.257751693 
0.079732582 3.542847452 3.378858571 
-5.831443502 4.117576953 0.020604176 
-1.418580104 2.888110133 -3.688460607 
-10.607157129 12.551803009 8.709133968 
-5.127745180 13.233114483 9.536892335 
-2.298983571 15.501110004 -9.913876947 
-6.575070268 12.400989855 -8.675781393 
-15.442186749 18.080662259 -4.976848617 
-12.363025341 19.051139501 -7.453531513 
0.075468341 23.897971170 8.005136819 
-4.004620328 22.472724756 9.764824061 
-7.279684073 8.103531868 1.512333516 
0.948460913 8.052114511 -4.265745570 
1.903609079 10.747542563 -0.640589826 
1.263479719 10.921361880 3.501382293 
-4.374352491 -1.020019150 -1.556989480 
-4.987818154 -0.440150740 1.443075545 
3.418223933 3.341364972 -4.800961865 
0.881460722 2.226727446 -5.484290496 
-14.860180946 3.869051102 -3.969811235 
-15.877849647 7.005373788 -4.934820805 
9.588470318 12.765498208 5.380905810 
-0.114846085 5.050936784 -12.437884259 
-3.058780652 3.783445895 -3.088666818 
-3.226605622 10.814791356 -5.207315996 
0.164457925 5.259240026 2.850190572 
-1.980275322 7.684645817 3.832086170 
-10.806532610 15.372993860 -13.106078562 
-10.706651125 19.018907968 -12.636295778 
-4.255524596 18.571169493 13.353116296 
-7.911644529 20.585133957 12.296851228 
-3.531453289 6.581249333 -5.240849248 
-1.314492275 7.438369405 -4.561362120 
0.589373118 8.232627683 4.261471119 
-3.314157915 6.502368940 3.437838728 
-12.226244880 16.113168549 0.988848274 
-8.975583810 14.852728348 3.624278512 
0.233493204 20.580542092 -2.269949286 
-1.988890854 17.649056765 -4.314928012 
-6.946664536 7.569582358 13.422619776 
0.624247777 9.166086317 13.888627167 
-5.767766269 7.854684837 -13.374459179 
-6.168974316 5.826668048 -12.696874364 
-9.717001531 14.884402770 -2.712968643 
-6.425519713 16.183908500 -4.049707637 
-0.414507618 18.442848548 1.857258831 
-5.025943960 16.744758113 4.825891737 
0.777542706 6.199714679 5.614321235 
-1.071993585 6.869784577 3.272492860 
1.484464163 6.289149377 -4.948201507 
-1.084379039 6.723011282 -3.053060508 
0.641540672 2.089957693 -5.441494204 
0.083059815 0.743295647 4.770113408 
2.133481440 -0.540535280 -3.866497666 
-3.980834641 -2.251865508 -6.467981741 
-2.929828742 3.201153189 -2.952564096 
-4.654081921 4.746895029 -3.565183192 
-1.694864591 2.425619568 -3.555541453 
-0.937587213 3.392137508 3.417503588 
3.384373513 3.431934415 -0.587520035 
2.588661461 10.905436872 -2.871874236 
-3.785609866 1.300852549 -1.931535120 
-5.668628606 3.427128846 -1.612131401 
-3.521194079 7.411107507 -5.268203669 
-0.093759670 7.956276888 -3.888801339 
-1.267138548 8.014808522 5.027041845 
-3.057709722 6.858598465 3.502428340 
-11.790567602 14.403440350 -6.464713898 
-13.064514871 16.162544575 -2.103982994 
0.719347545 19.122835860 6.068089835 
-0.116227653 21.389712920 2.050917611 
-0.534096243 21.695013797 -11.556138402 
-5.714300657 22.982655198 -11.474429883 
-13.213946054 17.544757777 9.932089380 
-14.127433465 19.552541330 9.233443382 
-10.354897884 16.395159750 0.900841675 
-6.474078124 16.719020516 -3.081440769 
-1.796287026 19.746684460 -1.439584768 
-5.055000505 17.241739222 4.202572944 
-5.626258277 4.253379159 2.487877415 
-1.962099935 3.676756076 3.350088765 
2.370852849 6.948772261 -2.363878565 
-1.101080624 3.470555803 -3.441714287 
1.075065761 22.033710144 10.422384516 
0.440845783 19.073845955 13.555242953 
-13.288185409 16.105067278 -10.276556635 
-10.827985573 14.372868381 -13.123113904 
-0.484715947 3.066246388 3.559382527 
-6.651999165 11.923463569 4.039110838 
2.273627648 10.309162363 -4.440156758 
-1.239987966 14.204279551 -4.158341332 
-4.360211203 0.021020750 -0.836397064 
3.415335607 3.904879843 3.395685349 
3.518434194 2.646637265 -3.181611744 
1.857453423 0.248157162 -3.815688562 
2.044615732 5.271974841 11.917029411 
6.051266081 3.161785847 8.425160370 
-4.949297842 2.724745092 -12.197065272 
-4.805796005 -0.681466306 -9.524861680 
18.055639657 21.533876223 -2.916818999 
15.371187487 20.078857103 -11.732435384 
-24.715951955 4.317001483 -7.433479620 
-24.634361305 5.057864415 -7.150699668 
7.115222744 20.084768484 8.266420008 
2.736085752 19.145592240 6.696309717 
-16.872344680 10.544083375 -8.973373690 
-13.029702213 12.679694734 -7.652753132 
-3.916522889 1.419026961 -1.595619201 
-4.208467824 6.514089786 3.304460026 
-9.049330160 0.891940941 1.172045744 
-2.324694012 6.526458777 -4.562489591 
10.044428186 24.042985693 -14.992942743 
12.288521367 28.209075587 -4.719582644 
-26.961506706 9.889292483 -1.494967792 
-26.775724074 13.080978817 -2.113183630 
8.008512582 11.038605761 -9.928898410 
3.930953753 10.010234687 -6.963337514 
-15.350750465 2.320316302 -0.496209750 
-6.240317570 5.791483161 -0.618751709 
-5.396659026 20.866447560 -13.830599593 
0.506576833 19.236784187 -12.512993051 
-17.477917254 16.406708797 9.551533577 
-14.604863822 12.402655365 9.901587724 
-0.280310507 30.060311007 14.857875281 
0.695673242 25.781154540 17.994800549 
-19.986382437 21.573875489 -15.164920894 
-17.621563823 18.421346776 -18.113444945 
-0.070021877 27.802177046 1.562510164 
1.058548879 23.505392477 -0.467212672 
-18.305789958 19.673882291 -2.002853922 
-15.365928045 16.599249553 -1.086893381 
-14.937560656 18.530673297 10.344735124 
-12.877798455 21.540839823 6.383557968 
-8.462252779 22.284879391 -13.452842505 
-6.920130076 24.497551578 -8.578362831 
6.019277344 19.155190625 8.452426399 
1.944402677 17.111388750 5.937640377 
-12.251954349 12.748298629 -12.226708237 
-13.266514884 13.238408471 -4.999533193 
17.492840212 21.036183613 -3.032097222 
15.070392120 17.092722294 -11.631384109 
-21.492567434 4.902026811 -12.124046796 
-22.518817026 3.004028818 -6.068069935 
4.700774734 29.219281503 -3.210996393 
9.331460135 29.220039142 -4.486601463 
-22.966500866 17.965519924 -0.968627211 
-24.688640756 15.073308341 -3.198623366 
-1.501383394 7.681968845 -5.087464172 
1.984792051 8.245861894 3.443248119 
-6.480030228 5.665882319 3.587010462 
-6.127890816 5.674194571 0.158027376 
14.769353572 22.132209390 -7.282670714 
13.081762737 25.739633444 -3.187402053 
-25.142046521 8.681281317 -5.061878659 
-24.989878197 13.275423973 -4.482587709 
11.204169446 16.094262343 13.737625675 
10.865812709 20.888236743 13.852889380 
-16.922742430 8.174638739 -13.481113240 
-20.312111639 10.833173750 -12.763419156 
-0.715129516 26.255857894 -4.713937247 
-0.085004645 21.793304006 -3.254408162 
-19.033329761 18.785761061 -0.516515913 
-13.213256814 16.870127476 1.225938280 
4.464922113 32.311152623 8.012994479 
-3.577036867 27.563420352 15.555748433 
-22.217927798 16.722938178 -16.811729880 
-20.149119526 19.649838209 -14.327903404 
11.152364026 21.896389532 6.195314959 
13.988534547 21.743337574 6.720586798 
-1.839171778 7.062765310 3.607497086 
-2.010096036 3.343106691 3.239545014 
13.345003269 21.372334547 -13.526338920 
11.565000945 24.085177002 -11.005522130 
-24.561086291 7.819381313 -7.784156633 
-24.833160803 11.835773300 -4.850627593 
2.293893161 9.141532717 1.361306828 
2.615468160 8.463513644 -2.510541537 
-4.673021352 6.259869283 -5.136096745 
-1.873157162 7.669096064 -3.506485261 
9.333926263 19.682635912 -16.717449756 
5.448623967 16.030472104 -17.184883301 
-23.599229677 9.235929692 5.699526429 
-22.103941307 4.239007471 -0.475412625 
11.444071855 17.770047300 -15.576443722 
14.457404179 16.641539903 -10.282335559 
-24.004305635 5.522780531 -5.386386143 
-22.964811956 4.433232411 -5.421843897 
1.836982695 17.475362195 -12.059151242 
-1.244352099 16.537286011 -8.477770992 
-17.728984349 11.961597177 5.917209796 
-13.441315819 12.205269297 3.032774854 
7.490366349 28.683723245 -7.448294973 
4.585300107 28.986590384 -3.591298310 
-22.158298641 17.830790477 -7.842346906 
-19.107123391 20.174240591 -6.653117087 
-14.108097060 25.235031847 16.156907559 
-10.311426350 25.169273782 16.337600956 
-17.523381273 15.688230162 -21.528439779 
-16.627357213 21.851056683 -15.768734537 
-14.428446702 20.759801313 5.452556106 
-11.903004877 17.273744337 3.409432456 
-4.740673110 24.889709006 -8.977948659 
-1.316032453 21.377416379 -3.326202114 
-2.628830659 3.234103560 -2.999893487 
-4.126550321 5.347613161 -2.971009519 
-3.543737023 18.298762058 -20.874270955 
-9.899518115 13.930754082 -18.212982493 
11.671658736 11.510349393 2.485197632 
-0.042113694 6.209743229 -4.125268506 
-14.243906021 2.156244233 -5.634185832 
-5.666917098 5.984927168 -2.128318558 
16.339086066 24.770675317 1.521651328 
13.987024354 26.811579260 -6.141582784 
-23.981881738 10.025196806 -12.394582932 
-25.541629936 12.295592038 -8.179376215 
1.829610537 19.156705223 10.627898801 
-0.008111311 22.478095304 11.547180401 
-13.460294117 13.430400733 -11.697860949 
-15.538459596 16.208447093 -11.109770319 
1.255179005 17.419903192 -13.890653586 
1.136515161 18.442958623 -8.685199418 
-19.257868852 10.943990765 3.180065595 
-15.202176767 13.064738432 2.902054174 
15.187159603 18.895816449 -11.571020639 
17.213231964 20.889032810 -3.952088742 
-24.743791145 6.503046328 -7.965956789 
-24.162587286 6.396587984 -7.786841509 
-3.616346115 4.494223203 3.545899483 
1.088946908 2.802595444 3.226859449 
-2.584597796 6.481102362 4.623246496 
-3.309413854 3.474613569 2.998424070 
-9.373713554 14.980827262 -4.855350173 
-11.259359056 18.257676954 6.382613444 
-8.482612097 24.637863514 -9.333100756 
1.799531259 22.330877992 -3.166033543 
-5.140110453 28.224680684 16.816765627 
2.431151814 26.376152209 16.847522480 
-20.583989844 20.266222000 -15.789072434 
-21.994462835 16.003666379 -14.657499185 
-3.975244413 12.806276732 -6.755727305 
3.862652963 26.371236653 -1.611777645 
-15.048712542 21.058824363 -5.200334362 
-16.651044469 18.339465165 -8.748801002 
-5.986495765 4.602157203 -1.882929642 
-3.104840425 3.129433392 -2.888794192 
1.685398774 6.636059216 3.257400307 
-1.085476564 3.443356081 3.471699231 
-10.376266922 16.315786335 -0.639545290 
-7.484609647 16.352995399 2.942194257 
-1.565585600 19.759982279 0.844505767 
-4.589574526 17.463527444 -3.983203401 
-3.170659987 17.601671666 -15.198672261 
-0.920438061 21.417234281 -11.846428051 
-17.126887972 10.538890824 7.498009283 
-17.003278863 14.500541152 6.380254312 
-13.063521786 13.457014206 4.111486063 
-13.126053502 16.115438259 0.275211487 
-0.442523112 18.821843639 -7.345395136 
-0.846716349 21.091136882 -4.200919790 
-4.102441054 7.194624141 5.159216344 
0.202279504 8.121556756 3.586538978 
-1.880639342 7.802786695 -5.198777649 
-2.766143321 6.971627801 -3.535741854 
-3.257647500 24.315215077 9.934381302 
2.631615230 23.740508814 6.799533028 
-13.674120702 19.472494624 -9.717943367 
-14.979101710 16.450717972 -8.804522159 
0.320508195 1.687283484 -5.576688657 
-0.611731528 3.697900338 4.786840929 
-4.325327052 -1.385464467 1.933171947 
-4.263425029 -1.707161414 -1.676786595 
3.525987016 9.056060077 -3.852732496 
1.016462242 14.741410436 -0.562569021 
-3.242539565 2.023316260 -2.819549932 
-8.825554658 11.061795092 -0.820435652 
4.121738794 2.469135996 9.363751232 
6.539763603 6.982742419 9.462448787 
-1.604831048 1.470549107 -11.793685523 
-4.020205219 2.711085892 -12.007076478 
-9.887655902 14.758724575 2.594808679 
-5.765176930 16.491591050 3.976290533 
-1.123582945 18.070911736 -4.002371800 
-4.947639303 16.755585699 -4.830202471 
-4.282917005 8.976531011 -14.170932781 
1.396786929 10.189153447 -13.736162653 
-4.659383826 8.334495697 13.529337561 
-9.384471816 4.757743410 11.316621499 
-1.134367277 6.839229461 -3.305187296 
1.532754318 6.731794933 -5.339865852 
-1.847455062 6.477135675 3.285432752 
0.715738179 7.041809039 5.283678158 
-4.800298542 6.688204151 4.859398186 
-0.518754706 7.597672243 4.117001100 
0.836129539 8.301562777 -4.071546847 
-2.724428326 6.638955733 -3.436474305 
-13.886059770 15.113041905 10.960848932 
-10.836123019 19.313343222 12.335383916 
-5.594257810 17.314398662 -13.743708900 
-8.131769902 20.462657810 -12.292366963 
-8.423434665 15.334741308 -3.681004807 
-12.130819265 15.908307284 -1.530650349 
-2.071552917 17.503416577 4.663308747 
0.381017095 20.633090514 0.449553942 
-5.020639142 7.765567131 -5.660503302 
-2.845955313 2.963346047 -3.021540338 
1.873944001 4.582729655 1.225511011 
-3.904087119 5.124949580 4.098290366 
2.205923086 -0.931509732 3.820139625 
2.062008162 -0.380624210 6.833401173 
3.246336739 2.436603716 -3.003054327 
-2.278985670 -1.837606186 -7.321467969 
-3.731729356 4.196556696 4.038720411 
-0.879827268 2.436754380 3.788098063 
1.320184131 10.911388133 -3.908568529 
1.013919225 2.385717464 -3.458891607 
-0.829268693 35.895023653 4.854055673 
-1.703530601 35.333739974 0.398124472 
-18.046740742 21.775449641 -16.067512150 
-21.585404243 26.308726743 -5.406840291 
-7.394394274 19.410669301 14.527732388 
-3.768590727 16.009024506 10.452373965 
-12.901944788 14.065923158 -14.321032070 
-10.794642100 13.783129250 -10.929398949 
11.314136346 27.628943250 -1.986889575 
12.705286689 23.568837721 3.196681226 
-23.490738191 12.730745421 -7.623851554 
-21.880817559 10.388976783 -7.879206325 
15.546773799 4.231537892 4.090273075 
15.083950699 8.314661314 9.372414515 
-18.242450530 -3.307915326 -10.491365457 
-17.118962433 -0.237260766 -12.366381362 
0.642117418 4.087880259 -2.951512114 
-6.253546166 11.815263438 -4.211750472 
-9.406033674 9.777176080 5.976445608 
-8.386891175 12.247074399 5.129354542 
14.995264842 18.967560334 -5.964196934 
14.094565691 16.661641986 -7.768685027 
-23.226483961 5.363499682 -2.417444528 
-22.479947962 4.222479013 0.776690245 
17.281671227 22.490546441 -1.197830321 
15.726747049 18.515736560 7.951628445 
-22.431856224 8.015005010 -13.017683014 
-19.209694893 6.871890334 -14.489167678 
2.190619527 25.023323718 -8.177623879 
0.423235913 23.291314590 -3.376954787 
-18.740681106 18.184871397 -5.798833505 
-15.461112635 17.143422151 -2.903791738 
3.905775704 25.723345404 13.774137708 
-0.368587953 27.020549169 11.710869911 
-11.385448310 19.316972939 -18.957210307 
-11.878012357 22.856490057 -16.200622573 
-10.661880281 13.872637663 2.360244493 
-5.274096187 16.259089047 4.457589658 
-1.180718771 17.510027987 -5.197473892 
-4.521250376 16.468461691 -5.184106274 
-15.646233955 19.900432834 -3.051332233 
-12.699793396 23.695288146 -4.670118380 
-1.019124274 25.920153677 3.010396439 
-4.718151867 26.794995595 4.601841499 
-6.471382403 6.403606466 -0.574198619 
-6.740830996 4.574972315 -3.581762289 
1.159123853 9.651388182 -2.251578973 
0.108020135 7.213532773 5.353579010 
1.757383771 0.416586506 3.883221321 
-1.502123203 7.011504160 3.426306398 
2.472094630 0.692248839 -3.467808865 
-5.410629358 0.140872820 1.751554457 
-7.384456898 4.478773664 11.929553512 
-4.600481014 8.798852056 13.746174653 
-2.599353144 6.676362111 -13.271876044 
-5.300784837 8.796247272 -13.295443938 
-8.359906024 9.169675052 2.177430278 
-7.521842649 10.378735567 2.397055135 
1.754589536 12.368056991 -0.656239329 
0.192189429 13.997137357 -2.071039851 
2.554015841 9.744121432 -5.205466741 
1.080541242 13.100986616 -3.730658170 
-9.685369030 8.035831419 0.320433454 
-8.908239658 11.446653654 -1.337661012 
3.134689250 0.457074664 3.309908882 
6.850310729 1.179210364 2.783098334 
-4.079755377 -1.171593293 0.176260947 
-2.852967966 -2.066706389 -6.960918067 
-3.297367045 4.852084122 3.776623853 
-3.295365217 3.166471792 -2.718276283 
-5.788688266 3.223743298 -0.318673564 
-4.136057292 1.299239173 1.523065654 
-5.875973208 5.143739900 -12.588335463 
-4.576204699 8.655654424 -13.777092689 
-1.716865987 6.875255653 13.231369335 
-8.170767807 7.713915135 12.478600033 
1.905783257 0.484355710 -3.774788031 
-1.077976522 7.101941685 -3.262187321 
-3.975162411 -1.543263079 0.392415559 
-4.492416658 -0.335896484 -1.749904358 
-8.204992706 10.787929768 -1.896610024 
-8.394806787 9.070572356 -2.048617656 
-0.377259470 13.858423426 2.972010439 
1.659030589 12.493173377 0.661502854 
-15.394288582 20.078485470 3.335075922 
-13.196140338 23.529815105 4.040151020 
0.785860293 25.942959604 4.498957238 
-2.747791769 27.211137795 0.605657405 
-10.447117164 13.944280846 -2.893916453 
-6.909340944 15.516764373 -4.718280064 
-1.719885983 17.231445590 5.993727090 
-6.214637029 15.798458082 5.567239890 
-3.187709247 6.114114599 5.792890334 
-6.457144861 6.453184107 0.712693675 
-0.054130033 4.434689090 -3.066696285 
1.116683612 9.522971101 2.432548963 
-4.395610667 -0.822929525 -1.629277612 
-4.628400862 -0.502084037 1.498189589 
3.565785635 -0.920631519 -2.965079067 
-4.692861498 -2.654228844 -5.391690628 
-8.394353064 6.662030148 3.001845066 
-8.091288252 11.008468793 2.999901776 
3.737885323 8.452777549 -3.969849585 
0.160522534 13.248569880 -3.723876822 
-2.458224949 3.182771600 -3.092249273 
-4.005277439 4.935091569 -4.213719897 
-4.194533669 -0.765296182 -2.181162511 
1.408157917 1.471366998 -4.241555334 
5.782984485 2.842136486 -6.893333967 
-4.757629198 15.214246011 4.724235954 
-4.645673934 11.205927876 -8.666377405 
-6.371303632 12.839376096 -5.440833018 
14.670034450 5.897594634 -11.864589463 
12.484579674 9.383009706 -15.281189791 
-19.519323807 -5.179467959 2.449749938 
-20.637233726 -1.997650807 4.613974135 
15.708159036 16.759048299 0.833142336 
15.997564092 19.124624705 -2.838458498 
-20.551781389 3.876117640 -8.098179307 
-23.041854862 5.491993301 -4.135686277 
-3.213598431 20.095518447 -14.619404232 
-2.499801897 15.456847224 -10.739460588 
-17.920873272 15.555998168 10.502167974 
-12.116684147 15.453289150 10.098145964 
-2.985325769 33.204144549 -10.920061031 
-2.601030493 34.206814025 -4.806809769 
-23.825985093 26.627189415 2.420416280 
-22.054458155 27.229740115 0.244849413 
9.413712704 22.273668888 -11.092348768 
6.412498138 26.425549681 -12.045162208 
-23.411391714 12.145222145 2.145112555 
-24.739272335 14.047395613 0.400326116 
-18.604739306 16.002312500 7.472597764 
-14.545322690 16.417739282 5.208604010 
-7.017518466 21.881237414 -15.916824426 
-5.075764690 21.121257426 -11.268531805 
-19.624709406 9.254817243 16.447587008 
-15.531668434 6.891156949 17.814319212 
-10.942396472 12.468820217 -23.338571995 
-8.193503369 9.907173943 -22.376565554 
-2.936520265 25.643279707 13.727647268 
-4.167194687 22.251222582 18.242497639 
-18.111740534 19.777241897 -13.983049370 
-19.853545081 16.305140866 -13.917841983 
