2.051441063 35.757784300 -6.605179640 
3.015835722 35.467058119 -3.291257226 
-25.767656393 24.472683035 -2.111455495 
-24.781174034 24.212185799 -3.328889636 
0.335325805 24.724070784 -16.762588400 
2.128868675 24.816495753 -14.245841051 
-23.842943199 16.725806581 6.781774283 
-22.359678456 15.545995635 6.844814614 
-8.353094102 28.035243338 -5.492004639 
-9.079556247 26.338521925 -5.985491054 
-10.489014561 26.836681749 3.135114773 
-11.854034056 26.202857250 5.482187422 
15.877044661 20.949156930 12.869452187 
17.718090005 19.673864769 7.382371290 
-22.335580248 5.523436477 -14.359913733 
-22.078092600 5.864540965 -13.708399810 
5.494784173 27.962896514 10.845154019 
3.602745217 28.475979054 7.508464141 
-18.171834253 17.784136895 -14.729966409 
-17.202867069 19.274764991 -12.452170142 
4.571689339 12.910698664 14.410717421 
2.023119121 12.996421171 14.972911358 
-9.768585607 7.467495509 -14.375968617 
-8.942705232 9.534596305 -14.584516840 
17.883094881 14.072696860 11.204139225 
17.133176022 16.909005601 10.363993364 
-18.629969817 2.613191349 -17.413040704 
-20.041676848 3.143093881 -15.202227076 
5.874760175 4.639375551 15.801721862 
8.552619991 5.669901903 12.040441887 
-10.934755959 -1.300288487 -14.756064485 
-7.531801645 0.686816176 -15.631848681 
12.139355112 8.142626400 -3.257194153 
10.836643000 6.153161905 -3.440294370 
-9.171860615 1.514186759 -11.434223933 
-3.921867192 3.609958595 -2.756731625 
11.933077720 13.760471301 -9.011435147 
10.396459415 13.838248839 -7.968286124 
-18.218815319 1.864768050 -1.435977075 
-16.664134361 2.880502694 0.717728454 
15.830375224 26.100197371 3.152151542 
14.247727846 27.841952496 -1.859846531 
-27.301313274 9.240189302 -4.817279159 
-26.689062995 10.875937193 -6.044991959 
9.766828283 14.917569742 8.501464575 
9.979941584 16.914505577 8.588638371 
-15.235245192 5.412187001 -10.089641444 
-16.162718478 6.912153681 -10.470040429 
-0.842971139 26.414538833 -10.149509133 
0.186452139 26.506544476 -6.169325425 
-19.949344920 20.028078967 2.121587961 
-17.854225766 20.126025791 1.275329956 
12.318660875 26.105229274 -11.035230821 
13.714002347 26.174702073 -7.089051609 
-27.848201961 10.650773185 -0.063381634 
-26.657755014 10.532180461 -4.181558066 
6.429982405 17.372134780 -11.590582804 
8.683566527 16.258563934 -10.312777575 
-18.028569331 7.607960994 5.678476639 
-18.474163819 6.156787386 5.099754096 
-12.655978745 14.644585003 14.756628291 
-11.647516439 13.408574427 13.428107855 
-8.827524392 15.663756473 -17.286538759 
-6.226069836 15.411688331 -16.041853684 
-6.723753575 21.622060755 21.473268731 
-0.743737195 22.863073031 20.193182346 
-20.158520965 14.235460135 -18.111183663 
-19.275137922 15.011758661 -17.774862701 
-5.636933569 26.352111172 8.419917491 
-2.159104651 27.965464829 5.743374524 
-10.719499438 24.451178607 -9.366439828 
-12.934754124 23.686035019 -9.399983861 
4.143871199 7.883271403 -17.688897312 
4.344858430 7.171190807 -15.628104103 
-11.160954600 1.774868369 14.234167363 
-6.354553802 2.392072380 13.896412366 
3.908279851 20.443471693 -18.081144816 
3.435110216 21.144940870 -16.115163346 
-20.202435712 11.344804046 12.720881475 
-21.559157159 11.881997491 8.703921146 
15.029624084 13.785261087 -9.192688102 
13.635542399 14.871945086 -12.486742801 
-20.111610990 0.766914595 5.874487263 
-19.677783961 2.528438826 8.781493850 
-10.937258474 30.458094210 0.566007260 
-10.741472572 29.020353002 -1.168586557 
-11.529136567 30.689635116 -1.592025682 
-9.712849389 29.825324118 0.785887243 
-3.789898801 30.463727889 10.881092560 
-3.101313445 28.104581069 12.592331320 
-19.242491917 23.488361024 -9.309994379 
-18.635215634 21.677737881 -9.044608289 
1.920816985 31.385923326 -5.978560647 
3.166377598 32.566724327 -3.047485366 
-21.989735548 23.538734092 2.143903193 
-22.282883842 22.588703447 2.289676556 
-8.855491417 2.927179468 15.159048011 
-8.503117557 4.523277813 14.728203629 
-1.231227570 6.049763977 -19.566737110 
0.453383560 7.556280425 -17.768532311 
5.340911902 5.358494608 16.280101231 
10.033030199 8.287511039 12.509705811 
-10.244743026 1.424465270 -17.078049480 
-9.491895335 2.468125836 -16.482616837 
-10.671046858 13.848287300 18.971829380 
-2.086361679 16.750485459 20.068841200 
-12.575196284 13.067994615 -20.043582462 
-9.435508397 14.814225396 -20.235015331 
-10.454501868 15.831022184 -4.845521522 
-9.012853519 17.491573808 -4.152056254 
-4.161535380 18.376240644 6.279430660 
-6.573875572 18.287872255 4.944623023 
-5.143235258 4.864466531 -11.841725221 
-7.484159620 3.983439909 -10.978349524 
-2.188967020 5.639306023 11.996987273 
-3.645181699 4.433105451 11.276005928 
-0.570256836 7.093222359 -2.929382324 
-2.120188035 4.960447271 -3.569839368 
-3.718674409 5.894144750 -3.258950871 
-1.774868963 5.043363820 -3.517018616 
-8.152896417 12.129818266 6.684460424 
-5.791602646 12.636433048 7.774115993 
-6.924586436 12.398219608 -7.086211827 
-7.857229172 11.905168888 -6.447526512 
-14.896350898 20.571469817 4.280659318 
-13.466817163 21.963521074 3.481623514 
-4.931857233 24.376609817 -7.550743886 
-3.405078313 25.752049508 -3.895370861 
-6.627401139 7.834164290 -1.962730442 
-6.873203602 8.662378051 -2.037836277 
1.535223488 11.401822213 -0.240868239 
1.251876904 11.916453472 1.910015890 
0.401061352 3.977240772 -3.391615886 
-0.637498043 4.213998807 -3.986805699 
0.803953310 5.369917672 2.618158292 
-0.528559974 5.109581721 3.520777210 
-3.458099945 -0.006542664 4.063658906 
2.487200424 0.557018791 5.325948919 
1.242762659 0.067258255 -4.880422896 
1.050866278 -0.212243788 -5.840691460 
-6.906436129 9.387507375 2.966944693 
-3.491415607 10.447675555 -4.882659531 
0.333805554 11.178927985 -3.710885910 
-2.257315002 7.668956556 -3.439024688 
-9.738094746 10.377636752 5.614092566 
-10.791558681 11.708741315 5.573922233 
-2.568657886 12.921877932 -9.757296251 
-4.765913564 13.745823565 -10.308252591 
-1.913174461 7.994380822 4.251781508 
1.733554886 8.598048851 0.817595195 
-2.747466294 7.338033972 -4.527309450 
-5.602284545 6.085923087 -2.789978602 
6.686523132 12.101804550 8.287932619 
8.369498399 11.292295206 4.695190360 
-11.490829047 4.957134384 -8.526116228 
-11.354632265 4.034702191 -7.082977523 
1.842093442 3.163588120 -2.780445693 
3.656930155 4.967382864 0.315860185 
-5.216364353 1.534704585 0.237631555 
-4.436117021 0.597328449 -1.164483818 
-6.220265493 11.499675708 -4.454246740 
-6.812712007 13.027799138 -4.441734173 
-2.432188063 12.162733444 5.672262331 
-3.981685067 14.412911579 5.992967400 
3.860886332 10.947493083 -10.462426490 
3.649439743 12.543569343 -10.193749547 
-11.173405401 5.100763977 8.908892621 
-14.052902988 6.617331390 5.557117932 
-2.057412272 16.597713310 -8.769097298 
-0.477460220 16.124708249 -8.653660501 
-11.368890782 12.727162320 4.429690400 
-12.289382464 11.736118435 2.881374324 
-9.668458950 14.114387303 -0.338830584 
-9.699751649 13.923555301 0.783256489 
-0.501833824 17.787686173 -0.043550173 
-0.558776571 17.572272136 -2.437499657 
-6.733144191 25.359369932 3.667103414 
-7.956781706 24.494941626 4.119712196 
-10.972113672 23.695460923 -4.108282988 
-9.467252679 23.694981849 -5.152739624 
-7.345186882 10.780608908 -7.217196915 
-8.009586165 11.087483803 -6.905162010 
-2.660777885 12.228410622 7.452029538 
-3.114164182 7.921413275 4.267026413 
-9.281125453 9.695198911 2.382157555 
-10.416767768 11.164483381 2.677434090 
1.392777747 13.762918670 -5.002001680 
0.477692442 15.390758230 -5.810242168 
-10.153339437 23.065266854 -6.442192072 
-10.925625697 23.840447527 -4.800102229 
-6.253737540 24.636433985 5.456587649 
-6.283081690 25.715559722 3.914037794 
-7.641751545 8.385364471 2.368741001 
-8.620151545 15.391800961 5.022865899 
1.903501612 12.273340504 -0.481525911 
-2.194856845 18.193730921 -4.107325963 
-4.673997484 4.013843003 2.154092875 
2.165958819 2.733822227 3.717308059 
2.044824370 6.038808756 -0.492705275 
2.308682321 2.501567716 3.516915142 
-6.634245407 8.458244433 12.357236410 
-5.807130103 7.421169792 12.498107044 
-0.978332628 11.389203552 -12.039962793 
0.047538576 9.576469879 -12.092702108 
-3.842840457 3.955896033 -2.536274983 
-4.398429601 4.959096147 -2.256925431 
-1.846980778 4.547178840 3.381396639 
-1.898685833 5.313973782 3.341604664 
-3.881352791 12.678474871 -12.881577374 
-3.010499981 14.116659258 -12.802914194 
-8.288786388 10.416139828 11.563890174 
-11.437513062 10.400526876 9.905876602 
2.326649765 3.412617642 2.314708661 
2.839492877 3.003947909 2.331138991 
-4.943120809 -0.062620241 0.657052921 
-4.677453775 -0.103616036 1.740198376 
0.848258585 1.068349825 4.294047703 
2.267114943 1.841046720 3.414544445 
-4.282584704 -0.586556183 -1.266258875 
-4.378781387 -0.225604119 0.344379034 
1.601543021 13.748905524 10.498740131 
0.732856579 15.959385181 9.246894360 
-8.357946335 9.981815921 -11.605836660 
-8.907873145 11.281240339 -10.837555622 
0.544124157 4.984473657 -3.360959424 
1.012311484 6.613887123 1.140335840 
1.851808231 1.529220293 3.739515015 
-4.829420858 2.112595759 -0.117798518 
-5.612015403 9.963220773 -13.157348899 
-7.591813888 11.409682569 -12.782387490 
-10.264247930 6.952107771 11.087099953 
-9.078325466 5.976023983 10.917147450 
1.105821775 5.020029186 -2.757682361 
0.806544235 5.959493169 -2.978220550 
-2.232876095 7.393702738 4.377424367 
-0.516830932 8.395306055 3.431342993 
-4.130044341 7.959632105 -3.422972206 
-2.889328473 6.717259416 -3.401972658 
-3.649875775 7.573330982 3.723594626 
-3.382554935 6.208769643 3.208910374 
-15.458356396 19.366265589 -0.852011782 
-15.642016884 18.236306116 0.710991721 
-0.690145248 25.548633247 -3.124763086 
-2.592600514 23.805470326 -7.775190287 
-7.195105328 18.397208154 -2.714452223 
-5.591746706 18.835558739 -1.911169549 
-5.656356057 19.003743927 1.684025816 
-7.045592079 18.348655297 0.268605857 
-1.539673396 4.700204687 -3.521690895 
-2.988335294 4.999419453 -3.750809259 
0.713414785 15.456603694 -0.137925290 
0.450898609 7.051829820 2.166481630 
-7.747874085 10.306529540 4.279672278 
-7.445512529 10.871165284 3.917640195 
-1.093994677 13.011667551 -6.869918850 
-2.022307336 14.619592033 -6.031113341 
1.432378022 1.667472149 -3.875591877 
1.083378155 2.422546530 -4.372445889 
-5.283723941 0.602251121 -0.671260114 
-4.456477290 -0.012200814 0.523096308 
4.742874313 10.876044965 9.656356509 
5.356498042 9.521026096 9.245666616 
-10.793353553 4.898817425 -9.468624337 
-8.139804914 4.208819999 -10.594404563 
-0.467214889 7.196659851 -3.151791107 
1.377891053 7.935209340 -0.953695857 
-5.286563463 5.487712831 1.843721634 
-5.310108139 5.198451358 1.460438480 
-10.634944709 10.194671580 -4.115326312 
-9.644092399 12.473391043 -5.794729056 
-1.685765706 13.100642573 9.530417605 
-2.640931821 14.871022571 9.835652197 
4.075314507 10.856885177 -10.468923615 
0.068182397 11.286092699 -12.783038142 
-12.569615852 5.439857661 7.806546028 
-13.546031434 6.348086636 7.831458399 
-3.632233506 17.074466393 -5.810801635 
-3.342950995 16.912431105 -5.473820796 
-7.505629323 15.647079465 4.460074027 
-8.567986962 14.959956096 3.318052020 
-12.779962831 11.145244752 -0.670403031 
-11.953390760 9.925084851 0.967706291 
3.987521172 17.376040868 -0.416190844 
4.092293359 16.018008451 -2.721692314 
-6.153003441 25.523578599 2.453330052 
-12.853391093 22.152327515 3.249672396 
-8.874413206 24.596153622 -4.396031580 
-8.034181347 24.301738329 -6.425239133 
-14.250381198 18.428381128 4.676155344 
-11.976332553 19.326793708 6.464969478 
0.432194365 23.920448995 -4.937964978 
-1.733000023 22.598669866 -7.906606922 
-7.012509981 13.701736058 -9.236903953 
-7.026555220 13.219873132 -8.702586508 
1.215611304 16.630435616 6.323075225 
-5.840307007 13.334974132 8.378654201 
-0.955418250 8.286827398 3.719631631 
-7.215314134 8.590637462 -0.661810756 
-0.926887525 7.704315222 -3.858378966 
1.440989307 11.925248298 -1.302999543 
0.815219328 1.350452552 4.273235066 
2.058791933 2.145685048 3.559766282 
-4.339722020 -0.375495098 -1.245095451 
-3.532467368 0.627335594 -3.326251203 
-7.990944878 5.782193717 11.350966657 
-7.201816600 7.570959008 12.141628440 
0.532138626 9.183875306 -12.006758878 
-1.245852066 9.849422917 -12.340080191 
-0.778761487 4.776491391 -3.436212523 
-4.377465556 9.513883597 -4.202727058 
-2.807222699 4.014279295 3.629100857 
-4.553886372 4.511003892 -2.482644461 
-1.525850015 10.064996662 -13.515711181 
-2.548965198 11.322422578 -13.736766368 
-4.696371247 -1.448165193 -2.379568735 
-10.416808460 1.150584315 -5.271522145 
2.029185426 4.263519895 -3.988096590 
2.198463929 4.097836851 -3.457473844 
-4.778100726 -0.119302210 0.814252297 
-5.018922555 0.104811132 0.162028912 
-3.355860707 6.619679438 -3.206126145 
-3.183579881 5.495261891 -3.225387653 
0.043553304 10.745991889 2.551835015 
-0.337028092 6.275430584 2.821277733 
-7.363330020 10.629669607 -7.087397373 
-10.398540096 23.144787382 -8.155892928 
-10.812064800 27.697564673 5.732172650 
-7.944909865 24.934750249 7.091542892 
-12.710681673 27.327137557 4.696868120 
-9.475103215 27.147469512 7.212058139 
-10.423748870 28.699555968 -8.540352584 
-9.949666148 27.189771388 -9.190117119 
-1.154651705 32.663903075 -4.126162667 
-0.498346132 32.689663986 -1.146719005 
-20.070746311 24.331901763 -3.988025071 
-20.330164085 24.570504857 -3.537529624 
-3.244711843 11.836616429 16.093026880 
-0.515257998 13.825511272 14.579204769 
-8.869388410 7.876591448 -15.389982308 
-9.569292446 8.762417364 -13.928339243 
10.092972252 3.256439607 8.057659487 
10.647228194 3.582595576 4.165251502 
-7.565338539 -3.505768480 -8.461257815 
-4.389144433 -0.144833573 0.860691033 
13.031919880 17.273248030 10.221380342 
15.546955001 16.586789674 4.487926666 
-20.242702905 3.256333092 -8.394326076 
-9.349003855 5.955248182 -10.589623520 
-2.147188533 5.558300571 -3.369891845 
-2.286833684 4.305203359 3.749809441 
0.476951492 3.714960704 -3.512461398 
-6.670947450 -0.710034955 -1.513341382 
13.328760467 16.328001611 4.254852614 
12.509710941 18.627504940 -0.135147048 
-18.568630120 5.562085599 -9.729321575 
-17.252340901 6.467717293 -9.511617618 
3.898082409 4.437867366 9.819474943 
6.597491139 15.762167086 17.018327193 
-11.538376639 7.185517144 -18.901127978 
-11.698270205 7.976405718 -18.205229215 
1.944727538 1.128444465 -3.732076581 
1.303178295 1.545055437 -4.035075885 
-4.279650373 -0.568491982 -1.292273615 
-4.380148868 -0.197303873 0.306990099 
5.223941841 10.677706055 9.251355103 
4.852633403 12.442655500 9.079217392 
-9.184082720 6.030076421 -10.789908602 
-10.360825612 6.976082463 -10.100832059 
-2.219342884 5.779904141 3.389604610 
-4.946183112 11.529287286 4.362347218 
-1.100411094 11.449132330 -5.063462142 
-1.915601917 12.445936388 -5.056222392 
-1.315175695 12.201664642 -12.928226929 
-3.360888611 14.326210592 -12.674376311 
-9.963544582 8.065852995 11.831523099 
-8.437049172 11.023404082 12.896841910 
0.951473803 4.972747531 -2.878125853 
1.985913554 6.265684516 -1.396701938 
-4.596583772 3.160937989 1.611642392 
-5.047231741 3.835412644 1.747135057 
-0.320947073 8.249450004 -2.883511036 
-0.621232848 8.677762594 -3.316550706 
-4.370174951 7.322790188 2.905481551 
-4.523591454 7.428464375 3.936058015 
-15.668806034 19.137180169 -1.581776923 
-15.976837706 17.936053893 -1.017795418 
1.055710023 25.250464123 -2.922028274 
1.604418834 24.704534145 -3.284932686 
-2.974748498 24.250348684 1.182846774 
-2.321942183 22.593051005 3.765074960 
-12.825170248 19.928667797 -1.146772588 
-12.502114677 18.578322546 -3.106492005 
-4.943801003 13.395398215 -5.805656200 
-3.508478917 14.293686628 -5.719403120 
-2.910956426 14.091304345 4.001284527 
-5.786154832 13.517108288 4.208911631 
13.140137531 8.603514393 -9.033692692 
13.443245454 11.798014767 -6.039964600 
-15.702500045 -1.092456402 -3.640458669 
-15.823876867 0.741884666 -5.060762517 
1.312812422 1.666974067 -3.934966465 
1.120895226 2.430497806 -4.374201210 
-4.301384287 -0.246101996 -1.229875035 
-4.827993913 0.307128567 0.533649651 
10.097159614 10.498087765 -16.631262075 
7.685515163 9.642654815 -17.482547428 
-18.895931956 -0.027131505 5.867361434 
-18.287891490 -0.312335256 5.286671995 
6.828638002 21.751354294 -12.323398465 
7.411298655 21.014927205 -10.626723282 
-22.755282182 12.236479253 4.319386106 
-21.278830106 11.445375018 5.055120105 
-5.445351408 25.601953392 -12.742571196 
-6.432185101 24.953732377 -11.559021394 
-19.340807250 20.440415537 7.823256847 
-11.237984667 22.829399768 12.219234282 
3.023402846 32.261692608 -2.124901922 
0.711360331 32.231897662 -1.549673575 
-21.422205625 23.457071424 2.886176273 
-20.103385002 24.545811914 1.348864730 
-17.651139067 21.886367679 9.131324841 
-14.953766979 22.587686936 9.143660056 
-14.936623450 23.561875348 -12.686591483 
-14.076720216 23.353220756 -10.936769325 
-22.551093627 10.796482930 0.114483960 
-20.952165304 10.438367057 1.110776593 
-3.579787907 18.735684253 -18.821777500 
-1.402976677 16.792848116 -18.192093571 
-15.124103273 12.438183518 16.969846528 
0.929711694 5.532305724 2.055823282 
-13.314389248 13.317892280 -19.190430860 
-3.647552139 3.276566913 -4.499622683 
-10.077472929 10.376321836 5.025143471 
-10.351004857 12.021788842 5.454534181 
0.696617324 14.105831601 -8.482891652 
-0.507818485 15.798702817 -8.679510301 
-0.541747576 7.191925737 3.209793157 
-0.351030188 7.439344671 3.224958377 
-3.758316047 6.478585890 -4.176287620 
-0.662450695 7.657842624 -3.676587052 
4.669879861 13.331011330 10.172106314 
8.072399575 11.817376161 5.986300029 
-11.910470116 6.588294809 -9.581148277 
-11.227351055 5.359221757 -9.111767131 
1.442425114 1.654085834 3.870552375 
1.068689632 2.403782884 4.368337717 
-5.320434899 0.559236852 0.533273328 
-4.508579083 0.051888190 -0.688031305 
-7.757513635 10.192802356 -4.287760325 
-6.760692784 11.093657537 -4.361178208 
-0.742629491 13.146069743 6.590833982 
-2.905703390 14.140860471 6.602772952 
2.652489112 8.638999974 -11.120697377 
2.091934093 9.942930409 -11.406070284 
-8.808079395 4.196991484 10.253025261 
-11.085928414 5.451109418 9.376762274 
-2.282664368 14.877536056 -9.232163373 
-0.467720831 14.261203856 -8.629779923 
-10.730098977 11.529992189 5.895783820 
-10.323164842 10.532574838 5.445714773 
-10.470230054 14.609554760 -0.692992331 
-10.016210985 14.545150480 0.396849554 
-0.508975483 18.539000187 -0.591741023 
-1.717185086 17.971764684 -2.915020120 
-2.666327298 26.106237129 -2.669925725 
-5.061279154 26.024236807 1.224042388 
-14.308424874 21.501590538 -1.160226244 
-12.920159941 22.642274256 -1.484660464 
-3.512369649 7.514839708 -4.740225782 
-2.385738640 7.997873111 -4.647236322 
0.802477287 9.112774537 2.508716483 
-1.648501008 8.404541392 3.906126155 
-12.734568036 14.395665371 -2.725821345 
-12.487131102 15.524894360 -1.860024837 
1.949994252 19.899829591 0.624885373 
0.876198347 17.163886457 -2.156152088 
-6.821190631 20.733260364 -11.742938074 
-7.431505292 21.099526411 -11.632890297 
-11.833113769 18.270511040 9.791544367 
-12.051010879 19.499624297 9.487668004 
-9.027374344 16.780700627 0.484178535 
-7.994444895 17.309592352 -0.461522144 
-3.092164465 19.173709635 -1.294580008 
-4.109048894 18.974586463 1.428148179 
-4.461446918 4.415273782 2.641190128 
1.990162760 2.783078327 3.639437404 
-0.634738046 5.459979157 -3.784827479 
-1.351442644 4.693995380 -3.720934585 
-7.270544093 14.648510226 9.710418782 
-6.060697427 13.481754549 11.397286908 
-3.543739229 15.916718760 -9.587929446 
-2.238728541 14.842734399 -10.728298577 
-3.085778506 5.695053342 -3.554001179 
-1.096356590 4.549766476 -3.748728226 
-1.654904304 4.240030565 3.491579293 
-2.227796845 7.960520895 4.151419807 
3.883318116 4.376053819 -0.899308864 
3.670707408 4.399157559 -1.449450410 
-4.908443662 1.913474471 -1.515027141 
-5.170703668 1.999006421 -1.152901452 
-0.557818407 5.058724042 3.408127583 
4.113725427 4.354903058 9.709427360 
-0.943415120 4.952153156 -3.569138731 
0.279563473 3.948426783 -3.412645266 
2.977765059 6.020258080 9.807316756 
2.683590980 5.273952365 9.864377733 
-6.591350608 2.381424096 -9.586632175 
-4.300831081 -0.328806246 -1.268705304 
-7.113403224 8.540527242 3.167282470 
-6.832933464 10.216144079 3.503850815 
-5.036609666 15.997662485 -7.206878176 
-3.633698351 11.108702130 -5.636438521 
-4.234824484 3.030148515 -1.644923444 
-4.298996161 3.813451109 -1.887732925 
-0.599191677 3.952581089 3.467097030 
-1.485845948 4.615729861 3.610160000 
-4.530345763 1.847867273 -8.581377829 
-2.887078130 5.450509733 -11.835504113 
-5.782266992 3.354638573 10.565387619 
-8.989989841 3.931973033 10.153386279 
1.238843517 5.701279523 -1.995908686 
1.496959676 6.735393689 -1.622401170 
-1.755740600 7.546327576 4.495833799 
-2.072268593 7.285014928 4.719527085 
-6.950561082 9.504796719 -3.217072634 
-6.535349345 8.723451139 -3.041325061 
-1.679046111 12.012184239 5.538322375 
-0.775614303 11.460087725 4.695808258 
-13.846043817 21.882646557 0.861502847 
-13.416102062 22.354747607 1.027426030 
-4.441445026 26.267214458 -1.774142744 
-4.359719559 25.857769913 -4.433818015 
-2.857511848 17.671175203 -5.011450467 
-1.803139981 17.920494892 -3.612632859 
-8.497972826 15.703357856 2.596353171 
-9.493145243 15.135504426 0.453215407 
-5.714849031 5.504416014 1.174750052 
-4.018918766 5.224756232 -2.902777035 
1.093139697 7.641479983 2.513858978 
1.922966718 8.783454552 1.067938141 
-5.770720748 11.666957430 4.564828254 
-5.939156880 13.360040695 4.666584838 
-2.827128793 12.539002531 -6.307727432 
-3.970572124 14.402479703 -6.043187071 
0.809435734 3.779112994 3.676790142 
2.495425006 2.888709197 2.674779090 
1.089629900 3.818965626 -3.809517814 
0.514136287 3.799954617 -3.478633519 
5.462474709 13.453366643 8.422638676 
6.362529747 11.435417484 8.276047827 
-12.145975638 6.427652122 -8.480365335 
-11.006262733 5.022719203 -9.057197305 
-0.923067645 8.322338046 -3.870749099 
1.441233666 8.560196465 -1.538768876 
-5.292264973 6.701958898 3.560223100 
-5.932204857 5.977013958 2.164598247 
-10.032613424 10.355678137 -5.119186303 
-10.843644625 11.624817922 -5.813621145 
-4.102845829 12.422211491 9.762847752 
-4.630619564 14.019743365 10.162970066 
5.941958841 10.694170102 -8.410031458 
4.893072669 11.531261079 -10.124511399 
-12.824854958 3.524077452 3.654809725 
-14.435217899 4.575897289 3.075054247 
-2.808286444 16.602540989 -4.894037227 
-1.191811395 16.968620116 -4.269024598 
-9.569274706 14.002437146 2.311653131 
-10.253571295 13.468416216 1.308878710 
-12.611683277 12.137101871 0.516956045 
-12.795668144 11.161952886 -0.425719700 
2.390450732 18.735667753 0.530691401 
2.807962128 17.714316150 -3.434637935 
-4.571423524 25.880094868 1.872638754 
-10.117461194 23.903601200 4.178552240 
-11.419781645 23.273991459 -3.592795660 
-10.271984941 23.989387869 -4.548998555 
-14.440670032 20.731611150 -4.920792914 
-12.533925858 22.192674964 -5.446953886 
-3.314325062 24.953019752 6.422711011 
-4.301026598 25.478403669 4.752191332 
-7.172235445 12.353287218 -7.257498974 
-6.970812253 12.235691623 -7.430890423 
-4.357641889 13.510896002 7.456305336 
-7.410039846 11.786795363 6.530346219 
-7.049336769 8.626648324 1.755650992 
-6.304437654 7.766871975 2.442552377 
1.538606261 11.607381651 -1.425738123 
1.461190776 11.773983007 -0.396513596 
-9.195080433 3.401414516 9.672601910 
-8.283166220 3.533542155 10.328002006 
-3.424602325 5.269427113 -11.972085281 
-4.481219084 4.083738278 -11.060920054 
-9.829802418 16.238545667 5.118453957 
-8.710454209 17.621561803 3.945084089 
-5.242341155 17.971479657 -6.711592334 
-5.934669081 18.559335152 -4.988576754 
-1.799325961 5.030341577 3.528231955 
0.064626390 7.153309451 -2.463201668 
-3.420111306 4.762774938 -3.106240209 
-1.699491353 6.566027188 3.419502428 
3.501831818 0.361615912 3.674596611 
2.980291685 0.443362899 5.258010076 
-4.397798770 -0.969527980 -1.401952506 
-2.942807888 -1.094602088 -5.792532911 
-4.400801402 3.760895121 -2.476396277 
-3.060382902 3.872343856 -3.297458769 
0.393328959 3.961509947 3.389068230 
0.478857249 4.226699557 3.497304273 
1.285008557 10.704159236 -3.756341507 
1.238990499 6.585161761 0.180347377 
-7.832295696 8.101412249 -1.219456185 
-7.570681558 8.384568339 -2.205776560 
-3.109348263 29.695864734 -12.071754803 
-2.171703217 28.058917260 -12.703250474 
-21.657501569 22.455719407 6.245666914 
-21.794899177 20.212047501 4.461347923 
-10.744309731 30.631059345 -1.462120103 
-10.371988791 29.462744851 0.024089127 
-11.451183031 30.797093057 0.344753504 
-9.560231223 29.622788981 -2.129639389 
3.728223457 32.577676569 -3.773127353 
3.270617469 32.109181903 0.244579394 
-21.913478869 22.512961567 -4.705151045 
-21.093437674 22.821398503 -5.358538239 
3.826999232 20.465867623 17.974723958 
2.634751352 21.584395230 16.016884055 
-15.905371938 12.993605543 -16.356290965 
-16.692881263 13.570803005 -14.282222862 
4.674517294 7.527273810 17.083991950 
4.265021684 6.502584896 15.301825432 
-4.611020486 4.564999496 -16.898917092 
-6.389320239 3.288359198 -14.684793798 
14.559850892 15.391044602 10.661953941 
15.733168944 14.757344365 8.030552142 
-19.343698648 2.841746498 -9.908061708 
-19.862455056 0.475890855 -5.905692966 
8.580200717 7.022725045 14.870826124 
5.742752939 7.154252596 15.547488062 
-11.174447285 0.368282569 -15.703102890 
-10.286494935 2.009990046 -16.004054380 
15.524772370 11.364938829 0.804563685 
14.420254185 12.064847528 -0.369134791 
-16.190049249 -0.227465710 -9.273196467 
-13.695938830 1.841290095 -11.411497968 
6.032771551 20.387900534 16.218672907 
12.500688723 22.356470203 7.652759271 
-16.854518486 10.628093912 -17.336846725 
-14.166566840 12.648598841 -18.219037378 
14.582974537 27.424226125 -5.793245448 
14.197658348 25.325892408 -9.102145608 
-27.469359138 10.596176394 -4.256709753 
-26.887633854 10.077804423 -4.125015761 
3.106472026 28.612127866 2.614961675 
1.665963403 27.349414939 2.127840731 
-18.727530906 19.689176872 -7.051006322 
-17.020807434 19.886314049 -5.330929761 
10.945235967 16.743956268 6.533564780 
8.436594923 16.893668355 8.649141087 
-16.797922837 6.803229005 -9.448983163 
-17.364409462 7.826312734 -8.584578562 
14.734550682 25.432754746 -7.973763063 
12.443462622 26.897668877 -8.569542618 
-27.643195253 9.280643213 2.179174114 
-27.195947558 11.731349544 -2.456566910 
13.657832507 14.459303114 2.496744694 
11.674881478 13.580184644 3.151491872 
-17.497580008 2.646752482 -5.380630460 
-16.082768813 3.707478863 -5.158394247 
7.625798303 15.847436788 -11.918024106 
8.566242380 14.655650628 -10.155931056 
-18.940294462 6.207538986 4.745793810 
-18.377188572 4.759291471 1.752769316 
1.053855232 23.089601492 20.780015309 
-6.724103596 19.955535853 21.775074417 
-19.845591532 15.129132212 -18.116247053 
-17.812930652 14.882394458 -19.122027446 
8.378099840 22.659926763 7.792856920 
9.627947309 21.256814203 2.384065335 
-20.925927725 10.448671669 -6.137359347 
-18.326753789 10.513177708 -7.754410589 
-5.432151248 26.811907986 7.943092828 
-4.109787248 27.001401459 6.699580179 
-16.136280701 22.637597383 -6.485835593 
-16.409018704 21.728351137 -7.199513267 
0.757488577 25.078139468 -16.426229013 
1.882950874 25.969821481 -12.866357458 
-21.879008632 17.098359878 10.761264704 
-22.019314441 17.593714314 6.956086896 
10.265811079 17.855292562 -19.826338547 
13.959010454 18.159142073 -15.223592457 
-27.207708211 4.244497513 3.046534931 
-24.997158770 5.083504734 8.781979091 
0.626869588 11.050649472 -14.680946053 
0.417158371 11.608192915 -16.364424721 
-13.381612596 7.082440713 11.751704387 
-11.991561764 7.594562232 13.858993314 
4.412758831 28.433987575 11.151057670 
4.808304454 25.957813592 10.601861788 
-20.434699072 17.185551388 -12.029730481 
-19.328729248 17.057384395 -11.030001982 
1.972883468 36.505379038 -1.163217119 
1.069676680 35.653457027 -2.422545911 
-25.708387312 24.472313991 -2.271184877 
-25.280153990 23.928915539 0.345120371 
-8.298400271 26.654296668 5.401401922 
-8.882730644 27.723388725 3.867421228 
-12.584254333 25.819603776 -6.185249148 
-12.586834321 26.503064991 -4.359572075 
11.568159058 6.667615600 12.759277032 
10.419426102 5.971457006 9.930446897 
-8.769963088 -0.623265003 -16.171659394 
-4.859722621 1.221313791 -15.985827366 
-2.761091328 6.667862795 23.259667370 
-10.894792641 5.857269400 21.509882910 
-8.295925901 7.322207737 -23.942191485 
-4.548477549 9.127619697 -23.750683827 
-4.377419076 1.411479942 4.853787515 
-7.321824644 1.282026892 9.816451358 
2.805784872 4.446695237 -13.432163610 
4.243345497 6.205854499 -12.574384223 
-5.934450301 26.502505241 12.045374675 
-7.681697239 24.956796033 10.812325758 
-12.181768492 23.006482583 -13.474930883 
-11.828855706 22.536355542 -12.103973782 
10.311986642 23.727015245 6.655198561 
8.165609683 22.136613647 9.288347052 
-19.670240508 12.818025621 -11.281871936 
-19.876469578 11.616486908 -8.412334392 
0.666132672 32.402516919 -0.621013053 
1.607807558 32.737007119 -3.654091549 
-20.009194779 24.346790404 -3.309124195 
-21.075396850 23.299019450 -5.403242061 
1.460885340 1.666717186 3.864708936 
1.134253705 2.410929899 4.365505709 
2.141675181 0.236788657 -3.879673070 
1.413066076 3.311887115 -3.157463507 
12.165857135 9.182063582 -8.298493299 
13.770851086 11.600529451 -0.980564250 
-16.614663216 -0.645670996 -1.640507780 
-15.936188859 1.731451747 -6.019829375 
11.290748322 10.997603505 14.397088180 
16.504713855 13.307234378 5.382609933 
-16.652264924 1.384737687 -9.881528891 
-17.136315102 1.404947880 -10.209566428 
7.301897733 22.244513499 -11.487647797 
4.632303426 19.960537657 -13.687583661 
-22.759876933 9.792762822 3.486347907 
-21.162626778 9.600992420 0.832170393 
3.364631139 30.247900553 2.402026443 
0.262883371 28.899605823 4.157540820 
-20.415476478 20.800463794 -5.986535351 
-20.943337750 18.371663771 -8.211293454 
-1.109755707 5.041839120 3.427816759 
12.308646621 22.631628340 8.646822517 
0.613600817 7.367947359 -2.951643285 
-20.689481890 8.835550304 -12.152630211 
2.216078054 5.628414025 0.087368236 
2.529355777 6.236076267 -0.570981100 
-4.506660774 3.160780166 -1.839337093 
-4.886203022 3.780126395 -2.135072950 
1.030858644 12.962040607 12.182390390 
-5.178790493 12.230011241 13.184981748 
-6.469720767 9.688477353 -13.332032934 
-6.405930922 11.090130364 -13.216274483 
-0.119566669 8.869208680 2.877242397 
-1.213227091 8.237238820 3.428806144 
-1.921985324 6.725208595 -3.404801486 
-4.855263386 6.791885276 -4.215859125 
3.299810472 10.519807780 -10.618965419 
5.681477698 12.723337491 -8.224948752 
-10.823364140 5.361684181 9.416996938 
-13.405568574 6.076795614 6.405872933 
2.053682284 1.025039070 3.697011969 
1.248296912 1.527217958 4.050227187 
-4.288466561 -0.588751338 1.178730848 
-4.369202074 -0.208578052 -0.442272448 
-5.087708528 11.599467857 -4.325731833 
-3.246948456 5.292264976 -3.231689607 
-3.043642057 11.954820064 5.653640316 
-1.423273425 11.368557634 5.285188198 
-8.934469961 21.808193419 4.956548018 
-5.597876578 21.146559138 5.888544611 
-5.416750950 23.404317862 -4.287171562 
-5.768031682 21.403231739 -6.277910759 
-4.021571680 23.339710217 -8.848526248 
-4.295686232 22.370893191 -9.629922891 
-15.358323502 19.250392359 3.280996398 
-16.107985217 17.605854273 2.279779199 
-8.551329507 12.217631521 -2.659732181 
-7.817467120 12.286358369 -3.611704568 
-0.491904849 15.795173990 1.860577801 
-1.736413184 15.103604770 3.878381197 
7.811204946 3.312841610 -10.988026551 
5.796208347 2.288002995 -10.333105998 
-9.639145706 -5.435679854 2.194292889 
-4.428678639 -0.125146710 -0.654359575 
-3.091385983 11.333117666 -16.951222015 
-1.079264237 12.772774438 -15.479360320 
-14.718344446 4.126003231 10.555179339 
-12.878490210 7.665578257 11.723760176 
12.887352995 15.308305108 -11.698719310 
12.454556008 16.372580685 -12.315352550 
-21.020409391 1.481970548 3.240448818 
-21.561155431 2.449857330 3.496442556 
-13.828110405 26.989531094 -7.004806433 
-11.449690600 26.472348020 -7.383422050 
-10.492489289 28.749185722 8.334444386 
-10.693505921 26.678688770 9.058028210 
-7.586501995 10.464736148 7.020359541 
-10.498323812 22.347589763 7.863465844 
-9.557400431 24.231071100 -8.973528894 
-9.618585806 25.558115641 -6.557931041 
-0.158732076 32.378352331 -4.064624493 
0.076093138 32.559498394 -0.980029005 
-19.398851107 25.574081654 -1.622627159 
-19.325523231 25.711026703 -3.151608111 
-13.242332420 5.508827753 12.793212363 
-14.057055202 7.702237788 12.334886984 
-6.762834652 11.317769603 -19.800625913 
-5.498384245 13.136283656 -18.780524418 
1.022239835 3.670195486 3.142594846 
1.866148715 5.209431486 1.786442856 
-2.805781797 0.912708472 -13.442890836 
-1.239035970 0.871897836 -7.331465109 
-4.694695168 10.973655077 19.999331654 
1.270356987 10.134719419 19.268385633 
-16.055081250 7.816125246 -16.721049885 
-17.419363280 6.140153741 -15.341423406 
-7.926999856 5.888298812 -11.414787777 
-2.979739765 9.005306543 -12.808504646 
0.525376754 9.162512374 12.008526963 
-1.906361135 9.641687420 12.436016120 
0.816631190 1.350160705 -4.270791453 
2.092464343 2.124065310 -3.529615814 
-4.338304316 -0.384703510 1.283873515 
-4.462238507 0.065984648 -0.039480101 
-0.552016748 5.725485960 3.333149964 
-0.576509640 4.780216109 3.392196954 
-4.999046780 4.113994367 1.147487472 
-1.537346764 4.275813691 -3.847645169 
-9.334114777 12.956979739 8.284983108 
-6.329450001 13.431697811 8.845669192 
-3.240052406 15.073944817 -8.966963148 
-5.649990772 13.428182839 -8.446010843 
-14.065036358 18.241500537 -5.178386365 
-12.774747352 18.660242178 -6.172557555 
-1.078916338 23.114732065 7.873996769 
-3.050775378 22.501306045 8.738858604 
-7.169762449 8.836780878 0.322809748 
-0.380585344 8.028617819 -3.822068854 
1.571589182 11.386050533 0.561982828 
1.206601117 11.800459448 2.411751358 
-4.753681000 -0.071126553 -0.598021380 
-4.957456050 0.106319793 0.153376937 
2.058543696 3.514603714 -4.503683716 
1.559556687 2.789252809 -4.394384460 
-14.660714413 4.970437493 -3.127173548 
-14.654766091 6.355375137 -5.146370689 
8.906980719 13.555051986 4.445025921 
0.071588935 4.639383893 -11.112260637 
-3.286630508 5.165226354 -3.113548020 
-3.190675819 9.511233907 -4.696085072 
-0.363783134 6.555180818 2.791379528 
-0.916240337 7.605457547 2.924307510 
-10.087199693 16.378441285 -12.446908900 
-10.634261949 17.750555091 -12.045537863 
-5.211057163 18.899778323 12.383305260 
-6.916908448 19.660213671 11.953623742 
-2.628618783 7.557787898 -4.796779178 
-2.680523789 7.744258204 -4.573293754 
-0.745018892 8.302848590 3.837252115 
-2.853842410 7.682986952 4.031896247 
-10.834560639 16.033645795 1.130384165 
-9.464431232 15.145597433 2.344198228 
-0.770447406 19.605484974 -2.333311106 
-1.753315704 18.214080821 -3.054424690 
-5.637782412 7.879500336 13.030142493 
-0.614708524 9.329121983 13.255213215 
-6.453016651 7.329855979 -12.270828363 
-5.405905381 6.925184158 -12.280284061 
-8.430737479 15.355176497 -2.420068006 
-7.150708684 15.927984879 -2.877856267 
-1.718062897 17.935116391 1.931008653 
-4.103520218 17.101140043 3.833539575 
-0.303497274 6.422495930 4.750414786 
-1.546797003 7.587663310 4.377082612 
1.119288588 6.721761344 -3.665691562 
-0.776336862 7.723406096 -3.983541835 
1.309590408 2.555338170 -4.301068492 
0.358828775 1.966169575 4.142788989 
1.141603039 -0.052489290 -4.727512071 
-3.335017572 -1.499520448 -5.477952843 
-3.596513371 4.432539652 -2.976890551 
-3.278473298 4.972065785 -3.430851227 
-2.192909788 3.728459063 -3.695262849 
-1.041079965 4.784017268 3.535597027 
3.078022137 4.799717213 -0.594197787 
2.724813400 9.663542574 -2.237782099 
-4.257565700 2.620857769 -1.931231876 
-4.388786107 3.383374269 -2.177355308 
-2.588870869 8.186466641 -4.564054618 
-1.341595546 8.402118490 -4.340496197 
-2.460874327 8.094226758 4.296023926 
-2.583825052 8.073381322 4.011044552 
-11.381568020 15.081958016 -5.309162927 
-12.164095857 15.741685011 -3.092394117 
-0.110587010 19.389949702 4.971244807 
-0.496743216 20.477969076 3.044378544 
-1.854725457 21.591831687 -11.101638909 
-4.658907416 22.290882033 -10.867215934 
-12.050214556 18.269793711 9.647286881 
-14.067395619 18.408514020 8.426820058 
-9.029281854 16.817061143 0.740572608 
-7.095398735 16.314444903 -1.892856041 
-3.002334060 19.187132199 -0.999841149 
-4.097300797 17.410001068 3.193854670 
-4.308473361 4.523301391 2.878611439 
-2.719325507 4.835633933 3.564212087 
1.092963739 6.416106075 -2.574791435 
-1.140751984 4.857818902 -3.628498018 
0.679567660 20.745927896 10.807330212 
0.371017987 19.431620538 12.202704697 
-12.068812799 15.487596311 -10.584651609 
-11.076565595 14.673380924 -11.777517119 
-0.798117142 4.427978720 3.662491033 
-6.212488758 10.596010629 3.947453762 
0.918125168 10.658129519 -4.383389408 
-0.676090836 12.929722169 -4.011993778 
-4.435011931 0.376534948 0.515821831 
2.183421251 3.239891643 3.414768931 
2.181602538 2.348212134 -3.474217459 
2.006654035 1.602005880 -3.485138590 
2.522083287 4.917746701 10.648881084 
5.178515587 4.245549817 8.587025160 
-5.013985896 2.237897427 -10.884866514 
-4.703660954 0.702547370 -9.719280080 
17.074573156 21.176933171 -3.851180171 
15.424071219 19.815679799 -10.357260027 
-24.220300056 4.650097894 -6.166001980 
-23.565607246 5.113457371 -8.054867056 
6.396153904 19.693654443 7.129220888 
4.126773633 18.997219762 6.781159655 
-16.098038945 10.842039437 -7.844488126 
-14.051796629 11.721453007 -7.628704365 
-4.331340724 2.756895142 -1.542347843 
-2.815369388 6.658116246 3.343742084 
-8.858666018 1.996320910 0.330420628 
-3.145944062 6.018963541 -3.547089458 
9.435851748 24.429158605 -13.790781565 
12.221242028 27.027558679 -5.470807809 
-26.095411821 10.934955849 -1.840693411 
-26.206688124 12.149884776 -1.234927000 
7.321358852 11.659001178 -8.876458399 
4.415331335 10.662445332 -8.105090002 
-14.614400615 3.484095640 -0.754482851 
-6.643873598 6.339093577 0.605626107 
-4.625530669 19.711972613 -13.638421013 
0.936294868 20.337464702 -11.758955160 
-16.770183810 15.273850139 9.129024406 
-15.399843233 13.135531041 9.010295228 
-0.030150277 28.683488280 14.925095869 
0.198580243 26.389913489 16.834667364 
-18.908400568 20.695565837 -15.337262700 
-17.700256711 19.190848254 -16.945052246 
-0.092805233 26.430016580 1.844378102 
0.697865598 24.469733426 0.483960186 
-17.197790629 18.861438242 -2.280016773 
-15.660568382 17.631583715 -1.987319935 
-14.102934928 19.260412023 9.486987672 
-12.306457870 21.174395480 7.609239963 
-8.764451093 22.358227285 -12.086816853 
-7.482845151 23.704049911 -9.586729997 
5.366220457 18.937431056 7.232322997 
3.292429900 17.471727518 6.061542080 
-12.085172392 12.870548303 -10.841085031 
-14.562633622 12.857651965 -4.630071492 
16.559943618 20.548975925 -3.956860155 
14.911966402 17.808649492 -10.438099197 
-21.232039515 4.914311397 -10.748090704 
-22.194737001 4.083315962 -6.900376554 
6.008998503 28.726473668 -3.118585130 
8.366290824 28.587553495 -3.691826624 
-22.858658463 16.859828632 -0.114084427 
-23.573407174 15.378003751 -3.989031420 
-1.034418218 8.298933599 -3.917541108 
1.354948726 8.385221831 2.199635579 
-6.166877307 6.226736754 2.340637008 
-6.440575030 6.404808049 1.310569694 
13.749256254 22.710391658 -6.516975638 
13.490245124 24.454302261 -2.810149857 
-24.375503532 9.854538305 -5.083325489 
-24.378411154 12.049248847 -4.772301769 
10.962484097 17.319175000 13.100448392 
10.796781414 19.665873262 13.172428462 
-17.470365689 9.215437545 -12.719853429 
-19.110127574 10.371321318 -12.210991337 
-0.364645851 25.060825551 -4.073531051 
0.163195394 22.988155846 -2.567282177 
-17.947835556 18.012849450 -0.947501225 
-14.071521014 17.635977140 0.426034588 
4.314748771 31.013539658 8.517821820 
-2.812136380 27.979921896 14.457458381 
-20.910691523 16.219456620 -16.787831661 
-20.631407196 19.552423673 -13.016366880 
10.430010780 22.775183033 7.014230538 
13.190720175 22.053390732 5.612202831 
-2.471928038 5.871681513 3.232251547 
-2.257300400 4.706574029 3.448319031 
12.085523153 21.861783457 -13.153547989 
11.640642917 22.730869988 -11.359036463 
-24.033812481 8.954455130 -7.154209938 
-24.343596863 10.609484449 -4.383892671 
1.554435173 9.266605020 0.176057746 
1.754741945 8.520533415 -1.406745878 
-4.862968965 6.669936071 -3.808837860 
-3.075241093 7.014299127 -3.207327234 
8.543892768 18.856558668 -15.908238512 
6.457837390 16.813198334 -16.607499814 
-22.549457059 8.393251498 5.308933741 
-22.248394042 5.484622292 -1.101867447 
11.519019736 17.746703196 -14.177614740 
13.370461593 17.237361550 -10.934761923 
-22.789779334 5.744694235 -6.049909666 
-23.074689732 5.260746874 -4.297459930 
1.689166657 17.518908405 -10.666718572 
-0.019610794 16.800947869 -9.103675698 
-16.742051239 12.210694753 4.954789839 
-14.569509922 11.660863979 2.406447754 
6.294711814 28.065303828 -7.839114161 
5.758895733 28.378920528 -4.057839231 
-21.718202544 17.810192986 -6.512268156 
-19.708644480 18.942861115 -6.946178987 
-12.891001145 24.551939410 16.031364975 
-11.444095006 24.645962130 15.701555928 
-17.475170777 14.873504826 -20.390361164 
-15.380448738 22.487716238 -15.736829721 
-13.301100130 19.931132572 5.524160140 
-12.052146332 18.364159386 4.276563430 
-4.898981624 23.529655239 -8.681064187 
-1.981463521 22.332052707 -4.105532677 
-2.909486546 4.580113284 -3.270813276 
-4.366304799 4.625771225 -1.794407348 
-2.966579209 18.856626147 -19.725204244 
-11.035610969 14.681528915 -17.881120772 
10.525094660 12.040919545 1.879510547 
0.443643391 6.284146545 -2.813326949 
-13.753137650 3.280869442 -4.957898317 
-5.359072175 6.767825648 -3.247933718 
15.137995622 25.053224389 0.857787409 
14.171374480 25.818814524 -5.170463721 
-23.607368454 10.889309476 -11.357345433 
-24.581279135 11.440669731 -8.736234819 
2.391861529 20.254215074 9.962943371 
0.620329592 21.266644313 11.230526756 
-14.344530235 14.079256853 -10.825982233 
-15.065168502 14.956709381 -10.694992843 
1.165683062 17.369471189 -12.493351098 
2.502165667 18.338328405 -8.982886022 
-18.062899461 11.253586166 2.517081989 
-16.084693748 12.169163279 2.283639394 
14.882358524 18.936346864 -10.204086527 
16.463836513 20.319242410 -4.989908531 
-23.568978957 6.986142959 -8.557034484 
-23.910530555 6.256392312 -6.415608096 
-2.223684609 4.501857405 3.396726051 
0.449355617 4.043060050 3.357244554 
-3.342047502 6.002588483 3.546011944 
-3.540746657 4.851441936 3.122216739 
-9.277029427 14.910337540 -3.458874985 
-10.918293437 19.578061091 6.704407976 
-8.370015867 23.311346095 -8.894445859 
0.879820297 23.290049274 -3.612138566 
-4.205031494 27.223351352 16.523865394 
1.375553700 26.770447602 16.014558464 
-20.121530561 18.998328749 -15.414048138 
-21.447681821 17.109935262 -13.993426270 
-3.394643655 14.000709010 -6.307500441 
2.559991851 26.162805262 -1.140248230 
-14.877734982 20.434547880 -6.443090192 
-15.630039191 19.088030784 -8.148731655 
-4.723058997 4.800591593 -2.456671280 
-3.890397294 4.288621206 -2.923410830 
0.391432039 6.102595472 3.206310362 
-1.121903143 4.833285944 3.637602676 
-9.045793110 16.745906541 -0.563823660 
-7.793120448 16.047395744 1.610255415 
-2.811625354 19.200191124 0.536077338 
-3.775037250 17.570385556 -2.848316184 
-2.864714029 18.086704799 -13.919619715 
-1.394102718 20.116804637 -12.068585709 
-16.402459232 11.681566877 7.131598748 
-15.992160075 13.792206586 7.042844899 
-12.438978218 14.445462277 3.338418260 
-12.500532139 15.610453667 1.422925104 
-0.974800294 19.051571092 -6.069728292 
-1.478140138 20.087408118 -4.947165374 
-3.087279679 7.986190958 4.603205286 
-1.009698227 8.557976060 4.134753940 
-2.967982843 7.924183410 -4.322223011 
-2.241005155 8.192609667 -3.974400274 
-2.361663964 23.546394665 9.178750345 
1.266000996 23.506210155 7.007076939 
-13.686881281 18.388709569 -8.829790777 
-13.815421928 17.230825246 -8.761106618 
1.024524424 2.032774902 -4.416763954 
0.325936475 3.579014383 3.754049095 
-4.528641448 -0.845141539 0.657646223 
-4.547319680 -0.802378549 -0.644703738 
2.849700601 9.868313208 -2.933143139 
1.386735538 13.394556113 -0.675296303 
-3.727520306 3.324858434 -3.003829168 
-8.306268290 9.763356061 -0.737142619 
4.192466759 3.829110009 9.031563162 
5.547860844 6.133677097 8.954299718 
-2.681575903 1.958410556 -11.041455357 
-3.013159120 2.586951871 -11.040029117 
-8.599438349 15.253438478 2.354221726 
-6.649362503 16.158727285 2.941709928 
-2.370847846 17.597148627 -3.575390284 
-4.037859105 17.109701511 -3.825348690 
-3.083427647 9.238376764 -13.496143860 
0.131300105 10.194775867 -13.133271822 
-5.466111727 7.796163544 12.518015894 
-8.518648392 5.851229915 11.184902196 
-1.642596427 7.545372441 -4.402431503 
0.285754457 6.941102263 -4.735042601 
-1.832338502 7.392049040 4.345648733 
-0.337234605 7.365445374 4.418423056 
-3.723911065 7.474596194 4.424697856 
-1.811240985 8.003980877 4.468482863 
-0.517751618 8.379565786 -3.716011983 
-2.249100735 7.860092208 -3.928039579 
-12.977081346 16.110594538 10.584392122 
-10.746884821 18.023215989 11.796168954 
-6.449689729 17.739964224 -12.719275408 
-7.146703692 19.519946640 -11.970218718 
-8.994738802 15.568080589 -2.423133669 
-10.733052985 15.846250545 -1.600472537 
-1.760473581 18.111909226 3.440168223 
-0.573678949 19.677376463 0.820146761 
-5.476616038 8.468683949 -4.538725561 
-3.197541687 4.264906651 -3.405055413 
1.437499018 5.893463161 1.456015939 
-2.596755429 5.321048732 3.636071240 
1.579847681 -0.146645728 4.796904064 
1.843485678 0.196741983 5.576102039 
1.937043869 2.307925360 -3.484899739 
-2.188726969 -1.230912705 -6.061838990 
-2.396726350 4.138653803 3.621850323 
-1.293988403 3.774532850 3.741732576 
1.169867326 9.519997012 -3.975829449 
0.809393939 3.771422391 -3.520520958 
-0.698032353 35.057439710 3.738713160 
-1.348659093 34.855368477 1.666290765 
-17.951536857 21.784130886 -14.669042914 
-21.347100081 25.485015362 -6.514796746 
-6.698203573 19.166358217 13.337398159 
-3.714205903 17.283400378 11.031132261 
-12.561237211 14.001449951 -12.963339199 
-11.881445039 14.628811162 -11.187292495 
10.893994079 27.060113815 -0.777313071 
11.882473424 24.401364028 2.426723708 
-22.309575657 12.331919813 -8.263616488 
-22.010710837 11.715629342 -7.448015705 
14.929561449 5.390350088 4.579455001 
15.125581660 7.934114820 8.024668067 
-17.989214093 -1.930022227 -10.507178836 
-17.043458049 -0.839753170 -11.103723557 
0.548468001 5.350207931 -2.351479044 
-5.831170944 10.486210017 -4.080429405 
-9.360845739 10.303525069 4.679552787 
-7.920123389 10.928339287 5.197022131 
14.198169794 17.952218378 -6.509061822 
14.164973460 16.819380163 -6.377678496 
-22.211485173 4.914653086 -1.562092206 
-22.088349003 4.449294450 -0.548581867 
16.628669580 21.587562917 -0.348554839 
15.138871778 19.706060302 7.501627012 
-21.048602867 7.830155409 -13.142645039 
-19.566172307 8.126590074 -13.977733124 
1.968678794 24.144605188 -7.109103969 
1.645238882 23.893153012 -3.049803293 
-17.376588898 17.866073662 -5.847027188 
-16.339318585 16.754623340 -3.924050947 
3.309721012 26.043178816 12.547377495 
0.887160688 26.420290364 11.877090614 
-11.651272599 19.851079122 -17.689372133 
-11.949982412 21.474440077 -16.415394294 
-9.385166105 14.450404591 2.380979661 
-6.248015749 15.981655469 3.488625331 
-2.389069486 17.132766207 -4.597647900 
-3.716636634 16.879931655 -4.113195744 
-14.398082003 20.489511119 -3.296105908 
-12.789752762 22.356160414 -4.268699585 
-2.334513474 25.467894892 3.178055607 
-3.726139752 25.869972117 4.250589080 
-6.614472144 7.569588490 -1.336676423 
-5.740180658 5.506984171 -3.279288620 
0.896357532 10.654892211 -1.310730863 
-0.954392183 7.440387650 4.469059420 
1.982114937 1.768130987 3.588101893 
-2.369088776 7.961684207 3.978806331 
1.491208990 1.665620576 -3.701947123 
-4.857991034 0.381274140 0.487688878 
-6.702361125 5.687371050 11.735961626 
-4.838262893 7.878225238 12.716888555 
-3.629097554 7.216312321 -12.491234614 
-4.185691269 8.393906640 -12.548577776 
-7.398609384 9.952563420 2.831248477 
-6.600263697 9.329624205 2.287646574 
0.689744293 12.499369618 -1.557684918 
0.411790316 12.630363794 -1.855965314 
1.985563904 10.421413754 -4.119011436 
1.458269870 11.765608675 -3.538037154 
-8.847677034 8.859614041 -0.443579764 
-8.534766075 10.105720793 -1.170072658 
1.854165653 0.528850523 3.872562134 
5.765876654 1.468015539 1.943107983 
-4.252623821 -0.819402140 -1.169929394 
-2.700170966 -1.392104479 -5.742542706 
-1.931539977 5.025316424 3.514656175 
-3.947759153 4.405148426 -2.692522946 
-5.022085585 3.396803371 0.841603458 
-4.676314046 2.526760429 1.120552688 
-5.201968489 6.322531369 -12.243000205 
-4.857048071 7.775161217 -12.723892333 
-2.770976577 7.461156318 12.517312592 
-6.913829404 7.362825208 11.968541742 
2.094045701 1.856064806 -3.557058509 
-1.873224666 8.094401810 -3.847557243 
-4.296429027 -0.327861159 -0.227403187 
-4.448676974 0.031664217 -0.398928670 
-7.489940047 9.587406453 -1.803441164 
-7.455383862 9.857286043 -2.729124812 
-0.096354187 12.509359656 2.719410648 
0.615115212 12.594502203 1.590516131 
-14.135102176 20.676582193 3.476501548 
-13.241474599 22.197725049 3.608900625 
-0.350668223 25.605404661 3.751909184 
-1.958256666 26.256384997 1.259849949 
-9.174377974 14.515038069 -2.764405713 
-7.608591849 15.322890763 -3.519098788 
-2.845803024 16.908822966 5.223916150 
-5.050600003 16.302096752 4.970634328 
-2.629898544 7.009123144 4.870453536 
-6.553772837 7.628177119 1.468492382 
-0.124792491 5.827881446 -3.198378607 
0.877781300 10.557509043 1.519522907 
-4.663992937 0.114550837 -0.622726870 
-4.729559213 0.093654959 0.233908411 
2.441746498 -0.255729243 -3.473124407 
-3.833333410 -1.736638387 -4.772233224 
-7.535844404 7.766116080 3.082134425 
-7.626143882 9.686852796 2.990185974 
2.441216982 8.982018231 -4.001567612 
0.521120111 11.894588426 -3.720269967 
-2.726644783 4.525209623 -3.392166468 
-4.214039281 4.729120400 -2.844578956 
-4.256765830 0.496319198 -1.574900142 
2.367264216 2.281358022 -3.621277646 
5.339640234 4.101497394 -6.470175273 
-4.574085564 13.830501946 4.597153197 
-5.384574701 11.516792588 -7.518071098 
-5.739190196 11.598307001 -5.281113333 
13.894028320 7.062284791 -11.924446372 
12.902814450 8.888903801 -14.038453934 
-19.435124911 -3.825657390 2.800821302 
-20.034576439 -2.398076238 3.414195359 
15.363243775 17.011569101 -0.501178007 
15.519861040 18.097686469 -2.013399887 
-20.731026188 4.016857677 -6.715838906 
-21.830001143 5.017581918 -4.654536314 
-2.925439433 19.791979237 -13.282327885 
-2.356596065 16.703522054 -11.362472573 
-17.046141082 15.430090960 9.414174310 
-13.209568236 16.330049896 10.106292671 
-2.669626958 32.726731134 -9.641216519 
-2.233307762 33.471489443 -5.941295105 
-22.829507814 26.249816519 1.510796880 
-22.115426199 26.550273539 1.468625420 
8.803547655 23.243687284 -10.286681764 
5.675058247 25.316965556 -12.483554659 
-23.592825561 13.527996099 2.004590643 
-23.942506802 13.722484860 1.505792448 
-17.229383249 15.841048092 7.259391219 
-14.963983716 16.332527929 6.542944370 
-7.223802737 21.068743947 -14.794145936 
-5.633043567 20.857268935 -12.526674321 
-18.255523706 9.028457858 16.254876367 
-16.121350367 8.057562050 17.309560013 
-11.023470526 11.680314756 -22.183396929 
-8.157581302 11.288908976 -22.146813000 
-2.907762611 24.590530091 14.651642955 
-5.050378612 22.478881001 17.178399469 
-17.279700820 18.814599191 -14.571143172 
-18.952190476 17.243942309 -13.398685837 
