-2.412366126 3.312252190 0.503325663 
-2.455147329 3.291163785 0.413196120 
-2.566792772 3.220575491 0.097263178 
-2.556634207 3.228964396 0.126333300 
-2.313871925 3.365465541 0.629728804 
-2.399277150 3.323207424 0.502708424 
-2.569231289 3.218520019 0.089342297 
-2.564446076 3.222345783 0.102969887 
-2.468615366 3.280910686 0.404177659 
-2.455625158 3.285893954 0.441803850 
-2.535331675 3.242109438 0.220479588 
-2.546647531 3.235368988 0.172968515 
-2.447835615 3.298562177 -0.400233807 
-2.521821982 3.254529671 -0.222618163 
-2.425194242 3.304575632 -0.481239958 
-2.453439293 3.290027708 -0.425909405 
-2.559480202 3.228317414 -0.071484106 
-2.566084320 3.222929472 0.011467852 
-2.411284159 3.310779816 -0.511073057 
-2.386634186 3.325306279 -0.541870338 
-2.497740237 3.266973935 -0.313060312 
-2.401893349 3.320140343 -0.505798176 
-2.433412529 3.301592715 -0.459799859 
-2.413936923 3.312238153 -0.491171176 
-2.283573799 3.384757086 0.645024168 
-2.270688267 3.390605684 0.660964642 
-2.480299671 3.274431047 0.375592765 
-2.437187174 3.295931043 0.476177480 
-1.992406733 3.512363071 0.908132403 
-2.271690019 3.387211457 0.672270592 
-2.552823600 3.231137003 0.154185053 
-2.435326312 3.300289338 0.459084175 
-2.369491303 3.342067256 0.531821167 
-2.320311782 3.368020858 0.594233852 
-2.527018552 3.246531136 0.255375622 
-2.447103076 3.289577465 0.429819346 
-2.307259906 3.370743327 0.628255117 
-2.369378900 3.337451026 0.552769762 
-2.568643802 3.219348936 0.078426479 
-2.562439178 3.224210921 0.101473169 
-2.481160109 3.278915319 0.334721471 
-2.397513248 3.320257664 0.523043762 
-2.534549138 3.240480185 0.246024332 
-2.561171098 3.222418171 0.161398309 
-2.490066065 3.271503953 0.332281268 
-2.472964683 3.280363177 0.375456862 
-2.549336971 3.233363438 0.163331661 
-2.532971603 3.242773434 0.239540414 
-2.554766170 3.229219925 -0.144692014 
-2.518108337 3.253415832 -0.264340959 
-2.275299582 3.381309698 -0.684693222 
-2.200960822 3.416343050 -0.760001992 
-2.560857279 3.227552841 -0.050300924 
-2.559361734 3.227685235 -0.088796902 
-2.439425088 3.295115221 -0.466528376 
-2.341464959 3.349463514 -0.601286465 
-2.545775978 3.233656060 -0.206039380 
-2.482005529 3.277057327 -0.343690480 
-2.268783446 3.387282413 -0.680281284 
-2.262154847 3.391331107 -0.684588732 
-2.254166987 3.394568155 0.695149541 
-2.205917892 3.413739800 0.757521925 
-2.474125887 3.278762467 0.385190049 
-2.527553024 3.248177670 0.234924609 
-2.292678619 3.373438668 0.663480832 
-2.180135128 3.427351951 0.775953548 
-2.523851575 3.249533509 0.257996853 
-2.509796056 3.263591616 0.244547518 
-2.266830671 3.386186574 0.690632187 
-2.229080756 3.406281725 0.723859556 
-2.501050464 3.261439614 0.333566182 
-2.558556126 3.229862985 0.034222891 
-2.315968301 3.363187548 0.630306165 
-2.345100484 3.348292918 0.595278884 
-2.485506468 3.273312602 0.348081398 
-2.344061195 3.352408348 0.576620586 
-2.314939130 3.363884581 0.631385555 
-2.381647958 3.326008341 0.563800216 
-2.485510008 3.272017401 0.357468262 
-2.558572511 3.226098202 0.140075811 
-2.342337554 3.350757127 0.591901143 
-2.231873451 3.405785010 0.718354115 
-2.461436518 3.287028113 0.399093792 
-2.363905150 3.334657379 0.583627744 
-2.260406918 3.385876787 -0.710746227 
-2.338198758 3.348398663 -0.616594100 
-2.372094777 3.330332836 -0.572042723 
-2.305318577 3.367745005 -0.644421674 
-2.281585158 3.377512231 -0.679591542 
-2.169881171 3.430496144 -0.788903715 
-2.367820107 3.331352836 -0.584084595 
-2.401555021 3.316599587 -0.522165542 
-2.416469459 3.313741173 -0.472534679 
-2.389802717 3.327389437 -0.520311561 
-2.325367661 3.352405952 -0.641283580 
-2.340707042 3.349248358 -0.603818079 
-2.295424649 3.376845232 0.636602135 
-2.276652064 3.385880438 0.660587759 
-2.371422600 3.334289751 0.559717087 
-2.366535702 3.338797790 0.557326101 
-2.274156102 3.390989301 0.648353729 
-2.234453599 3.409187268 0.694773430 
-2.488762019 3.269205895 0.360053674 
-2.509072822 3.257772596 0.309440693 
-2.362312295 3.336852086 0.583018146 
-2.286296731 3.380852020 0.652735674 
-2.320629118 3.359562423 0.631750877 
-2.514085040 3.253725698 0.304607583 
-2.392933354 3.321536582 0.535930709 
-2.411259703 3.309486807 0.518702079 
-2.563735179 3.225050559 0.025358933 
-2.576426826 3.213234407 -0.025626976 
-2.437430997 3.303386429 0.431254987 
-2.123995973 3.455004674 0.817057139 
-2.563922441 3.225058581 0.031913531 
-2.567842919 3.221394532 0.021841784 
-2.523721700 3.247829936 -0.246474099 
-2.334910431 3.358687369 0.570218261 
-1.942725661 3.527974476 0.943467795 
-2.491872918 3.269067522 0.312788107 
-2.270602755 3.386140883 -0.678259575 
-2.221759726 3.411017559 -0.725287922 
-2.571438877 3.216622305 0.069867115 
-2.579825718 3.208780201 0.072674670 
-1.875376275 3.553885461 -0.991400008 
-2.106145749 3.460952551 -0.834825243 
-2.539856932 3.239754785 -0.198988486 
-2.323391108 3.359354396 -0.620528158 
-2.542338413 3.239322996 -0.111479299 
-2.553051493 3.232546662 -0.046030954 
-2.517493462 3.255615364 -0.251312237 
-2.481564370 3.278382461 -0.332079856 
-2.530991771 3.251477943 -0.016353785 
-2.356370408 3.346815725 0.537678817 
-1.817255155 3.579073099 1.007136131 
-2.157707245 3.448592655 0.750682221 
-2.525723724 3.268484233 0.001230481 
-2.166463948 3.439367632 0.754137820 
-2.523776445 3.249113334 0.220649069 
-2.561053296 3.226345436 -0.001801215 
-2.553564306 3.234383471 0.050879560 
-2.319038001 3.357581401 0.636129986 
-2.531105356 3.241201581 0.247575442 
-2.571425611 3.215446876 0.079319098 
-2.318510452 3.359343653 0.637750596 
-2.408591990 3.315354263 0.502607396 
-1.731391699 3.611859175 1.048894887 
-1.764704840 3.602075660 1.029989713 
-2.555987691 3.227348339 0.126409895 
-2.064784111 3.484688998 0.848066404 
-2.292567223 3.380041890 0.628370380 
-2.262279408 3.383501349 0.713062518 
-2.376816426 3.332810827 0.545112640 
-2.279867436 3.382911094 0.663898078 
-2.408359177 3.316949946 0.494200972 
-2.410265125 3.315512831 0.491862587 
-1.808254818 3.590748676 -1.000321128 
-2.575961515 3.188786986 -0.204317710 
-0.491777921 3.999201926 -0.862765915 
-0.741889943 3.884792739 -1.140753645 
-2.349063416 3.348739808 -0.576316689 
-2.471018286 3.280232576 -0.390513716 
-2.201410973 3.416536259 -0.753520176 
-2.224013392 3.406457744 -0.732971821 
-2.407024085 3.315107052 -0.507515339 
-2.365487485 3.339206029 -0.560512817 
-2.268929454 3.388626110 -0.676248035 
-1.925327065 3.541345861 -0.945436677 
-1.928755465 3.533094044 0.959240367 
-1.858479939 3.562978959 0.992818364 
-2.493386166 3.269264087 0.322495036 
-2.512579150 3.256341284 0.287087446 
-1.951145476 3.527781043 0.937484699 
-2.150685850 3.443742291 0.789838439 
-2.538021110 3.244659039 0.148317702 
-2.445103110 3.291950480 0.455448585 
-2.298567468 3.370858772 0.654835234 
-2.349543757 3.345854642 0.588424122 
-2.459832530 3.288563085 0.403834683 
-2.462916220 3.283215846 0.419136859 
-2.262860371 3.392117453 0.677419690 
-1.992347268 3.504255906 0.928328686 
-2.497949131 3.267565340 0.300611028 
-2.413263771 3.304665051 0.507996337 
-2.473492690 3.281377839 0.365172813 
-2.511733301 3.257542668 0.282895238 
-2.283607452 3.379638758 0.662240408 
-2.344808527 3.347916728 0.591872199 
-2.352277428 3.345278238 0.584485029 
-2.385543677 3.327044113 0.540801498 
-2.383739004 3.323933845 0.556701542 
-2.440572791 3.297664818 0.446448401 
-2.513082289 3.257655011 -0.269468907 
-2.532636841 3.249093661 -0.160764463 
-2.387345905 3.318792822 -0.559757451 
-2.440721788 3.291196259 -0.483621474 
-2.336221987 3.351442820 -0.605842744 
-2.426939414 3.292000476 -0.459144848 
-2.210203905 3.410832009 -0.743992929 
-2.533627140 3.239061266 -0.073110202 
-2.415502704 3.313673093 -0.476029356 
-2.451125592 3.289354451 -0.444362158 
-2.440071626 3.301832239 -0.425499395 
-2.417655570 3.313406585 -0.467799788 
-2.014218520 3.501412439 0.894436628 
-2.012133492 3.499227434 0.907131134 
-2.530839990 3.246188664 -0.196883193 
-2.547206560 3.235642075 -0.094814196 
-2.378940479 3.334349778 0.531607306 
-2.364150919 3.341778295 0.555413079 
-2.563603797 3.222295345 0.123317182 
-2.574406636 3.214955400 -0.037948892 
-1.733346968 3.622102622 1.019435080 
-1.669178152 3.641404985 1.061808019 
-2.587261489 3.172670103 0.235517932 
-2.235932945 3.380689283 0.746445548 
-2.584935469 3.197254957 -0.062160632 
-2.502134842 3.252048075 -0.316820625 
-1.665830098 3.652463993 1.044372002 
-1.958666424 3.547708012 0.882516774 
-2.281294847 3.380334918 0.667114632 
-2.291930331 3.376517976 0.653788100 
-2.352728465 3.346109413 0.572591648 
-2.405992660 3.316215277 0.506789950 
-2.494244895 3.281668518 0.231564783 
-1.763398973 3.599620853 1.028729519 
-2.323968389 3.357984246 -0.622291732 
-2.058208733 3.476322671 0.878185931 
-2.554785627 3.230109134 -0.138230909 
-2.564119964 3.224565896 -0.049014116 
-2.193047254 3.428091820 -0.737942449 
-2.439534201 3.298849301 -0.447106333 
-2.526211840 3.242099898 -0.242290602 
-2.551769051 3.232882904 -0.027989555 
-2.396533821 3.323903733 -0.488667959 
-2.397971318 3.329334621 0.466983401 
-2.541060020 3.238733994 -0.176477221 
-2.544872409 3.231170913 -0.180012251 
-2.174449174 3.432168809 -0.769131430 
-2.449320881 3.295345372 -0.401664409 
-2.170646398 3.429281835 0.794049510 
-2.069939021 3.478570577 0.860317614 
-2.359843145 3.340453224 0.575491371 
-2.260384957 3.388657924 0.701510519 
-1.897887113 3.546948185 0.977452218 
-1.858079762 3.563357529 0.995625965 
-2.386879550 3.325185977 0.542537799 
-2.468209151 3.276456093 0.433225321 
-2.545419222 3.230411500 0.213323530 
-1.969932627 3.522427714 0.917807101 
-2.073377755 3.476088960 0.857009096 
-1.921748163 3.541801205 0.944969584 
-2.355570834 3.345143086 0.568390178 
-2.379262549 3.334571181 0.522157969 
-2.114949908 3.460815833 0.816183576 
-2.277360862 3.382230232 0.672286796 
-1.144787253 3.758731152 1.232406063 
-1.303998349 3.714214058 1.225355584 
-0.365372120 4.077027965 0.555510936 
-1.796620631 3.602459401 0.985804984 
-2.137404421 3.454042160 0.789305821 
-2.209098283 3.420217335 0.725968746 
-2.045487958 3.485509961 0.888136409 
-2.349522861 3.339674709 0.617274171 
-2.547301867 3.229744618 -0.188594566 
-2.175618270 3.429819177 -0.771535055 
-1.766460946 3.597590098 -1.043525193 
-1.837417068 3.570848662 -1.008887267 
-2.157594580 3.439750869 -0.789655917 
-1.900005403 3.545963162 -0.973042184 
-1.704229086 3.619488090 -1.064753610 
-1.703430715 3.620881884 -1.062216616 
-2.407936819 3.315780918 -0.501572904 
-2.511763656 3.257905328 -0.282509139 
-2.191554260 3.428270635 -0.742132544 
-2.008560562 3.503874673 -0.903310778 
-2.237405588 3.402991507 0.712373008 
-2.164496377 3.434363248 0.787895136 
-2.413603516 3.313150798 0.486220084 
-2.434318777 3.300182483 0.463174610 
-2.341778710 3.349770425 0.594606112 
-2.299292719 3.370066144 0.653547181 
-2.407824200 3.316108717 0.500277076 
-2.353883806 3.345594159 0.575211446 
-1.884782074 3.556009677 0.972859757 
-2.269529943 3.386971359 0.681128051 
-2.414069327 3.307526316 0.518502017 
-2.285497657 3.375737660 0.678289582 
-2.391833377 3.324207543 0.526434678 
-2.313332600 3.365496665 0.629873734 
-2.485218507 3.271515620 0.364499819 
-2.374161339 3.332358024 0.561598932 
-2.454540695 3.292574544 0.403455468 
-2.249155417 3.396622285 0.699264887 
-2.100439595 3.463799721 0.840151106 
-2.554673151 3.227718710 0.169768658 
-2.436556055 3.305922103 0.411629418 
-2.330931384 3.350516970 0.624153583 
-2.521849741 3.249027433 0.247906899 
-2.422219115 3.308520776 0.473461819 
-2.438465655 3.284601852 -0.471035749 
-2.330003518 3.351061569 -0.584133341 
-1.635780012 3.662118368 1.055408534 
-2.497276680 3.287284310 -0.231222890 
-2.325505643 3.356985580 -0.625050885 
-2.332398313 3.353654067 -0.614551730 
-2.467935096 3.284253446 -0.380766458 
-2.473785557 3.279235253 -0.377024351 
-2.273017640 3.387932069 -0.647998942 
-2.273814250 3.384141437 -0.673554762 
-1.851968461 3.564744049 -0.993479832 
-2.514704555 3.245737634 0.327695087 
-2.388473216 3.327652635 0.524640452 
-2.293882633 3.376409486 0.648864288 
-2.289043139 3.376088014 0.669214007 
-2.218867991 3.420250038 0.699632550 
-1.959198399 3.511870297 0.943134988 
-1.932191978 3.517659404 0.964043952 
-2.557353940 3.214500446 -0.219455564 
-2.593688592 3.186353852 -0.094687470 
-2.577662172 3.205740215 0.076505822 
-2.487366556 3.261573945 0.392760423 
-2.478649464 3.276809167 0.363941585 
-2.473308367 3.285860434 0.316989276 
-2.292503088 3.377542478 0.644459228 
-2.338663532 3.353438896 0.596107520 
-2.561928195 3.216255852 0.234832675 
-2.511799691 3.255871459 0.297954653 
-2.402557738 3.317247143 0.516769345 
-2.345548864 3.344261010 0.609724716 
-2.454740580 3.287616633 0.434993524 
-2.476943550 3.275740099 0.386212278 
-2.320670874 3.362171981 0.623006397 
-2.372811406 3.335456491 0.552002981 
-2.562702258 3.225848980 0.044458276 
-2.565495504 3.218933076 0.154439628 
-2.364731799 3.338875583 -0.566061585 
-2.457359357 3.289259420 -0.411777724 
-2.518623471 3.253586185 -0.264235639 
-2.510015756 3.260925847 -0.268915634 
-2.500002894 3.268985058 -0.282287253 
-2.538873963 3.244080506 -0.152726893 
-2.463390367 3.288274321 -0.382240422 
-1.360091630 3.725378819 1.170921917 
-2.501040223 3.265745574 -0.303082143 
-2.549380505 3.234404644 -0.153232452 
-2.529560758 3.246397869 -0.235636803 
-2.468477961 3.281387680 0.400056198 
-2.551961582 3.233669710 0.048075759 
-2.528200436 3.252594741 0.156101371 
-2.513420565 3.264687088 0.168216566 
-2.558516924 3.227565134 -0.180981523 
-2.441161681 3.297799479 0.443593272 
-2.337750878 3.352167410 0.602975488 
-2.545336277 3.233852847 0.211585190 
-2.562951301 3.222875913 0.130184025 
-2.557660470 3.229017760 0.103941250 
-2.429744659 3.306477942 0.450142435 
-2.514161097 3.252510040 0.312204263 
-2.518496993 3.252904868 0.271978251 
-1.159474270 3.760645603 1.228004438 
-1.200045773 3.752479183 1.220544494 
-1.688437292 3.647744809 1.027963950 
-1.986167610 3.538551675 0.859729280 
-2.127358053 3.458283741 0.793067551 
-2.205185783 3.422951049 0.723391518 
-2.277817253 3.380950940 0.676538317 
-2.300083368 3.368090655 0.659514571 
-2.454877240 3.286027732 0.400374210 
-2.288844260 3.377196743 0.654978433 
-2.343788951 3.350131129 0.583513419 
-2.392279784 3.323482380 0.521392716 
-2.383374400 3.328091394 -0.543711483 
-2.398610309 3.319289457 -0.526999577 
-2.184307586 3.432749696 -0.745410693 
-2.308453215 3.371045134 -0.620466348 
-2.546397894 3.227903271 -0.194605049 
-2.385054694 3.330584044 -0.502914839 
-2.039243471 3.501287711 -0.852287305 
-2.386868726 3.328551214 -0.522177171 
-1.708728332 3.622206664 -1.051002790 
-2.315630948 3.373181088 -0.579366135 
-2.486688089 3.271807068 -0.336816588 
-2.179370037 3.429948654 -0.764737563 
-2.283016726 3.373294542 0.695277896 
-2.331540549 3.354058282 0.616306125 
-2.004445447 3.507699053 0.903266671 
-2.039036710 3.490972424 0.884704380 
-2.165732367 3.431915362 0.795758582 
-2.400796223 3.317669436 0.523490163 
-2.384061836 3.324692908 0.554391969 
-2.132197572 3.445983607 0.828761462 
-2.059945070 3.480963454 0.871216780 
-2.142941854 3.444511801 0.805779412 
-2.022152401 3.498583452 0.893052798 
-2.313976218 3.364719486 0.628055067 
-1.689991822 3.623235755 1.072907280 
-1.865252578 3.555624813 1.002995197 
-2.177548543 3.429725313 0.773742282 
-2.324618987 3.360836993 0.612024505 
-1.157185379 3.753160404 1.235798508 
-1.340302785 3.703976821 1.219940423 
-1.523688446 3.695213450 1.099177137 
-2.065461825 3.504366108 0.804707106 
-1.835485858 3.574443940 0.999471881 
-1.843262174 3.569802606 1.000348382 
-2.344309535 3.351433120 0.581662657 
-2.408352489 3.315968768 0.496653750 
-2.346189294 3.349845873 -0.580400973 
-2.339706456 3.352910760 -0.590280247 
-1.894385435 3.547391237 -0.978136760 
-2.096838010 3.464378148 -0.843326214 
-2.367039774 3.333125566 -0.581259246 
-2.373874796 3.333834276 -0.553157723 
-1.651125004 3.631847138 -1.098705784 
-2.256122437 3.393411587 -0.695253395 
-2.285782533 3.377677899 -0.667375646 
-2.300260073 3.369982370 -0.653721582 
-2.260139326 3.391687199 -0.688972850 
-2.254281760 3.392774735 -0.700724842 
-2.379694445 3.323876969 0.575781545 
-2.341910657 3.345578196 0.615776532 
-2.206769388 3.415404330 0.754033711 
-2.337711653 3.351511126 0.609352936 
-2.515655269 3.250414090 0.316144452 
-2.442465001 3.292820264 0.463664852 
-2.198412919 3.418370303 0.768173571 
-2.257343241 3.395128557 0.693923493 
-2.281725078 3.379985614 0.670924532 
-2.235272101 3.423456130 0.622387713 
-2.289121382 3.376235438 0.664610622 
-2.071501554 3.480018573 0.863350916 
-2.211225011 3.415783624 0.734907916 
-2.112786164 3.452488066 0.849283261 
-1.940317611 3.534347620 0.937224950 
-2.233948441 3.408568267 0.697054936 
-2.548532655 3.230174084 0.161879890 
-2.543556357 3.238369594 0.101578313 
-2.183395778 3.433082953 0.746996840 
-2.545173893 3.238689935 0.030240218 
-2.367722880 3.330815307 0.590085863 
-2.108876735 3.465563301 0.816034291 
-2.313267685 3.366322365 0.629850136 
-2.321767828 3.362448669 0.613731003 
-1.145142772 3.758366057 -1.232447886 
-1.306812618 3.711962885 -1.227049019 
-0.381214121 4.082129472 -0.520457052 
-1.714811250 3.630705586 -1.027207276 
-2.361593491 3.338992207 -0.573866286 
-2.266175775 3.387181161 -0.685925183 
-2.169977777 3.433489727 -0.777899297 
-2.085995623 3.469555253 -0.851144537 
-2.405986714 3.320756484 -0.483591687 
-2.358816238 3.345365412 -0.555030428 
-2.284483608 3.372441889 -0.691025460 
-2.051021109 3.483968223 -0.881049548 
-2.330302920 3.357254346 0.606401200 
-2.320551910 3.363106221 0.613555504 
-2.548184951 3.231591584 0.205377569 
-2.490178663 3.268677298 0.351597859 
-2.572238334 3.216383304 0.062684705 
-2.549253458 3.234422197 0.150507171 
-2.518934474 3.260038044 0.182609156 
-2.486640257 3.271243948 0.356491113 
-2.444211004 3.295704877 0.438730319 
-2.393775290 3.317136442 0.551786328 
-2.554370635 3.233407803 -0.068510620 
-2.563467531 3.225520768 -0.043835219 
-2.281503808 3.387140671 0.642784617 
-2.380798521 3.337860475 0.501562937 
-2.040854039 3.499489737 0.848240049 
-2.457996937 3.291845255 0.377375676 
-2.500352456 3.265634370 0.305711865 
-2.526318033 3.252159169 0.202104390 
-2.432940857 3.302095079 0.459463131 
-2.539711531 3.235320070 0.251538167 
-2.122569764 3.455653607 0.814828414 
-2.202228883 3.422481653 0.737181186 
-2.496199311 3.263612693 0.350488970 
-2.548492783 3.235452559 0.141976970 
-2.334164668 3.356017956 -0.595952708 
-2.483012609 3.275020814 -0.348238197 
-2.556040886 3.228915105 -0.129885697 
-2.350087568 3.344466284 -0.590856180 
-2.341412460 3.354456548 -0.578476684 
-2.505375576 3.255717564 -0.234033364 
-2.509818662 3.259242666 0.257479142 
-2.478446517 3.279301536 0.320705686 
-2.501611031 3.261212104 -0.331792017 
-2.526354023 3.246179934 -0.269295839 
-2.477700728 3.280047289 -0.349505314 
-2.433284462 3.305340736 -0.439638206 
-2.135846434 3.452011768 0.802399022 
-2.265524005 3.389130874 0.674515490 
-2.453559307 3.287553928 -0.419026982 
-2.518471745 3.256892267 0.212664682 
-2.333680636 3.359533590 0.574733117 
-2.030583846 3.506640934 0.848953012 
-2.470670366 3.271980631 0.413322370 
-2.375699285 3.319312318 0.589793533 
-2.165051809 3.441706784 0.756876249 
-2.437412522 3.302309105 0.434252266 
-2.564992442 3.215714580 0.152654667 
-2.535247769 3.244515697 0.085505720 
-2.402484937 3.319142206 0.505046217 
-2.524010045 3.251928813 0.228574449 
-2.325660115 3.363412659 0.594696279 
-2.049091402 3.509240421 0.827493619 
-2.561253180 3.227142116 -0.004197819 
-2.565196473 3.222663197 0.015402248 
-2.001495111 3.503668921 0.915225483 
-2.057008414 3.485869746 0.859254089 
-1.789450007 3.585846653 1.029436389 
-1.891525924 3.546966102 0.977812598 
-2.538531977 3.243040867 -0.115080426 
-2.447701564 3.287646870 -0.445949791 
-2.530160226 3.248328455 -0.204061727 
-2.553650036 3.231572825 -0.129522767 
-2.382343695 3.333566407 -0.520962802 
-2.203147245 3.422950509 -0.732014295 
-2.315556600 3.356005422 -0.646626964 
-2.276697747 3.388298107 -0.642661189 
-2.438106427 3.303346991 -0.404908700 
-2.273767462 3.387830248 -0.643270177 
-2.556680506 3.230392553 -0.092407504 
-2.547956912 3.238960536 -0.075452758 
-2.320639884 3.360523078 -0.625852550 
-2.425065763 3.305896481 -0.475809890 
-2.333230955 3.350230294 0.630914012 
-2.118510429 3.462128758 0.808745326 
-2.560617795 3.226912548 0.092620973 
-2.543837130 3.236164741 0.201071723 
-1.983948567 3.513521671 0.919283619 
-2.007178584 3.505343142 0.902417791 
-2.244711646 3.399445736 0.704024842 
-2.440752880 3.295723247 0.457013093 
-1.842393911 3.576803986 0.989105837 
-2.382295644 3.324826181 0.542252521 
-2.579168121 3.206662912 0.085156912 
-2.091546966 3.478542899 0.807580185 
-2.284587195 3.381640129 0.654689751 
-2.371125024 3.332340123 0.568981796 
-2.071085725 3.476556021 0.859734529 
-2.208845800 3.416496694 0.738654304 
-1.636388823 3.643852232 1.090858520 
-1.832638279 3.582979200 0.987765075 
-2.411982017 3.319737725 0.416611456 
-2.524929925 3.245519053 0.185348435 
-2.231513204 3.405856873 0.714909546 
-2.259630933 3.391115925 0.692759682 
-2.161221711 3.439918727 0.779931639 
-2.312947752 3.363506860 0.641180093 
-2.451087568 3.290698149 -0.419831839 
-2.237394344 3.402621980 -0.708306634 
-1.793901451 3.592120551 -1.015635152 
-2.028601966 3.493526849 -0.895674790 
-2.357542511 3.342871106 -0.573095304 
-2.446227855 3.291480569 -0.457356582 
-1.642044252 3.640124329 -1.089393284 
-1.735989856 3.610489358 -1.044970221 
-2.505135396 3.256832820 -0.339209798 
-2.487140701 3.271672898 -0.350375181 
-2.137903266 3.449121342 -0.803777440 
-1.983166288 3.511735546 -0.924718593 
-2.495953025 3.265902047 0.328284762 
-2.445376060 3.300791876 0.401295792 
-2.531525148 3.237161407 0.302273507 
-2.558045391 3.225308980 -0.163649611 
-2.490059843 3.268960338 0.350787191 
-2.568360051 3.219835117 0.065870038 
-2.556553048 3.224409350 0.196475855 
-2.457094114 3.286548874 0.426716096 
-2.412833993 3.316663993 0.473002699 
-2.309076452 3.362752973 0.652643821 
-2.573698572 3.215561886 0.056882381 
-2.512843340 3.254961922 0.300625056 
-2.046360149 3.488891104 0.876173379 
-2.318337020 3.362650167 0.626737080 
-2.462895066 3.287120867 0.394904095 
-2.480259637 3.272488943 0.389309726 
-2.313627904 3.369911000 0.611477472 
-2.113560084 3.461771692 0.818185280 
-2.566590010 3.221210623 0.072585397 
-2.561125699 3.224227727 0.122962940 
-2.557390634 3.229059280 0.003488281 
-2.552254311 3.225749120 0.184670955 
-2.442072425 3.299350502 0.426903489 
-2.527706121 3.248351299 0.225191900 
-2.082623642 3.476027709 -0.842248151 
-2.007508990 3.500535002 -0.913544135 
-2.558940579 3.228184676 0.080843438 
-2.563814330 3.224202800 0.070732132 
-2.437147689 3.298876814 -0.456760949 
-2.370466977 3.341022574 -0.530766593 
-2.561529233 3.225207431 0.107834332 
-2.562239602 3.225740127 -0.073660307 
-2.468875167 3.284299209 -0.350826596 
-1.946619376 3.530861198 -0.929429924 
-2.500207141 3.261588558 0.337303713 
-2.533873458 3.243446533 -0.163253513 
-2.282684264 3.385701182 0.640416170 
-2.445763728 3.303845024 0.376125960 
-2.110781277 3.472383558 0.805196160 
-2.517993181 3.250928945 0.292987669 
-2.422184449 3.303256693 0.496162754 
-2.551246922 3.234065536 0.128542099 
-2.538586428 3.244367584 0.014239427 
-2.537929443 3.241266025 -0.118705817 
-1.674546049 3.630622959 1.072358215 
-1.306339413 3.736022796 1.188250066 
-2.509798932 3.248674052 0.360508639 
-2.567669987 3.219224436 0.074377642 
-2.266590457 3.386041358 0.696737628 
-2.153937216 3.440633709 0.795551015 
-2.555802400 3.224470690 0.207116718 
-2.567480727 3.220537733 0.089966400 
-2.251829196 3.392216612 0.714569898 
-2.300223420 3.369732042 0.653914391 
-2.402453090 3.316879482 0.520800949 
-2.322857438 3.359954703 0.620759120 
-2.042499111 3.491189348 0.880016128 
-2.148431966 3.444846225 0.797807747 
-2.429091368 3.303867065 0.468239533 
-2.442710534 3.291347793 0.472452913 
-2.316291729 3.364019708 -0.627255145 
-2.378361233 3.326094182 -0.573709629 
-2.338519654 3.350443544 -0.606177610 
-2.374973123 3.330434385 -0.562901696 
-2.348843176 3.345772424 -0.593558905 
-2.332555857 3.354601662 -0.613934110 
-2.151527465 3.447244267 -0.775604372 
-2.302293651 3.374128512 -0.628078335 
-2.289421540 3.378153847 -0.655178883 
-2.432330583 3.299342346 -0.478886991 
-2.303782075 3.366803751 -0.653459824 
-2.471152073 3.279161959 -0.394581142 
-2.169970898 3.436248370 0.766644320 
-2.253099178 3.396719335 0.688779048 
-2.448064383 3.293393068 0.437898575 
-2.461771060 3.287027289 0.400305461 
-2.299216717 3.374190953 0.637809137 
-2.282018608 3.385517838 0.646949385 
-2.496734472 3.262764627 0.354584755 
-2.537069003 3.239904460 0.231843014 
-2.345351411 3.348807855 0.588558092 
-1.977255216 3.522152245 0.909471265 
-2.551654685 3.225468236 0.244922714 
-2.522975142 3.248254101 0.281354469 
-2.265399976 3.388210381 0.688204400 
-2.187646821 3.424816253 0.765625202 
-2.538939752 3.240387395 0.204841375 
-2.509508282 3.259556668 0.284701130 
-2.309179254 3.363904665 0.649038499 
-2.321773186 3.358050473 0.632799838 
-2.493616683 3.266125596 0.351287493 
-2.451481418 3.292222072 0.424991892 
-2.333521667 3.356303913 0.598225870 
-2.395866097 3.323546379 0.510528468 
-2.494624406 3.267056328 0.334306840 
-2.448348570 3.291664845 0.443230846 
-2.526926586 3.252502233 -0.187088315 
-2.552900312 3.233295134 -0.099577895 
-2.472798650 3.277216616 -0.394785608 
-2.368399204 3.332930058 -0.575302857 
-2.495759070 3.270267132 -0.299961127 
-2.468420046 3.286980760 -0.361336714 
-2.453201719 3.287521422 -0.439665394 
-2.446904920 3.293262347 -0.437884225 
-2.532060469 3.247099961 -0.196669975 
-2.534082786 3.245272222 -0.195155094 
-2.328664613 3.352839800 -0.627530094 
-2.207402116 3.417197517 -0.739585551 
-2.401792689 3.317478950 0.514887239 
-2.433765544 3.298143051 0.476241768 
-2.571744347 3.216045272 0.095351650 
-2.548060839 3.233835797 0.181124485 
-2.400014549 3.317569335 0.526316741 
-2.505204800 3.262494249 0.298467194 
-2.560144555 3.225121603 0.134034624 
-2.572557116 3.216566208 -0.039103974 
-2.326737561 3.358233697 0.613651664 
-2.375671997 3.332438572 0.551438656 
-2.475567951 3.275201832 0.399119290 
-2.578151569 3.211370789 0.028323143 
-2.396789400 3.321568790 0.521024564 
-2.451174696 3.290742107 0.436901336 
-2.521984545 3.250662269 0.261988166 
-2.566703451 3.222485501 0.000267208 
-2.348373795 3.350235391 0.574476209 
-2.369705029 3.337481927 0.552847437 
-2.563451397 3.225473424 -0.041337939 
-2.514329844 3.253360281 0.303402158 
-2.378779586 3.332341104 0.543349691 
-2.345303209 3.351358853 0.578491263 
-2.572258400 3.216489236 0.066070108 
-2.543051355 3.237650760 0.187207309 
-2.536234553 3.242840815 -0.205002610 
-2.551155134 3.233109622 -0.144829655 
-2.519717810 3.249334984 -0.292463835 
-2.495457872 3.265789615 -0.336987290 
-2.540497518 3.239872859 -0.194034084 
-2.549064457 3.232299782 -0.186646338 
-2.526471554 3.245446368 -0.270022822 
-2.554697639 3.227792028 -0.174836813 
-2.504582050 3.263216462 -0.292802780 
-2.566522806 3.220892138 -0.099278961 
-2.564060050 3.223127984 -0.094639879 
-2.551440994 3.234570759 -0.104413128 
-2.313845981 3.364580410 0.629794130 
-2.448256756 3.296575585 0.413481529 
-2.386006165 3.327133324 0.539013789 
-2.448519771 3.292329390 0.440177761 
-2.345855350 3.348039530 0.589305522 
-2.376777656 3.329752249 0.558936427 
-2.514999895 3.254227739 0.288736913 
-2.566831040 3.222165594 0.055171929 
-1.849058515 3.550557664 1.028011686 
-2.188712209 3.424011188 0.762158825 
-2.548261988 3.236678974 0.127923040 
-2.558036205 3.230419826 0.046850518 
-2.367498355 3.335563990 0.572739903 
-2.349311110 3.348112540 0.580079093 
-2.322323102 3.362625607 0.610973763 
-2.249959688 3.395769753 0.703702181 
-2.155356740 3.442021341 0.786566273 
-2.324846323 3.358854983 0.620758204 
-2.334793063 3.354729964 0.602815535 
-2.239114704 3.403988969 0.704658740 
-2.221703040 3.408646260 0.736983884 
-2.083592927 3.470495074 0.858937228 
-2.341352532 3.350989771 0.597022076 
-2.469201874 3.282944660 0.385083800 
-1.170693819 3.751625658 -1.232065405 
-1.363807096 3.699570358 -1.212328641 
-1.172448330 3.766554523 -1.214491506 
-2.531234469 3.251961895 -0.084778353 
-2.397044092 3.327841987 -0.486241366 
-2.151326142 3.437827461 -0.807678376 
-1.850449466 3.569055615 -0.989474529 
-1.673218955 3.628220853 -1.081642262 
-2.083384065 3.474591087 -0.841000574 
-2.376961715 3.333399254 -0.544149504 
-2.198664708 3.425955786 -0.732416427 
-2.094606089 3.472039110 -0.825668937 
-2.449880367 3.295878331 0.412550094 
-2.284371202 3.380507230 0.663047162 
-2.582779314 3.207800049 -0.000493146 
-2.550128832 3.229085290 -0.214498906 
-2.323035233 3.364294169 0.602729119 
-2.363168469 3.338112037 0.577118608 
-2.578118214 3.211556355 -0.033153702 
-2.598878894 3.191815641 -0.028519499 
-2.220763467 3.408790500 0.719799162 
-2.351734391 3.350850540 0.559070779 
-2.560096022 3.222024712 -0.080880617 
-2.558268034 3.226366800 -0.145505326 
-1.985663272 3.499019250 0.952354747 
-2.080111431 3.474337208 0.834871028 
-2.137835235 3.456284630 0.779747203 
-2.492111559 3.263106869 0.366719056 
-2.296350893 3.370808140 0.663340592 
-2.551468534 3.232542102 0.149780149 
-2.459199329 3.288061338 0.405449409 
-2.509926560 3.262195258 0.253912570 
-2.170959381 3.438644829 0.753142352 
-2.283248536 3.387706673 0.631655750 
-2.533772874 3.250663504 0.038112662 
-1.821152751 3.573339206 1.019247195 
-2.284014816 3.385873974 -0.638108962 
-2.101900499 3.473389128 -0.804478589 
-2.088190900 3.473290349 -0.834735024 
-1.892830651 3.547650043 -0.981308266 
-1.242735656 3.747275806 -1.205765939 
-1.156763148 3.760810973 -1.227144206 
-1.566610550 3.679526825 -1.091573897 
-1.953285235 3.552938454 -0.878851828 
-2.277749164 3.385383542 -0.655943725 
-2.572595933 3.209035291 -0.053864552 
-2.168050731 3.433864194 -0.780041492 
-2.290411884 3.374941948 -0.660016955 
-2.504029126 3.261495395 0.314045247 
-2.264304541 3.386012453 0.700442500 
-2.569354329 3.219593586 -0.063260284 
-2.562076187 3.224840304 0.105003716 
-2.344360561 3.353520605 0.577708031 
-2.285982934 3.376342343 0.675392793 
-2.550496692 3.229404073 0.210035169 
-2.568487732 3.220014718 0.069379370 
-2.544910601 3.237165360 0.166180042 
-2.545377141 3.234826312 0.193870572 
-2.535344308 3.236263955 0.279996383 
-2.582999693 3.206127968 0.057905102 
-2.442603751 3.298479851 0.430650455 
-2.301173225 3.374610554 0.631107240 
-2.560540323 3.228086336 -0.016407174 
-1.584703237 3.664516644 -1.094765569 
-2.299871735 3.372568889 0.644487607 
-2.398548240 3.320914588 0.515125614 
-2.546549405 3.239477323 -0.101912612 
-2.566232741 3.222527951 0.048373646 
-2.418725563 3.311141154 0.475448444 
-2.472572289 3.282216706 0.369125479 
-2.559980025 3.227788580 0.071950364 
-2.563664263 3.225488264 0.011955521 
-2.568189039 3.219584121 -0.092051250 
-2.485709215 3.270641175 -0.368974658 
-2.398290240 3.320066377 -0.522209181 
-2.326601620 3.356498192 -0.624463543 
-2.271419973 3.390582438 -0.657121032 
-2.468381487 3.279967804 -0.411208219 
-2.553167689 3.229531351 -0.171281840 
-2.549039272 3.231349892 -0.199209033 
-2.519773511 3.256196639 -0.226502487 
-2.494740304 3.266460837 -0.336068078 
-2.247883563 3.396446351 -0.703988507 
-2.309730658 3.363153771 -0.646167238 
-2.326686757 3.358846551 0.610009432 
-2.319965470 3.360305885 0.629934668 
-1.927208360 3.539113994 0.948088713 
-2.011825642 3.505017683 0.893990029 
-2.503662452 3.268914724 0.220367076 
-2.396562287 3.325549129 0.486126640 
-2.283343777 3.382625993 0.652760118 
-2.156940220 3.436748934 0.792003932 
-2.378129783 3.327797976 0.563617828 
-2.468001603 3.283989155 0.384631131 
-2.082152100 3.474121462 0.849515328 
-1.983464575 3.515471782 0.916331928 
-2.308270162 3.368927719 0.631197725 
-2.529714689 3.248916993 0.204317121 
-2.469847386 3.283579771 0.373105086 
-2.496073358 3.266723627 0.324620185 
-2.416525978 3.295427732 0.513290040 
-2.370312500 3.329453496 0.525223544 
-1.695245278 3.644183027 -1.027173007 
-2.035751477 3.515140959 -0.832268150 
-1.996012445 3.503237503 0.909351781 
-2.216311869 3.415382607 0.706911058 
-1.998638492 3.500186011 -0.920128935 
-2.255154163 3.395004934 0.681766312 
-2.254740837 3.395241281 -0.688621993 
-2.324784977 3.360650910 -0.608934219 
-2.497026805 3.263009273 -0.345092663 
-2.561925126 3.221918603 -0.156241758 
-2.395892386 3.321353470 -0.522500089 
-2.397191645 3.320019750 -0.523097775 
-2.226262815 3.405788426 -0.730289022 
-2.173174337 3.431005735 -0.780160281 
-2.207887635 3.415814128 -0.741411413 
-2.456584598 3.303760814 -0.299393833 
-2.312515346 3.367235822 -0.621973812 
-2.312290266 3.367158104 -0.624333354 
-2.483456357 3.265172848 0.381167923 
-2.534481494 3.229472360 0.294800406 
-2.260919768 3.384585471 0.654538056 
-1.847538862 3.572126693 0.978407377 
-2.050202497 3.488324560 0.869246581 
-2.301490252 3.368717240 0.654502521 
-2.238227131 3.405073843 0.701468182 
-2.539065560 3.238344039 0.230090970 
-2.141457622 3.450634485 0.787764975 
-2.245311536 3.399227090 0.701721962 
-2.326508648 3.356270453 0.600340970 
-2.190653734 3.421892522 0.748128852 
-2.327002728 3.359618595 0.608875437 
-2.260113081 3.393334027 0.686019172 
-2.556927087 3.229147405 0.107875807 
-2.547571116 3.233653049 0.184227006 
-2.400197228 3.326642261 0.473772893 
-2.399139071 3.327128060 0.484183780 
-2.405551454 3.325313314 0.451521412 
-2.520270958 3.261141698 0.176431300 
-2.401625428 3.318705475 0.516471253 
-2.490125956 3.269623721 0.346589190 
-2.444056618 3.294770523 0.443833914 
-2.488339688 3.267981842 0.365726658 
-2.302412444 3.370884693 -0.641494258 
-2.460954877 3.286657865 -0.404567071 
-2.562106767 3.223989188 -0.119864966 
-2.520841524 3.251916124 -0.261378361 
-2.402142859 3.318071311 -0.513093102 
-2.477449464 3.279469659 -0.353524468 
-2.545977241 3.236787988 -0.152852000 
-2.404637921 3.316373920 -0.509111101 
-2.550973259 3.230738944 -0.102608272 
-2.551537093 3.234637542 0.022928930 
-2.069231522 3.486863357 -0.849193432 
-2.442020657 3.302691548 -0.404829687 
-1.516740490 3.671001442 1.148415140 
-2.164873464 3.445832444 0.753922277 
-2.545107426 3.231653228 0.165450348 
-2.300937639 3.365240920 0.668662890 
-2.449882863 3.290875366 0.431713699 
-2.559166225 3.224675594 0.037029039 
-2.510216868 3.255708504 -0.293099421 
-2.538479480 3.240174711 -0.191776341 
-2.060087984 3.489726241 0.840405185 
-2.026001226 3.499153621 0.877570280 
-2.234641226 3.392301602 0.741062968 
-2.320613143 3.352622006 0.638879869 
-2.501338656 3.266926290 0.271140783 
-2.498523092 3.275047366 0.215406684 
-2.545882736 3.238560251 0.113238842 
-2.513485121 3.260145348 0.232994871 
-2.554736237 3.233398918 0.039506741 
-2.556301876 3.232312919 -0.001490860 
-2.568039033 3.221239057 0.020239129 
-2.576568543 3.212469206 0.054612682 
-2.357002649 3.351988345 0.532650310 
-2.441691231 3.299129686 0.433108579 
-2.512607934 3.258648818 0.266549397 
-2.576699792 3.213129528 -0.005252946 
-2.419433853 3.313301524 -0.461017790 
-2.372973969 3.333692111 -0.554683679 
-2.517930533 3.250855132 -0.290018552 
-2.333468912 3.352607308 -0.612783293 
-2.436177939 3.298224274 -0.464737511 
-2.535978810 3.247840006 -0.156612453 
-2.504800052 3.259176856 -0.300445911 
-2.565472368 3.217020582 0.125622879 
-2.433361630 3.303777268 -0.449465962 
-2.436894053 3.297785108 -0.466411286 
-2.397723839 3.317236356 -0.535097698 
-2.406960331 3.316719170 -0.498367427 
-2.269201448 3.385527417 0.668878208 
-2.429105859 3.300166114 0.485664254 
-2.471167031 3.279283999 0.386414078 
-2.512059992 3.252539862 0.316509240 
-1.742669095 3.612319460 1.035155545 
-2.466331954 3.302310026 -0.257440129 
-2.376339360 3.327875160 0.543396061 
-2.467016643 3.269664664 0.439227239 
-2.447614329 3.291336451 0.449377290 
-2.303785532 3.374894936 0.621857864 
-2.346596809 3.349938730 0.579334653 
-2.371834976 3.333164076 0.563197941 
-2.240788093 3.399744422 0.714785817 
-1.994156190 3.513262312 0.904287625 
-2.496954167 3.263948811 0.341508178 
-2.562191125 3.223513347 0.126671910 
-2.338203149 3.350810748 0.608083243 
-2.339032096 3.354619308 0.585765819 
-2.339930787 3.351020225 0.600257842 
-2.373196807 3.334039529 0.553902224 
-1.988902848 3.507977907 0.917995390 
-2.558425029 3.227915541 -0.019105787 
-2.391303754 3.339591360 0.489123550 
-2.089955369 3.467383796 0.844872300 
-2.557178995 3.228674916 -0.120137104 
-2.433663262 3.293927759 -0.500546688 
-2.128085779 3.453609525 -0.809977770 
-2.158569206 3.433029449 -0.805241374 
-2.541490978 3.238857856 -0.191419170 
-2.537487490 3.244529070 -0.164535002 
-2.013062679 3.503054238 -0.895506256 
-0.956265706 3.830817238 -1.189864518 
-2.572873097 3.216437175 -0.010314958 
-2.466781091 3.285652221 -0.377970481 
-2.273663208 3.380910198 -0.689147636 
-2.159728440 3.436328277 -0.793229265 
-2.358486596 3.339502537 0.584755022 
-2.318530137 3.363933469 0.616723899 
-2.545788227 3.231720960 0.230134562 
-2.545130849 3.232201108 0.233348591 
-2.335536963 3.355835489 0.594422737 
-2.481533503 3.278849155 0.328897751 
-2.572577266 3.213673511 0.142350368 
-2.573545090 3.213085810 0.118781142 
-2.125847344 3.454867478 0.811765368 
-2.337728192 3.354805952 0.592419576 
-2.388115020 3.325698738 0.532879277 
-2.507895096 3.253626564 0.345242323 
-2.389475195 3.318598353 0.561804760 
-2.327448133 3.354771478 0.626235620 
-2.526167230 3.249260112 0.234047551 
-2.103021698 3.471280497 0.807036468 
-2.167356614 3.429184627 0.800600508 
-1.917160190 3.539042537 0.965155105 
-2.550634133 3.232071591 0.166806609 
-2.505016843 3.261916562 0.299116153 
-2.359490785 3.341135972 0.574937428 
-2.332179999 3.355399899 0.608421015 
-2.296519113 3.372697543 0.654983538 
-2.538926118 3.238583166 0.225895027 
-2.470513657 3.278522761 -0.388844359 
-1.288191344 3.739168665 -1.197628167 
-1.270700473 3.743837732 -1.200683657 
-1.315943405 3.731342135 -1.194857709 
-2.288445728 3.378298073 -0.656086370 
-2.188101602 3.426278287 -0.758692783 
-1.805366488 3.580681962 -1.025183334 
-1.877754158 3.556781724 -0.979195999 
-1.944770541 3.531768601 -0.939673957 
-1.960543785 3.527761659 -0.922165961 
-1.944127221 3.532501281 -0.935286220 
-1.916160711 3.540931603 -0.961610888 
-2.194734204 3.424808587 0.746034684 
-2.324821747 3.363749138 0.597451787 
-2.542430888 3.227223781 0.311138800 
-2.525446586 3.243167130 0.302744870 
-2.282415097 3.388643456 0.633275992 
-2.534168594 3.243995709 0.212632903 
-2.559091158 3.220773955 0.222482080 
-2.451208308 3.285068036 0.469176765 
-2.481458256 3.275513391 0.356982017 
-2.344871375 3.355261144 0.559523975 
-2.523881027 3.252358153 -0.162698211 
-2.517153170 3.251729421 -0.258407481 
-1.637013911 3.640205371 1.097130930 
-1.548522064 3.668277779 1.128519598 
-2.358817942 3.341463356 0.574113528 
-2.179760602 3.429023882 0.770730165 
-1.499832229 3.683610837 1.144234223 
-1.579193684 3.657643480 1.119262425 
-1.735669074 3.612223723 1.042257039 
-2.549955305 3.232459772 0.129345280 
-1.960610028 3.520382494 0.943976329 
-1.824442690 3.577164862 1.008945700 
-2.220327638 3.408360266 0.738984038 
-2.549840256 3.232008668 0.176208135 
-2.550627554 3.234457658 -0.127104283 
-2.545415617 3.238684478 -0.137873555 
-1.889992248 3.554043901 -0.967908629 
-2.099880701 3.469252419 -0.822692811 
-2.464997316 3.283818926 -0.400074370 
-2.542566665 3.236840015 -0.205472918 
-1.971649166 3.523354308 -0.913579817 
-1.795079552 3.586924208 -1.024447494 
-2.566985499 3.222173632 -0.035824961 
-2.537396575 3.239635416 -0.226497089 
-2.057852137 3.484413805 -0.863763026 
-1.807516473 3.581197463 -1.020623918 
-2.541749016 3.233093736 0.255370870 
-2.559542319 3.222051993 0.190849427 
-2.581505142 3.208726947 0.049457917 
-2.228082318 3.406571025 0.729231440 
-2.349921271 3.340423098 0.610793646 
-2.412665564 3.308912579 0.516183333 
-2.553098362 3.235025624 0.045196021 
-2.413589023 3.312784769 0.489576936 
-2.415549236 3.306072831 0.501179278 
-1.840252722 3.576054572 0.984340798 
-2.321958562 3.358473504 0.629058524 
-2.410612479 3.316593227 0.483802697 
-2.255456739 3.397429355 0.681289621 
-0.662202547 3.919549596 1.082045575 
-2.373978004 3.332701745 0.555482870 
-1.741804930 3.607223246 1.046147279 
-2.217743455 3.414518010 0.722957773 
-1.931318466 3.538271010 0.945132079 
-2.522118182 3.251119743 0.251845533 
-2.502629623 3.258600140 0.343462497 
-2.299389983 3.375148327 0.632197250 
-2.423876162 3.306550829 0.476167638 
-2.384261393 3.327702331 0.542481433 
-2.375336271 3.331236806 0.558900201 
-2.528656573 3.247977458 -0.224300497 
-2.485982361 3.271923070 -0.354132578 
-1.870624086 3.558537216 -0.985493014 
-1.899728552 3.550493909 -0.961428111 
-2.512895499 3.259161807 -0.258024035 
-2.472328593 3.284691671 -0.349859796 
-1.985838864 3.512426289 -0.918553573 
-2.190939791 3.421523777 -0.766728857 
-2.557888405 3.227221647 -0.001622427 
-0.627060014 3.936864320 -1.040857963 
-1.963955837 3.521394892 -0.931294486 
-1.807702599 3.584239279 -1.011100923 
-2.548402470 3.227901213 0.242544810 
-2.095036713 3.471379838 0.826226353 
-2.576805400 3.211705250 0.099043034 
-2.528483664 3.246853177 0.239785935 
-2.273414514 3.381882832 0.688869283 
-2.069354295 3.480358257 0.853431575 
-2.577171739 3.212522270 0.045980077 
-2.573923294 3.212251854 0.136240378 
-1.964732814 3.522787762 0.928635442 
-2.297571594 3.368989932 0.666738307 
-2.501278589 3.261953109 0.329354865 
-2.533081514 3.240284377 0.263403553 
-2.349477853 3.350326876 0.576319977 
-2.293476946 3.377921487 0.645802121 
-2.561120039 3.224132667 0.080035728 
-2.565969137 3.216153532 -0.135694039 
-2.354439222 3.345465770 0.574774493 
-2.518405237 3.253667583 0.260412594 
-2.513431557 3.255009953 0.292773518 
-2.406942926 3.317483255 0.494502891 
-2.188698114 3.423856182 0.767641220 
-2.325800366 3.355777951 0.628413078 
-2.565999928 3.223110720 0.006869307 
-2.555915371 3.228655107 0.141093869 
-2.539932551 3.244122253 -0.134264582 
-2.501383487 3.266649390 -0.286873715 
-2.555794446 3.230798933 0.094344374 
-2.555324180 3.231175712 0.101597277 
-2.436377260 3.304238805 -0.424450929 
-2.533055432 3.250881063 -0.082017305 
-2.543227088 3.244065958 0.015931137 
-2.481174943 3.280625151 -0.310514464 
-2.544887557 3.238758599 -0.145323605 
-2.562071256 3.226979900 -0.013087582 
-2.570696042 3.218302824 -0.051668256 
-2.564005412 3.223592140 -0.089509486 
-1.271469744 3.735230239 1.211147889 
-1.814957926 3.572293771 1.016065188 
-2.562429048 3.225496195 -0.122282073 
-2.483114194 3.272865641 -0.374589641 
-1.956180990 3.526829294 0.928467986 
-2.246532355 3.401045443 0.690145458 
-2.530831945 3.239467632 0.254666481 
-2.364207277 3.334563010 0.582032231 
-2.386359956 3.331696941 0.507835484 
-2.345668010 3.348658569 0.589955681 
-2.468354998 3.285730287 0.366802391 
-2.557756187 3.229646622 0.078994336 
-2.436391663 3.299573215 0.455226314 
-2.390152966 3.324206467 0.533543555 
-2.399480610 3.318061666 0.523569572 
-2.412716426 3.313380665 0.490336732 
-2.402257904 3.320221868 0.502006682 
-2.505978177 3.256014643 0.337757425 
-2.557066210 3.228047972 0.136125561 
-2.567607890 3.221714291 -0.007779262 
-2.552423339 3.233718678 0.003488840 
-2.482498276 3.272332796 0.329810995 
-2.543264213 3.242899584 0.065564528 
-2.504063374 3.269130521 0.230901624 
-2.372026499 3.336347811 -0.544391255 
-2.476544275 3.283657740 -0.329652366 
-2.367154031 3.346538343 -0.511687188 
-2.475523295 3.283239094 -0.341969173 
-2.137511869 3.449826739 -0.800493725 
-2.286580381 3.378378165 -0.662456098 
-2.546683057 3.233696224 -0.192680153 
-2.536953262 3.243329552 -0.185950816 
-2.392607280 3.326767624 -0.512121524 
-2.413090202 3.313594427 -0.489767389 
-2.437336935 3.298987547 -0.455212312 
-2.542586714 3.238327451 -0.184543076 
-1.722811741 3.611843156 1.057324117 
-1.914546308 3.543289647 0.955806869 
-1.636253298 3.643622120 1.079387641 
-2.538677632 3.235349205 0.205351068 
-2.523891285 3.250372120 0.166892899 
-2.438856435 3.302096031 0.405435643 
-2.457909728 3.282183148 0.378258642 
-2.436685650 3.298549128 0.467022814 
-2.545524256 3.229487637 0.191070206 
-2.411543137 3.308324805 0.499160123 
-2.513234369 3.251683468 0.301699466 
-2.483340188 3.285866880 0.259527516 
-2.299237746 3.375634097 0.636018307 
-2.315670890 3.362651373 0.637385355 
-2.553406214 3.228741196 0.179349128 
-2.426352731 3.300826946 0.497666931 
-2.553424278 3.233204129 0.090973683 
-2.472434146 3.282704264 0.367431160 
-2.374556703 3.332101866 0.556444220 
-2.319859435 3.361436991 0.623320137 
-2.212728261 3.415790255 0.735935241 
-2.189886609 3.431417905 0.737244704 
-2.515201764 3.251827160 0.307538065 
-2.462451879 3.283393022 0.420487456 
-2.459734421 3.291472548 -0.381417202 
-2.423549345 3.312322255 -0.448363113 
-2.425215292 3.304488731 -0.483194177 
-2.402081245 3.320114924 -0.505197086 
-2.145727533 3.445769459 -0.773004389 
-2.522237646 3.249358342 -0.265593701 
-0.701386135 3.909855440 -1.091795657 
-0.911195323 3.842034323 -1.184026583 
-2.535893457 3.243137402 -0.205024893 
-2.517369749 3.258736105 -0.221009704 
-2.357154043 3.340792980 -0.581805895 
-2.358045559 3.343651722 -0.567425607 
-2.273930476 3.388556597 0.662346350 
-2.064883276 3.483449908 0.852596208 
-2.489245013 3.265003850 0.385876979 
-2.473034001 3.276846319 0.402754899 
-2.206241305 3.418361905 0.744280862 
-1.954222215 3.531269881 0.925299044 
-2.520903686 3.247699867 0.301818916 
-2.483776503 3.267970741 0.397548047 
-2.092821835 3.471374022 0.832628700 
-2.167142561 3.438107151 0.772194510 
-2.504616052 3.260524066 0.317509307 
-2.465095860 3.282899008 0.408606512 
-2.551866271 3.232457995 0.138262228 
-2.332264750 3.357586688 0.597171979 
-2.362713692 3.341214068 0.558932817 
-2.520482905 3.251744821 0.260005651 
-2.557433908 3.226126750 0.158570506 
-2.547235021 3.234750729 0.171454457 
-2.548964877 3.234308400 0.149610613 
-2.535721690 3.238540463 0.255916291 
-2.456890274 3.283497216 0.431658083 
-2.223923739 3.411265386 0.729137243 
-1.303459971 3.737514018 1.188703073 
-2.552074525 3.234099129 0.069876548 
-2.320016328 3.359897115 -0.602495416 
-2.512260010 3.256087554 -0.286463062 
-1.533719505 3.682895970 -1.115284097 
-2.277849051 3.391205558 0.647356733 
-2.403860681 3.316300199 -0.517465166 
-2.462307417 3.285829001 -0.405749875 
-2.552823396 3.235301498 0.033844015 
-2.555032978 3.232114512 -0.081999958 
-2.540505989 3.241298977 -0.169306452 
-2.404755577 3.314762859 -0.518743762 
-2.449881115 3.293772062 -0.419533266 
-2.419199959 3.308701437 -0.482374988 
-1.806191253 3.586636872 1.006119457 
-1.870677838 3.562526012 0.973431197 
-2.527229164 3.245077609 0.260883754 
-2.538777257 3.237441349 0.224946553 
-2.572098400 3.215855245 0.030132995 
-1.725705673 3.614031314 1.044482492 
-2.045737343 3.505576020 0.840311096 
-2.410220247 3.315013537 0.496942423 
-2.377279006 3.323792672 0.557021916 
-2.044424594 3.490023300 0.875742951 
-0.496654329 3.997425848 0.877129906 
-0.514253502 3.992947859 0.886215814 
-2.467539519 3.285745548 0.376021186 
-2.457208863 3.288548215 0.417749464 
-2.555315657 3.232448440 0.059607441 
-2.535015497 3.245451239 -0.183217820 
-2.278540078 3.385245626 0.645157468 
-2.539515129 3.242591749 0.140213440 
-2.103994569 3.473768005 -0.805055839 
-2.059806639 3.499865847 -0.822098369 
-2.329204032 3.352496485 0.626788430 
-2.536154685 3.242494755 0.203061404 
-2.509551625 3.258715628 0.279957232 
-2.444947437 3.297396654 0.419789177 
-2.557003079 3.227140982 -0.153930154 
-2.554615290 3.228066962 -0.171010636 
-2.292502181 3.372643623 -0.664369737 
-2.417212391 3.308258131 -0.497083304 
-2.528940394 3.242217686 -0.276803553 
-2.546851279 3.235985735 -0.154178136 
-2.118292432 3.455859760 -0.823687187 
-2.220915884 3.407694455 -0.737842895 
-2.532422912 3.241969911 -0.231904705 
-2.458077793 3.284623340 -0.420321129 
-2.551898812 3.234497687 -0.056632619 
-1.296331826 3.737298318 -1.193793098 
-2.262985504 3.400043134 0.655627111 
-2.325636508 3.360981229 0.607487679 
-2.543963599 3.221925007 -0.284855007 
-2.030174455 3.492792229 0.893847020 
-2.522676651 3.246042741 0.288970283 
-2.496930312 3.260062940 0.362709712 
-2.418241040 3.310940142 0.468096488 
-2.500207141 3.261606471 0.321676104 
-2.341297261 3.348512619 0.593772322 
-1.727663385 3.607487795 1.061051780 
-2.061983504 3.479435250 0.863550653 
-1.948710609 3.521176547 0.923396791 
-2.161071524 3.433686686 0.781165401 
-2.123508262 3.456363850 0.809122340 
-1.429467035 3.704681138 1.161645815 
-1.806410306 3.583704054 1.016097274 
-2.327498165 3.363301440 0.587360876 
-2.279762739 3.387070178 0.646821479 
-2.553729623 3.233428560 0.082645784 
-2.549688145 3.236287634 0.103865247 
-2.315752170 3.367601702 0.610588905 
-2.338546921 3.356243013 0.580283032 
-2.549776762 3.233284868 0.162644611 
-2.521231594 3.254413298 0.231255443 
-2.453670494 3.290969626 -0.419457454 
-2.451218161 3.294232623 -0.411771344 
-1.989840293 3.508029835 -0.923289966 
-2.239669464 3.400521922 -0.711649562 
-2.459257430 3.287797238 -0.407394652 
-2.398265004 3.320475030 -0.519588564 
-2.070723622 3.472840867 -0.871039578 
-2.305229326 3.362872497 -0.663233473 
-2.494903566 3.272876787 -0.283795635 
-2.559391945 3.229036260 -0.009111696 
-2.312289608 3.362372359 -0.641794451 
-2.243630507 3.396496247 -0.717209545 
-2.405650257 3.310182515 0.540464328 
-2.368630617 3.331878516 0.582495921 
-2.229832373 3.404401217 0.731562116 
-2.261901983 3.391579932 0.689080595 
-2.278708008 3.378275984 0.685167365 
-2.429083193 3.303081124 0.472479973 
-2.215350445 3.410479516 0.747323647 
-2.350143213 3.346718178 0.582961027 
-2.331556900 3.352896463 0.621665494 
-2.370204888 3.333624458 0.567247721 
-2.495796401 3.262039653 0.366475700 
-2.333044410 3.355416827 0.605687108 
